-47
318
406
-2
61
169
260
-132
11
322
-284
-482
-369
-589
-394
-161
-240
-177
-277
19
-215
-693
-473
-454
-529
-106
412
104
-26
218
161
-381
-531
-225
-362
-295
-292
-145
242
-157
395
760
871
611
232
540
1534
1099
-211
902
934
500
-114
745
854
-1529
-1259
635
496
-353
-70
311
-615
-886
314
299
-314
-48
283
18
76
295
252
-403
-1137
-738
-215
245
804
1064
959
-251
-372
-324
-514
-401
-343
-207
245
344
158
301
-324
-694
-132
-46
-437
985
2204
562
413
894
-943
-1615
-852
569
1216
-103
1332
1324
-553
-16
1000
1281
1537
2057
2583
1683
-604
-1269
-409
-210
-893
-971
-902
-2113
-2258
-1706
895
1450
-183
327
334
-1214
-2458
-1171
857
314
-718
275
120
-1649
-2062
29
474
-875
-1148
-52
-346
-1739
-1131
-544
-995
-1898
-1073
822
909
57
804
836
-147
-2
-289
250
364
74
1240
1920
1127
187
35
1
-521
-644
301
309
-225
-413
16
566
195
-223
34
635
337
-63
81
539
-25
-359
134
233
-27
28
903
538
-118
-50
-222
55
66
200
772
500
-314
-81
559
311
79
-73
160
83
-18
477
746
580
533
857
587
128
417
240
513
792
1323
2011
925
866
504
-251
564
258
683
893
-484
-553
-1029
-691
-825
-1713
-1144
-1388
-1589
-1534
-825
-865
-1941
-1941
-1801
-2460
-3222
-3086
-2350
-2271
-2491
-1720
-1469
-2445
-3057
-3011
-2695
-2765
-3267
-2551
-2383
-2581
-2418
-1949
-62
891
1380
1952
1887
1794
2263
3600
5122
5807
5277
4556
3642
3169
3516
3737
3775
3796
4342
4775
4696
3897
2837
2094
1407
1608
2495
2724
2191
1616
1890
1842
1239
836
549
743
881
1629
2090
1300
447
-136
-281
-577
-607
-19
131
115
113
-158
-84
-438
-1260
-980
-844
-1067
-1262
-1932
-2025
-2645
-3440
-3117
-3641
-3716
-3675
-4054
-4221
-4931
-5142
-5364
-5309
-5316
-6139
-6587
-7573
-8185
-8035
-8721
-8266
-9941
-10343
-11812
-8590
-1354
1304
3874
-656
-2856
-753
-344
7901
12305
10795
8399
1818
5315
8137
6030
5464
2160
3191
5923
6791
8352
4510
-590
-3410
-3354
751
4447
4670
2043
-272
-632
1049
1835
112
-1661
-1253
401
4035
5902
5655
4628
266
-1762
-457
1770
5631
5235
4647
5663
5358
6671
3953
2000
1521
-68
1117
1566
2117
1548
-1713
-2920
-3608
-3282
-2410
-1884
-689
332
1462
2011
1736
1057
572
441
262
220
342
402
339
-981
-2370
-3628
-4804
-5273
-5535
-5522
-6450
-7361
-8427
-9751
-11156
-12126
-13309
-13394
-14552
-14041
-16567
-13074
-4544
-97
5197
-683
-4071
-2497
-1361
9956
14616
13059
10177
1839
5890
9549
10492
9179
2604
3509
7971
12338
13431
7188
1929
-3071
-3491
1543
5902
7404
3311
-695
-1006
1349
2553
-746
-4164
-4123
-868
5582
7591
8205
5833
-161
-2166
-2507
1713
6450
5969
4992
4226
5807
8433
6761
2813
679
102
968
2245
2101
1719
-1156
-4110
-5029
-5182
-3770
-3441
-3455
-2391
-1077
361
-269
-1983
-2093
-1859
-1925
-2364
-2702
-2162
-1519
-2649
-3779
-5477
-6864
-6811
-7651
-7817
-7893
-8212
-7480
-6773
-6387
-5927
-7627
-9321
-9842
-9555
-7549
-7135
-8496
-9366
-5026
-115
4559
4887
-674
-2033
-2369
2227
8740
8685
7518
3090
1664
4935
6626
7856
4897
2914
4870
8778
12399
10684
7208
3588
1515
3466
5403
7437
7033
4512
2910
2393
3368
3342
1459
-209
-527
2735
4739
4913
3858
619
-739
-2348
-2500
-508
-375
-346
-1778
-2486
-745
721
1127
45
-1305
-932
-203
-373
-1138
-1522
-449
549
1996
1563
924
392
-1195
-1222
-1417
-626
-607
-1327
-2013
-3266
-4009
-4753
-5596
-6013
-6079
-5243
-4510
-4179
-3817
-4250
-4580
-4462
-4154
-2984
-1582
-826
-861
-1217
-1241
-634
-332
-102
-266
-634
93
683
624
108
-719
-824
-482
-324
-607
-1267
-1765
-1845
-2154
-1850
-1440
-1099
-1038
-1143
-1015
-298
621
920
753
505
547
880
1163
900
841
919
1062
1715
2367
3130
3499
3198
2774
2304
2244
2120
1970
2274
2964
3867
4275
3941
3786
3553
3167
3038
3006
3474
3831
4066
4351
4389
4172
3312
2189
1560
1388
1500
1470
1277
1149
975
477
-242
-1235
-2296
-3222
-3818
-4044
-4274
-4621
-4861
-4874
-4793
-4707
-4688
-4671
-4579
-4353
-4117
-3767
-3628
-3496
-3249
-3058
-2858
-2954
-3311
-3411
-3358
-3008
-2298
-1723
-1513
-1353
-861
-215
69
-34
-89
265
1196
2116
2787
2990
2868
2965
3002
2474
2006
2151
2581
3018
3393
3787
4404
4761
4665
3907
3050
2720
2590
2294
1542
661
197
272
422
530
512
310
121
-64
54
286
384
115
-151
237
1054
1607
1611
1152
529
297
402
608
811
764
556
584
684
775
542
117
-344
-814
-1101
-916
-680
-550
-659
-1087
-1245
-1348
-1483
-1810
-2066
-2212
-2025
-1661
-1345
-1326
-1575
-1414
-1138
-841
-754
-944
-1122
-1288
-1265
-1027
-1003
-902
-1022
-1264
-1195
-1016
-585
-371
-135
95
400
845
1107
1177
1047
1000
1129
1118
1041
1129
1476
2214
2662
2769
2674
2388
2459
2360
2344
2543
2331
2077
1986
1976
2034
1813
1586
1364
1117
822
194
-391
-827
-1053
-920
-669
-778
-779
-934
-1427
-1976
-2575
-2998
-2995
-2849
-2768
-2772
-2889
-2749
-2659
-2583
-2731
-2966
-2882
-2462
-1995
-1574
-1500
-1453
-1399
-1455
-1387
-1156
-820
-527
-251
113
823
1395
1387
924
218
163
739
1283
1899
2147
2183
1941
1080
993
1583
1885
1622
1569
2303
2878
2632
2238
1744
1126
985
1198
1553
1197
183
-559
-329
326
617
468
66
95
409
486
483
399
599
442
71
17
-204
-625
-731
-626
-150
520
828
826
435
265
431
488
207
-364
-591
-216
203
442
549
353
-196
-791
-923
-676
-298
-32
-8
-23
-722
-1153
-1119
-1291
-1394
-1362
-808
-821
-1396
-1914
-2677
-3501
-4025
-4011
-3404
-2834
-2425
-2727
-3674
-4062
-4265
-4000
-3381
-2782
-2490
-2830
-3044
-2546
-1790
-1430
-1546
-1585
-1232
-88
1443
2433
2794
2266
1957
2294
2469
3020
2936
2151
1406
1680
3430
4293
4094
3138
2210
2235
2772
4161
4540
3675
2742
1931
1914
2109
2485
2710
1918
1016
901
1654
1949
1338
973
835
722
185
-562
-405
-212
-412
-672
-697
475
754
-483
-1695
-2042
-1535
-1286
-1106
-854
-904
-1955
-2668
-1908
-1369
-1159
-1146
-781
334
21
-927
-1736
-1683
-1396
-721
2172
2437
1199
751
1626
845
-864
730
1734
268
-1446
-315
-416
-1954
-1525
-1167
-801
-1560
-2981
-3417
-3095
-3176
-3591
-2783
-1842
-2469
-5178
-5147
-4363
-5078
-6301
-4043
800
3205
2369
-1872
-3668
-3783
-2079
3742
7604
7594
2229
-3162
-2326
429
3498
4753
5508
5878
5627
5558
3677
1950
189
133
2182
4723
9081
8964
4454
-942
-3805
-1205
1478
2625
2501
1594
1346
526
-468
-1496
-2452
-4002
-5246
-3773
83
3635
1537
-4599
-7826
-7284
-3683
-997
-267
110
-890
-1719
-1945
-1781
-915
-1072
-1715
-77
3330
5769
3951
-404
-2384
-1896
-274
1603
2882
3294
2441
1599
1537
599
-1047
-1341
-129
1880
3815
4016
2269
-426
-1699
-1064
-617
66
304
578
903
413
206
-1594
-2371
-1923
-404
1237
1004
1154
-657
-2366
-2974
-2930
-2027
-3227
-3688
-3472
-4976
-6644
-8083
-4708
494
3557
2405
-3854
-7066
-7098
-2455
5661
9548
8779
1854
-4436
-3429
1019
5967
7774
7421
6570
5743
4071
1868
1208
789
1843
3725
5816
8839
6486
636
-4527
-5301
-579
2841
4036
3196
1224
-672
-2781
-3855
-3319
-1371
-1255
-1366
174
2368
2635
-2503
-7325
-7333
-3808
873
2633
2060
237
-2835
-5123
-4593
-1618
1217
897
-1542
-2079
-1062
-1403
-2892
-3813
-2499
-1208
-600
587
826
-141
-1620
-1742
-131
1681
2967
3183
2494
2016
2966
3575
2696
1036
276
2129
3496
3140
2620
1426
916
820
1232
1816
1619
1835
1194
-872
-1213
-334
-1760
-3574
-3394
-2836
-3713
-4620
-4703
-6388
-10352
-8318
-1462
2863
2924
-4318
-9843
-10643
-6582
4040
10731
10196
694
-10736
-10938
-2511
6747
10805
9646
5562
2373
717
653
3225
4748
5966
6331
6690
9678
7760
1168
-4926
-5487
965
6708
7331
3838
-1137
-6037
-8132
-6909
-2691
1524
-205
-4003
-6572
-5631
-3287
-4701
-6710
-5851
-2196
1206
1290
-877
-2542
-3708
-3496
2
3962
6185
4337
768
-163
282
892
1516
2359
4045
5158
4439
2590
21
-1571
-202
2057
4128
4611
2999
1681
132
195
1663
2201
2670
2106
1564
816
-351
-589
-69
1047
1862
1902
926
-470
-1885
-2368
-1787
-1667
-1948
-3255
-4808
-5691
-7017
-8202
-9948
-10056
-4330
742
2283
-4094
-13059
-13792
-9146
1730
10383
9690
291
-12981
-15314
-4039
10801
17520
13251
2936
-4948
-5483
-1327
6903
12205
11858
8152
2804
2953
4606
2979
373
93
5045
9976
8620
2516
-3002
-6610
-5369
-1086
3685
6767
1383
-7026
-11165
-8419
-1160
2255
612
-2600
-5005
-5512
-3455
-1300
622
681
-1472
-1691
-976
62
277
-411
837
2080
2181
1493
529
85
974
2826
4214
3579
1409
637
505
457
1133
2055
2801
1794
1295
2070
2174
1551
837
1439
2218
2109
1196
-98
-1063
-1014
187
913
980
47
-915
-1475
-1911
-2108
-2801
-3722
-4160
-5180
-5981
-8252
-7888
-2608
721
-241
-9018
-14473
-10724
-2881
8033
11766
5011
-9688
-21532
-15719
3904
19263
17839
3964
-10752
-13776
-5949
6722
17442
16012
5896
-4783
-7415
1489
10856
12083
6460
918
629
3380
3703
3796
3395
1411
884
852
3263
2928
-2735
-6146
-3670
2954
6388
3088
-3927
-8135
-8262
-3033
4223
6209
2800
-4459
-8174
-5305
-123
4485
4439
1309
-1912
-3653
-2487
347
2167
2248
1537
1382
1413
414
-12
880
1655
2000
2232
2549
1749
239
583
2288
2963
1690
-311
-1119
-944
76
1702
1975
131
-2405
-3801
-2655
-1051
-179
38
-1053
-2999
-4784
-5543
-5213
-4143
-4137
-4513
-7118
-6389
-1280
1249
-2055
-12168
-14825
-7624
2462
10323
8436
-1730
-15450
-19934
-6267
14438
20572
7210
-10183
-16684
-7080
6874
17227
17648
5206
-8498
-11728
-354
15569
19749
9973
-1963
-6463
-993
7642
11173
10694
5256
-1258
-3329
-244
6035
6939
1324
-3043
-1976
921
1416
-574
-2389
-2770
-3836
-1411
1775
1050
-2661
-5051
-2110
1214
742
-1174
-2104
-2451
-2296
-195
2574
2431
-1196
-2595
61
2779
2571
1030
340
-447
-1545
-325
2246
2591
205
-1274
-442
-237
-898
-471
413
-275
-2011
-2012
-534
-499
-1385
-1329
-672
-499
-701
-115
292
-191
-1146
-1277
-1273
-1116
-1279
-1850
-3353
-4822
-5880
-4044
1221
3030
-593
-10193
-13643
-6583
2391
7817
3566
-5512
-14584
-15896
-3631
14024
17926
2233
-14735
-16223
-887
12567
15144
10646
1061
-7255
-7535
3599
17511
18576
5490
-5574
-4513
4697
12056
11008
6971
1885
-2533
-2051
2979
9168
9143
1096
-5835
-4144
1722
4507
2495
-440
-1554
-4787
-5507
-1188
3195
2163
-3347
-5506
-2573
-863
-2336
-2153
-604
-920
-3471
-3989
-388
477
-1575
-2032
-170
700
-896
-810
1035
432
-1387
-133
2553
2271
-381
-142
2577
2144
63
527
2274
1452
-1251
-751
1340
444
-1364
-440
1827
1305
-1135
-909
686
-348
-2318
-1949
105
-537
-3309
-3764
-2545
-2991
-4505
-5970
-2678
1347
1354
-3978
-12427
-11373
-2154
6608
7627
-172
-8514
-12480
-7166
6970
18384
12426
-5820
-15439
-6073
12194
17537
10490
1509
-3543
-3517
2282
12629
18381
10574
-3967
-7715
1245
11782
13704
7576
2888
-165
-1814
-116
4745
9031
6731
-1993
-7186
-3942
1975
4448
1654
-1433
-3630
-6731
-6133
-1096
2811
164
-6415
-8778
-5097
-1987
-1991
-2268
-3610
-6489
-8569
-5353
1252
2036
-3159
-7124
-6456
-3152
-418
1922
2528
-1325
-5190
-3290
2414
4978
2043
-1259
-1862
-1644
222
3913
5276
1206
-4455
-4128
1602
4942
3278
21
-1802
-2362
-1722
1181
3238
1578
-1426
-1916
40
520
-1229
-2089
-2350
-3107
-4266
-3965
-3858
-2092
-845
-1580
-5729
-11686
-8230
570
6927
4737
-4082
-10464
-11163
-4142
8337
15464
5702
-11169
-15086
-1380
14596
13290
3379
-1582
-1278
-399
2752
11037
16540
8887
-3915
-3869
6984
14058
10677
4102
3765
3738
1455
2447
8309
12042
6751
-2725
-4643
1862
6893
6713
2917
-725
-3890
-6016
-2042
4054
3943
-3678
-10327
-9084
-3314
-1207
-2912
-4049
-6243
-9558
-10757
-5997
292
-804
-6525
-8354
-5600
-3198
-2623
-771
1303
-1269
-5571
-4234
1734
5459
3258
-469
-2008
-2370
-27
4904
7445
3337
-3209
-3590
1890
5760
4773
2368
378
-1343
-984
3187
7137
4986
-470
-2632
413
3856
4396
3064
677
-2553
-3966
-2544
-384
-2137
-3849
-607
960
-3777
-12740
-11462
310
6965
3629
-5834
-10398
-9760
-5514
3184
10977
6269
-10032
-16597
-4526
13619
14435
750
-6201
-2302
2673
3884
8070
13988
10826
-2570
-7786
3534
14903
13577
3085
-499
2244
1863
932
5131
10460
6987
-4031
-8843
-1046
7077
6519
708
-4165
-5245
-5991
-3242
2337
3324
-3525
-10904
-10570
-4296
-266
-2289
-4692
-6574
-8754
-8573
-4668
878
614
-5439
-8505
-5196
-720
1053
1000
771
-1131
-4101
-1782
4643
7438
3847
-600
-242
2123
3122
4886
6933
5414
1188
60
4235
7313
5309
2501
2134
1869
808
1978
5621
6019
920
-2123
454
3372
1680
-1884
-1707
-308
-1496
-3256
-3254
-3150
-5764
-8714
-3988
1505
-516
-9941
-15901
-7819
2236
4181
-1713
-7919
-10105
-8884
-2182
7886
10874
-1430
-13975
-10257
5631
14871
7324
-864
33
3326
2366
3246
10296
14361
5984
-5081
-2036
8448
12166
6675
2033
3487
2133
-1441
1300
9686
11201
1617
-8164
-6267
2477
5472
2776
-1712
-5133
-7110
-6201
-570
2978
-1324
-8474
-10020
-5724
-1226
-696
-2287
-3637
-6520
-8027
-5153
300
2842
-677
-5486
-6121
-3494
-408
2597
3717
1300
-3403
-4609
1088
6489
6000
2141
-243
340
1649
3760
6397
5955
1424
-1741
189
4435
5591
3296
1377
221
195
1650
3546
2918
-654
-2488
-380
1686
-232
-2644
-2167
-806
-2173
-4222
-3711
-2563
-3861
-6091
-6745
-3669
1175
440
-4939
-11477
-9908
-79
5563
4335
-2260
-6925
-7399
-3930
4363
12149
8195
-6535
-11637
-453
14225
12978
559
-2255
3647
5082
1213
4066
12835
12238
-1385
-7874
2718
13199
11186
2578
1133
3221
-445
-2807
3845
11130
6310
-6276
-10315
-1760
5291
3397
-1047
-4305
-6033
-7139
-4063
1804
1964
-4390
-9213
-7946
-4060
-1906
-2002
-1825
-3060
-7105
-8080
-4338
770
1695
-2010
-4900
-4688
-2729
606
4088
4358
640
-3302
-1530
4253
7473
6222
2973
1043
603
2183
6055
8142
4903
-856
-2436
1919
6591
6252
2516
-796
-2078
-1098
1268
2941
1585
-1588
-3050
-1939
-425
24
-482
-1830
-3947
-5610
-4092
-1557
-1236
-4476
-7606
-8288
-3351
1926
182
-6648
-13244
-7763
2601
6416
3005
-4464
-8326
-7907
-1396
9429
14218
3453
-11291
-9464
5639
16191
8542
-1492
480
4856
2413
285
7706
14710
7356
-6234
-4721
8032
11946
5156
-208
2654
1922
-4294
-3284
6216
9979
413
-10082
-8430
472
3700
1830
-747
-4722
-8273
-7995
-484
5297
1286
-6345
-8540
-5035
-1311
517
1027
150
-4596
-8531
-5224
957
3739
478
-3734
-4239
-2885
-478
3247
5417
2577
-2101
-3089
1220
5746
6304
4834
2107
-816
-1095
2596
7670
7579
2235
-1797
-1025
2528
4895
4326
1858
-864
-1771
967
3986
3935
1407
-661
-883
-662
-74
1870
2534
-642
-5044
-5119
-1304
467
-2295
-6381
-7488
-5442
16
2197
-1826
-9758
-12416
-3650
4100
4832
-1583
-7770
-9528
-7127
1546
11333
10703
-4131
-13598
-5126
10508
13300
1314
-3726
850
2410
-1191
1683
11773
12308
-2163
-11621
-1933
9856
8271
-103
-1635
1402
-2250
-5181
1675
9447
4861
-7582
-10975
-2801
3711
2057
-497
-2549
-5716
-7756
-4165
3748
4412
-2866
-7858
-6431
-2895
-994
148
1030
-923
-6227
-6794
-972
4069
3877
-344
-2527
-2293
-1647
1603
6335
6396
259
-4242
-1753
4821
7438
5860
3782
756
-1057
42
4607
7457
3882
-1262
-2147
1402
4995
5556
3529
1326
-39
554
2904
3867
2910
881
-269
-278
-75
446
742
4
-1994
-3590
-2990
-1613
-1689
-4453
-6828
-7418
-4405
699
191
-5341
-12753
-11212
-1191
4287
2989
-4239
-10038
-11317
-6219
5222
12801
4420
-13461
-15941
-692
14236
10377
-2575
-4091
391
318
-945
6136
13831
7096
-8041
-8918
5782
13306
7436
131
1394
2619
-2383
-1382
7995
12427
3526
-7442
-6528
2144
6427
5255
3707
-1127
-6747
-7091
836
8587
4799
-4207
-7663
-4778
-1135
1335
3018
1936
-3594
-8843
-5108
2523
5193
1407
-3652
-4550
-3824
-1735
3305
7037
4059
-2640
-4467
628
6003
6106
4267
1759
-992
-1421
2192
7920
8006
2114
-2253
-913
3775
6632
5489
1654
-1878
-2646
1013
4612
4092
849
-1613
-1765
-1749
-1523
-401
-277
-3082
-6791
-7110
-3870
-2225
-5349
-9720
-10586
-7168
-899
-470
-5773
-12797
-14750
-5526
2319
3060
-3460
-11169
-13550
-9780
1144
11976
10155
-7433
-17951
-7280
11130
15753
2879
-4091
-323
1903
561
5351
15071
13649
-1295
-9164
2607
15393
13887
5313
2068
3907
1074
419
8186
14093
7749
-4347
-6951
1035
7409
6565
4597
665
-5525
-7170
-1034
7810
6218
-3622
-8696
-5856
-1614
700
2125
1359
-3195
-9185
-7551
543
4308
1835
-2725
-4293
-3883
-2755
1722
6210
3507
-3997
-6212
-474
6015
6080
3399
1927
104
-1074
896
5589
6979
1982
-2852
-1857
2333
4865
3835
908
-1234
-2002
-155
2823
2633
-636
-3418
-2996
-1292
-1076
-1975
-2072
-2453
-3886
-4961
-4165
-2465
-3522
-7470
-9417
-8184
-2333
1124
-3177
-10539
-14945
-7393
2685
4673
293
-6430
-10195
-10355
-2535
10506
15027
600
-16487
-11505
8019
19002
8748
-2964
-965
3414
2381
3960
13387
16005
2955
-9623
-1844
14458
16274
6775
891
2987
2101
-560
5395
13634
10133
-2684
-7975
-803
6767
6427
3965
1824
-4401
-8773
-4489
5703
7802
-2010
-9549
-7615
-2578
-761
-103
37
-3036
-8838
-9881
-2361
2968
1063
-3677
-5640
-4696
-3927
-732
4336
4389
-2492
-7319
-3684
3062
5570
3396
1777
313
-1278
296
5089
8336
5169
-479
-1795
1334
4594
5218
3336
156
-2072
-1201
2745
4629
1858
-1727
-2462
-625
492
109
-124
-520
-2850
-5339
-4965
-2068
-286
-2986
-7219
-8037
-5795
-604
-4
-4689
-10599
-12319
-3897
3272
3903
-1562
-7969
-10323
-7787
2060
12097
10476
-5698
-15258
-4319
12889
16536
3709
-3490
215
2967
2837
7456
14848
11131
-2927
-7743
4991
15640
11559
2901
490
2229
-160
333
7917
11152
3095
-6811
-6346
1048
4339
2412
1301
-2016
-8486
-9117
-1521
6231
2589
-7150
-9868
-6305
-3550
-2580
-762
-851
-5627
-10816
-7991
42
2237
-1436
-5437
-6253
-5888
-4602
460
4458
1043
-5703
-6460
-573
4637
4295
2176
981
-637
-431
2867
6932
7002
2371
-351
1627
5390
7333
6292
3610
1187
1034
3407
5841
4637
1465
59
885
1752
988
246
285
-393
-2275
-3338
-1829
-103
-1730
-5505
-7868
-6072
-4584
-2935
-1387
-3596
-8351
-13223
-7872
2241
5763
981
-7650
-10815
-8761
-782
9253
11614
33
-13917
-10070
6741
17447
9278
-2246
-2479
1546
3640
6294
12736
12363
1005
-7045
581
13006
13150
5272
90
909
555
467
5512
8537
3624
-4695
-6126
-1280
2565
3264
2893
-917
-9084
-10688
-2947
5425
2850
-6700
-10008
-6997
-3886
-2391
574
1258
-4276
-10749
-8817
806
4863
948
-4427
-6019
-5334
-3897
935
5318
3147
-3763
-5511
7
5647
6372
3356
1664
197
894
5271
9014
7816
1822
-1346
1597
6319
7862
6315
3481
979
1288
3876
6446
4646
989
-287
781
1902
1379
891
57
-1988
-4058
-3635
-1467
-978
-3631
-7510
-7700
-5550
-4531
-6427
-7745
-3391
-1978
-6606
-13549
-11581
95
4233
-1056
-8457
-9239
-6470
-3801
2867
9633
5457
-10218
-13815
1630
16679
11934
-4189
-6263
2096
5246
3237
7210
12746
6038
-6683
-5827
9125
15134
6677
-1260
582
3748
687
1390
7115
7619
-869
-7355
-3587
3157
4449
1436
-1173
-5667
-8009
-3736
2980
4371
-2991
-8351
-6840
-3622
-1859
56
1262
-2828
-8994
-9097
-744
5061
1659
-3826
-5248
-3011
-1510
705
4420
4269
-1322
-5276
-1467
5872
8613
5252
1267
-530
537
4386
8986
9836
4915
-800
-784
4835
9130
7496
2115
-1240
-43
3037
4763
4033
2006
-442
-2061
-1027
2190
3611
395
-4450
-5714
-2748
-526
-1754
-3962
-4708
-4249
-4936
-6156
-6838
-6544
-6727
-4952
-2999
-4408
-8041
-10855
-5030
1824
2391
-1927
-7092
-7411
-4938
1473
8293
7493
-3474
-11124
-3073
9767
12964
3332
-2555
49
2172
3177
6804
11159
6318
-4072
-5540
4703
11543
7464
1619
-485
51
-669
1915
7064
5624
-1479
-5677
-2906
917
1958
1976
1253
-3674
-9274
-6037
1851
4306
-1737
-7249
-5901
-3109
-1571
571
2470
-726
-6228
-6570
-711
3909
1878
-661
-1418
-2100
-2320
630
5499
4860
-1265
-4403
-90
4960
6009
4888
3334
1358
-482
2908
8577
8847
3415
-791
1051
4507
5703
5773
5548
2751
-984
-1077
3014
6465
4019
-1104
-3855
-2367
1269
3057
1209
-2695
-5322
-4940
-2246
-328
-818
-3782
-7017
-7080
-4525
-2235
-3057
-5798
-6960
-5953
-2392
-1026
-3256
-6880
-7597
-2240
1400
508
-3189
-5245
-4169
-2234
1881
5438
3583
-4412
-7673
-260
8448
7975
163
-2128
1333
3586
3787
5768
7825
3810
-2215
-1415
5699
8673
4962
939
167
530
379
2668
4836
2337
-2713
-4380
-1830
500
865
603
-605
-4391
-6191
-2387
2056
1561
-3378
-5988
-4221
-1750
-34
977
166
-2897
-4578
-2172
1655
2245
-312
-1597
-1392
-786
503
2763
4024
1675
-1203
-564
2668
4554
3820
2772
2235
1895
2125
3904
5368
4239
2424
1987
3174
3455
3126
3796
3907
2315
-111
45
2438
3339
1277
-1350
-2158
-1239
225
774
317
-1282
-3173
-3843
-2976
-1525
-1327
-3218
-5500
-5525
-3102
-1290
-2429
-5070
-6155
-4917
-3179
-1252
-873
-3022
-6392
-6837
-1961
2006
1187
-2815
-5133
-4203
-2095
1304
4036
2280
-3679
-5473
472
7015
6163
575
-676
1448
2167
2279
4765
6651
2988
-2201
-1697
3656
5688
3120
518
-403
-883
-847
1859
3938
1856
-2162
-3419
-1436
151
698
674
-894
-4080
-4699
-1122
2174
1281
-2114
-3264
-2283
-1158
-26
1244
932
-1725
-3052
-1169
1886
2703
1408
448
75
256
1365
3190
3497
1679
127
884
3015
3924
3648
2774
2093
2439
3234
3801
2926
1594
1820
2273
2195
1705
1371
1578
856
79
336
367
-496
-1418
-1414
-560
-380
-1562
-2402
-2481
-1727
-1065
-1852
-3132
-3815
-3348
-2489
-2528
-3365
-4064
-4595
-4280
-3412
-3138
-3607
-4789
-5168
-3432
-1241
-897
-2727
-4934
-4246
-1421
89
-242
-1783
-3291
-3580
-1703
2109
3951
398
-4608
-3926
1645
5025
2881
-118
9
989
1263
2730
5134
4648
655
-1269
1797
4763
3684
1081
418
1133
805
677
2089
2516
781
-752
-418
855
1417
1320
1076
-189
-1453
-433
1524
1861
714
4
332
393
390
1741
2684
1155
-921
-630
1396
2134
1098
560
716
250
125
1863
3740
3028
532
-389
1273
2845
2823
1999
908
-393
-763
871
2887
2536
-160
-1830
-1208
693
1788
1590
258
-1984
-2573
-1171
452
544
-749
-1329
-1189
-1257
-850
758
1499
119
-2018
-2046
439
1912
980
-687
-1031
-288
11
160
281
-279
-1576
-2304
-1577
-503
-812
-2061
-2549
-1944
-1305
-1769
-2594
-3039
-2501
-1822
-1907
-1975
-2215
-2093
-2163
-1862
-438
433
-145
-1642
-1358
406
1520
1077
459
990
1106
1110
1663
2946
3177
1701
958
1650
2839
3093
2887
2663
2084
1569
1990
3185
3337
2586
1695
1201
1190
1552
2602
2441
422
-1295
-485
1624
2031
584
-764
-820
-689
-335
455
380
-1042
-2693
-2285
-761
-471
-1619
-2478
-2274
-2187
-2346
-2128
-1536
-1733
-2863
-3152
-2006
-748
-893
-1961
-2513
-2117
-1395
-1184
-1469
-1633
-1354
-1053
-869
-628
102
851
603
81
114
793
1282
1153
941
779
968
1491
1850
1374
557
751
1831
2379
1950
1707
2098
2308
1673
1207
1566
1653
843
-1
222
888
606
-511
-1222
-1095
-989
-1352
-1970
-1943
-1658
-2098
-2906
-3360
-3133
-3235
-3914
-4291
-3917
-3382
-3389
-3528
-3641
-3452
-3054
-2726
-2392
-2312
-2079
-2062
-2470
-2374
-1033
423
178
-1116
-1071
922
2316
1842
840
633
1095
1822
2924
3797
3329
1940
1851
3321
4420
4218
3508
2968
2107
1512
2388
3519
2847
774
-236
430
1049
973
1039
775
-438
-1380
-502
1051
553
-1675
-2770
-2163
-1432
-1373
-1615
-1953
-2710
-3145
-2184
-998
-836
-1518
-1914
-1553
-1071
-600
-427
-778
-1313
-1212
-365
461
839
796
688
587
899
1810
2451
2467
2125
1968
1932
1824
1942
2247
1943
1070
819
1511
1975
1416
767
911
1095
540
134
480
555
-304
-1013
-557
-99
-822
-1912
-1947
-1253
-1165
-1671
-1885
-1617
-1719
-2173
-2096
-1253
-631
-831
-1457
-1614
-1034
-255
138
69
-176
-351
109
996
1567
1495
1019
937
1206
1572
2137
2587
2614
1956
1395
1790
2600
2867
2395
1820
1532
1471
1749
2334
2378
1590
845
1024
1845
1837
1223
898
723
316
-221
-207
179
97
-771
-1470
-1367
-847
-539
-525
-555
-842
-1023
-948
-783
-640
-779
-1108
-1414
-1617
-1360
-838
-980
-1642
-2245
-1915
-973
-698
-723
-879
-1170
-1645
-1510
-223
716
-61
-1653
-1662
-288
636
294
-272
-614
-1196
-1028
343
1592
996
-756
-1318
-484
109
109
118
-98
-858
-1342
-573
600
558
-291
-517
-189
24
227
698
814
-189
-1269
-989
24
606
391
-82
-199
-298
-123
490
915
764
89
-154
394
1164
1686
1577
1023
838
1278
1787
1951
1812
1519
1050
585
796
1693
2341
1915
1017
851
1497
2032
1944
1460
945
732
824
1106
1228
925
431
-4
-252
-198
6
97
19
-287
-509
-579
-531
-382
-440
-786
-1093
-1064
-867
-632
-598
-685
-813
-983
-960
-626
-176
-8
-115
-123
68
129
74
112
120
-60
-468
-480
83
386
195
-54
-10
172
80
28
271
198
-300
-718
-627
-465
-838
-1170
-1136
-1181
-1459
-1554
-1143
-969
-1593
-2241
-2052
-1499
-1495
-1940
-2030
-1754
-1770
-1902
-1531
-974
-1062
-1676
-1746
-849
-95
-157
-467
-371
81
364
485
714
962
928
841
1011
1460
1761
1732
1577
1555
1859
2137
2160
2091
2102
2074
1759
1314
1172
1322
1422
1182
751
652
812
820
418
-114
-226
34
153
-90
-393
-553
-587
-657
-675
-589
-637
-942
-1225
-979
-403
-276
-803
-1218
-952
-517
-445
-468
-295
-257
-592
-672
-146
325
-82
-800
-777
-156
368
288
42
-27
-58
18
409
808
704
240
58
346
501
356
294
483
553
455
405
557
620
307
-11
-84
97
160
-12
-195
-343
-485
-699
-987
-1338
-1536
-1441
-1188
-1101
-1286
-1573
-1788
-1791
-1616
-1503
-1659
-1947
-1997
-1549
-1112
-1131
-1395
-1448
-1178
-989
-922
-601
-122
17
-177
-132
371
975
1174
1122
1224
1292
1358
1498
1739
1942
1852
1736
1943
2256
2291
2186
2167
2174
1915
1471
1334
1623
1942
1770
1228
939
1010
1123
1013
756
651
609
371
100
115
288
281
-98
-385
-165
156
81
-277
-465
-420
-421
-655
-820
-829
-956
-1217
-1379
-1163
-1025
-1168
-1302
-1184
-935
-1020
-1224
-1228
-1035
-936
-913
-851
-585
-434
-639
-719
-477
-49
50
-218
-302
-19
276
225
18
-52
69
126
259
481
348
-41
-325
-272
-82
-66
-87
5
-126
-566
-796
-550
-145
-249
-777
-1019
-785
-583
-795
-1098
-1121
-1072
-1152
-1085
-831
-645
-844
-1162
-1033
-672
-494
-518
-308
260
575
465
298
497
843
906
652
520
808
1287
1665
1853
1935
1901
1796
1777
2057
2430
2521
2250
1900
1801
1892
2058
2200
2171
1841
1421
1373
1648
1725
1281
741
511
509
528
598
765
718
261
-311
-519
-432
-444
-561
-643
-769
-1015
-1201
-1139
-996
-1213
-1711
-1949
-1906
-1942
-2189
-2359
-2315
-2263
-2365
-2385
-2010
-1610
-1514
-1604
-1545
-1253
-998
-994
-1082
-980
-810
-711
-711
-585
-173
227
371
432
516
543
506
606
920
1065
907
781
953
1263
1343
1221
1104
1015
858
786
995
1212
1118
840
698
731
686
477
191
-67
-259
-419
-478
-480
-486
-483
-435
-382
-429
-588
-787
-963
-1025
-971
-870
-695
-450
-261
-231
-299
-316
-200
-152
-159
-34
238
487
444
268
320
602
763
787
913
1267
1596
1589
1377
1268
1323
1379
1278
1201
1368
1460
1280
1075
1131
1351
1289
886
623
701
849
684
352
262
330
165
-186
-349
-398
-620
-932
-1039
-942
-975
-1302
-1656
-1691
-1554
-1601
-1752
-1871
-1998
-2134
-2084
-1750
-1568
-1684
-1706
-1444
-1143
-1100
-1192
-1073
-872
-848
-818
-563
-275
-323
-601
-545
-70
319
408
483
779
1122
1245
1203
1130
1095
1022
894
920
1127
1385
1453
1282
1018
800
752
836
891
817
567
235
-6
-135
-224
-328
-548
-828
-902
-722
-525
-603
-933
-1111
-945
-777
-818
-906
-883
-856
-903
-729
-351
-50
-23
-165
-221
-135
77
341
531
585
611
785
1121
1306
1318
1421
1542
1492
1408
1567
1845
1909
1752
1608
1495
1315
1119
1016
995
744
358
291
518
633
400
94
-114
-339
-571
-566
-501
-747
-1291
-1717
-1658
-1438
-1382
-1407
-1418
-1588
-1926
-2061
-1757
-1391
-1554
-1965
-1922
-1469
-1228
-1390
-1467
-1294
-1172
-1229
-1114
-622
-207
-243
-351
-56
301
342
259
402
710
946
1099
1216
1251
1225
1255
1389
1480
1321
1103
1078
1038
784
545
581
749
759
674
749
880
713
318
8
-15
30
-60
-118
-161
-357
-691
-849
-704
-531
-650
-913
-1005
-895
-722
-593
-463
-415
-578
-777
-694
-428
-261
-284
-302
-156
63
257
477
701
842
795
688
784
1051
1315
1404
1394
1444
1531
1566
1514
1511
1510
1413
1205
1056
1052
1026
942
805
740
693
532
299
191
157
-39
-407
-759
-855
-874
-997
-1247
-1539
-1671
-1694
-1725
-1678
-1647
-1731
-1873
-1913
-1790
-1671
-1597
-1473
-1321
-1283
-1319
-1248
-1045
-901
-892
-768
-375
-50
-6
27
239
431
414
443
800
1237
1330
1162
1073
1242
1320
1145
1043
1149
1315
1263
1077
1084
1155
964
615
464
539
597
456
288
294
327
213
11
-51
-109
-325
-544
-528
-322
-189
-239
-392
-434
-366
-212
-121
-273
-492
-550
-464
-369
-346
-286
-165
-181
-208
-105
97
201
45
-99
40
332
518
662
778
783
678
646
904
1174
1180
995
947
1135
1197
946
718
644
510
344
249
364
520
328
-113
-357
-192
115
206
68
-100
-305
-584
-770
-691
-567
-676
-1005
-1194
-1047
-821
-813
-1023
-1249
-1386
-1400
-1176
-855
-780
-980
-1181
-1140
-950
-837
-680
-469
-379
-406
-370
-20
362
322
39
-52
167
473
645
754
773
593
526
779
1115
1177
946
699
652
723
772
819
714
421
175
239
571
696
458
167
38
47
77
78
106
58
-151
-361
-486
-541
-573
-703
-884
-1022
-1041
-871
-675
-544
-505
-583
-663
-744
-781
-753
-684
-626
-594
-546
-490
-374
-317
-271
-92
137
280
248
201
270
377
448
499
493
505
518
473
454
356
253
200
117
57
62
134
193
145
30
-51
-145
-284
-302
-158
-140
-349
-493
-357
-196
-326
-564
-678
-703
-818
-950
-855
-656
-672
-824
-770
-520
-385
-476
-441
-192
-143
-371
-540
-396
-166
-190
-332
-202
132
284
177
136
353
505
503
541
707
872
889
892
981
995
820
607
553
651
679
594
538
484
453
517
692
825
714
489
411
459
346
75
-73
-2
47
-59
-129
-45
-6
-137
-232
-124
-31
-184
-392
-405
-308
-247
-222
-179
-95
-117
-189
-150
-46
-52
-176
-194
-79
7
-2
4
110
209
208
151
206
325
324
240
190
273
378
344
208
143
195
219
120
-68
-214
-244
-202
-147
-78
-14
-21
-92
-104
2
118
89
-148
-360
-341
-199
-130
-177
-282
-343
-333
-269
-149
-79
-112
-256
-377
-300
-81
110
119
20
-57
-58
7
122
252
233
56
-57
100
388
492
368
281
342
384
307
272
396
416
253
134
229
401
399
301
290
319
229
63
35
125
109
-67
-195
-126
-1
-42
-156
-170
-125
-121
-155
-130
-70
-79
-128
-113
-17
74
118
138
140
91
23
27
122
191
166
95
85
140
190
218
221
219
182
119
104
156
210
186
131
136
200
251
264
279
284
193
94
114
188
186
101
78
137
159
97
33
2
-63
-153
-172
-141
-214
-386
-455
-360
-252
-257
-293
-287
-309
-381
-379
-256
-167
-212
-285
-232
-99
-4
15
32
33
-37
-84
16
156
117
-102
-251
-140
86
217
194
119
69
40
67
137
199
178
91
70
180
340
412
347
246
176
176
222
251
219
104
-22
-49
24
79
43
-29
-92
-183
-273
-273
-206
-227
-391
-513
-393
-173
-149
-313
-403
-316
-205
-188
-198
-151
-105
-132
-157
-66
50
56
-29
-93
-88
-55
-34
-29
-20
-42
-47
24
160
255
202
112
133
272
356
281
207
230
259
212
199
306
384
260
38
16
206
312
163
-33
-86
-41
-28
-24
13
-13
-157
-319
-330
-214
-116
-154
-320
-492
-516
-354
-179
-183
-360
-496
-468
-374
-325
-307
-266
-292
-411
-430
-241
-30
-41
-237
-345
-220
-44
5
-21
-35
-55
-102
-75
103
273
226
40
-17
126
249
238
204
215
192
121
163
333
403
219
-7
-10
132
155
51
21
78
35
-96
-95
63
103
-91
-270
-230
-112
-127
-228
-250
-223
-259
-322
-285
-198
-215
-323
-363
-283
-218
-225
-222
-175
-156
-188
-184
-100
-34
-78
-153
-105
41
135
122
109
162
205
182
177
266
347
284
165
172
300
378
320
255
257
271
254
271
339
343
231
115
123
206
230
174
89
10
-50
-56
-8
