-769
207
1488
2603
2316
-333
-2418
-2766
-950
2372
3328
2285
348
-1645
-1394
-191
645
782
-554
-480
1380
3017
3360
1347
-1460
-2499
-1166
1571
3813
3742
1786
196
-593
-416
233
-208
-752
-691
326
1925
2010
296
-1849
-3265
-2704
-1419
456
1708
1506
787
-87
-872
-1263
-1932
-1660
127
1684
2983
2597
839
-2076
-3471
-2881
-718
213
148
-267
-1051
-1121
-652
-1305
-2557
-6640
-8195
-1265
3386
8667
6041
-2615
-6559
-9071
-3698
7290
9174
7942
795
-3982
260
2691
4871
1567
-3868
-4471
851
7548
10425
3948
-5504
-10827
-8777
-1949
6681
8036
3360
-2099
-5352
-1261
1258
514
-585
-1227
1011
5178
6425
5798
905
-3866
-4305
-1482
2311
4313
3046
744
-666
-1903
-1793
-2590
-3861
-3185
-2253
-884
1197
508
-85
-1385
-3553
-3129
-2390
-1456
1632
2484
3241
2816
-173
-1688
-3048
-2700
-574
610
204
-730
-1814
-1551
-1725
-2364
-4500
-5093
-8390
-4912
1824
6117
8380
-457
-6830
-7074
-5935
4235
9846
8503
6255
-2793
-759
2876
4609
3838
-2213
-4042
-106
5746
10083
5350
-2977
-10006
-9170
-2504
3426
7475
3173
-432
-3173
-2484
2545
1726
-694
-1019
-60
6471
8229
5808
2822
-2209
-2550
-628
1886
3851
2978
939
-318
-1050
-1470
-1999
-3004
-3748
-2037
-1090
-407
38
-917
-243
-513
-2240
-1641
-1534
296
2984
2433
2106
886
-776
-139
-971
-1006
-871
-1827
-1729
-1919
-1396
-1905
-3302
-3980
-4681
-3796
-4316
-4651
-2375
-6
3068
1328
-1907
-3511
-3723
163
3343
4803
4353
64
-1276
-498
2082
3442
543
-1949
-2613
105
2940
2439
532
-2887
-3898
-2088
273
2890
2160
253
-526
216
2545
3813
3267
1356
-41
1231
3859
5120
3361
1509
562
616
678
536
1001
557
-1114
-1175
-260
1066
941
-730
-1698
-1524
-738
706
2404
2505
2041
577
-7
929
1640
2516
2593
886
201
127
1098
1444
-271
-1211
-1824
-2173
-2016
-1793
-1416
-1599
-2638
-2844
-1943
-1708
-2165
-2575
-2588
-1494
-453
-216
-7
-622
-1238
-1418
-1324
-862
-674
-968
-1157
-992
-755
-753
-1600
-2602
-3130
-3072
-1921
-824
-351
-308
-1019
-1484
-1318
-950
-50
620
1002
1610
2187
2597
2201
1091
403
817
1650
2301
2198
2205
2006
1375
735
374
402
285
343
889
1700
2118
1666
884
442
260
1052
1648
2009
2357
2260
2463
2247
1648
1415
1045
854
950
984
1493
1366
785
126
-612
-915
-1244
-1423
-1018
-598
-329
-401
-759
-1080
-1497
-1879
-1973
-1478
-637
12
74
-543
-1361
-1739
-1584
-1304
-1081
-1377
-1784
-1750
-1388
-990
-1254
-2206
-3186
-3459
-2759
-1597
-786
-1024
-1939
-2387
-2203
-1465
-862
-798
-1004
-1100
-529
441
951
665
-90
-460
-107
511
1121
1338
1157
923
648
630
756
771
802
644
778
1080
1309
1570
1445
1294
1152
1110
1339
1674
2184
2611
2651
2405
1992
2096
2125
2093
1900
1570
1748
1962
2180
2143
1441
674
9
-143
387
858
1187
830
252
-83
-305
-278
-420
-445
-274
-12
302
304
90
-351
-1116
-1460
-1680
-1313
-707
-649
-753
-1472
-2307
-2734
-2966
-2784
-2468
-2323
-1976
-1999
-2020
-2191
-2481
-2760
-2871
-2469
-1479
-566
-269
-513
-1180
-1584
-1435
-1064
-628
-384
-432
-189
-143
-243
-669
-1286
-1539
-1215
-459
292
471
144
-237
-283
94
616
1017
1140
1288
1523
2087
2453
2412
2063
1666
1557
1847
2250
2723
2841
2440
1937
1460
1284
1251
1403
1493
1409
1340
1405
1459
1340
818
553
632
868
1341
1769
1832
1416
766
402
492
552
521
478
389
313
62
-315
-837
-1572
-1898
-1789
-1480
-1322
-1494
-1643
-1806
-2092
-2301
-2379
-2135
-1869
-1275
-717
-689
-1054
-1784
-1978
-1369
-783
-449
-703
-1331
-1280
-959
-642
-919
-1841
-2631
-2402
-1378
-271
133
-811
-2101
-2611
-2091
-349
952
949
644
-327
-310
617
1216
1895
1620
890
951
1006
1718
2486
2174
1342
520
204
832
1702
1946
1724
972
25
311
1008
1589
2064
1090
569
845
1181
2344
2482
1559
1110
362
941
1915
1857
1719
1052
51
-30
339
259
125
-560
-1040
-332
-497
-598
-195
-1320
-1376
-1238
-1355
-225
-368
-385
-38
-995
-899
-656
-709
-138
-134
-222
-254
-853
-962
-451
-624
-1049
-1325
-1798
-1084
-516
-908
-539
-1383
-2049
-1549
-1339
-2
268
-546
-93
-601
-593
168
370
552
40
27
658
607
493
637
298
-534
-699
182
952
983
170
-376
-869
-989
179
1079
889
-43
-892
-530
339
1554
2121
1064
-344
-838
440
1957
2395
1909
307
-808
-451
992
2513
1868
-31
-1326
-1316
181
1673
1769
161
-1866
-2259
-554
1435
1848
806
-1150
-2420
-1209
940
2264
1282
-1102
-2006
-1277
650
2249
1263
-1054
-2649
-2239
66
1776
1501
-720
-3078
-3074
-835
1111
1018
-589
-2316
-2522
-678
1190
1233
-661
-2405
-1786
-70
1577
2287
456
-1995
-2258
-443
1440
1437
391
-380
-1083
-1042
321
704
-542
-1186
-605
175
303
-168
-204
-385
-683
169
228
-740
-799
465
2048
1911
138
-1232
-1936
-868
1796
3518
2229
-1026
-2725
-1560
1028
2653
2001
-441
-2788
-2010
1536
3856
2944
-408
-3036
-2777
150
3832
4919
1896
-2183
-2967
-501
2419
3456
1565
-1237
-2481
-846
2660
3584
859
-2358
-3928
-2316
1282
3412
2494
-1243
-4141
-3093
-324
1455
1282
-786
-2416
-1984
-25
1763
1015
-1678
-3140
-2393
86
2337
2010
-149
-2204
-2596
-928
779
874
10
-812
-587
534
960
410
-731
-1652
-758
1217
2318
1735
140
-874
-671
86
650
716
142
-108
786
1394
803
-811
-2329
-2163
-246
2081
2922
862
-2280
-3522
-2269
423
2310
1965
-74
-2113
-1987
163
2040
1725
-546
-2135
-1356
1288
3482
3185
421
-2492
-2808
-174
3172
4186
2138
-1137
-2952
-1397
1775
3311
1791
-1323
-2527
-990
1561
3112
1927
-1332
-3543
-2716
692
3324
2489
-411
-2907
-3114
-798
1381
1380
-490
-2358
-2177
-356
1037
897
-941
-2976
-2667
-346
1942
2082
17
-1810
-2074
-934
790
1688
1207
-22
-584
121
1078
1030
237
-299
-59
758
1450
1472
586
-382
-691
-257
403
722
794
372
-359
-610
-465
-342
-170
36
-118
-800
-1482
-907
441
973
439
-1201
-2506
-2149
-342
1882
2500
592
-2094
-3122
-1690
1178
2762
1684
-387
-1587
-391
1999
2664
1286
-924
-1847
-3
3185
4793
3245
-799
-3608
-2234
1399
4206
3849
679
-2090
-2673
-954
1376
1530
-488
-2195
-2091
-192
1489
468
-2143
-4151
-3634
-562
1617
1373
-619
-2973
-3411
-1614
597
1530
311
-1428
-1096
536
1822
1828
276
-696
-328
1128
3001
3305
2011
665
99
697
1721
1897
1766
1557
1451
1848
1112
-247
-943
-631
757
1258
385
-1004
-2206
-2318
-1214
-496
-1429
-3236
-4077
-2046
528
835
-1593
-5306
-6285
-3392
1181
3883
2143
-2564
-5827
-4572
471
5160
4656
655
-2445
-1791
2365
5061
4453
1564
-907
53
3817
6707
5504
854
-3112
-1731
3011
6176
5125
93
-3777
-3912
-858
2711
2749
-833
-4487
-5116
-2599
333
-245
-3190
-5399
-5057
-1749
195
-869
-3492
-5562
-4428
-879
1877
1787
-844
-3574
-2512
978
3622
4149
1785
255
901
2569
4662
4777
3161
2085
2287
3588
4829
3778
2234
1771
1652
2567
2296
954
155
-838
-889
-375
-774
-1553
-2653
-4001
-4035
-3995
-4206
-2771
-1986
-2317
-4401
-7479
-6971
-3615
135
2188
345
-3951
-6733
-5595
-4
6073
6227
2283
-1605
-2182
1480
4776
6302
5753
3638
2759
4172
5472
4753
2358
713
3126
6062
6178
3268
-1597
-3629
-2143
1395
3965
2460
-2591
-6806
-6738
-3462
-34
-878
-3989
-6247
-6690
-4670
-3111
-2517
-3441
-4630
-4162
-1996
-447
-1247
-2092
-1611
1141
2969
2804
1974
866
1746
3557
5979
6605
4693
2629
2386
4214
5385
5433
4143
3515
3024
2192
1712
502
453
321
310
25
-1582
-3444
-4822
-4487
-3726
-3513
-5008
-5127
-3712
-3635
-5072
-8285
-8076
-4573
-660
1690
149
-4548
-8680
-6873
725
8919
8770
1561
-4046
-4163
2324
8646
10985
8729
3114
-438
1856
7295
9783
7670
2896
1851
3863
4349
3536
1010
-69
476
952
1087
-513
-4520
-7207
-5305
-1496
547
-3204
-8678
-9791
-7930
-4112
-1543
-2206
-5148
-8270
-8027
-3290
648
385
-1118
-2260
-1318
690
1898
3742
4215
3459
3968
4797
5146
5269
5400
6581
7399
5914
4724
4431
4268
5156
5015
3879
2005
-519
-656
637
730
-780
-3389
-5555
-5873
-5439
-4695
-3165
-4085
-6763
-9933
-10840
-6748
-2477
-1262
-3432
-7114
-9461
-8271
-2877
4238
6856
544
-6245
-5892
1546
9016
9826
7295
3637
642
1403
7470
13377
12271
5391
786
3895
7420
7503
5770
4346
3479
843
-249
744
843
-1713
-3113
-2037
-2095
-4978
-8809
-7761
-5087
-4499
-5647
-7475
-8318
-9180
-7753
-4461
-2285
-4120
-6147
-4736
-2073
37
-230
807
2074
2188
2961
4269
5683
5490
5834
7179
8324
6779
5202
6599
8077
8722
6558
4451
3026
2144
3391
4653
3411
-1075
-4161
-4340
-2553
-2505
-3836
-3822
-5780
-8625
-11221
-9786
-5226
-3027
-4497
-7981
-10479
-11485
-8206
-1691
4251
2876
-6501
-11443
-5919
5924
11822
7802
1258
-1575
89
5187
12692
15573
10172
731
-1143
7408
13906
12064
5897
2697
2264
1976
3087
5759
4890
-1146
-4665
-3183
-1103
-3008
-5661
-4301
-3800
-7124
-9918
-8112
-5296
-5408
-6759
-6217
-6131
-8247
-7166
-1702
1781
-1087
-5495
-4313
809
4152
5075
5000
3042
984
2486
7980
11235
8272
4172
4137
6453
7710
7726
6842
4574
1412
1469
4525
4610
615
-3145
-2964
-2132
-3758
-5142
-3310
-2320
-6201
-11511
-12549
-7272
-2456
-2432
-6113
-10929
-13089
-10568
-2722
4955
4260
-6235
-14352
-8617
6087
14815
8333
-2545
-5557
244
8750
14320
14550
7708
-1133
-1954
8827
18086
14672
4455
-1060
2110
5689
6985
7641
5570
-655
-5393
-2734
2122
1845
-3259
-4923
-4026
-6525
-8682
-6199
-1584
-2983
-8543
-9761
-6314
-5026
-5784
-2924
-26
-2224
-7305
-6275
1002
4434
2602
1230
1794
848
375
4370
10061
9116
2309
73
3927
7837
8113
6470
4124
597
-1230
2466
6985
4216
-2483
-5716
-3342
-1173
-2710
-4287
-4295
-4834
-7178
-8772
-9264
-7676
-5202
-4055
-5093
-9532
-12130
-9938
-4037
1685
1970
-4629
-12051
-9441
2724
12596
7934
-3984
-6758
964
9787
12237
10748
7088
1375
-570
7599
18350
16675
5121
-1929
3537
11062
11064
8186
6304
3141
-1290
-352
5556
7854
1898
-4301
-3589
-2153
-2544
-2115
375
-858
-7469
-10333
-5145
171
-1788
-5162
-5110
-4129
-5056
-4725
176
2251
-1685
-4616
-1338
2619
1750
-111
2015
4626
1971
-643
1609
5100
4853
2155
1553
1670
178
-165
2808
3315
-1165
-5363
-4179
-444
-1436
-5264
-6486
-4714
-4492
-6695
-8782
-8871
-6819
-5466
-4883
-7078
-10370
-10735
-7560
-2108
543
-2125
-8681
-11222
-4193
7054
9954
198
-7815
-3681
7364
12048
8421
5200
4332
3530
4557
11176
16308
11824
2600
1146
8959
13006
9975
6767
6583
4608
660
2286
8614
9391
1235
-4663
-2363
1924
2190
491
59
-3055
-7663
-6438
960
3830
-2629
-9042
-7109
-854
847
-569
-1487
-2932
-4521
-2634
3404
5524
225
-4591
-1602
4431
5470
2426
336
413
495
1442
3650
3254
-576
-3112
-1364
662
-995
-3708
-3680
-2943
-4566
-6953
-7395
-6531
-5432
-4899
-6327
-10507
-13641
-9561
-2327
-1377
-8196
-13735
-11301
-5567
-1365
725
-223
-6616
-12174
-5497
9220
14117
1812
-9402
-3265
10645
14278
7791
4883
7111
6724
4797
9462
16823
14452
4581
1210
8772
14318
10996
6593
6619
6282
2589
2591
7954
9598
2573
-4010
-1659
3462
3443
-133
-1396
-1947
-4259
-4089
465
2692
-2643
-8131
-5401
1342
2421
-1942
-4057
-2779
-1633
-725
2183
3576
-675
-5300
-2683
4568
6295
792
-3767
-2687
483
1710
1767
669
-2677
-5810
-4795
-925
-403
-4171
-7330
-7194
-6404
-7262
-7793
-7190
-6676
-8033
-10314
-11645
-11421
-8160
-4938
-5588
-10362
-13748
-10582
-4786
-1353
-1875
-4668
-8412
-9385
-2130
8173
9474
-1644
-9094
-576
12759
14039
5025
2199
7760
10245
7534
9071
15581
15052
6431
2948
10810
17400
13388
7048
7265
9389
7257
6054
10102
12011
4982
-2038
1087
8262
8308
1738
-1358
-342
-364
-795
2132
4224
-1040
-7486
-5992
2092
4752
-694
-4885
-4499
-2433
-1359
1305
3442
-491
-6923
-6409
1881
6323
1549
-5451
-6037
-1811
925
1068
-864
-4339
-7172
-5610
-1482
-963
-5763
-9648
-8122
-5498
-5813
-8521
-9911
-9810
-8870
-7732
-8390
-11216
-13584
-10040
-4898
-5254
-10733
-13770
-9364
-4342
-2746
-3431
-4639
-7151
-8048
-1277
7436
7063
-3412
-7298
3033
13191
10578
2104
3148
10086
10693
6520
8525
15116
13974
6377
4658
12526
16718
11703
6947
8515
10692
7911
6847
10238
11328
5129
-22
3745
8845
7535
1614
156
1957
1334
153
1782
3938
134
-4951
-4206
1649
4055
-216
-3564
-3740
-1885
-630
1038
2148
-1107
-5349
-4947
941
3967
579
-4596
-5617
-2409
-249
104
-2132
-5176
-6915
-5418
-2333
-2898
-6615
-9602
-8323
-6452
-6558
-7813
-9628
-10882
-11489
-8435
-5748
-8208
-13839
-14622
-7591
-3188
-6307
-11765
-10914
-6356
-5140
-4381
-1663
-236
-5438
-9063
-1354
9937
9494
-2343
-5954
4279
13683
10343
3708
6253
11189
9427
5541
9940
16990
14445
5760
4378
12169
15865
11725
7562
8603
9085
6384
6975
10688
10553
3636
-251
3925
8281
6138
876
520
1724
733
-326
1763
3499
-675
-4760
-3186
1900
2506
-1397
-3140
-2387
-1573
-2009
-198
1751
-720
-5155
-5455
-180
2682
-97
-4512
-5337
-3378
-1858
-1262
-2453
-4737
-7100
-6367
-3899
-3842
-6469
-8801
-7917
-7070
-7314
-8284
-9044
-10005
-10437
-7649
-6197
-8814
-13478
-12297
-5296
-2749
-6927
-11704
-9331
-4888
-3731
-2795
-678
-1010
-6846
-7059
3290
12115
6416
-5864
-3941
9722
15917
7501
1155
7555
13876
10110
4826
10292
17513
13752
4791
4976
13811
16453
10881
6517
8097
9070
7119
8092
10735
8789
1772
-24
5470
8707
4800
-665
-403
1178
368
-357
1413
1803
-2818
-5910
-3216
1378
808
-3164
-4446
-3715
-3186
-3039
-816
274
-2995
-6694
-5434
-296
992
-2327
-5423
-4859
-3122
-2708
-2353
-2989
-4627
-6472
-5559
-3286
-3829
-6398
-8094
-6534
-5563
-6221
-7090
-7956
-8920
-9720
-6551
-3603
-6031
-11911
-13021
-5722
-528
-3050
-8973
-9663
-5758
-3562
-1401
1610
1836
-4781
-9091
-414
12394
12383
-1067
-6894
3777
15348
12881
4297
5353
11658
10953
5650
8599
17401
16874
6439
1707
10069
17946
14564
6727
5153
8048
8150
7352
8920
9245
3904
-1269
1178
6769
6844
984
-2640
-1779
-500
-438
1
441
-2400
-6221
-5799
-1520
645
-1967
-4907
-5422
-4554
-3653
-1820
-58
-1730
-5737
-7001
-3045
1165
369
-3785
-6178
-4653
-2067
-899
-2040
-4386
-5843
-5322
-3501
-3278
-4940
-6706
-7001
-6087
-5796
-5790
-6820
-8502
-9564
-7833
-4058
-4249
-8795
-12551
-9217
-2297
-732
-4906
-9149
-7651
-3766
-924
1480
2256
-489
-5798
-3771
6807
13911
7750
-3107
-1367
10402
16088
9656
4490
9131
13353
9460
5537
11705
18607
13726
3222
3001
13083
17140
10490
3594
4688
7512
6512
5626
6933
5890
-116
-2929
1242
5572
2869
-3373
-4879
-2868
-1485
-1959
-1701
-2180
-5226
-7221
-5142
-884
-676
-3704
-5904
-5465
-3604
-1951
-171
-902
-3789
-5530
-2905
1092
1074
-1998
-3922
-2374
-822
-844
-1442
-1908
-2666
-3718
-3376
-2359
-2633
-4593
-5838
-5539
-4881
-5012
-5606
-6009
-7713
-9002
-8196
-4415
-2844
-6956
-11946
-11485
-3904
861
-2118
-8428
-9957
-4860
-386
1965
2103
504
-3520
-5174
2653
12631
12815
1410
-4542
4388
15751
15212
6738
5699
10785
11276
7214
9431
17194
16135
5468
267
9331
18047
13725
3821
1613
6300
7265
5434
5629
5984
1074
-4546
-1688
4965
5032
-3008
-7775
-4839
-1087
-1499
-3642
-4029
-5251
-7331
-6631
-2730
-1081
-4498
-7689
-6573
-3088
-1994
-2804
-3474
-3832
-3905
-2890
-610
-329
-2387
-3706
-1954
192
-509
-2284
-2694
-1641
-1817
-2495
-2425
-2043
-2948
-4952
-5082
-4028
-3168
-4146
-5476
-6149
-7251
-7079
-5548
-2340
-3016
-7982
-11371
-8066
145
1970
-3336
-8884
-7318
-1314
1564
2888
3072
1417
-3646
-4137
6274
16304
12534
-1892
-5048
8312
19706
14823
3937
4650
11832
12299
7281
9332
16429
14146
3460
18
10065
17338
11222
1193
164
5463
6350
4069
3473
3448
-770
-5260
-2712
2799
2840
-3930
-8354
-6528
-2940
-1979
-3229
-4966
-7066
-7962
-5759
-2252
-2037
-5022
-7135
-5800
-2997
-1751
-1669
-2756
-3881
-3883
-1524
956
185
-2375
-3186
-770
1037
227
-1452
-2033
-1476
-1447
-1270
-1171
-1768
-3241
-4270
-3575
-2796
-2950
-4215
-5128
-5175
-5410
-5371
-5396
-3938
-3130
-4770
-7489
-7931
-3179
810
-205
-4861
-6687
-3223
299
2718
4057
3699
-1018
-5287
1283
13849
16686
3346
-7221
1395
17382
18900
6172
890
8378
13333
8150
5318
12789
16275
6631
-3169
3062
15758
15016
2495
-4223
1448
6619
4705
1544
1387
-191
-5101
-5280
71
2879
-2593
-8979
-8104
-3894
-2415
-4343
-5188
-5790
-7551
-7522
-4409
-1165
-3104
-6712
-6962
-3668
-878
-1099
-1933
-3005
-3235
-1777
1062
2235
-396
-2407
-909
2295
2342
91
-413
554
634
-757
-365
1022
291
-2346
-3511
-1517
-634
-2161
-4081
-3657
-2575
-3984
-5666
-5643
-2614
-1320
-3952
-7515
-8208
-3295
785
499
-4024
-7173
-4882
-569
3782
4465
1648
-3461
-4881
3213
12722
12599
1076
-5129
3602
15240
14606
4660
2744
9414
11735
6073
4730
12839
15726
6152
-3147
3015
14989
14190
2227
-4144
1567
6524
4102
389
694
170
-4894
-6479
-1538
2613
-2226
-10112
-10381
-4853
-2017
-4840
-7519
-7415
-7573
-7991
-6149
-2627
-2601
-6725
-8846
-5652
-948
10
-2099
-3520
-3273
-2065
-4
2496
3011
296
-2261
-816
3315
5291
3091
-89
-877
727
2364
2585
1514
-220
-1570
-1886
-972
-267
-929
-2504
-3669
-3306
-3518
-4465
-5086
-3004
-634
-3171
-8315
-9690
-2774
3681
1059
-6809
-9590
-3136
2836
3309
1222
268
-778
-2795
1385
10176
13050
3872
-5129
688
13664
16461
6816
1185
6439
11087
7897
5199
10575
13864
6361
-2497
1682
13125
13838
2540
-5174
-432
6044
4759
-138
-1461
-1000
-3727
-5571
-2879
598
-2113
-8440
-9861
-5882
-2515
-4177
-6875
-7685
-7319
-6872
-5642
-3167
-3147
-5657
-7543
-5128
-942
10
-2024
-3763
-2275
-46
906
872
1060
1713
1204
761
1385
3247
4088
2618
974
750
2193
2872
2118
899
197
202
-132
-341
-794
-1322
-1634
-1753
-1634
-3095
-4692
-4502
-1705
265
-2754
-7090
-7543
-2169
1928
-21
-4195
-5425
-2782
-992
503
3309
4161
-598
-6527
-1973
10212
14312
3210
-7707
-1600
12629
15122
4175
-1488
5356
10718
5653
868
7024
13405
6990
-4188
-2554
9733
13293
3069
-5992
-2609
4358
4012
-397
-1502
-667
-3504
-6204
-3441
1210
-278
-7174
-9915
-5924
-1430
-2139
-5721
-7242
-6595
-5226
-4062
-3006
-2926
-4323
-5265
-4359
-1809
-39
-372
-2026
-2720
-934
1741
2472
848
-199
1268
3117
2739
1313
1748
3434
3445
1495
701
2299
3374
1951
18
293
1771
1527
-383
-1601
-1028
19
39
-646
-2147
-3650
-3720
-1121
1909
169
-5073
-7682
-2927
3685
3507
-2349
-6239
-3448
1100
2799
2865
2268
16
-3629
-1640
6590
11225
4846
-4734
-2977
7452
11858
5308
-353
2895
6618
3725
621
5465
10378
4844
-4605
-3583
7093
10576
2023
-5908
-3299
2679
2208
-1407
-1746
-487
-3574
-6994
-4486
807
588
-6047
-9497
-6336
-1750
-1439
-4126
-5633
-6169
-5587
-4091
-1527
-988
-3479
-5247
-4394
-1047
856
659
-769
-2290
-1710
905
3865
3438
349
-1127
1363
4947
4690
1981
459
2120
4065
3735
2341
1509
1943
1947
1674
1366
1495
1394
112
-818
-1051
139
845
-168
-1919
-3526
-2877
-1124
917
353
-3345
-5984
-4481
1040
2975
-531
-4530
-4344
-937
419
1165
2768
2388
-2669
-6436
61
10414
10251
-2313
-9419
-193
11757
10022
-819
-3109
3966
6351
852
-310
6901
9004
-291
-7840
-790
10424
8548
-3159
-7993
-987
4677
1726
-2628
-1982
-600
-3653
-5568
-2012
2137
-527
-6964
-7846
-3030
508
-1379
-4646
-5034
-3955
-3216
-2470
-926
-650
-2790
-4511
-2786
1015
2283
-74
-2461
-1623
1418
3175
2333
914
752
1633
2564
3039
3478
3227
2021
1327
2295
4078
4239
2324
696
1027
2312
2804
2174
1002
-119
-604
219
1359
677
-1542
-2219
-562
125
-2189
-4135
-1356
1891
-524
-6164
-6621
150
3978
-457
-6168
-5187
-218
784
-846
-156
1203
-2200
-6231
-1578
7307
7380
-3470
-9032
-247
9390
6322
-2995
-3069
3999
4612
-1422
-1417
6305
7602
-1519
-7315
195
9550
6310
-3589
-5693
980
4399
841
-2024
-159
790
-2452
-3887
-847
2269
1
-4536
-4919
-2104
109
-565
-2276
-3465
-3660
-2278
-708
-220
-1901
-2810
-1788
-662
-135
-570
-90
242
-139
56
927
1738
1341
1235
1855
2289
1594
1216
2906
3883
2634
585
1072
3506
3858
1772
354
1530
2424
1441
73
681
2102
953
-1249
-1944
-159
1369
220
-1793
-2992
-2479
-1543
-284
172
-1703
-4211
-4977
-1735
1337
567
-2345
-4378
-3572
-1758
708
2937
1595
-3861
-7182
-1329
7712
7820
-2396
-8665
-1444
8206
7002
-1384
-3026
2955
4459
-795
-1644
5455
8202
-15
-7562
-1913
8799
8083
-2162
-6848
-878
4546
1923
-2032
-932
898
-1923
-4637
-1777
2961
1812
-4304
-6567
-2815
1351
1095
-2064
-3849
-3638
-2416
-644
741
149
-2228
-3754
-2248
1131
2647
946
-1704
-2307
-22
2835
3381
1705
-253
-384
1625
3525
3890
2426
494
451
2299
3962
3399
1339
333
1281
2280
2049
1434
883
437
-212
-155
992
1156
-537
-2384
-2167
-189
913
-686
-3315
-4147
-2175
860
675
-2924
-5556
-3708
629
1246
-2100
-4099
-2340
-681
-1575
-1530
1072
1833
-2767
-5757
-516
6367
4612
-4013
-5930
1882
6973
2371
-3089
-164
4839
2511
-2814
-445
6646
5995
-2160
-5310
1761
7871
3993
-2749
-2610
2033
2843
46
-340
1959
1195
-2678
-3155
872
3671
714
-3900
-4164
-858
1459
527
-1569
-2801
-2602
-1733
-703
240
-156
-1501
-3077
-2964
-367
2041
1434
-1999
-3720
-1290
2307
2611
149
-989
-175
778
769
1563
3075
2237
-615
-1495
1777
5039
3798
-258
-1584
1057
3513
3253
1012
-321
-106
671
1577
1502
372
-1053
-1354
-397
589
340
-1269
-2574
-2631
-839
464
-891
-3286
-4094
-2029
-294
-901
-2270
-2799
-2913
-3167
-1597
1123
1109
-3277
-6101
-1675
4343
3471
-3106
-5047
558
4448
1382
-1946
1001
4518
1648
-2919
-108
6976
6713
-751
-4100
1682
7408
4898
-404
-597
2598
2754
701
1175
3433
2497
-1507
-2350
1001
3472
1531
-2017
-2738
-1166
38
-46
-668
-1726
-2810
-2914
-1834
-599
-953
-2272
-3215
-3046
-1785
-677
-741
-2009
-2808
-1970
-330
84
-811
-1097
-511
260
424
512
958
948
722
1067
2008
2217
1549
1216
1873
2601
2237
1896
1981
1885
1367
1337
2332
2461
845
-535
448
2001
1284
-824
-1204
468
401
-1937
-2823
-376
1444
-1390
-5168
-4265
288
1406
-2552
-5326
-3398
-643
-1685
-3277
-1493
399
-2191
-5915
-3152
3473
4030
-3026
-6915
-1139
5494
3649
-2379
-2214
2877
3551
-397
-535
4749
6166
402
-3294
1704
8036
5950
-732
-1870
3095
5567
2632
280
1706
2962
902
-840
914
3170
1911
-1483
-2479
-495
1340
724
-1376
-2783
-2576
-1241
-548
-1325
-2577
-2774
-2150
-2199
-2584
-1968
-880
-1491
-3454
-3576
-965
964
-470
-2838
-2565
-174
1018
290
-255
117
215
-73
763
2426
2614
750
-484
962
3213
3378
1529
395
1155
2279
2297
1691
1542
1471
843
249
773
1733
1287
-390
-1115
27
807
-400
-1760
-1030
238
-854
-3031
-2825
-342
228
-2183
-3588
-2164
-878
-1938
-2454
-527
151
-2899
-4969
-1210
3547
1747
-4195
-4785
1303
4595
818
-2745
-74
3637
1797
-1575
539
5334
4529
-919
-2131
3007
6679
3733
-473
63
3121
3609
1874
1594
2512
1833
-99
-155
1814
2595
837
-1326
-1530
-407
276
-21
-942
-1934
-2569
-2406
-1689
-1208
-1602
-2695
-3567
-3418
-2179
-1196
-1702
-3050
-3462
-2395
-1405
-1455
-1671
-1220
-983
-1651
-1706
-81
1608
1075
-761
-863
1089
2604
2269
1466
1450
1693
1764
2388
3512
3369
1744
882
2187
3734
3136
1472
1118
1926
1977
1114
825
1223
978
-76
-563
-248
-225
-733
-931
-922
-1645
-2581
-2305
-1137
-1192
-2613
-3228
-2523
-2174
-2686
-2212
-814
-1405
-4045
-4284
-336
2409
-488
-4681
-3284
1944
3178
-563
-2377
679
3092
1058
-797
1809
4781
2754
-1043
11
4665
5773
1943
-511
1707
4309
3386
1273
1509
2743
1996
287
507
2078
2089
126
-1342
-893
118
185
-617
-1610
-2315
-2380
-1821
-1392
-1789
-2695
-3225
-3132
-2720
-2174
-1895
-2413
-3384
-3413
-2020
-839
-1350
-2469
-2198
-801
-188
-671
-648
326
786
202
113
1379
2443
1879
900
1421
2884
3180
2142
1680
2560
3291
2726
1861
1976
2631
2614
1893
1392
1443
1527
1273
861
499
242
114
-69
-545
-1124
-1161
-680
-836
-2035
-2866
-2085
-860
-1239
-2815
-3306
-2207
-1413
-1883
-2240
-1722
-1603
-2412
-2294
-429
687
-852
-2635
-1416
1361
1695
-339
-860
1076
2077
688
62
2040
3453
1598
-584
809
3886
3926
1053
-186
1697
3228
2158
710
1146
2014
1235
-93
201
1488
1433
-237
-1447
-975
76
163
-855
-1933
-2147
-1586
-1164
-1493
-2110
-2259
-2069
-2175
-2369
-1933
-1283
-1604
-2606
-2559
-1101
-196
-1089
-2102
-1325
262
431
-572
-576
709
1341
612
308
1436
2352
1669
730
1457
3044
3128
1629
914
2091
3376
2933
1499
1031
1766
2276
1843
1205
1061
1033
574
58
121
496
311
-676
-1615
-1542
-687
-255
-1058
-2410
-2827
-1969
-1101
-1419
-2370
-2610
-2143
-2044
-2372
-1974
-914
-901
-2383
-3096
-1364
836
578
-1533
-2169
-344
1353
1054
124
296
917
833
760
1710
2662
2072
764
816
2274
3143
2475
1481
1291
1589
1793
1960
2049
1570
687
367
918
1386
984
180
-272
-382
-441
-372
-204
-484
-1349
-1974
-1645
-902
-803
-1506
-2208
-2268
-1802
-1282
-1153
-1576
-2147
-2161
-1487
-846
-854
-1169
-1178
-919
-713
-417
154
530
143
-435
-55
1150
1794
1207
480
753
1565
1827
1545
1530
1770
1573
1026
1113
2021
2471
1559
277
272
1446
2050
1169
-107
-348
264
529
116
-253
-288
-546
-1165
-1325
-590
-19
-757
-2146
-2382
-1203
-325
-891
-1952
-2067
-1447
-1170
-1239
-1007
-681
-1031
-1694
-1433
-209
453
-231
-1063
-782
170
590
433
453
612
407
189
729
1667
1757
821
179
719
1675
1910
1373
820
673
819
1131
1422
1301
684
129
176
650
911
643
64
-424
-486
-67
349
138
-638
-1169
-893
-333
-272
-730
-1124
-1172
-1095
-1020
-846
-695
-869
-1247
-1317
-886
-408
-425
-815
-1005
-693
-182
9
-181
-332
-112
242
309
194
336
724
787
417
293
805
1346
1128
509
500
1120
1426
968
460
634
1061
952
464
316
598
710
342
-14
84
320
189
-256
-467
-234
-42
-287
-719
-824
-556
-382
-589
-910
-1004
-896
-737
-613
-600
-791
-1060
-964
-425
-79
-393
-874
-730
-50
286
10
-189
43
255
169
220
683
952
492
-46
261
1095
1309
646
112
406
970
1038
694
482
506
466
324
331
487
460
110
-276
-311
-10
187
-47
-532
-773
-580
-289
-295
-586
-848
-906
-818
-700
-606
-608
-751
-882
-808
-548
-322
-302
-444
-567
-489
-177
112
104
-99
-114
160
407
419
402
521
562
411
394
719
987
755
340
402
841
975
641
391
531
674
518
318
340
376
203
27
62
121
-18
-213
-235
-166
-205
-332
-416
-469
-517
-473
-399
-511
-743
-749
-431
-227
-456
-687
-505
-198
-216
-389
-247
-9
-145
-395
-155
404
460
-67
-310
214
761
585
92
65
461
569
304
252
519
565
193
-30
268
643
510
35
-178
23
241
139
-96
-191
-199
-308
-398
-269
-97
-204
-575
-735
-475
-155
-187
-533
-717
-567
-338
-251
-266
-267
-300
-362
-293
-19
196
119
-101
-144
113
391
436
333
263
329
490
631
691
649
547
492
543
630
659
582
434
334
346
449
496
389
235
167
175
173
119
43
-45
-156
-240
-236
-208
-244
-328
-380
-380
-397
-441
-437
-396
-441
-584
-654
-512
-322
-344
-542
-606
-409
-173
-172
-333
-365
-200
-65
-117
-217
-151
25
60
-44
-55
138
331
294
152
171
370
482
361
212
258
406
409
268
214
344
440
321
125
100
269
361
190
-62
-88
106
206
47
-174
-187
-36
2
-134
-239
-168
-80
-184
-351
-318
-112
-35
-221
-408
-303
-30
68
-96
-254
-193
-27
41
-3
-27
-8
6
14
81
198
264
234
182
193
246
300
348
336
236
137
186
366
447
299
88
69
215
272
170
51
3
-49
-146
-151
-34
-3
-190
-411
-385
-181
-121
-299
-485
-493
-416
-415
-439
-388
-345
-445
-602
-535
-259
-87
