SAMPLES:	6456
BITSPERSAMPLE:	16
CHANNELS:	1
SAMPLERATE:	16000
NORMALIZED:	FALSE
2
38
27
91
47
43
85
127
177
190
254
208
250
276
285
289
277
335
247
392
373
305
381
322
385
321
438
431
279
433
418
383
428
445
444
421
420
447
405
375
431
364
404
392
337
422
320
331
405
343
385
373
376
394
323
375
328
255
311
248
223
266
193
174
216
169
172
126
121
142
11
109
80
-32
57
-36
-4
-32
-43
30
-66
-41
-53
-44
-50
-63
2
-79
-90
-73
-33
-67
-78
13
-35
-12
28
60
25
22
130
16
82
95
31
93
42
141
71
106
172
57
170
138
145
138
115
144
46
111
66
22
41
17
31
9
49
16
24
19
-35
4
-93
-94
-136
-155
-191
-223
-120
-264
-161
-126
-162
-106
-179
-54
-233
-154
-102
-255
-109
-214
-148
-122
-121
-70
-107
-12
-81
-61
-25
-88
-67
-96
-91
-95
-95
-68
-94
-55
-79
-78
-41
-103
-115
-141
-147
-215
-220
-195
-308
-254
-274
-289
-289
-321
-282
-378
-366
-390
-418
-393
-469
-449
-479
-473
-460
-481
-458
-429
-432
-403
-345
-399
-370
-359
-350
-341
-334
-250
-306
-238
-177
-195
-139
-136
-114
-100
-43
-41
-11
34
0
10
29
38
0
64
53
36
103
80
74
99
82
28
84
45
-27
40
-30
-64
-74
-67
-101
-153
-49
-78
-152
-37
-91
-141
-43
-128
-67
-115
-156
-69
-137
-45
-69
44
67
17
170
145
121
159
248
163
235
333
269
326
344
451
376
486
563
413
538
517
520
496
549
563
431
562
506
489
490
488
543
408
474
447
374
365
313
336
221
220
218
168
156
201
216
147
177
166
144
87
109
90
-16
6
-44
-58
-10
-71
64
29
6
145
12
75
117
35
80
36
86
45
-10
126
65
42
134
117
67
106
98
101
83
1
91
-39
15
62
-13
95
-63
105
31
-73
90
-65
-71
-44
-75
-133
-157
-123
-189
-112
-109
-162
-134
-133
-128
-161
-61
-66
-188
-53
-126
-170
-90
-43
-48
-87
133
15
69
186
174
281
212
337
268
255
296
306
345
299
380
330
405
396
427
391
422
381
272
337
238
220
223
235
131
173
140
22
62
31
-4
-117
-49
-112
-222
-151
-183
-290
-228
-220
-397
-334
-298
-410
-394
-360
-411
-538
-515
-462
-546
-519
-432
-596
-512
-553
-554
-470
-511
-397
-520
-428
-442
-526
-405
-433
-377
-410
-369
-422
-485
-312
-373
-342
-354
-287
-360
-369
-212
-321
-243
-258
-257
-289
-242
-247
-271
-142
-218
-183
-127
-195
-50
-123
-39
17
-95
35
-45
33
46
128
133
158
232
190
231
203
351
316
284
466
332
364
416
451
481
436
649
422
500
679
481
549
597
521
586
474
439
548
331
465
411
371
327
257
382
201
299
229
121
77
53
47
-132
37
-110
-96
-165
-191
-159
-273
-196
-291
-289
-382
-425
-459
-425
-498
-452
-398
-639
-355
-500
-570
-395
-463
-405
-594
-375
-549
-570
-429
-513
-402
-479
-405
-502
-374
-357
-435
-168
-385
-403
-307
-488
-334
-348
-298
-291
-339
-176
-324
-267
-146
-163
-45
-111
-67
-44
-114
-30
44
20
8
-9
37
-14
55
230
129
246
247
280
264
345
452
382
448
428
434
473
570
544
676
697
615
808
749
836
940
798
987
777
865
902
774
903
828
788
691
782
812
688
783
966
625
792
745
481
859
461
544
603
400
380
310
470
318
326
350
243
100
123
81
53
111
-94
32
-186
-145
33
-156
74
-18
-55
2
-247
8
-48
-162
96
-232
-190
-117
-288
-258
-151
-83
-369
-225
-128
-310
-203
-26
-113
-192
-115
-390
-163
-314
-306
-169
-296
-245
-422
-137
-327
-330
-191
-372
-404
-465
-497
-351
-635
-569
-508
-760
-485
-639
-510
-517
-535
-416
-520
-439
-557
-317
-548
-519
-405
-601
-567
-684
-308
-574
-527
-401
-527
-257
-549
-191
-225
-362
-269
-317
-326
-338
-173
-344
-44
-191
-198
9
-90
67
33
137
6
-47
151
-16
-81
152
-3
-310
122
-113
-70
183
83
347
-35
257
136
-111
304
42
61
176
-235
8
150
-119
80
194
-51
-205
95
62
-43
125
-40
-96
-2
-41
-101
-40
77
-182
-83
52
-164
-9
152
-96
-59
152
-293
-269
34
-137
-299
-224
-79
-445
-285
-20
-225
-110
-1
-245
-92
-257
-307
-158
-175
-68
-314
-94
-232
-415
49
-42
-63
-257
-149
-252
-405
-13
-197
-121
-331
-90
-95
-265
230
93
181
115
218
117
-95
132
153
198
92
4
345
-29
-183
243
169
137
89
405
133
-228
318
-30
-19
403
101
228
5
43
242
156
277
257
149
319
127
175
607
240
182
194
467
-46
-175
421
210
33
118
580
38
321
559
552
659
372
384
529
447
153
217
111
24
65
358
240
-73
186
200
114
168
-43
50
32
-96
59
317
-39
-273
180
-33
-71
436
171
178
325
56
205
5
505
320
155
245
-424
112
-74
179
430
524
283
160
601
349
831
874
903
743
380
302
355
339
363
579
208
194
-207
201
398
126
726
44
261
-37
-41
285
101
-285
-311
276
-193
-34
71
422
-87
-203
434
-260
-46
-58
-155
-289
-276
-275
-539
28
-566
-250
-329
-480
1
-121
305
115
65
-78
53
196
28
126
212
-135
-58
-148
-507
-148
-244
-64
-335
-147
-156
-486
-50
-299
-318
-572
-675
-292
-618
-666
-487
-766
-1054
-352
-485
-538
-532
-599
-523
-709
-331
-1002
-974
-825
-1018
-691
-757
-1164
-1108
-821
-587
-346
-371
-210
-805
-581
-180
-125
-53
56
131
-142
73
-215
185
305
244
277
245
15
-147
112
753
257
114
480
-352
203
-78
67
43
-364
78
-215
51
34
276
386
158
398
323
-10
-323
19
176
40
220
92
106
465
271
689
901
440
700
828
969
866
1006
1607
1259
1271
1547
1465
1327
1457
1728
1458
939
1181
1060
934
1193
1078
941
580
720
790
937
835
757
635
699
650
224
503
183
238
262
237
287
-392
-307
-260
-504
-637
141
-231
-810
-485
-155
-58
-221
1010
258
-60
519
-9
428
71
-73
684
373
128
339
124
44
-166
1099
795
-518
-38
-846
-657
-121
198
737
-590
-964
-79
-129
-282
147
389
-232
-835
-657
287
-463
-165
108
-1017
-421
-952
-820
-781
-807
-853
-1146
-1185
-1229
-953
-717
-687
-1432
-357
-699
-1051
116
-12
225
-290
167
212
-501
514
348
132
-262
726
473
135
116
73
384
-671
163
-671
-385
-636
-1071
-167
-1198
-789
-1231
-1619
-1895
-2027
-2034
-2221
-2496
-3564
-3112
-3729
-3594
-3303
-3974
-4130
-4988
-4350
-5011
-4873
-3926
-4431
-3766
-3539
-3676
-3345
-2653
-2552
-2067
-2070
-2021
-1660
-1584
-815
-1141
-232
132
-233
147
165
578
796
1161
1154
744
401
636
-194
-243
387
-141
-7
-917
-590
-1597
-1886
-939
-1591
-1626
-2605
-2185
-2616
-2977
-2133
-2080
-1455
-1002
-1073
-210
207
328
1267
1286
1732
2375
3093
3865
4347
4902
5868
6391
7266
8121
7973
8777
8955
9035
9382
9723
10103
9725
9906
9840
9789
9257
9598
9538
8401
8529
7997
7545
6735
7087
7007
5688
5610
5038
4656
4305
3396
3424
2840
1372
734
1091
876
-151
-104
-513
-874
-774
-1150
-1194
-1237
-1804
-2446
-2816
-2607
-2688
-2628
-2805
-3067
-2406
-2514
-2263
-1871
-1726
-1023
-817
-1444
-804
-594
-1727
-1339
-1232
-1116
-1481
-2458
-2335
-3413
-2793
-1973
-3009
-2413
-2411
-2183
-1615
-1600
-1571
-1365
-1753
-1689
-2133
-2445
-1812
-2825
-2115
-2877
-3641
-2367
-3102
-3126
-2863
-3265
-3370
-3609
-3387
-3097
-3020
-2914
-3222
-3054
-3013
-2887
-1923
-3017
-3399
-3055
-3788
-3729
-3174
-1864
-2524
-2448
-1788
-2516
-1708
-1525
-1673
-2035
-2545
-2138
-2252
-2216
-1341
-1625
-1530
-1298
-1383
-521
-810
-501
-605
-1375
-1170
-1243
-820
-435
-290
-422
-369
-379
-197
-358
428
984
-43
756
707
328
120
-118
-295
-86
604
-92
-392
-357
-459
-354
5
-141
-154
381
197
-222
443
686
181
384
119
-312
-63
680
521
351
514
272
744
1032
1399
1526
1345
887
1062
1290
1098
1603
999
1132
614
852
956
388
1202
1217
1053
757
336
655
338
2
350
-156
159
253
247
502
295
595
1250
1081
538
244
109
727
503
1062
1170
483
343
175
583
524
306
253
-61
-109
584
328
628
861
751
892
747
542
697
493
561
949
529
822
259
119
365
354
1047
36
527
758
131
1034
728
1038
807
164
-115
-406
149
-299
-120
-133
-318
-69
-66
74
207
356
-318
5
181
152
786
880
1194
582
895
1111
485
275
-34
99
609
545
245
-448
-753
-279
-701
-342
14
-79
-803
-1116
-388
-787
-742
-519
163
192
35
259
-710
-323
-152
6
152
-473
-216
-774
-563
231
145
282
37
60
148
-19
42
98
-257
-413
-294
164
-57
-424
-453
-815
-942
-1514
-1208
-1383
-1084
-768
-562
-542
-734
-536
-1374
-1200
-1210
-1038
-1413
-1585
-1699
-2169
-1281
-1184
-1085
-611
-914
-919
-880
-199
-82
-470
-72
-764
-338
268
297
762
716
953
1076
1195
1256
1147
1298
692
277
778
990
1189
1582
1893
1716
1632
2367
2124
1385
1886
1240
769
1177
928
1239
1239
1868
1596
1419
1951
1509
1489
1792
1762
1698
1722
1550
1473
1469
1418
1158
1191
1402
838
813
754
198
288
303
245
-105
-107
68
115
141
4
-217
-602
-885
-805
-655
-564
-374
-364
-394
-360
-43
-44
-344
-84
-313
-436
-387
-254
48
-321
-260
-382
-614
-299
-631
-983
-1173
-843
-542
-839
-720
-660
-690
-442
-140
-99
-388
-738
-935
-1367
-1447
-1467
-1802
-1785
-1445
-1309
-925
-569
-491
-285
-444
-475
-284
-5
-10
-28
-182
-227
-258
149
464
183
529
222
16
4
-74
103
-15
119
89
-293
-206
-78
-2
86
75
214
-44
-214
-268
-749
-883
-976
-1126
-1233
-1274
-1062
-1006
-971
-704
-483
-376
-457
-259
-128
-127
203
27
-145
-304
-513
-240
-289
255
533
503
895
1148
1501
1605
1426
1227
960
773
958
1207
1466
1411
1370
1255
910
981
1034
1331
1273
1280
1412
1210
1209
1202
1195
888
889
913
688
716
592
260
38
-209
-116
-116
-165
-293
-360
-200
-360
-501
-477
-548
-1042
-1165
-1342
-1422
-1291
-1212
-1013
-1137
-976
-957
-1193
-1224
-1453
-1454
-1702
-1940
-2011
-2236
-2216
-2328
-2207
-2072
-2122
-2022
-2097
-2447
-2655
-2987
-3341
-3709
-3722
-3734
-3703
-3189
-2501
-1573
-907
119
1260
2522
3917
4666
4954
4536
4313
3991
3213
2338
1207
235
-490
-743
-887
-861
-471
94
903
1890
2731
3323
3787
4116
4330
4253
3827
3179
2005
826
-52
-697
-918
-1069
-983
-619
-196
487
1058
1553
1978
2107
2112
1812
1392
694
31
-259
-462
-640
-795
-1080
-1151
-1131
-1116
-1031
-964
-886
-939
-1189
-1409
-1533
-1779
-1857
-2211
-2420
-2414
-2524
-2731
-3284
-3871
-4459
-5394
-6150
-6839
-7739
-8251
-8550
-7119
-5643
-4240
-2322
-1443
1253
4166
7211
8859
8296
8673
8116
8628
8324
5591
3407
989
-174
-968
-2110
-2202
-2450
-1667
-473
679
2932
4721
6147
6294
5658
6253
5710
4542
2465
-415
-2173
-3505
-4115
-4609
-4858
-4204
-3343
-2064
-388
1422
2982
3610
4155
4442
4564
4673
3965
3014
2227
1574
925
434
-276
-975
-1460
-1910
-1897
-1476
-988
-533
25
555
1645
2680
3108
3333
3186
2983
2627
1934
937
-225
-1405
-2601
-3841
-5169
-6422
-7158
-7632
-7896
-7737
-7547
-7195
-6722
-6544
-6526
-6795
-7378
-8332
-9262
-10376
-9221
-7615
-6744
-4720
-4590
-1774
3028
7808
11749
11532
12436
13122
14461
15883
11928
7704
3676
1343
356
-2526
-3981
-5092
-5104
-3672
-2943
-217
3093
5302
6490
5564
6979
8872
8999
7316
2957
-150
-1825
-3094
-4552
-6715
-7552
-7301
-6260
-3851
-1216
1757
3926
5223
6422
7108
8359
8538
7014
5281
3214
1836
575
-700
-1901
-3313
-3560
-2977
-1700
-686
-373
259
841
1831
2732
2356
1575
675
496
847
785
390
-624
-1270
-1606
-2068
-2735
-4038
-5315
-6353
-7233
-7711
-8315
-8982
-9318
-9377
-8774
-7976
-7360
-6981
-6986
-6881
-6900
-7318
-7773
-8876
-8077
-6333
-5578
-3729
-3342
-687
4470
8910
12875
13170
14134
15581
16419
17456
13620
9068
5470
2334
804
-2279
-4491
-5585
-6279
-4940
-3795
-999
2617
4601
5944
5835
7405
9252
8537
6404
2843
220
-959
-2669
-4424
-6124
-7062
-6569
-5534
-3324
-769
1669
3413
4423
5993
7398
8530
8298
6382
4581
2825
1575
652
-642
-2068
-3260
-3301
-2103
-143
1372
1682
1931
2719
3796
4360
3361
1876
776
331
203
-584
-1642
-2610
-2801
-2447
-2093
-1866
-2433
-3286
-4202
-4963
-5259
-6229
-7919
-9253
-9954
-9837
-9419
-9632
-9730
-9117
-7990
-6964
-6646
-6831
-7299
-7563
-6584
-4871
-4045
-2912
-2224
-264
4539
8854
12407
13020
13463
14974
15676
16853
14000
9517
6265
3320
1833
-702
-3022
-4164
-5126
-4510
-3439
-1219
1981
3488
4335
4341
5635
8052
7489
5747
3020
659
47
-1148
-2440
-3773
-4721
-4498
-3915
-2387
-234
1405
2464
2946
4040
5373
6203
6318
4413
2421
1094
144
-448
-1761
-3225
-4566
-4347
-2909
-1545
-519
-320
339
1039
1813
2392
1685
834
-182
-746
-782
-1320
-2133
-3361
-3767
-2852
-2047
-1836
-2473
-3336
-3801
-4080
-4359
-5585
-7250
-8454
-9191
-9256
-9050
-9152
-8942
-7952
-7242
-6402
-5669
-5439
-5160
-5359
-5541
-3837
-2193
-1350
-175
-80
2808
7621
11471
13876
13466
14383
15925
17437
17990
14049
10090
7163
5106
3841
907
-1288
-3016
-3924
-3131
-2401
-283
1735
2453
2905
2806
4735
6239
5460
3682
911
-92
-210
-991
-2311
-4177
-4995
-4811
-4047
-2380
-961
-73
341
876
2379
3511
3886
2879
831
-144
-610
-954
-1680
-3122
-4267
-4707
-4052
-2773
-1590
-856
-380
266
1068
1888
1949
1002
17
-524
-566
-610
-1462
-2882
-3914
-3853
-3352
-3452
-4199
-5094
-5411
-5247
-5071
-5201
-5995
-6764
-6972
-6636
-6069
-5659
-5461
-5114
-4352
-3478
-2711
-2142
-1842
-2036
-2606
-3705
-4017
-2270
-1488
-1191
-606
-230
3715
8649
12409
14011
13834
15482
16888
18581
18064
13565
9905
6894
4866
2863
-812
-3644
-5841
-6666
-6500
-5992
-3578
-1654
-666
-302
507
3947
5651
4491
2293
8
2
-92
-1830
-4109
-5876
-6198
-6081
-5784
-4506
-2858
-1460
-598
679
2801
4677
5409
3840
2134
1667
1325
524
-1312
-3127
-4384
-4691
-4021
-3116
-2290
-1732
-882
494
2317
4075
4583
4144
3873
4123
4429
3800
2223
484
-330
-297
-835
-1778
-2760
-3394
-3411
-3410
-3199
-3359
-3849
-4230
-4319
-3658
-3044
-3114
-3548
-3655
-2700
-1668
-1622
-1714
-2404
-2642
-3288
-4476
-6037
-7055
-4923
-4220
-3200
-2068
-1632
3162
7822
11973
14126
14227
16691
17390
18504
17200
11766
8080
4321
1500
-1460
-6003
-8280
-9951
-10018
-8948
-7868
-4386
-2215
-428
1147
2879
6973
7989
6295
4315
2065
1819
747
-1995
-4285
-6149
-6437
-6386
-5864
-3895
-2305
-1076
-212
1551
4436
6201
6545
4886
3444
3081
1990
125
-2743
-5135
-6240
-6723
-6578
-5901
-4721
-3467
-2060
61
2357
4365
5247
5255
5295
5228
4951
3382
1279
-559
-2133
-3063
-4163
-5049
-5779
-6436
-6376
-5893
-4916
-3833
-3292
-2673
-1584
-286
687
629
171
168
198
295
-377
-1910
-3004
-4215
-5393
-6093
-7607
-8960
-10693
-10019
-6506
-4936
-2484
-1517
420
6995
11785
15287
15048
14164
15823
15555
16122
12544
6251
2630
-999
-2869
-5343
-8295
-9084
-9946
-8762
-6976
-4494
-341
1216
2349
3000
4794
8199
7174
4292
1392
-943
-968
-2311
-4719
-6497
-7564
-6852
-5808
-3658
-599
1369
2584
3582
5774
7932
8329
7043
4277
2482
1579
78
-2159
-4832
-6617
-7469
-6871
-5400
-4021
-3073
-2209
-345
1883
4266
5750
5654
5314
4889
4531
3910
2605
927
-1407
-3006
-3491
-3795
-3863
-4621
-5072
-4066
-2358
-737
-558
-817
-168
971
1882
1515
676
-60
-108
211
-793
-1971
-3017
-3990
-4380
-4670
-5205
-5673
-6740
-7502
-8157
-7282
-4026
-3297
-2347
-1350
-199
5145
9379
12112
12669
12029
13610
13958
15005
12615
6372
2247
-1108
-2556
-4406
-8080
-9856
-10754
-9810
-7719
-5705
-2123
-320
559
1499
3607
7769
8118
5481
3044
1748
2643
2087
-304
-2092
-2909
-2345
-1901
-809
1487
2696
2727
2397
3878
6482
7026
5296
2426
1326
1749
803
-1327
-3706
-5031
-5612
-5870
-5620
-4986
-3872
-3128
-1848
502
3412
5531
5623
5442
6061
6959
7242
5728
3585
1778
389
-644
-2518
-4187
-5325
-6034
-5628
-4742
-3398
-2552
-2442
-1405
179
1527
1721
571
208
558
635
132
-1206
-1784
-1927
-2650
-3233
-3757
-4172
-4622
-5734
-6544
-6931
-7256
-8831
-8351
-5722
-5005
-3252
-3136
-1749
3894
7747
10125
9820
9657
11418
11727
12197
8506
3602
1049
-1718
-2861
-5448
-8392
-9387
-10408
-9208
-7442
-5192
-1602
8
1815
3700
6497
9792
9223
7884
6763
5885
6041
4328
1852
-128
-1710
-2214
-2573
-1833
-702
-796
-898
-77
2525
4730
4682
3440
2043
2219
2347
596
-1650
-3475
-4654
-5854
-6417
-6006
-5580
-5355
-5094
-3347
-362
2112
3070
3134
4244
6050
7108
6630
5261
4428
3479
2401
1264
-258
-1548
-3327
-4891
-5106
-4835
-4589
-5493
-6278
-4709
-2392
-724
-281
-261
1087
2407
2814
2512
1639
970
136
-760
-1478
-2127
-3802
-6123
-6983
-6962
-7109
-7665
-9675
-10283
-10443
-10036
-6525
-5932
-4581
-2645
-2116
3265
7752
11082
12150
10852
12873
13653
15263
13468
6551
3141
801
-69
-1671
-5941
-6868
-7166
-5881
-3384
-1885
2478
4719
5437
6875
8486
12161
11478
7340
4770
2805
2697
768
-3164
-5255
-6420
-6080
-5964
-5018
-2139
-731
-323
581
3422
6706
6840
4676
2290
1886
2140
115
-3303
-6205
-7241
-7905
-8614
-8014
-6853
-5392
-4262
-2705
550
3974
6249
5926
5178
6344
7577
7470
4812
1743
238
-513
-1048
-2725
-4070
-3973
-3621
-2488
-1587
-936
-289
-490
494
2004
2686
2823
1853
1315
1696
1545
892
-229
-1187
-1520
-1975
-2390
-2933
-3476
-4042
-4303
-4148
-4162
-4580
-5426
-6373
-6609
-7083
-8267
-9490
-10622
-8008
-6293
-6165
-4275
-3310
1448
6709
9711
12448
13133
15417
16369
16477
16256
11417
7485
4228
1487
33
-4074
-6665
-7766
-7823
-5359
-4135
-1364
1456
2673
4552
5762
8433
9435
6782
4659
2394
1010
-684
-4109
-6371
-7729
-7838
-7277
-6509
-3955
-1841
-947
233
2227
5017
5719
4512
2907
1698
1074
-891
-3546
-5642
-6830
-7662
-8185
-7299
-5722
-4312
-3243
-1430
1465
3627
5019
5411
5478
6050
5666
4807
3628
2501
1728
214
-121
-274
-562
-269
-917
-326
670
1242
1656
643
859
1503
796
219
-943
-1562
-1671
-2295
-2469
-2742
-2831
-2774
-2929
-2084
-1274
-1423
-1902
-2153
-1345
-883
-1965
-3043
-3948
-3858
-3739
-4984
-6077
-6515
-6913
-6860
-4385
-2620
-905
760
1448
6173
11196
14647
15944
14707
15576
15757
15305
12947
7138
2903
-961
-3868
-6035
-9314
-10587
-11524
-11114
-8624
-6149
-2387
-360
543
1986
3518
6180
5858
3365
1442
-747
-1765
-3553
-5857
-7028
-8158
-8132
-7542
-5922
-3175
-1769
-1128
-111
2154
4467
4482
3163
1429
643
279
-1404
-3092
-4505
-5104
-5212
-5133
-3796
-2189
-568
932
2755
5489
7659
8896
9063
8696
8955
8703
7696
6272
4374
3010
1792
729
-224
-1438
-1959
-2205
-1814
-869
-941
-1378
-1876
-1804
-930
-1021
-1678
-2122
-1963
-1375
-1126
-1458
-1902
-1962
-1925
-1891
-1575
-1446
-1733
-1645
-1263
-460
249
285
517
980
1239
757
-252
-1214
-1929
-3230
-4942
-6918
-6359
-4433
-4641
-3684
-3009
-437
4472
7165
9033
9490
10081
11185
10523
10196
6843
1788
-1550
-4589
-5531
-7724
-10441
-10885
-10600
-7730
-5206
-3182
36
1542
2909
4040
5235
6400
3999
965
-1058
-2601
-3284
-5481
-7417
-7930
-7705
-6327
-4942
-2454
519
2005
3090
4483
6622
7571
6169
4119
2529
2217
1375
-588
-2097
-2719
-2583
-2427
-1529
691
2646
3618
4685
6368
8149
9033
8472
6922
5694
4960
3749
2064
370
-1007
-1672
-1608
-1304
-1079
-995
-570
414
1220
1693
1484
497
-23
-293
-1068
-2044
-2924
-3345
-3160
-2883
-2457
-1851
-1124
-66
819
1646
2538
3098
3046
2542
2180
1580
464
-844
-2082
-3007
-3444
-3949
-4919
-5973
-7000
-7682
-8013
-8467
-8489
-9240
-8750
-6538
-5659
-4150
-3641
-2986
-278
1947
4064
4118
3937
5026
5307
6179
4647
1962
637
-481
-267
-1411
-2420
-1804
-1519
-247
614
1922
4005
4540
4436
3774
4097
4827
3135
910
-726
-1486
-1673
-2764
-3408
-3253
-2676
-1620
-619
1313
3640
4714
4850
5184
6455
7132
6234
4510
2915
2438
1932
761
-551
-1407
-1208
-730
-123
549
1305
2387
3269
3883
4202
4242
3889
2797
1769
1099
583
-17
-888
-1355
-1352
-867
-436
-239
207
531
902
1050
871
535
-493
-1635
-2466
-3481
-4572
-5699
-6423
-6153
-5454
-4794
-4174
-3242
-1898
-536
607
1287
1644
1712
1210
927
722
-85
-1347
-2797
-4106
-4542
-4988
-6060
-6604
-6790
-6296
-5813
-5923
-5390
-5115
-5066
-5423
-5994
-4788
-3386
-2394
-1897
-1469
544
3258
5633
7083
7639
8569
9219
9534
9308
7568
5486
3234
1396
133
-1525
-3022
-4166
-4394
-3740
-2851
-1524
-427
530
1590
2545
3651
4000
3539
2985
2425
2154
1910
1694
1608
1654
2087
2776
3692
4435
4786
4874
5027
5342
4800
3546
2214
1016
58
-1377
-2642
-3255
-3762
-4066
-4362
-3958
-2758
-1921
-1541
-913
244
1460
1883
1628
1424
1696
1792
1234
566
119
126
-177
-648
-802
-1018
-1308
-1918
-2330
-2248
-2468
-3143
-4030
-4509
-4376
-4387
-4832
-5086
-4410
-3099
-1959
-890
360
1901
3411
4152
4536
4934
4918
4627
3784
2715
2096
1058
-269
-1396
-1982
-1861
-1954
-2178
-2247
-2023
-1488
-1759
-2129
-2270
-2783
-3206
-4097
-4838
-5173
-5552
-6310
-6377
-5234
-3812
-1990
-1109
359
2769
5239
7817
8985
9869
10165
10020
9909
8628
6937
4346
1483
-413
-2095
-3398
-4795
-5986
-6121
-5623
-4108
-2403
-773
874
1950
3147
3997
4165
3724
2446
1278
407
-580
-1236
-1976
-2681
-2753
-2428
-1531
-553
360
1191
1850
2658
3099
2944
2294
1155
-34
-1285
-2439
-3358
-4341
-4940
-4874
-4429
-3615
-2508
-1339
-8
1081
1900
2722
3332
3868
3853
3235
2581
1815
1140
547
-27
-279
-464
-450
-103
159
701
1038
925
1069
1293
1654
1775
1461
1205
855
563
161
-239
-295
-386
-584
-1001
-1100
-874
-961
-1132
-1230
-924
-204
235
377
619
903
1208
1246
814
677
410
-422
-1071
-1898
-2782
-3202
-3702
-3764
-3180
-2585
-2214
-2089
-1729
-1639
-1609
-1645
-2019
-1701
-1813
-1958
-1847
-2131
-1667
-1359
-769
82
687
1666
2144
2807
3163
2893
2822
2224
1846
1420
697
374
-167
-611
-763
-735
-288
-19
58
323
885
1448
1485
1382
1378
1514
1674
1404
1134
1138
1223
1306
1211
1144
1236
1239
850
229
-429
-1121
-1903
-2806
-3349
-3470
-3496
-3267
-2931
-2408
-1428
-519
339
1339
2149
2832
3102
3146
3038
2475
1717
740
141
-211
-637
-820
-997
-555
193
771
1543
2025
2260
2311
1955
1612
1077
140
-868
-1786
-2363
-2671
-2940
-3046
-2699
-1911
-960
-83
864
1725
2317
2684
2709
2702
2469
1792
1030
449
211
-104
-772
-1376
-1587
-1452
-1185
-947
-849
-713
-494
-418
-379
-265
-231
-485
-720
-1147
-1362
-1447
-2229
-2873
-3390
-3678
-3937
-4268
-4545
-4799
-5033
-5651
-5438
-4750
-3817
-2521
-1293
521
2564
4764
6426
7480
8478
8736
8765
8088
6651
5132
2966
1199
-135
-1339
-1926
-2415
-2392
-1901
-1029
86
816
1540
2020
2271
2272
1559
668
-411
-1721
-2560
-3146
-3550
-3476
-3171
-2407
-1164
262
1467
2222
2805
3174
3197
2782
1980
1204
401
-401
-1026
-1436
-1228
-803
-486
-134
458
1348
1874
1974
1807
1541
1295
827
245
-437
-952
-1193
-1333
-1223
-842
-381
-11
407
941
1540
1836
1760
1508
1149
842
342
-169
-555
-796
-701
-450
-107
280
701
1107
1508
1844
1986
1829
1367
827
302
-118
-569
-1056
-1425
-1616
-1503
-1363
-1222
-1165
-1167
-974
-909
-963
-957
-1028
-1035
-983
-1344
-1606
-1657
-1637
-1555
-1667
-1567
-1367
-905
-871
-977
-846
-1247
-1575
-2081
-2502
-2940
-3656
-4337
-5159
-5351
-5285
-5328
-5004
-4381
-3353
-2149
-1100
241
1884
3275
4301
4847
5234
5657
5645
5276
4399
3321
2557
1787
1318
944
743
802
922
1349
1593
1731
1762
1436
954
421
97
-243
-704
-1094
-1479
-1510
-1251
-1078
-1024
-1116
-1113
-1142
-1257
-1356
-1391
-1414
-1587
-1570
-1478
-1349
-1004
-720
-318
237
759
1230
1583
1915
2122
1989
1713
1552
1421
1079
648
418
552
953
1360
1740
2243
2871
3368
3634
3669
3653
3547
3168
2540
1718
1037
451
-84
-414
-659
-812
-916
-1016
-1013
-1013
-1018
-968
-1073
-1216
-1384
-1463
-1376
-1324
-1198
-994
-710
-389
-170
-69
9
27
-98
-507
-1059
-1551
-2022
-2353
-2579
-2647
-2677
-2641
-2481
-2418
-2177
-1864
-1720
-1658
-1829
-1812
-1656
-1823
-2080
-2535
-2605
-2287
-2095
-1653
-1443
-1041
-507
-380
-135
-134
-210
-402
-766
-838
-810
-672
-519
-355
228
1249
2069
2476
2854
3093
3121
2839
2180
1436
564
-338
-1290
-2017
-2123
-2013
-1872
-1724
-1162
-375
104
512
737
982
1102
805
423
205
121
-16
-297
-395
-142
61
194
350
686
1192
1395
1294
1227
1288
1378
1392
1539
1828
2143
2390
2503
2761
3074
3315
3433
3497
3745
3858
3635
3233
2794
2582
2352
2007
1918
1909
2111
2192
2039
2132
2140
2082
1894
1518
1425
1294
985
732
714
1007
1236
1299
1426
1587
1751
1649
1312
1111
906
448
-349
-1093
-1613
-1989
-2334
-2635
-2644
-2521
-2413
-2149
-1647
-1077
-730
-669
-810
-1004
-1211
-1600
-2067
-2443
-2611
-2661
-2703
-2529
-2208
-1827
-1440
-1068
-588
-302
-463
-715
-975
-1319
-1554
-1912
-2313
-2564
-2516
-2351
-2369
-2107
-1742
-1595
-1450
-1196
-1093
-999
-895
-1038
-1132
-1159
-1314
-1631
-1709
-1464
-1258
-969
-596
-196
249
573
792
1011
1229
1244
1032
844
622
361
203
141
217
391
610
899
1361
1710
2001
2182
2211
2455
2862
3141
3244
3179
2997
2803
2561
2406
2127
1757
1470
1037
699
467
299
237
179
293
562
857
1127
1201
920
513
53
-345
-614
-883
-1077
-1123
-927
-552
-261
-145
-173
-234
-268
-429
-580
-644
-869
-1253
-1569
-1586
-1362
-1163
-1137
-1167
-1175
-1146
-1148
-1171
-1200
-1181
-1003
-759
-438
-144
-28
-56
-145
-149
-51
36
62
48
124
197
121
12
-18
-13
-199
-489
-706
-867
-1008
-1196
-1263
-1134
-973
-897
-857
-693
-465
-386
-559
-787
-892
-869
-729
-581
-349
18
278
403
577
905
1306
1555
1612
1602
1549
1374
1051
597
354
338
228
159
142
136
-31
-294
-402
-335
-57
95
-10
-42
20
76
9
-209
-328
-285
-201
-170
-163
-145
-249
-469
-581
-425
-193
-188
-287
-261
-65
175
222
241
186
70
54
-106
-232
-357
-697
-1115
-1509
-1755
-1952
-2182
-2302
-2219
-1939
-1546
-1123
-713
-189
303
505
486
380
256
1
-282
-371
-301
-176
-57
36
189
541
891
1211
1559
1763
1877
1837
1806
1754
1440
1110
728
339
64
-248
-412
-396
-221
0
240
545
751
890
958
1007
1203
1448
1563
1532
1426
1403
1402
1302
1133
837
457
79
-248
-333
-307
-391
-455
-491
-388
-113
104
154
83
-35
-276
-440
-470
-404
-244
-219
-273
-238
-259
-319
-389
-346
-178
-200
-211
-165
6
365
500
500
585
741
829
667
464
433
483
518
371
267
219
85
-87
-315
-374
-324
-359
-475
-536
-454
-348
-322
-366
-424
-442
-525
-732
-943
-1135
-1308
-1458
-1487
-1328
-1142
-1021
-854
-634
-378
-155
-43
-32
-125
-217
-266
-309
-317
-294
-353
-365
-255
-63
117
200
324
442
533
509
450
435
425
455
429
373
240
51
-24
36
187
489
682
605
468
552
831
1117
1217
1041
746
361
-4
-291
-458
-510
-661
-824
-716
-566
-266
181
587
770
651
357
-191
-376
-454
-763
-1025
-1078
-976
-771
-382
-108
260
732
1039
1102
1104
1194
1036
988
1199
1263
1187
1109
1108
1005
1138
1175
735
449
344
427
402
435
830
1243
1669
1974
2098
2218
2390
2372
2010
1637
1335
727
261
197
86
189
450
374
378
756
1051
973
868
873
516
108
-47
-281
-414
-462
-677
-902
-899
-858
-1205
-1587
-1705
-1785
-1855
-1935
-2101
-2237
-2200
-2149
-2151
-1997
-1692
-1483
-1394
-1165
-839
-630
-518
-423
-326
-325
-497
-702
-825
-856
-973
-1372
-1714
-1819
-1785
-1683
-1719
-1687
-1437
-1237
-1232
-1329
-1382
-1427
-1521
-1440
-1273
-1174
-1090
-1092
-1036
-943
-866
-783
-627
-238
91
262
324
415
658
869
875
679
690
720
532
345
94
-186
-293
-255
-316
-364
-245
-193
-170
-2
182
218
248
437
750
968
1029
1076
1189
1522
1795
1893
1961
2042
2198
2194
2171
2138
2037
1928
1557
1243
1065
693
394
374
473
415
330
166
-46
115
166
-26
-13
-42
-130
-175
-240
-336
-526
-492
-469
-394
5
115
136
254
214
291
288
86
-164
-319
-292
-450
-738
-888
-949
-895
-655
-532
-460
-373
-295
-55
89
185
317
346
344
455
498
316
150
114
-7
-302
-501
-646
-650
-351
-76
121
326
383
416
482
449
264
-50
-309
-564
-778
-989
-1224
-1156
-866
-630
-429
-279
-31
275
545
690
553
537
400
146
-19
-276
-397
-534
-516
-558
-563
-407
-514
-466
-395
-415
-285
-70
149
453
638
587
505
480
548
457
529
370
144
282
232
125
91
95
166
352
395
298
205
107
-4
-89
-147
-397
-520
-567
-726
-765
-737
-711
-639
-450
-389
-396
-251
-20
91
122
206
282
461
623
722
874
946
920
914
865
811
681
484
289
146
240
249
227
317
332
372
399
452
567
656
719
754
784
829
848
834
765
668
583
452
278
112
-11
-74
-118
-67
46
133
280
436
572
634
579
439
289
158
5
-225
-451
-532
-593
-663
-664
-537
-341
-192
-73
42
136
201
213
210
247
270
196
71
10
-40
-115
-302
-461
-551
-647
-688
-743
-693
-577
-522
-519
-484
-405
-367
-305
-264
-276
-343
-451
-650
-887
-1033
-1197
-1335
-1389
-1414
-1378
-1285
-1216
-1082
-960
-962
-995
-1038
-995
-982
-958
-901
-896
-811
-738
-699
-656
-603
-519
-471
-415
-285
-114
45
201
318
406
433
419
420
416
385
296
181
79
20
-15
-79
-61
44
140
226
223
201
184
138
120
161
313
417
446
494
473
450
437
404
366
326
333
317
307
350
362
318
247
235
270
265
280
323
375
432
423
438
461
550
694
753
828
893
985
976
941
997
960
884
805
670
536
494
466
474
488
477
449
389
356
253
161
-14
-204
-257
-372
-522
-539
-499
-455
-355
-354
-406
-410
-386
-367
-352
-359
-371
-326
-351
-431
-451
-449
-498
-436
-322
-389
-350
-254
-328
-351
-346
-473
-561
-544
-559
-648
-685
-726
-809
-745
-717
-745
-699
-616
-524
-411
-268
-215
-186
-107
-81
-83
-77
-72
-134
-257
-295
-384
-581
-608
-522
-491
-394
-237
-207
-154
18
122
88
125
200
170
203
161
47
-3
-79
-116
-155
-177
-196
-233
-153
-46
24
84
113
208
355
474
593
618
672
785
737
644
541
439
354
333
337
309
365
366
385
442
452
443
451
488
515
578
556
494
488
491
403
302
213
73
24
-10
-80
-101
-123
-169
-152
-81
16
89
187
261
291
380
360
353
355
328
296
223
105
4
-28
-117
-177
-228
-251
-276
-247
-182
-190
-144
-133
-185
-209
-192
-206
-161
-140
-112
-109
-250
-290
-395
-422
-415
-404
-344
-364
-233
-198
-201
-118
-19
46
131
241
269
341
380
409
418
429
427
390
337
211
125
6
-134
-216
-258
-330
-313
-215
-152
-38
53
143
194
303
345
339
384
313
315
264
179
106
72
75
75
164
254
392
498
593
652
645
636
576
495
395
286
170
-17
-141
-169
-315
-327
-273
-247
-124
-21
106
136
246
321
266
293
257
183
149
139
62
58
106
91
152
251
333
398
468
533
505
477
414
240
103
-72
-272
-419
-559
-643
-704
-742
-769
-743
-674
-616
-508
-407
-318
-287
-271
-281
-352
-372
-451
-481
-484
-473
-382
-341
-256
-134
-32
57
138
200
200
185
149
47
-71
-193
-323
-424
-523
-577
-578
-555
-537
-464
-390
-388
-294
-208
-187
-157
-123
-150
-202
-160
-176
-185
-107
-22
45
147
267
325
422
497
512
540
520
473
410
315
238
130
65
5
-53
-32
-5
69
115
156
210
185
181
159
107
73
47
13
-33
-37
-35
-23
60
153
274
419
556
683
770
815
789
724
634
515
390
285
205
139
102
78
85
97
129
211
257
309
343
312
272
190
84
-67
-205
-299
-418
-474
-492
-476
-445
-392
-294
-221
-126
-19
64
122
141
161
125
60
30
-44
-91
-142
-196
-200
-232
-228
-244
-280
-313
-356
-363
-396
-413
-421
-462
-520
-551
-580
-610
-598
-562
-511
-456
-394
-345
-329
-322
-314
-314
-285
-242
-196
-149
-109
-59
-31
4
38
72
104
128
134
118
101
54
-12
-91
-178
-247
-312
-349
-351
-338
-299
-270
-241
-197
-139
-81
-46
10
50
66
81
74
61
54
49
47
74
131
184
241
311
356
375
397
405
402
413
411
372
334
299
253
208
195
175
154
158
168
179
194
231
212
166
132
106
83
84
100
95
90
101
106
82
88
73
52
56
56
86
113
146
158
152
137
127
129
134
159
163
157
123
91
50
-13
-70
-138
-194
-238
-268
-281
-276
-279
-290
-275
-266
-237
-186
-140
-106
-87
-55
-67
-85
-97
-139
-182
-200
-192
-150
-99
-52
-14
-11
11
8
-5
15
33
52
29
15
-38
-117
-161
-221
-266
-277
-240
-215
-181
-128
-111
-121
-125
-133
-153
-139
-128
-116
-116
-106
-81
-72
-31
4
40
91
142
205
250
279
283
230
172
117
47
11
-13
-25
-19
-9
26
37
65
101
100
129
141
133
139
142
112
44
-13
-67
-107
-105
-61
-29
11
69
96
133
164
176
179
189
208
213
214
209
171
118
77
45
40
73
128
182
212
225
210
170
135
85
6
-43
-88
-131
-152
-171
-177
-178
-154
-119
-79
-2
67
130
179
177
150
97
46
-10
-69
-97
-116
-100
-85
-53
-10
16
60
93
117
144
164
164
147
127
76
13
-48
-111
-176
-203
-199
-197
-168
-137
-110
-105
-99
-86
-87
-64
-47
-49
-55
-69
-92
-113
-110
-89
-74
-45
-9
9
30
23
10
-20
-60
-73
-99
-96
-101
-99
-93
-103
-95
-96
-75
-39
5
57
74
76
61
24
-19
-60
-98
-130
-153
-163
-156
-136
-98
-65
-29
9
52
94
127
144
142
126
104
73
24
-17
-46
-56
-55
-46
-13
12
34
46
56
58
50
53
43
37
28
15
10
-11
-25
-34
-38
-22
-3
33
57
72
82
67
52
35
22
23
34
51
73
88
115
139
149
165
177
182
180
170
147
107
63
22
-8
-17
-6
2
22
44
67
89
112
142
148
160
162
161
155
133
117
74
39
0
-41
-59
-80
-84
-82
-65
-40
-18
14
31
42
50
49
38
27
10
-12
-32
-50
-71
-82
-67
-51
-38
-22
-13
-15
-18
-9
-16
-14
-13
-17
-22
-28
-35
-59
-68
-73
-81
-90
-92
-95
-105
-109
-124
-141
-165
-182
-185
-189
-161
-131
-109
-84
-66
-53
-45
-38
-39
-49
-39
-26
-21
-17
-34
-59
-79
-88
-83
-73
-62
-61
-57
-44
-30
-11
0
12
15
12
20
11
-7
-24
-39
-59
-75
-63
-46
-25
13
42
60
86
97
90
82
69
61
54
57
59
53
66
84
91
103
104
96
80
69
53
31
24
15
-4
-18
-27
-35
-38
-29
-12
3
26
39
42
51
49
47
32
14
8
0
7
7
15
29
42
57
66
95
119
132
140
140
133
122
96
67
40
23
8
-12
-17
-26
-39
-39
-31
-21
-17
-12
-14
-21
-26
-41
-61
-79
-87
-89
-82
-68
-50
-40
-29
-17
-15
4
18
23
24
19
7
-17
-24
-32
-37
-31
-25
-12
-6
2
10
10
11
6
-2
-9
-10
-9
-21
-33
-40
-57
-66
-74
-80
-81
-77
-65
-60
-54
-49
-45
-31
-28
-40
-48
-55
-59
-65
-69
-72
-81
-81
-64
-38
-3
16
27
36
47
60
51
33
23
9
-6
-24
-42
-51
-59
-66
-81
-87
-75
-65
-51
-36
-23
-12
-12
-16
-21
-23
-26
-27
-12
6
23
36
43
51
56
65
77
81
90
96
105
97
83
81
71
63
53
47
57
82
107
129
131
129
121
107
93
76
59
37
15
0
-4
4
11
11
7
2
16
43
59
76
89
92
82
64
49
33
26
19
0
-10
-11
-16
-25
-27
-16
2
22
26
13
3
-7
-12
-15
-19
-16
-16
-16
-9
1
