94
139
-199
-267
-140
-172
-141
-104
104
-259
-458
-549
-162
1214
79
-255
650
135
-204
-63
897
489
-712
-256
392
-428
-493
338
310
364
387
451
432
551
789
978
816
380
193
93
-233
-361
-322
-218
-137
-432
-432
-466
-587
-254
-173
32
280
265
62
-67
-86
-543
-550
-151
-132
-330
-164
-15
-346
-217
51
283
192
-277
-307
-266
253
494
418
371
-42
-364
-12
610
454
660
1078
953
409
421
724
261
95
79
-291
-813
-698
-536
-558
-810
-957
-991
-681
-556
-488
87
-103
-345
-246
-116
49
-82
83
202
3
206
505
226
-44
-149
-350
-197
-267
-329
-378
52
-38
335
101
-161
279
121
736
1426
835
737
86
-444
-37
-247
-476
-382
-875
-1074
-1509
-1174
-321
-856
-587
-77
-405
-690
-611
-309
-179
-341
-166
-123
-300
-415
-385
21
321
403
939
1257
801
-118
-193
893
1459
689
433
367
-974
-1136
36
743
-233
-981
-67
123
-594
-363
156
-203
238
556
589
316
40
1366
1349
406
299
-36
-16
386
1108
833
-867
-1593
-1302
-1369
-1221
-802
-339
-20
-113
979
1162
499
742
1044
1527
649
-5
220
-602
-578
-1218
-1981
-1826
-2226
-1725
-933
-164
-70
-27
452
613
132
560
1346
1187
988
1042
1195
809
454
608
329
253
367
458
797
760
991
1227
1309
1647
1289
1036
878
606
709
428
97
-22
51
460
579
608
329
-600
-1080
-753
-472
-209
-50
-154
-405
-691
-647
-425
-477
58
806
1197
1305
938
587
621
811
904
1059
911
489
167
21
-115
-241
-241
-62
300
607
541
299
342
476
151
116
196
-45
-138
-350
-352
-763
-1235
-1210
-1336
-1634
-1922
-2201
-2812
-3129
-3076
-3073
-3203
-3558
-3558
-3888
-4005
-4105
-4495
-5078
-5322
-2474
606
2703
3280
1512
1251
880
2021
5775
6691
5217
2289
916
2685
2865
2137
1810
919
1249
2033
2305
2541
689
-1726
-2783
-2071
631
1987
2164
1976
1960
2076
1696
2061
948
37
66
937
3175
2892
2074
1392
295
583
448
698
1381
1497
2386
3327
3150
2173
467
-666
-703
-196
437
644
774
946
623
-90
-1159
-2014
-2652
-2015
-28
1129
1289
724
271
-315
-1023
-1257
-1842
-2656
-2727
-2314
-2560
-3801
-5207
-6935
-8007
-8683
-8915
-9149
-10487
-10586
-11991
-12481
-14103
-11127
-2550
1257
5220
2508
148
1818
1325
10380
14695
12127
7836
1331
4220
6082
3145
1771
-504
-121
2482
2292
3237
352
-5234
-7643
-7736
-1442
2898
2781
2709
1469
2706
3319
3971
3489
682
514
3066
6738
8771
8010
5180
707
-2092
-887
106
979
1250
909
2007
1696
2546
1120
-2900
-3743
-3434
-836
1949
2445
2551
622
-892
-619
-1726
-2099
-1562
-665
1851
3382
4446
3834
2061
1442
1282
954
817
1089
965
1079
898
-320
-2815
-5290
-6068
-6101
-6040
-5880
-5874
-6593
-6776
-6778
-7100
-8661
-9745
-9885
-10112
-10474
-10753
-11677
-10217
-2707
3570
8479
7146
3246
4380
3925
10514
15396
14591
11840
4917
4608
5733
3710
617
-2685
-2436
1408
3017
3452
1203
-2978
-6915
-8771
-4670
938
4856
4978
3817
5457
6070
6581
4746
1618
1608
3299
6585
9894
10260
8409
3750
-1154
-1573
-868
312
-61
-883
140
654
1014
-327
-2638
-4329
-4415
-2250
940
3007
3005
2212
1969
1757
1134
24
-992
-806
-311
1257
2481
2329
1257
-768
-1518
-1605
-1952
-2831
-3524
-3181
-2881
-2915
-3461
-4518
-5728
-6724
-7018
-7062
-7082
-6687
-5899
-5388
-5751
-6771
-7549
-8042
-8424
-8183
-7521
-8106
-8257
-9601
-8396
-3790
462
4674
1634
-299
187
795
6763
9130
9043
6071
585
2214
4774
5494
4183
680
2033
5611
7616
8069
6234
4021
770
-1029
621
4380
6567
4531
2716
2013
3241
3893
1484
2
-976
-1086
845
2043
3615
3787
1395
-495
-1591
-585
688
245
-169
74
1803
3808
5270
5108
3362
1342
-135
101
527
605
652
372
287
-219
-609
-410
-1461
-3019
-3374
-2660
-2067
-2121
-1701
-1461
-2339
-3288
-3947
-4530
-4480
-4309
-4048
-3126
-2481
-2145
-2034
-1580
-1003
-1081
-939
-647
-221
346
700
973
1157
1470
1638
1609
1345
702
-60
-642
-708
-795
-937
-1140
-1219
-1190
-1394
-1515
-1638
-1694
-1486
-1289
-1361
-1258
-899
-297
597
1195
1548
1728
1714
1591
1282
764
216
-481
-787
-248
298
787
890
546
475
298
56
156
301
659
1275
1876
2553
3041
3016
2762
2540
2575
3093
3577
4016
4423
4452
4358
4015
3297
2577
1920
1456
1188
1047
1009
1087
910
292
-642
-1641
-2169
-2335
-2395
-2498
-2636
-2926
-3343
-3499
-3513
-3469
-3489
-3558
-3325
-3294
-3292
-3193
-3295
-3351
-3424
-2919
-2176
-1637
-1303
-1511
-1618
-1651
-1281
-639
-268
65
178
787
1454
1698
1521
1162
1254
1555
1779
1636
1198
981
1042
1057
1245
1456
1741
1893
1521
1437
1417
1366
1180
722
738
978
1206
901
-122
-991
-1261
-994
-459
-110
42
232
255
250
238
92
-277
-797
-830
-146
850
1566
1407
835
475
313
318
263
229
319
453
840
1313
1358
651
-313
-657
-569
-174
191
304
381
187
68
115
91
145
-51
-218
-205
-454
-906
-1186
-1293
-1298
-1423
-1784
-1769
-1614
-1272
-901
-859
-816
-1161
-1617
-1762
-1651
-1539
-1860
-2220
-2118
-1594
-1030
-637
-392
-79
453
1030
1639
2082
2224
1996
1628
1171
828
630
290
218
371
938
1729
2087
2195
1953
1601
1399
1308
1456
1440
1280
1250
1275
1240
735
-277
-1203
-1831
-1964
-1508
-903
-341
-167
-569
-1326
-2067
-2325
-2294
-2173
-2032
-1669
-1298
-1051
-864
-1251
-1920
-2722
-3104
-2609
-1792
-1013
-459
-205
-95
-42
-262
-461
-547
-536
-555
-431
35
605
722
362
47
-39
547
1413
2038
2558
2563
2573
2671
2763
2816
2413
1968
1919
2537
3319
3669
3398
2655
1810
1069
657
566
495
386
267
260
396
216
-350
-848
-1006
-853
-454
78
420
474
293
-1
-637
-1158
-1503
-944
-265
-773
-954
-1244
-1296
-750
293
1329
719
-344
-350
441
525
529
1438
2673
2937
2215
2001
958
-334
868
3214
2695
198
-142
752
109
-696
-532
-1472
-3618
-4455
-3918
-4017
-4738
-5691
-5361
-3499
-2277
-2511
-4884
-6414
-6230
-5171
-2146
-354
-484
-1959
-3637
-2047
1067
2458
1564
-192
589
2962
4586
5779
5878
4532
1728
221
1383
3771
5332
4157
2905
2311
2854
3171
552
-1899
-2751
-1825
91
1137
2443
2029
-1446
-4400
-4025
-1026
187
-627
-855
136
1503
1946
2140
720
-2084
-3640
-2879
1133
4376
4625
3103
912
632
611
-301
-373
330
1015
1704
2840
3367
1011
-2724
-3757
-2296
-1116
-398
301
673
473
374
1122
761
-422
-283
1311
3496
4253
3287
1035
-1170
-1814
-1366
-954
-812
-372
-263
-222
-754
-2009
-3631
-5499
-5285
-4010
-3418
-4026
-6256
-8120
-9840
-11293
-11362
-12144
-8285
19
5201
5451
-1628
-6331
-5657
-1889
9061
16380
15694
7640
-1335
-102
3563
5535
6054
6023
7848
8559
7431
4427
1365
-2512
-5409
-2551
4031
10707
9145
1240
-4161
-6739
-4751
-2704
-1267
1593
2293
2186
1491
578
-1632
-5781
-7967
-4381
2943
6433
5544
2252
-1965
-4431
-4892
-927
3460
3490
2333
1632
2937
2915
-1186
-5116
-6333
-4092
-684
2483
3908
1026
-4633
-8193
-6026
-2837
-1214
315
1965
2898
1265
485
74
-1810
-1674
1605
6009
6817
4237
1388
-1078
-2168
-1879
-598
172
431
973
1274
596
-1651
-3616
-4329
-3005
-66
1460
1153
-1021
-3026
-3673
-4302
-4239
-4833
-5504
-6599
-7642
-9081
-8678
-2740
1321
1774
-2762
-7695
-6126
-2389
8070
17059
15040
5152
-6822
-5782
3912
11156
13007
9720
6764
4195
2641
2392
3328
1635
-2731
-1118
5395
11439
8571
-1617
-6858
-7335
-3245
2522
6041
6519
971
-4251
-4889
-2210
-694
-1748
-2341
-610
3071
2943
871
-1122
-4112
-4975
-3015
3836
9117
5573
-934
-4410
-3038
-1131
-742
498
1807
1090
-928
-195
135
-2866
-6539
-5941
-166
2557
1590
-395
-2720
-4469
-5056
-1777
1388
1612
1615
2632
3595
1901
-551
-1651
-1008
1203
3722
4499
2959
749
-1016
-1146
-324
574
754
-451
-854
-1167
-2226
-4202
-6859
-7777
-7033
-6424
-6904
-9664
-11184
-5738
1022
4143
-315
-9097
-10386
-6335
4500
16407
17486
7016
-9599
-13670
-1639
12592
18463
14784
7581
946
-1370
554
6630
8904
3724
1391
4377
10487
9596
173
-5937
-6641
-1961
5416
10196
8325
-1258
-11222
-13110
-6192
354
2083
-1082
-4645
-4550
-5198
-4560
-2890
-3432
-4896
-5435
-84
5954
4109
-3044
-6749
-4311
134
3495
4522
3236
-2610
-7386
-3986
1831
3806
844
-1458
-656
-1701
-2759
-1276
-242
-669
-506
1471
2767
163
-1877
-536
1806
3883
4431
3380
1528
621
2353
4321
4441
3013
1989
2131
2422
2133
627
-899
-1187
225
1512
-120
-3702
-7155
-8025
-7678
-7452
-7917
-6972
-1405
2281
790
-7934
-15463
-12064
-2613
11880
20164
14376
-2930
-19851
-16395
2860
19649
21276
11938
1546
-5013
-4788
1996
12666
14499
7081
2001
3701
8458
5253
-1348
-2554
815
5754
8215
6379
-759
-9819
-13054
-5658
4795
6978
276
-9812
-13658
-11365
-6871
-102
3498
970
-5750
-8546
-3283
1375
-35
-2394
224
4106
4645
2056
-52
-2100
-4921
-2045
5149
8591
3839
-3629
-5990
-4854
-2598
1377
5051
3158
-2428
-5458
-4855
-3027
-1711
1503
3777
2588
60
-1532
-1183
-540
1632
4696
5549
3738
1405
1156
1689
2448
3754
4599
3518
1227
630
116
-760
-1441
-633
-332
-3368
-7090
-9712
-10374
-6789
1553
6184
-496
-13604
-18573
-9791
3672
15451
17265
4711
-13882
-21770
-6554
16040
23543
13039
-2237
-9739
-7316
1750
12951
18396
10731
-1548
-4910
1550
7890
6517
3482
3427
3904
3253
1791
-1040
-5163
-6706
-2072
5531
6501
-2018
-11856
-14726
-8540
-910
2474
2085
-2651
-9122
-11714
-5695
4120
6402
560
-3961
-2730
-599
331
1501
2656
1301
-944
1098
3779
1344
-2748
-2464
2121
4164
2304
1031
-847
-3290
-2558
1901
4832
1731
-2623
-3060
-1286
168
1450
2516
1752
-179
-266
1826
2376
1505
2031
3573
3929
2262
1193
881
614
1755
2939
1935
-909
-2650
-1358
-591
-2744
-4631
-6966
-9126
-9596
-3623
4631
3469
-6619
-16434
-13491
-2100
9230
14997
7850
-8822
-22446
-15733
8461
25083
18514
-2413
-15771
-13581
-1103
11930
19432
14773
-1130
-11816
-6843
7398
14003
8698
1753
-1067
-780
597
2927
3503
1277
-551
1200
3141
-840
-6837
-7560
-1477
4395
2925
-2363
-6818
-8861
-7596
-1829
5257
4990
-3711
-10780
-7446
514
4659
3528
36
-3624
-6092
-2988
4217
6938
2325
-2602
-2311
-184
38
872
3848
3940
674
-990
237
805
-279
1103
3697
2959
-259
-1429
270
1611
1971
2815
2775
-173
-2135
-29
3500
4237
2235
1054
632
55
377
1250
1227
49
-277
263
-496
-3178
-5098
-6440
-7956
-8801
-4683
2883
2833
-6748
-17522
-15680
-2478
9607
13637
4672
-12618
-25259
-18291
7756
27011
19035
-6740
-22021
-15037
3706
17321
19964
11536
-5308
-14881
-5943
13451
22314
12722
-462
-4363
-638
4755
10184
11848
7368
-255
-3220
-177
837
-904
-371
3220
4092
-2468
-9153
-8157
-2499
786
876
197
-2628
-8300
-10676
-3465
5260
5132
-1854
-6937
-6188
-3894
-686
3849
4751
-663
-5515
-2473
3158
3630
929
1663
3163
670
-1513
893
4123
2563
64
1105
2048
292
-582
2655
5160
2726
-464
-346
966
1432
2857
5011
3672
-1080
-2749
1036
4980
4664
1468
-1252
-2115
-1652
107
749
-1384
-4499
-6089
-5591
-5954
-7822
-7897
-3000
0
-5003
-14484
-17560
-7665
3690
8710
4117
-8400
-20242
-20328
-1043
21684
22823
-418
-20912
-17129
2790
17691
18038
11686
588
-10440
-8158
9492
25606
20355
2448
-5594
441
7707
10727
12249
10561
2833
-5021
-3182
3881
4897
1660
1205
2972
-1532
-9587
-8066
2236
6620
20
-6593
-6658
-5416
-6179
-2983
4724
4804
-4680
-11399
-6239
2524
3400
-542
-2128
-2956
-5853
-4478
2899
6537
828
-5178
-2653
1113
-332
-1274
1972
3912
73
-3588
-1953
536
-182
-233
1839
2185
-984
-2663
907
4450
3795
1153
-48
-103
479
2619
4771
3247
-1386
-3007
-50
2909
2030
-1427
-3547
-3644
-3193
-3079
-4322
-7229
-10401
-11657
-8432
-571
2994
-3405
-15607
-20646
-9274
6119
11940
4523
-9262
-18026
-15292
697
19408
20764
135
-18846
-13246
9575
23075
15684
3883
-2076
-4304
-712
11545
23527
18162
-576
-8761
1071
10995
10788
7756
7103
3520
-4593
-5004
4439
9126
3580
-2466
-1539
-986
-5267
-4108
5386
8210
-2872
-12525
-8192
1405
2278
-2104
-1756
-1701
-6787
-9380
-2503
5264
1944
-6539
-7079
-1822
-1153
-3110
-697
2625
-365
-5466
-3034
2980
2347
-1939
-1745
1722
973
-2831
-1439
3866
4922
1360
-651
338
723
578
3462
6738
4411
-1257
-2431
1949
4992
3206
430
-208
154
434
1778
3103
1799
-1793
-4379
-3469
-1312
-1286
-3033
-5304
-6995
-7968
-7268
-1779
760
-5179
-14363
-15303
-2629
7965
7238
-1640
-10521
-13502
-8819
5636
19242
15117
-6287
-18959
-5413
16996
21763
8239
-462
1111
2203
3359
11801
20377
12812
-3592
-5936
7161
14112
8345
4089
5800
3575
-4300
-3684
6834
9489
126
-6800
-3669
-1568
-5384
-3885
4641
4344
-8827
-15883
-6886
3584
1230
-6574
-7159
-5479
-7359
-7369
-553
4241
-2060
-10347
-8853
-1393
582
-1324
-465
149
-3847
-7403
-2465
4616
3453
-2391
-3406
688
2400
1458
2563
4461
2300
-1007
1067
6462
7652
3655
1548
3136
4115
2724
2128
3444
3062
779
338
2923
4859
3143
179
-939
-339
421
545
-196
-2134
-4562
-5370
-4392
-3853
-5186
-7082
-7682
-4134
-339
-2468
-9557
-13489
-5600
5533
7695
434
-8378
-11445
-7625
3117
15451
15616
-1175
-16349
-8625
12912
21202
8596
-2964
-417
3945
3276
6451
14962
13735
-726
-8131
2235
13097
9836
2788
2562
2954
-2979
-4977
4234
10103
2486
-7301
-6464
-1350
-2120
-2895
1948
2561
-7613
-14791
-7537
3512
3510
-4698
-7974
-6212
-5812
-5301
-1001
2539
-1433
-7927
-7636
-1942
794
-153
-59
-191
-3089
-5068
-735
5277
4616
-520
-2480
537
3521
4592
5631
5197
1558
-1898
-121
5225
7483
5064
1896
335
100
1486
4474
5907
3233
-488
-723
1796
2993
1611
-261
-997
-1497
-1879
-1986
-1723
-1801
-2862
-3852
-4704
-5419
-5939
-6970
-7487
-7720
-4669
637
-160
-7922
-15251
-10324
2708
8421
3445
-5354
-9409
-7697
-146
11715
16050
4148
-12639
-10837
8387
19868
10589
-1986
-658
4342
1907
1215
10667
16176
5041
-7683
-4028
7951
9514
4177
3383
3510
-3510
-9110
-598
10735
7278
-5606
-9918
-4157
-914
-899
2772
4879
-3809
-14076
-9781
3828
8150
-548
-7250
-5158
-2599
-3452
-2220
2111
1812
-4089
-6837
-2900
1081
614
-151
368
-908
-3443
-1916
3790
6613
3203
-997
-843
2081
4853
6012
5646
3506
299
87
3356
6495
6336
2643
-834
-930
2547
6194
5565
803
-2953
-2185
1180
2988
1518
-1011
-2735
-2844
-1765
-548
-155
-1316
-3169
-4344
-4192
-3374
-3455
-4407
-6592
-8223
-8477
-6280
-232
1393
-4623
-13444
-12700
722
9711
6928
-2603
-8889
-8947
-4161
7045
15365
8296
-10496
-15843
1337
18224
13775
-1744
-3094
4494
3274
-2083
3696
14822
10359
-4620
-7297
4537
10080
4576
1841
4205
1301
-6507
-3972
7463
9086
-1056
-7650
-3900
-1053
-2703
254
5531
840
-11070
-12134
-203
7429
1484
-6665
-6580
-4144
-3459
-1026
3722
3385
-3652
-7601
-3455
2428
3562
2345
631
-2803
-4758
-707
6717
8014
1902
-2880
-1732
2640
5502
6723
5625
1437
-2085
-466
4927
7637
4344
-745
-2608
-687
3065
5109
3510
-407
-2788
-1169
1570
1962
903
187
-146
-1162
-2094
-943
891
459
-2345
-4769
-4256
-2018
-912
-2155
-4425
-6715
-7566
-6424
-2412
3177
2094
-6426
-14128
-9727
4638
11237
5568
-4501
-9940
-8528
-1110
11396
16899
4672
-14433
-14596
5395
18841
10479
-3549
-2881
2786
334
-811
8623
15196
3983
-9992
-5837
8369
11306
4563
1665
1699
-2649
-5747
2341
11109
5596
-5891
-7907
-1922
-111
-1227
2445
4005
-4867
-13566
-7764
4551
6435
-2007
-7302
-5514
-4120
-3336
604
4182
730
-6310
-7292
-2082
2143
2582
1747
-768
-4907
-5405
313
6060
4839
-863
-3762
-1934
1395
4291
5412
3151
-875
-2644
936
5910
6674
3165
-482
-555
2155
4634
4918
2874
614
568
1634
2307
1888
841
170
-564
-1007
-1212
-1099
-587
-615
-1747
-2963
-3211
-2751
-2167
-2780
-3851
-4906
-7028
-7371
-6402
-2445
1800
-1780
-9551
-13626
-6063
5517
6774
-146
-6765
-7943
-5651
533
9972
11858
-282
-13809
-8089
9689
15430
4104
-4876
63
4005
-116
477
10155
12795
1483
-6405
428
9234
6574
1942
3736
3746
-2610
-4701
4756
10712
2556
-6526
-4459
1322
200
-1399
2463
2831
-5676
-10863
-3682
4214
1859
-5218
-6215
-2814
-2138
-1955
587
1430
-2776
-6070
-3390
642
835
-512
121
-502
-2687
-1501
3560
6091
2530
-1565
-1253
2280
5195
6011
4986
2157
-8
979
5005
7446
4872
443
-637
2610
5357
4901
2584
1430
1592
1392
805
1128
2408
2082
49
-1011
-125
694
-208
-1313
-1292
-1290
-2021
-2970
-3711
-3712
-3680
-3832
-4841
-6616
-7580
-7367
-5489
-1541
328
-4276
-12186
-13873
-3771
6950
6246
-3069
-10516
-10305
-4646
4154
11915
8121
-7834
-16956
-4858
13642
14770
156
-7198
-1447
2318
1133
5286
12851
9520
-3490
-7356
2720
10921
8409
3955
2653
115
-2852
1479
10159
9468
-327
-5793
-2984
207
440
2461
3931
-2002
-9584
-7354
2386
6415
1405
-4373
-5612
-4628
-2503
1908
4342
677
-5018
-5838
-1915
1380
2835
3323
1078
-3651
-4889
259
5764
5383
621
-2173
-1295
1177
4007
4818
2982
-68
-723
1919
4233
4050
2184
709
116
403
1939
3887
3982
1312
-1721
-2161
374
2952
2864
203
-2180
-1850
314
1883
1244
-1191
-3340
-3331
-1860
-792
-2218
-3944
-4335
-4503
-4779
-5100
-4646
-5020
-7455
-6381
-1086
166
-6198
-12781
-7883
3388
5647
-1111
-6756
-7124
-5639
-1939
6824
11330
1372
-12299
-8074
9872
16899
5515
-4519
30
5391
2782
3194
11012
12314
1066
-6087
1320
10399
8424
2990
2158
935
-3064
-2126
5690
8015
72
-5980
-3521
177
-537
-13
3080
728
-6857
-8341
-636
4902
1840
-3874
-5564
-3766
-1568
1037
1840
-1024
-4190
-3621
-574
748
580
812
247
-2141
-2937
279
3414
2820
18
-1547
-1501
85
3170
4959
3774
816
240
2055
3502
3804
3552
3039
1573
238
934
2955
3625
1755
-749
-1835
-636
1550
2129
-38
-2556
-2335
-190
743
-322
-1763
-2627
-2803
-2224
-1507
-1151
-2027
-4209
-5227
-4465
-2637
-2215
-4231
-6230
-7283
-6557
-1820
2784
1175
-6921
-12454
-5762
5271
8451
2711
-4645
-7605
-5777
1399
11040
11903
-759
-11648
-4912
10220
13689
4129
-1147
2581
3405
354
3114
10412
9614
64
-4156
1397
6366
5970
5420
4492
-646
-5728
-2223
6049
6574
29
-3763
-3293
-3261
-2766
1839
4509
-1392
-9038
-7875
-469
2824
159
-3483
-5385
-5776
-3565
673
2000
-1266
-4340
-3972
-2649
-2003
-245
1772
521
-3305
-3822
-210
2641
2592
1643
1097
136
40
2261
4826
5065
3019
1399
1022
1546
3487
5633
5110
1473
-1558
-49
3823
4603
1677
-1406
-1547
426
1738
1522
433
-594
-1291
-1769
-1049
383
545
-1026
-2574
-2552
-1485
-521
-102
-1032
-2819
-3356
-2047
-437
-951
-3021
-4290
-5039
-3178
1061
3021
-969
-8750
-9063
-227
7048
5396
-2387
-7897
-8796
-4682
4272
10388
4369
-8790
-11121
502
10223
6617
-1204
-1611
62
-1392
-374
6432
9691
2899
-4022
-1726
4433
5791
4488
3699
862
-3153
-2295
3876
5685
622
-2820
-1646
-691
-1892
-335
3215
1524
-4440
-6023
-1166
2588
1727
-818
-2641
-4075
-4109
-608
2662
1628
-1563
-2814
-1927
-947
682
2941
2732
-853
-3030
-725
2634
3623
2653
1268
-322
-886
1512
5066
5852
2582
-910
-1279
805
3634
4246
2210
-743
-2105
-84
2331
2576
648
-1551
-1808
-473
898
1069
291
-453
-859
-1165
-343
1897
2716
502
-2730
-2993
-103
1845
1312
-578
-1912
-1938
-1343
-466
-374
-1782
-4058
-5302
-5136
-2141
1928
1454
-4780
-11143
-7786
1606
5430
1507
-4782
-8171
-8843
-4106
5978
9697
-675
-13484
-9985
4849
10830
3452
-2790
-752
-423
-2843
923
8924
8122
-2192
-6653
-663
5059
5089
4910
4635
-419
-5077
-850
7664
7824
491
-2787
-1049
-686
-1026
3010
6576
1778
-5591
-5480
697
4025
2906
998
-1445
-4162
-3414
1669
4382
1258
-2403
-2231
-688
-602
758
3614
3059
-1402
-3441
-52
3566
3257
1209
-154
-1034
-1176
599
3331
3625
1757
-688
-1789
-49
2561
3907
1449
-2381
-2748
-424
1761
1538
207
-420
-1021
-1074
-31
1054
947
103
-794
-988
-104
1539
2604
1062
-1342
-2033
-918
337
505
166
-875
-2272
-3205
-2322
-351
27
-2317
-5365
-6598
-4560
522
2810
-1301
-9036
-10975
-3237
3968
4474
-689
-6432
-9113
-7358
1437
9081
5117
-7552
-12157
-2219
8099
6996
252
-1171
296
-666
995
6877
9471
3593
-2638
-1007
3451
5373
6231
6982
3407
-2695
-2696
4324
8624
4568
11
-353
-377
-1157
687
5074
4061
-2407
-5466
-1895
3169
4367
2689
-116
-2880
-3301
-156
3243
2364
-785
-2498
-2172
-1378
-303
1562
1573
-1176
-3275
-1979
982
2130
1297
-510
-2598
-3423
-1317
2303
3033
486
-2373
-2770
-403
1632
2505
1090
-1416
-2071
-758
1488
1381
-718
-2103
-1579
473
1694
981
-556
-862
-265
-23
-219
253
1408
979
-458
-843
9
605
3
-477
-372
-727
-1801
-2155
-1340
-1212
-2225
-3754
-4317
-4352
-4105
-1196
1089
-1273
-7311
-9839
-3566
3326
3689
-1186
-5564
-6952
-5982
-292
6891
6562
-3265
-10048
-3458
7528
9437
2848
-1106
-77
370
1589
5902
9239
5621
-596
-911
3466
6386
6399
5782
3463
-601
-1425
2819
6813
4926
712
-960
-1140
-1017
593
3423
2695
-2218
-5139
-2863
936
1858
734
-1103
-3384
-4280
-2182
1022
996
-1631
-3020
-2412
-1620
-929
624
1343
-890
-3788
-3448
-211
1942
1664
182
-1393
-2220
-1169
1479
2296
-72
-2581
-2195
211
2034
1752
-465
-1933
-1571
524
2053
1272
64
-1219
-1339
26
1715
2955
1947
70
-341
937
2704
2989
1541
-25
24
1708
3236
2714
886
-302
-671
-297
286
298
-884
-2683
-2968
-2119
-1666
-2318
-3594
-4420
-5003
-3883
-2089
-2130
-4740
-7584
-6136
-2243
80
-589
-2864
-4320
-4698
-2520
1681
3554
708
-3818
-3544
1145
4769
4461
2299
1139
1036
1846
3958
5956
5634
3191
1724
2427
3982
5129
5120
3841
1773
913
2221
3877
3782
1930
223
-728
-793
425
1790
1576
-667
-2541
-2171
-705
198
-80
-1063
-2642
-3527
-2196
-85
269
-1820
-3348
-2658
-1235
-702
-1109
-1386
-1978
-2487
-1634
10
1036
744
164
-23
-32
293
1118
1501
720
-98
460
1591
1669
1184
1669
2283
1388
331
1094
2852
3073
1216
-380
-507
255
1193
1864
1740
170
-1221
-628
987
1182
-264
-1481
-1600
-1217
-1104
-876
-656
-1210
-2238
-2626
-1938
-1383
-1570
-2151
-2498
-2762
-3103
-3039
-2593
-2503
-2936
-2820
-1748
-1267
-2344
-3247
-2355
-656
7
-478
-828
-1034
-1089
329
2592
3003
594
-844
1477
4341
4217
2229
1640
2333
2314
2361
3587
4211
2793
1417
2106
3479
3467
2934
2778
2074
697
841
2749
2986
613
-1162
-505
481
-127
-593
-62
-235
-1612
-2211
-1189
-568
-1424
-2338
-2534
-2774
-2865
-1915
-706
-1097
-2581
-2811
-1665
-905
-823
-553
-478
-1161
-1449
-154
1500
1466
392
290
1111
1697
1928
2192
2147
1358
851
1251
1787
1485
944
916
908
789
827
1245
1248
765
456
-58
-671
-816
-349
-8
-586
-1238
-1362
-1282
-1144
-837
-440
-945
-2219
-2590
-1308
-3
-225
-1249
-1621
-1182
-827
-454
-66
104
-152
-820
-709
33
392
-23
-629
-509
133
721
930
759
307
-225
-182
282
1009
1299
897
216
-551
-325
366
837
560
-451
-1207
-1428
-681
465
748
-567
-1951
-960
1148
1778
453
-360
239
423
26
299
1451
1788
906
528
1157
1622
1297
1049
908
302
-534
-687
-161
-162
-475
-642
-747
-865
-652
289
843
245
-895
-1546
-1272
-508
322
408
-554
-1567
-1288
37
803
162
-1193
-2138
-2224
-1433
-320
-216
-1343
-2451
-2025
-488
540
587
147
-198
-348
-160
479
1128
1088
258
-358
25
1023
1544
1055
301
-112
-351
-581
-526
-288
-352
-934
-1362
-846
44
199
-400
-646
-299
155
289
236
535
745
767
682
739
1343
1905
2000
1758
1718
2044
2122
1941
1928
2219
2343
1891
1543
1731
1901
1607
1253
1125
1040
791
563
537
379
114
-58
-131
-248
-630
-895
-1143
-1595
-2078
-2447
-2427
-2449
-2569
-2615
-2704
-2900
-2955
-2563
-2041
-1955
-2550
-2952
-2168
-710
152
-400
-1482
-1860
-1114
336
1481
1596
521
-515
-297
1235
2638
2600
1535
658
792
1810
3075
3566
2620
1059
303
903
1930
2427
1979
970
242
238
624
662
251
-168
-522
-1065
-1551
-1325
-675
-788
-1826
-2650
-2408
-1649
-1350
-1608
-2155
-2562
-2499
-1864
-1069
-1048
-1715
-2035
-1598
-963
-612
-590
-856
-1360
-1422
-558
565
793
42
-478
55
1124
1589
1304
1007
1040
1368
1686
1854
1772
1549
1606
1955
2299
2368
2195
2059
1901
1804
1770
1883
2073
2127
2171
2065
1758
1353
1178
1288
1325
1081
798
847
1079
941
189
-497
-473
107
496
322
-39
-166
-102
-149
-301
-457
-576
-673
-740
-814
-1013
-1427
-1701
-1683
-1512
-1432
-1583
-1651
-1615
-1644
-1894
-1974
-1525
-1135
-1067
-1225
-920
-308
-293
-597
-639
-78
591
900
1019
801
303
97
667
1478
1520
959
595
715
693
468
516
882
867
258
-124
26
419
517
291
-16
-405
-630
-646
-616
-912
-1451
-1753
-1789
-1850
-2212
-2432
-2461
-2602
-3045
-3475
-3455
-3414
-3419
-3451
-3418
-3258
-3142
-3075
-2995
-2595
-2037
-1624
-1336
-891
-121
325
336
414
1085
1949
2185
2170
2383
2862
3061
3007
3188
3574
3797
3711
3787
4079
4421
4553
4428
4081
3562
3500
3841
3923
3445
2952
2975
2926
2400
1717
1390
1327
916
238
-351
-688
-818
-792
-844
-1343
-2057
-2304
-1922
-1768
-2239
-2707
-2804
-2816
-2905
-2779
-2419
-2318
-2652
-2827
-2391
-1823
-1681
-1994
-2336
-2509
-2480
-2005
-1203
-652
-612
-698
-423
138
545
716
813
805
675
692
1105
1765
2046
1789
1400
1308
1589
2064
2345
2017
1449
1249
1666
2017
1743
1216
858
690
500
376
356
167
-370
-1088
-1468
-1386
-1321
-1535
-1974
-2363
-2553
-2356
-1964
-1915
-2349
-2724
-2512
-2125
-1805
-1446
-1085
-963
-1143
-1016
-500
-90
27
49
283
429
529
939
1534
1641
1166
1112
1894
2678
2642
2243
2281
2582
2822
2940
2926
2638
2092
1932
2273
2482
2111
1634
1655
1801
1522
965
675
612
483
159
-324
-806
-1057
-918
-798
-1103
-1639
-1810
-1617
-1623
-2027
-2400
-2477
-2628
-2958
-3133
-3075
-3052
-3125
-3055
-2817
-2554
-2486
-2552
-2590
-2488
-2081
-1430
-818
-481
-387
-189
149
382
565
785
862
696
610
1031
1815
2341
2359
2208
2154
2207
2232
2255
2313
2257
1980
1640
1698
2018
2148
1889
1431
1001
674
564
693
722
339
-300
-698
-612
-347
-428
-693
-865
-1059
-1241
-1186
-910
-982
-1517
-1871
-1465
-805
-458
-466
-566
-510
-495
-373
4
469
735
646
556
737
1181
1745
2034
1820
1269
957
1218
1751
1992
1775
1585
1529
1623
1603
1480
1444
1239
901
403
42
-57
-112
-361
-843
-1246
-1412
-1356
-1257
-1120
-1158
-1564
-1968
-2044
-1798
-1729
-2237
-2896
-3076
-2695
-2253
-2179
-2324
-2409
-2485
-2551
-2364
-1884
-1473
-1517
-1751
-1705
-1322
-828
-527
-348
-179
-124
-93
163
694
1014
815
618
792
1158
1451
1647
1850
1950
1805
1646
1692
1806
1665
1395
1236
1117
991
1041
1320
1426
1093
662
619
788
688
275
-20
-66
-228
-503
-629
-626
-743
-965
-998
-822
-703
-796
-928
-895
-790
-775
-859
-955
-959
-936
-967
-915
-670
-330
-69
172
390
438
447
540
650
701
630
596
758
1122
1425
1433
1375
1517
1858
2022
1848
1558
1470
1694
1895
1759
1378
1032
936
956
809
465
223
205
117
-255
-660
-754
-570
-525
-702
-763
-697
-799
-956
-862
-617
-575
-889
-1225
-1392
-1340
-1294
-1339
-1350
-1345
-1319
-1236
-1050
-825
-602
-543
-592
-537
-240
85
180
164
389
768
929
789
654
688
642
403
251
298
381
388
223
146
245
381
394
300
222
255
252
231
298
303
63
-412
-749
-741
-566
-437
-464
-521
-530
-539
-487
-464
-509
-682
-925
-1097
-1157
-1061
-809
-549
-398
-191
182
373
245
78
153
250
140
61
239
585
829
935
996
1145
1197
1112
1081
1137
1227
1318
1427
1450
1267
1100
1186
1445
1487
1294
1121
920
588
213
50
15
-102
-211
-86
198
148
-287
-606
-615
-501
-601
-782
-902
-964
-1026
-929
-603
-432
-572
-881
-1000
-868
-686
-613
-666
-679
-744
-829
-812
-608
-238
-5
-74
-263
-174
0
21
-9
80
240
185
32
133
346
369
226
149
266
376
334
334
318
190
100
187
427
462
152
-205
-304
-276
-372
-450
-392
-257
-126
-87
-34
12
-30
-73
-110
-385
-760
-921
-852
-777
-809
-824
-666
-473
-453
-367
-196
-109
-232
-500
-597
-528
-493
-460
-264
37
393
673
739
555
248
173
390
559
509
409
419
562
800
997
1124
1187
1151
1044
912
810
668
529
433
325
313
444
617
682
611
400
227
144
134
128
-60
-343
-567
-689
-635
-558
-551
-560
-615
-668
-718
-832
-1082
-1334
-1451
-1390
-1250
-1012
-752
-675
-837
-835
-565
-272
-174
-172
-108
-91
-173
-152
111
402
435
305
405
711
924
968
928
839
749
748
909
956
781
664
799
924
777
647
736
880
837
700
688
685
548
303
92
-61
-241
-320
-244
-202
-376
-610
-650
-478
-293
-299
-487
-726
-755
-567
-465
-526
-660
-733
-859
-945
-748
-408
-250
-347
-383
-264
-131
-72
-37
-1
-83
-244
-203
85
287
354
443
579
593
397
321
421
429
342
398
662
873
928
833
629
421
333
435
551
494
322
148
22
-87
-105
16
38
-174
-466
-531
-379
-285
-411
-687
-937
-1057
-901
-544
-258
-315
-633
-854
-828
-648
-555
-641
-754
-683
-459
-337
-409
-452
-295
-106
-114
-256
-309
-218
-194
-222
-177
24
219
312
437
690
899
917
842
790
851
922
869
766
791
924
963
788
711
891
1018
871
601
431
371
306
237
237
222
103
-10
-8
-44
-267
-573
-681
-563
-560
-732
-916
-1015
-981
-859
-765
-747
-745
-692
-595
-542
-572
-618
-597
-528
-453
-401
-294
-88
118
258
278
181
55
-24
2
162
403
571
670
769
857
887
865
900
944
892
803
803
869
838
688
477
330
295
278
237
141
-10
-162
-272
-334
-377
-434
-522
-585
-594
-514
-395
-431
-647
-826
-804
-748
-789
-856
-827
-728
-716
-713
-583
-413
-402
-536
-575
-319
-60
-43
-95
18
231
305
256
283
414
419
322
322
433
509
495
438
427
405
383
491
641
628
521
438
462
489
435
363
278
193
176
279
401
367
148
-124
-313
-405
-436
-378
-296
-255
-228
-212
-222
-222
-218
-264
-399
-504
-383
-186
-156
-340
-536
-556
-464
-306
-224
-292
-456
-519
-292
-11
64
39
80
185
292
457
659
635
374
267
452
608
464
311
428
545
418
256
384
593
471
139
-24
-17
-22
-86
-130
-142
-223
-300
-263
-183
-171
-255
-420
-631
-748
-706
-561
-490
-572
-651
-693
-687
-560
-344
-195
-265
-450
-466
-290
-174
-207
-314
-325
-161
84
327
409
318
135
9
106
319
500
493
391
384
512
695
856
967
901
698
556
578
622
461
179
46
124
257
344
334
189
-69
-271
-243
-123
-170
-409
-637
-721
-655
-512
-388
-382
-487
-569
-551
-520
-528
-461
-332
-335
-479
-569
-437
-220
-125
-117
-86
11
151
302
380
348
286
305
446
592
700
795
816
759
726
843
1003
996
819
713
704
643
523
488
607
644
462
262
248
312
204
-77
-295
-282
-183
-180
-303
-490
-656
-791
-855
-822
-759
-786
-951
-1161
-1240
-1150
-1033
-961
-893
-791
-729
-764
-779
-688
-545
-471
-439
-383
-278
-164
-35
129
231
267
353
539
670
654
630
731
852
830
794
898
995
921
801
859
982
922
755
711
787
728
523
369
327
284
192
124
64
-66
-231
-310
-303
-341
-470
-617
-729
-832
-900
-903
-881
-876
-887
-869
-829
-794
-809
-839
-821
-752
-675
-620
-535
-389
-272
-254
-229
-58
220
387
371
353
409
512
621
730
827
840
823
860
923
927
927
977
1028
1002
898
820
756
681
645
644
594
448
316
289
282
167
-10
-149
-238
-308
-379
-453
-574
-726
-794
-766
-736
-749
-755
-770
-844
-923
-900
-810
-809
-896
-899
-763
-620
-578
-547
-463
-379
-332
-260
-142
-35
20
64
152
251
350
455
530
521
480
483
545
597
629
671
693
683
646
635
670
698
654
554
484
436
358
246
169
164
146
70
-25
-69
-80
-143
-253
-333
-343
-382
-443
-490
-550
-649
-733
-677
-526
-438
-504
-616
-642
-570
-478
-416
-395
-420
-452
-440
-356
-243
-149
-69
-10
13
50
118
208
254
232
229
260
306
358
448
547
557
484
455
532
626
638
589
553
527
504
514
532
500
412
323
279
247
192
147
113
36
-60
-91
-56
-72
-229
-391
-425
-424
-473
-529
-550
-564
-616
-669
-648
-579
-524
-558
-633
-641
-578
-494
-440
-383
-325
-300
-290
-236
-133
-54
-25
5
96
216
267
290
356
395
367
355
455
566
537
465
517
657
713
662
660
732
703
545
435
477
517
421
333
341
366
275
125
53
46
4
-97
-137
-139
-220
-363
-483
-519
-504
-488
-495
-530
-585
-608
-578
-527
-474
-423
-385
-395
-449
-495
-488
-440
-402
-340
-254
-195
-167
-109
-7
72
126
187
283
364
392
418
462
485
501
563
660
671
570
506
563
657
