SAMPLES:	6304
BITSPERSAMPLE:	16
CHANNELS:	1
SAMPLERATE:	16000
NORMALIZED:	FALSE
-422
-11
-269
-344
-48
-112
-397
-332
3
-241
-353
-227
-378
-171
-101
-563
-467
-341
-445
-310
-138
-326
-308
-31
165
-98
-56
312
288
396
371
239
89
243
317
218
109
235
478
325
204
421
391
241
428
442
507
186
404
724
176
268
5
-80
-85
-304
-97
-352
-334
6
-249
-184
-171
-401
14
-57
-209
-497
-239
-51
-384
-88
-389
-607
-188
-191
-346
-327
-130
-287
11
376
69
64
409
560
259
50
496
328
85
651
162
-25
172
267
334
-79
249
208
6
604
81
221
295
14
172
-163
-142
-304
-74
-226
-352
-142
-363
-238
-479
-445
-112
-230
-37
-111
-292
-344
-171
221
-37
-59
191
-218
74
194
93
312
308
337
303
551
416
469
797
615
318
509
512
366
821
598
8
170
407
269
210
448
319
-16
162
371
-63
-141
-109
-301
-467
-298
-129
-342
-300
-294
-475
-501
-372
-277
-309
-320
-314
-338
-329
-248
-30
-168
-166
-212
-222
-149
-190
24
230
350
76
183
280
157
401
433
367
141
321
354
56
246
127
69
223
63
44
81
2
394
259
173
-41
-154
91
-276
-85
-176
-284
-247
-415
-118
-553
-776
-197
-234
-445
-279
-15
-196
-175
149
-1
-96
-62
133
130
37
99
151
239
229
223
456
492
329
620
629
603
522
622
720
265
292
448
404
425
298
207
-150
-33
312
36
230
34
-44
-124
-488
-409
-265
-70
-279
-458
-388
-622
-685
-307
-458
-450
-424
-488
-562
-697
-277
-225
-61
-216
-151
-9
-304
138
62
-120
-184
-63
129
-103
410
438
270
168
-92
271
-211
233
560
58
179
146
106
45
99
-157
-240
11
117
99
75
-197
-329
-366
-107
-174
-115
134
-223
-61
-301
-259
-83
-73
130
-188
-95
-29
189
136
401
317
-125
365
-75
144
186
65
316
333
551
155
339
425
311
319
16
243
-89
47
389
-61
309
226
57
-22
-578
42
-8
-52
295
-163
-48
-389
-475
-53
-146
33
-169
-360
-391
-158
209
-253
-297
-465
-429
19
2
127
66
-25
4
-174
151
-295
-328
463
-61
-61
88
21
135
280
235
-104
66
95
217
113
-92
201
97
43
-77
-365
-111
-73
-7
-9
-51
139
196
125
295
-1
-310
-50
127
36
146
29
-295
246
40
-164
-2
-63
296
-37
452
423
-181
321
-121
-103
-147
191
199
122
372
-178
-4
-130
15
-122
-128
-17
116
71
209
32
-125
414
-91
4
40
-32
-89
94
122
-104
65
112
-136
-356
-85
-23
-27
243
-4
-109
-165
-289
52
123
-29
-220
-104
-294
151
264
69
358
-5
-296
-143
-168
126
503
201
319
-3
-47
95
6
678
215
33
185
-160
619
66
186
236
-537
93
-241
94
325
141
448
140
199
-213
-216
117
-286
59
-350
-160
-37
-338
374
-94
227
-185
-45
110
-336
540
138
92
242
69
64
89
56
134
-175
250
350
166
278
20
190
-41
133
112
-149
21
31
-245
-141
-218
-225
-223
-165
-23
-280
-104
-114
3
-266
-485
-578
-701
-659
-484
-341
-636
-567
-429
-361
-547
-591
-283
-236
-469
-490
-414
-235
-393
-188
271
42
-497
15
172
-349
114
325
100
-318
421
631
111
661
554
-284
-142
367
589
111
53
0
-461
709
580
120
410
62
18
44
133
-289
-57
232
-549
-442
-140
-405
-266
-216
-136
-612
-466
60
-104
-181
-193
-198
-333
47
-138
-70
-107
333
349
287
769
431
727
429
565
485
485
388
458
140
79
306
205
615
144
416
79
-65
194
-188
114
-129
-505
-191
-459
-309
-546
-497
-662
-662
-274
-995
-389
-498
-650
-445
-209
-189
79
93
80
-246
-161
139
-349
321
29
267
159
562
570
537
1133
853
1179
539
873
697
342
581
508
497
326
410
285
259
380
480
200
247
175
72
299
-175
-419
-426
-191
-7
-478
-400
-563
-767
-345
-139
-188
-176
-165
-301
-581
-444
-229
-186
91
-212
-20
17
20
378
374
419
551
686
339
144
327
934
640
772
817
422
245
214
721
124
62
-81
-276
-114
-103
-13
-269
-214
-200
-416
-122
-521
-858
-994
-805
-426
-851
-543
-776
-757
-599
-625
-443
-541
-145
-686
-880
-501
-513
-144
-132
-148
-2
49
-57
52
354
223
403
324
388
269
157
165
136
221
287
618
350
-16
1
358
373
576
370
67
-351
-250
-44
-579
-337
-685
-534
-488
-629
-245
-777
-346
174
-323
-84
-225
-487
-436
-302
15
-628
-527
-310
-498
-242
-107
191
300
97
263
170
120
112
287
327
197
177
-397
-246
-327
-367
-84
3
-29
-22
118
22
56
324
-60
-208
-151
-350
-670
-660
-604
-644
-454
-574
-594
-584
-393
-203
64
-290
-80
-77
-235
-85
-276
-206
-494
-115
52
-233
-39
-304
-427
-202
-27
352
-175
-234
30
-213
192
342
420
336
206
247
250
520
622
591
672
453
362
356
275
227
273
188
-28
120
154
268
190
29
178
184
352
202
206
62
-227
64
-17
92
11
-106
315
363
133
107
270
274
-4
-45
-95
-317
-183
-61
-128
-97
-50
-294
-263
140
199
133
371
443
148
-56
-3
93
341
338
102
136
197
107
247
471
293
19
86
133
267
339
291
121
126
346
263
318
276
353
275
223
169
249
138
186
311
-53
-42
79
274
347
424
508
215
-15
181
272
325
162
-62
-27
-36
64
120
452
579
595
773
764
698
744
933
876
621
379
170
52
-10
-216
-374
-341
-463
-294
-149
-44
18
2
249
269
306
249
121
-152
-364
-319
-568
-521
-472
-522
-630
-496
-298
-516
-345
-196
-185
-187
-325
-559
-735
-734
-697
-777
-1074
-1098
-952
-819
-604
-352
-167
60
297
276
167
119
243
208
58
-25
-277
-286
-200
-43
92
59
117
163
334
344
203
264
241
433
541
572
753
671
713
747
722
806
683
709
675
548
653
507
560
490
476
492
388
408
353
443
730
1085
1191
1120
906
860
637
685
600
212
-51
-358
-748
-1214
-1240
-1184
-1293
-1300
-1160
-1061
-947
-796
-769
-934
-1037
-1124
-1032
-946
-1140
-1230
-1278
-1313
-1376
-1529
-1639
-1825
-1907
-2121
-2209
-2166
-2284
-2498
-2742
-2859
-2912
-2345
-1543
-1105
-583
-281
534
1802
2829
3521
3454
3853
4304
4726
4560
3344
2273
1618
1425
747
90
-411
-610
-305
42
842
1511
2141
2654
2928
3403
3682
3522
2887
2287
1651
1131
262
-528
-873
-982
-820
-1042
-880
-449
-32
367
606
825
1008
1109
943
661
473
231
-344
-858
-811
-677
-807
-814
-696
-480
34
400
417
256
139
-62
-460
-687
-1119
-1603
-1992
-2081
-2159
-2368
-2441
-2483
-2626
-2989
-3237
-3798
-4569
-5421
-6168
-6923
-7791
-8038
-7978
-7030
-6383
-5756
-4621
-2862
203
2467
4302
5101
6075
7950
9048
9550
8098
6422
5428
4523
3367
1205
-483
-1423
-1516
-1428
-1212
-21
1144
2108
2593
3418
4972
5693
5228
3808
2674
2292
1266
-370
-2166
-3131
-3273
-3450
-3316
-3012
-1836
-600
428
1695
2764
3955
4402
4633
4740
4411
3575
1977
471
-809
-1799
-2824
-3557
-3881
-3689
-2758
-1973
-975
159
1314
2558
3384
3901
3808
3308
2687
1938
1167
229
-826
-1796
-2568
-3120
-3684
-4178
-4353
-4369
-4375
-4372
-4403
-4455
-4788
-5133
-5497
-6022
-6699
-7667
-8575
-8841
-7810
-7289
-6776
-6067
-4706
-1455
1119
3711
4916
6405
8994
10411
11781
10808
9508
8567
7433
6159
3569
1524
-181
-1135
-1975
-2663
-1889
-1148
-193
435
1271
3664
5214
5680
5306
4686
4838
4055
2264
-52
-2071
-3304
-4631
-5718
-6331
-6128
-5608
-4762
-3090
-976
1649
3551
5204
6907
8188
8918
8202
7023
5752
4333
2785
837
-1395
-3433
-4674
-5225
-5108
-4713
-4022
-2613
-762
1476
3356
4579
5434
5669
5323
4248
2591
720
-1136
-2990
-4775
-6466
-7821
-8708
-9430
-9595
-9304
-8717
-7860
-7021
-6276
-5686
-5468
-5730
-6265
-7056
-7825
-8567
-8741
-8009
-7579
-7044
-6335
-4843
-1362
1938
4737
6449
8394
11693
13797
15030
13837
12358
11712
10582
8937
5857
3436
1646
480
-668
-1595
-952
-197
293
705
2119
4879
6484
6436
6060
6211
6788
5961
3517
1057
-346
-1161
-2488
-4201
-5374
-5593
-5627
-5429
-4408
-2654
-655
610
1936
3903
6041
7355
7074
6483
5986
5522
4500
2718
854
-644
-1594
-2572
-3284
-3773
-3844
-3429
-2802
-1874
-1237
-274
1123
2556
3630
3797
3506
2879
2184
1092
-598
-2556
-4673
-6567
-8265
-9553
-10534
-11190
-11056
-10097
-8779
-7221
-5960
-4949
-3982
-3239
-2926
-3684
-5018
-6379
-7508
-7600
-7286
-8155
-8343
-7936
-5928
-1820
1310
4613
6328
8883
12731
14933
16866
15506
14092
13487
12180
10063
6284
3417
1180
-96
-1620
-2356
-1548
-917
-249
127
2226
5324
6173
5674
4963
5223
5967
4429
1761
-487
-1509
-2267
-4056
-5631
-6397
-6452
-6846
-6604
-5218
-3141
-1213
-507
1092
3445
5313
6001
5338
5324
5598
5099
3946
1923
330
-531
-1449
-2743
-4268
-5258
-5658
-5335
-4573
-3573
-2777
-1804
-161
1483
3016
3560
3394
3472
3619
3026
1462
-480
-2061
-3262
-4560
-5967
-7487
-8519
-9194
-9311
-8929
-8218
-7293
-6319
-5010
-3797
-2839
-2592
-3023
-3982
-5232
-5471
-5438
-6308
-6974
-7433
-5940
-2226
951
4053
5636
8394
12846
15863
18222
16936
15429
15230
14499
12576
8589
5266
3068
1826
-248
-1807
-2053
-1871
-1352
-1652
-167
2412
3155
3016
2820
3820
5037
3842
1444
-431
-1015
-1600
-3749
-5943
-6798
-6772
-7022
-6954
-5984
-4216
-2884
-2529
-1065
1254
3435
4200
3673
4205
5094
5212
3851
1579
-137
-1004
-1928
-3558
-4845
-5746
-6014
-5666
-4976
-4046
-3523
-2543
-983
878
2299
2548
2566
2946
3538
3144
1542
-273
-1726
-3035
-4711
-6513
-8062
-8935
-9271
-9035
-8212
-7222
-6258
-4848
-3239
-1587
-374
-73
-22
-375
-1500
-3088
-4953
-5818
-5835
-7018
-7001
-6760
-4462
-108
2398
5803
8088
11694
15921
17777
18874
17504
16889
16521
14631
10926
6704
3704
1146
-1177
-4194
-5162
-4573
-4183
-3976
-3248
-488
2212
2691
2470
3161
4229
4228
1738
-604
-1169
-1819
-3945
-6661
-7807
-7669
-8034
-8908
-8383
-6280
-3872
-2594
-1425
1546
4508
5844
5727
5802
7069
7552
5890
3338
1718
989
-215
-2327
-3985
-4476
-4731
-5007
-4780
-3691
-2254
-1196
24
1790
3494
4294
4366
4809
5464
5183
3644
1809
371
-1029
-2999
-5232
-6890
-7811
-8418
-8782
-8320
-7001
-5445
-4190
-2787
-982
397
1053
707
154
-708
-2630
-4909
-6785
-7025
-7866
-9022
-9092
-7792
-3403
193
3429
6087
9142
13967
16846
18882
18276
16585
15680
14034
11111
6856
2518
-727
-2943
-5662
-7356
-7614
-6936
-6304
-5738
-3418
-112
1916
2222
3050
4550
5589
4409
1588
-282
-1479
-3276
-5928
-8037
-8477
-8615
-9151
-8681
-6670
-3765
-1591
-17
2454
5564
7569
7806
7541
7727
7896
6596
4239
2282
981
-502
-2448
-4041
-4505
-4429
-4846
-4708
-3569
-2156
-931
162
1773
3742
4927
5190
5412
5586
5143
3814
1923
117
-1588
-3615
-5767
-7585
-8610
-9205
-9672
-9237
-7762
-5740
-3827
-2166
-332
1276
1883
1418
254
-1142
-3022
-5385
-7676
-8068
-8493
-9301
-8908
-8591
-4327
45
3535
7116
9222
14024
17452
19373
19554
17167
15752
14175
10997
6804
2160
-1305
-3238
-5791
-7549
-7898
-6808
-5609
-4832
-2840
314
2959
3397
3940
4950
5601
4490
1249
-965
-2393
-4190
-6598
-8764
-8875
-8506
-8662
-8089
-5906
-2655
-311
1265
3541
6635
8820
8762
7972
8042
8269
6964
4332
2089
883
-402
-2466
-4233
-4518
-3946
-3881
-3679
-2448
-781
308
854
1997
3684
4674
4464
4006
4043
3801
2537
649
-872
-2012
-3489
-5373
-6865
-7469
-7615
-7522
-7180
-6272
-4700
-2927
-1508
-223
1102
1643
1633
1047
-218
-1829
-4130
-6854
-9300
-10079
-9728
-10459
-10523
-9356
-6476
-1390
2584
6073
8972
12251
16107
18258
19449
17621
14577
12928
10872
7755
3167
-1470
-4152
-6156
-7888
-8815
-8438
-7076
-5965
-4443
-1646
1668
2937
2930
3495
4252
4386
2179
-655
-2270
-3599
-5202
-7192
-7792
-7095
-6780
-5998
-4123
-1258
1410
2953
4687
7331
9537
10150
9539
8993
8849
7713
5660
3649
2101
531
-1548
-3186
-3851
-3932
-4312
-4449
-3466
-2019
-1072
-392
978
2923
4128
3987
3822
4243
4319
2928
588
-1160
-2465
-4059
-6114
-7724
-8217
-8497
-8692
-8201
-6781
-4879
-3700
-2904
-1483
35
835
448
-316
-546
-1435
-3160
-5704
-8048
-9306
-9352
-9437
-10100
-9044
-7765
-4116
448
4090
7843
9801
13223
16612
18541
18668
15394
12906
12087
9557
5315
-92
-3653
-4800
-6939
-8587
-9004
-7331
-5135
-4178
-2143
1290
4097
4156
3571
4538
5588
4465
902
-1576
-2108
-2972
-5134
-7210
-6709
-5524
-5270
-4874
-2783
747
2870
3917
5785
8681
10746
10360
9131
8805
8402
6614
4027
1921
568
-1024
-3126
-4548
-4919
-5032
-5455
-5220
-3807
-2352
-1226
-2
1846
3459
3797
3329
3227
3518
2829
771
-1195
-2274
-3289
-4789
-6607
-7655
-7949
-8124
-7956
-6982
-5642
-4383
-3278
-1857
72
901
697
-126
-909
-1503
-2793
-4933
-7686
-9353
-11127
-10682
-9697
-10186
-8424
-7517
-2884
2688
5825
9247
10148
13915
17908
18660
18250
14434
11703
11027
7660
3727
-888
-3688
-4171
-5856
-6553
-6513
-5141
-3877
-2622
-41
2946
5065
4163
4373
5884
5993
4209
631
-649
-1028
-2669
-4773
-6323
-5518
-4817
-4751
-3314
-452
1986
2697
3538
6257
9155
9770
8596
8091
8716
8170
5541
2454
929
-416
-2665
-4846
-5933
-5989
-6460
-6885
-5991
-3974
-2706
-2500
-1633
758
2654
2575
1891
2086
2912
2395
70
-1784
-2511
-3371
-5043
-6853
-7029
-6678
-6922
-7048
-6472
-5054
-3951
-3370
-2372
-630
537
261
-591
-1088
-1523
-3196
-5518
-7971
-9573
-10636
-10663
-10192
-10448
-8916
-7543
-3704
1479
5222
8629
10367
13701
17134
18647
18160
14697
12098
11721
9507
5415
434
-2673
-3075
-4269
-5642
-6276
-4824
-3065
-2073
-169
2649
4730
4277
3952
5021
5633
4371
1294
-393
-658
-1690
-3796
-5550
-4946
-4115
-3822
-2752
-436
2140
3690
5092
7452
9691
10130
9421
9077
9624
8956
6343
3470
1518
-59
-2443
-4681
-5924
-6547
-6753
-6485
-5445
-4120
-3564
-3155
-1575
677
1910
1602
1411
2284
2728
1772
-198
-1541
-2165
-3222
-4934
-6512
-6967
-7383
-7990
-7768
-6502
-5122
-4556
-3963
-2125
-89
984
774
240
585
447
-1255
-3481
-5007
-6825
-8474
-9341
-8715
-8207
-8046
-6817
-4366
918
4842
7391
9656
12661
16879
18772
18966
16881
13996
12588
10450
6760
2574
-1065
-2600
-3634
-5318
-6461
-6341
-5146
-4057
-2667
-326
2261
3088
3034
4034
4644
4121
2013
167
54
-511
-1652
-3190
-3485
-2495
-2243
-1724
-264
1527
2936
4039
5603
7631
8221
7524
6851
6715
6424
4304
1727
-36
-1358
-3156
-5638
-7385
-8205
-8456
-8323
-7838
-6735
-5640
-4706
-3237
-1114
426
783
856
1488
2188
1633
-80
-1794
-2755
-3638
-4973
-6292
-6994
-7191
-7492
-7472
-6765
-5665
-4666
-3756
-2304
-571
481
598
322
414
498
-460
-2163
-3668
-4759
-6092
-7648
-9006
-7739
-6693
-6891
-5182
-3570
1005
5055
7052
9787
10996
13677
15395
15429
15441
12247
9858
8661
5765
2661
-1733
-3846
-3875
-4819
-5618
-6060
-4318
-2045
-714
921
3399
5167
5020
5074
5495
5434
3710
1113
304
-408
-1457
-3139
-4054
-2643
-1943
-1757
-1035
737
2792
3477
4392
6086
7129
7239
6461
5915
5592
4154
1797
-654
-2192
-3647
-5697
-7358
-8012
-7832
-7210
-6693
-5855
-4442
-2909
-1481
-557
604
1622
1852
1829
1521
987
-159
-1745
-2683
-3292
-3801
-4737
-5905
-6278
-5992
-5300
-4616
-3770
-2945
-1848
-420
658
1120
1126
1020
749
290
-399
-1522
-2817
-3735
-4984
-5988
-7144
-6953
-5732
-5985
-4415
-3368
-919
3067
5206
8123
9150
10731
13084
13901
14523
11903
8875
8697
7356
4568
77
-3013
-2529
-2730
-4032
-5308
-4140
-1799
-815
-456
1109
3576
3782
3301
3857
4575
4143
1675
125
331
235
-1129
-2794
-2354
-1181
-1047
-986
57
1551
2090
2458
3541
4816
5267
4154
3607
3528
2614
830
-1563
-2561
-3252
-4482
-5853
-6905
-6997
-6880
-6744
-6004
-4793
-3731
-3081
-2621
-1476
-495
-427
-551
-230
361
189
-789
-1556
-1724
-1685
-1987
-2566
-2570
-2351
-2254
-2255
-1785
-1056
-437
396
1026
1880
1906
1488
1371
1241
1405
424
-590
-978
-1703
-2489
-4109
-5466
-6155
-5008
-4163
-4675
-3937
-3372
-489
2804
4896
6555
7249
9747
12029
13026
12511
9460
8346
8242
6295
3508
-65
-1016
-1040
-2309
-3249
-3428
-2236
-1421
-879
690
2896
3748
3162
3726
4926
5091
3070
898
666
633
-182
-2257
-3086
-2428
-2448
-2698
-2583
-1414
-309
-105
535
1997
2839
2328
1555
1608
1778
775
-1460
-3275
-4043
-4396
-5025
-6045
-6628
-6643
-6008
-5216
-4729
-4440
-4109
-3038
-1579
-524
-194
-95
723
1882
2453
2171
1652
1789
2100
1906
1070
149
-190
-467
-547
-750
-1398
-1587
-1426
-940
-423
-631
-1043
-427
611
1223
1054
447
466
196
-384
-1451
-2994
-4217
-5452
-6785
-5888
-5783
-7180
-6693
-6144
-2421
439
2148
5014
6549
9934
11820
12537
12909
10323
9095
8899
7246
4250
-318
-1954
-1903
-3019
-4299
-5025
-3537
-1870
-1088
-124
1826
3455
3760
4514
5834
6456
4768
2477
1635
1267
430
-2037
-3693
-3375
-3054
-3216
-3651
-3081
-2313
-1857
-877
9
747
701
313
721
853
414
-894
-1973
-2094
-2650
-3702
-4905
-5575
-5658
-5595
-5552
-5155
-4434
-3284
-1868
-466
1046
2175
3142
4093
4996
5449
5088
4342
3801
3435
2685
1280
-258
-1315
-1501
-1776
-2540
-3115
-3242
-2673
-2010
-1911
-1696
-679
477
1397
1455
1566
2073
1833
1099
-341
-2035
-3356
-4812
-6787
-8238
-10287
-9694
-8020
-8477
-6446
-6020
-2675
1884
4099
7385
7759
10441
13420
14095
14389
10882
8536
8729
6776
3755
-593
-2712
-2523
-3548
-4337
-4717
-3345
-1521
-129
1569
3901
5634
5353
5442
6055
6041
4220
1237
-535
-1704
-2711
-4857
-7002
-7571
-7375
-6500
-5887
-4840
-3818
-2627
-562
1213
2388
2453
2512
3104
3027
2231
740
-978
-2318
-3447
-4509
-5089
-5753
-6001
-4639
-3003
-1382
-315
728
2902
4582
5548
5483
4917
5197
5302
4687
3523
2146
1456
707
-398
-1213
-2046
-2241
-2260
-2137
-1508
-1084
-784
-271
575
1296
1680
1795
2088
2481
2021
1382
681
86
-284
-1345
-2111
-3056
-4410
-5446
-6408
-6976
-7434
-8586
-8883
-9454
-7353
-6425
-7339
-5376
-4827
-296
2444
4385
6906
7262
10533
11579
12058
11437
8327
7694
7758
6039
3419
417
456
1014
295
-329
-747
432
1503
2475
3493
4119
3777
2504
2107
1772
172
-2608
-5069
-6119
-6672
-7127
-8249
-8504
-7686
-6234
-4266
-2754
-1262
-486
879
2563
3394
3046
1894
1449
882
-254
-1637
-3302
-4552
-4823
-4547
-3959
-3414
-2827
-1491
380
2076
2933
3082
3387
3735
3889
3332
1971
651
89
403
207
-893
-1584
-1079
216
1399
1802
2501
3768
4973
5732
5311
5015
4538
3981
3681
2469
949
-308
-1080
-1067
-1071
-1691
-2238
-2485
-1865
-1436
-1624
-1820
-2245
-2304
-2859
-3728
-4849
-5841
-6795
-8324
-9598
-10101
-7760
-7802
-7114
-5293
-3389
2447
4374
7751
9351
10931
14933
15448
16496
14088
11200
10359
9001
5564
1017
-2711
-3510
-4024
-5915
-6402
-6679
-5005
-3673
-2582
-752
30
345
-61
551
696
-907
-2840
-4393
-4676
-4997
-5637
-6381
-6652
-5614
-3719
-1674
-375
386
1352
3448
5086
5140
4102
3192
3187
2434
1163
-434
-2117
-3513
-4176
-4112
-4232
-4326
-4447
-3186
-1307
-180
255
572
1806
2632
3199
3285
3200
3626
4345
5423
5719
5559
5269
5351
5658
5415
4509
3419
2630
2057
1675
553
-718
-1729
-2308
-2302
-2531
-3104
-3397
-2997
-2138
-1071
-909
-904
-1294
-2010
-2047
-2802
-3595
-4452
-5492
-5514
-5881
-6023
-5757
-6003
-5136
-4568
-4694
-4425
-1751
-329
633
1975
2414
6153
6804
8571
8513
7302
9568
8700
9407
6419
2660
1908
1284
153
-3610
-5801
-5760
-4586
-4993
-5099
-4038
-2903
-1562
-1021
343
788
246
-833
-1023
-835
-2275
-3245
-4301
-4299
-4011
-3911
-2690
-2274
-1447
2
1899
3634
3522
2720
3002
3666
3035
1321
-327
-876
-1951
-3378
-3780
-3592
-2956
-2294
-721
1308
2982
4124
4937
6418
7457
7759
7328
6376
5723
5340
4808
3654
2243
1667
2370
2820
2919
2657
2821
3620
3913
3697
2396
934
-188
-1070
-1913
-3307
-5083
-6336
-6574
-6436
-6164
-6323
-5839
-4270
-2939
-1773
-1163
-235
863
1441
1799
1282
605
148
-330
-917
-2200
-3444
-3976
-4454
-4648
-5091
-5754
-5755
-6337
-3976
-2876
-3043
-1582
-2012
1871
3460
4894
5859
3885
5565
5640
6510
4607
670
-887
-732
-1073
-3977
-6000
-6412
-4438
-3635
-3044
-1631
-567
1175
2457
4286
4501
3520
1951
1164
1097
-1068
-2846
-4768
-5398
-5336
-5215
-3636
-2625
-1650
-144
2688
5259
5991
5337
5604
6601
6229
5224
3466
2478
1646
1135
1384
1127
678
623
1937
3209
3750
3546
3691
4284
3872
3421
2582
1758
706
-68
-221
-728
-1284
-1817
-1004
-347
152
276
425
1243
971
638
-95
-882
-1737
-2692
-3259
-3663
-4323
-4604
-3521
-2461
-1740
-1409
-817
193
276
130
-147
-429
-851
-1743
-1906
-2065
-2113
-2568
-2746
-1770
-1191
-977
-1048
-1108
-1320
-1581
-2549
-3770
-5443
-7386
-8806
-7381
-6794
-7071
-6087
-5460
-817
1236
4371
6390
6146
8506
9183
11074
8980
4839
2692
2676
2128
-554
-3414
-4305
-2665
-1893
-524
202
651
1300
2660
4478
4162
2923
1396
1136
376
-1472
-2203
-2818
-2903
-3286
-2258
206
1553
1589
2189
4823
6952
6948
5084
4517
4222
2951
1377
-323
-1586
-3114
-3084
-1856
-915
-1236
-1328
74
1227
1417
345
-505
-1090
-1937
-2468
-3031
-3680
-4273
-3742
-1983
-181
906
1690
3198
5105
6332
6386
5584
4290
3086
1850
376
-1600
-4023
-5345
-5542
-5464
-5392
-5402
-4343
-2190
-388
1023
1716
2194
2595
2728
2737
1750
324
-780
-970
-823
-950
-1584
-1765
-1224
-646
199
-291
-659
-1586
-1954
-2085
-3396
-4706
-6597
-7612
-7351
-5374
-5665
-4686
-4226
-2201
1758
3850
7538
6606
6856
7971
9878
10082
5619
2348
1581
2739
1362
-440
-2065
-1294
-29
1080
2553
2042
1552
1468
2696
2194
214
-1559
-2686
-3130
-4744
-4651
-3611
-3002
-2395
-1147
1750
3873
4447
4032
4709
4946
4010
2265
135
-1093
-2856
-3290
-3377
-3927
-4225
-3398
-745
1406
2516
3276
4107
4276
3407
2026
461
-1247
-3262
-4567
-4883
-4797
-4730
-3845
-1686
217
2099
3761
5300
6114
6147
6315
5370
3294
792
-1030
-2439
-3881
-5319
-6223
-5975
-5469
-4432
-3542
-2547
-1193
134
1806
2636
2810
2523
2773
3067
2411
1712
1247
1192
854
862
706
550
-101
-927
-1275
-1991
-2540
-3796
-4400
-4729
-4899
-5115
-5185
-4950
-5245
-5198
-4807
-1949
-1548
-1256
-970
-795
2289
3463
6181
5390
4098
4953
6544
7938
5191
2548
1510
2688
2142
1182
-156
-523
87
183
803
-723
-1667
-1711
-1150
-2058
-3881
-4387
-4236
-4102
-4527
-3363
-1680
-365
736
1945
3892
5261
5903
5621
4797
3786
3151
2170
609
-986
-2280
-1895
-1636
-1622
-1483
-585
787
1553
2029
2049
1892
1324
691
-381
-1686
-2674
-3075
-3114
-2987
-2484
-1346
149
1396
2444
3302
4083
4123
3563
2890
2015
745
-464
-1248
-1763
-2250
-2570
-2213
-1787
-1211
-398
-114
112
564
1244
1430
847
316
63
216
350
432
285
542
997
1429
1578
1432
971
286
18
-887
-1713
-2726
-3485
-4363
-5272
-5514
-5914
-5812
-6059
-5876
-6073
-6089
-6138
-4910
-2906
-2369
-445
-666
1051
2911
4992
7251
5400
5302
5302
6701
6228
3626
1325
373
123
-816
-1258
-2346
-1838
-1154
-37
191
-75
136
728
529
-752
-1301
-1847
-1512
-1733
-2035
-1711
-1003
795
2441
3249
4225
5299
6095
6165
5126
4180
3333
1920
702
-489
-1181
-1008
-828
-435
-3
563
1348
1562
975
454
-201
-1049
-2446
-3845
-4262
-4341
-4127
-3538
-2371
-697
1115
2798
4158
4801
5092
5000
4651
3811
2504
1052
-387
-1265
-1902
-1806
-1773
-1495
-771
38
1102
1286
1109
781
357
-49
-938
-1626
-2116
-2315
-2341
-2219
-1794
-981
10
644
958
864
985
510
-42
-1050
-2143
-2919
-3475
-4071
-4460
-4436
-4888
-4292
-4267
-3846
-3623
-3655
-3361
-4321
-3962
-2608
-1635
-411
-87
869
2628
4036
6074
6731
6532
5757
5405
5121
3391
1139
-204
-452
-1208
-1735
-1293
-727
-372
606
1929
2641
1340
624
1335
1379
493
-1142
-1556
-1164
-765
598
1816
2213
3035
4351
5994
6119
5038
4257
3422
2191
48
-2164
-3740
-4429
-4719
-4740
-4436
-3972
-2906
-1515
-574
-256
-616
-950
-961
-1429
-2241
-2967
-3354
-2895
-2006
-974
334
1553
3207
4994
6251
6461
6273
6033
5562
4633
2946
1229
-130
-692
-749
-938
-1446
-1516
-1268
-970
-1245
-2300
-3023
-3599
-3859
-4305
-4962
-5171
-4789
-3837
-2996
-2398
-1676
-555
649
1420
1323
1037
753
325
-27
-631
-1183
-1409
-1256
-994
-674
-493
15
440
397
86
-612
-1151
-2094
-2833
-3663
-3704
-3092
-2323
-625
66
1194
2302
3807
5619
5989
6080
5358
4850
4397
2858
1096
-312
-1161
-692
-269
-171
9
403
1833
2813
2892
1824
633
83
-351
-1122
-2573
-3434
-3315
-2365
-1149
-645
-353
32
555
1315
1014
118
-782
-1740
-2076
-2753
-3590
-3798
-3407
-1833
-154
1040
2276
3226
4218
4804
4676
3894
2819
1900
914
124
-609
-907
-690
-297
372
947
1515
2093
2443
2666
2335
1501
465
-788
-2000
-3138
-4100
-4888
-5258
-5333
-5059
-4480
-3952
-3179
-2719
-2495
-2344
-2158
-1748
-1120
-612
-319
326
694
1303
2111
2285
1941
1981
2415
2117
1769
1490
1369
1429
1677
1766
1270
771
487
707
723
488
2
-126
266
673
941
935
1160
1459
2024
2453
2701
2457
2188
2123
1689
1091
119
-483
-684
-644
-554
-461
-437
-544
-364
-313
-445
-894
-1387
-1463
-1245
-1149
-1234
-1269
-1023
-429
-166
-291
-628
-927
-1125
-1269
-1475
-1666
-1563
-1134
-443
110
571
864
1165
1380
1466
1564
1481
1365
1197
1194
1348
1481
1481
1341
1271
1151
874
403
-174
-754
-1111
-1179
-1288
-1299
-1277
-1028
-499
-126
75
54
-81
-247
-468
-789
-1000
-1203
-1361
-1382
-1273
-1046
-1078
-1057
-811
-421
-104
-7
-51
-14
-68
-377
-588
-892
-897
-749
-583
-366
-240
16
372
743
948
1321
1540
1708
1690
1483
1340
1175
1172
1176
1289
1104
965
1048
1339
1657
1647
1558
1472
1599
1585
1387
939
363
-122
-460
-621
-824
-840
-730
-527
-404
-555
-742
-1033
-1025
-944
-1047
-1040
-914
-573
-293
-163
-105
118
318
506
476
218
-29
-364
-730
-1240
-1637
-1816
-1659
-1523
-1354
-1453
-1683
-1856
-2151
-2073
-1984
-1801
-1625
-1452
-1156
-750
-109
373
870
1399
1851
2095
1804
1379
1039
919
913
753
513
373
438
545
529
496
608
756
853
750
479
173
-299
-788
-1078
-1321
-1437
-1462
-1561
-1607
-1617
-1549
-1298
-953
-510
36
372
544
632
534
348
112
21
32
238
590
867
1036
1168
1307
1336
1355
1171
804
521
348
211
110
125
317
742
1037
1248
1327
1318
1561
1641
1544
1347
1139
882
539
260
13
-120
-260
-261
-235
-126
43
9
-225
-516
-634
-693
-639
-374
-8
364
458
254
-73
-472
-809
-1084
-1279
-1386
-1417
-1507
-1529
-1599
-1733
-1602
-1323
-1000
-717
-594
-579
-594
-665
-713
-957
-1172
-985
-703
-334
-37
196
548
819
1015
1058
994
969
1042
1120
1056
761
322
44
-138
-337
-753
-1189
-1325
-1118
-796
-643
-589
-584
-459
-356
-402
-543
-646
-631
-601
-463
-369
-271
74
529
837
977
1033
1154
1330
1459
1416
1207
1014
816
574
469
443
471
536
637
800
752
636
569
469
298
109
-56
-44
-41
-120
-277
-683
-701
-575
-278
206
798
1474
2046
2659
2893
2863
2474
1958
1244
434
-210
-639
-883
-1230
-1267
-1007
-715
-706
-835
-1003
-952
-696
-662
-754
-897
-777
-411
-171
-310
-450
-232
51
166
279
109
-211
-85
156
228
466
906
1244
1177
951
615
-35
-770
-1106
-951
-952
-986
-728
-334
-280
-347
-368
-708
-916
-648
-420
-459
-352
-70
239
121
-62
-123
-281
-186
-129
-241
-455
-588
-408
-275
-389
-523
-617
-566
-612
-680
-572
-581
-550
-569
-712
-627
-365
-64
-13
15
205
303
349
251
23
-159
-181
-75
84
98
125
246
431
403
300
349
361
604
924
1093
953
702
620
618
585
335
182
249
358
505
462
248
193
278
415
484
468
532
664
788
710
369
48
-157
-227
-262
-359
-266
-86
52
176
248
272
149
23
-180
-408
-586
-901
-1114
-1197
-1203
-1023
-825
-709
-701
-747
-778
-909
-1149
-1397
-1678
-1781
-1656
-1512
-1301
-1163
-756
-109
461
1070
1385
1502
1517
1418
1400
1158
746
598
650
941
1153
1175
1334
1468
1762
1804
1375
835
295
-110
-483
-942
-1379
-1562
-1325
-918
-686
-523
-366
-100
143
119
-51
-384
-648
-790
-904
-990
-1064
-947
-646
-360
-134
-34
30
160
338
465
482
475
490
491
301
80
-38
-63
-9
145
326
446
510
509
426
292
234
207
199
288
423
546
665
765
835
871
905
905
803
600
383
283
246
221
287
371
487
628
725
770
644
497
350
142
-53
-395
-744
-935
-1148
-1323
-1390
-1560
-1706
-1838
-1893
-2033
-2239
-2201
-2170
-1880
-1546
-1287
-850
-335
255
736
1028
1246
1397
1507
1437
1141
1003
864
856
940
860
887
928
1004
1017
922
817
630
445
396
260
49
-150
-272
-311
-495
-654
-813
-947
-990
-941
-832
-770
-591
-305
4
148
248
406
499
501
375
274
203
96
54
76
86
83
28
-35
-117
-204
-329
-530
-600
-588
-481
-246
-26
158
330
502
650
652
468
224
131
194
57
-45
29
139
371
739
964
912
1051
1249
1283
1225
1099
939
812
740
641
435
236
114
112
103
-146
-322
-474
-605
-615
-593
-681
-811
-690
-575
-715
-846
-953
-1005
-992
-1065
-1107
-1118
-959
-785
-673
-498
-349
-217
-55
-58
-84
-60
-122
-106
-112
-16
38
112
284
352
462
487
493
425
268
79
-115
-252
-381
-506
-612
-724
-865
-912
-915
-918
-879
-759
-491
-165
119
342
457
456
386
220
-68
-331
-513
-555
-565
-547
-434
-218
114
364
538
688
750
679
500
195
-119
-388
-571
-692
-728
-622
-434
-100
195
430
655
827
885
852
792
767
750
784
876
984
1093
1088
1108
1079
999
892
836
816
696
651
658
652
625
643
602
440
223
-41
-301
-580
-816
-995
-1079
-1043
-907
-744
-641
-545
-433
-329
-367
-436
-500
-580
-612
-640
-609
-534
-414
-230
-66
64
150
211
277
241
168
89
-46
-192
-370
-477
-513
-518
-460
-325
-152
50
198
363
531
613
653
574
498
395
260
117
-64
-233
-351
-404
-450
-506
-528
-485
-417
-337
-322
-365
-371
-411
-489
-560
-629
-641
-600
-501
-342
-162
26
199
340
481
573
620
679
711
749
735
700
644
538
473
430
368
266
177
201
236
184
143
101
44
-8
-67
-140
-219
-237
-200
-187
-153
-130
-50
127
244
345
458
568
638
705
725
655
537
422
330
202
73
-108
-233
-304
-377
-420
-497
-547
-554
-512
-501
-539
-531
-497
-477
-425
-396
-379
-297
-198
-101
-19
23
38
53
91
137
142
193
224
229
259
210
151
74
6
-48
-78
-86
-73
-7
71
101
95
118
89
51
12
-3
-47
-92
-67
-43
-17
-4
11
22
48
54
75
82
76
107
126
123
104
147
241
303
314
330
336
330
297
221
152
83
32
5
1
22
16
32
50
35
32
-26
-121
-196
-270
-336
-395
-413
-436
-459
-383
-307
-274
-232
-175
-120
-87
-77
-51
53
187
297
378
457
505
547
558
480
341
217
128
12
-137
-289
-391
-453
-518
-584
-614
-615
-601
-560
-493
-447
-385
-332
-268
-200
-189
-180
-161
-79
13
101
208
301
367
443
462
431
384
312
262
165
104
56
39
56
58
95
117
99
58
-6
-71
-148
-222
-264
-317
-316
-245
-156
-66
27
154
291
353
361
339
296
249
195
150
95
88
136
191
200
200
218
229
196
101
16
-37
-78
-117
-123
-99
-46
18
88
113
107
128
123
97
31
-29
-51
-90
-140
-194
-221
-230
-261
-259
-247
-247
-229
-207
-157
-111
-98
-79
-84
-106
-154
-187
-185
-201
-204
-159
-92
-33
20
66
120
164
207
198
174
163
148
169
196
230
278
340
371
344
247
122
-11
-141
-270
-412
-491
-494
-458
-379
-295
-221
-135
-76
-46
-86
-196
-304
-399
-465
-530
-571
-510
-383
-237
-55
118
277
401
501
554
549
529
495
464
434
400
392
404
381
346
304
258
185
85
4
-84
-153
-210
-281
-344
-384
-417
-444
-467
-478
-446
-362
-277
-182
-80
37
144
223
283
271
267
284
276
241
223
264
345
432
504
578
634
642
548
424
258
52
-129
-294
-451
-613
-688
-701
-724
-731
-714
-653
-575
-523
-441
-313
-192
-65
83
246
388
500
598
655
641
589
523
462
400
351
361
416
470
512
551
540
461
317
129
-109
-358
-584
-806
-971
-1074
-1102
-1068
-982
-875
-764
-635
-500
-402
-335
-264
-196
-93
-7
77
184
309
452
567
667
728
747
753
745
703
636
564
498
406
266
114
-26
-143
-262
-359
-429
-472
-489
-464
-404
-347
-293
-268
-249
-265
-312
-365
-405
-424
-410
-361
-256
-121
35
239
424
596
720
789
819
786
719
605
453
331
212
98
-4
-116
-203
-278
-324
-367
-424
-472
-487
-464
-427
-412
-387
-348
-329
-342
-377
-372
-363
-330
-261
-184
-109
-12
141
324
466
573
682
755
779
760
727
677
616
543
490
426
334
243
149
67
-40
-158
-276
-406
-525
-612
-653
-659
-640
-575
-490
-437
-395
-362
-313
-255
-185
-116
-70
-14
51
115
194
255
300
344
363
381
379
358
347
353
375
370
341
324
307
266
193
87
-32
-171
-308
-409
-484
-542
-557
-505
-423
-351
-274
-165
-63
25
96
148
183
190
197
210
218
209
198
202
184
137
117
117
134
149
156
176
177
169
164
142
104
35
-54
-135
-231
-308
-369
-417
-422
-410
-379
-355
-326
-287
-253
-212
-172
-141
-105
-48
24
103
149
180
206
220
210
171
152
141
129
137
152
151
159
190
238
270
267
260
240
196
128
56
-10
-90
-161
-197
-232
-276
-310
-332
-339
-348
-361
-375
-378
-363
-314
-231
-138
-54
42
139
221
287
325
357
373
377
360
321
284
251
225
220
221
217
211
196
182
154
111
59
6
-44
-95
-155
-210
-276
-339
-384
-422
-439
-436
-405
-347
-267
-188
-117
-36
45
103
149
193
221
256
285
306
314
309
305
298
297
278
227
183
140
83
23
-40
-103
-162
-214
-251
-286
-310
-326
-322
-304
-311
-331
-341
-335
-317
-288
-249
-202
-145
-80
-4
68
117
151
204
260
291
313
352
394
419
434
426
392
341
276
206
122
29
-67
-139
-185
-231
-264
-288
-296
-298
-282
-261
-250
-221
-187
-159
-131
-110
-101
-93
-80
-54
-26
4
41
103
174
213
244
274
284
288
288
266
220
164
121
90
51
15
-14
-37
-72
-122
-168
-211
-252
-268
-270
-279
-284
-274
-241
-208
-178
-140
-92
-37
15
68
121
154
180
201
214
211
192
177
152
118
88
52
33
35
44
57
63
57
56
55
46
21
-15
-46
-93
-135
-176
-228
-264
-277
-282
-278
-267
-231
-179
-119
-51
13
67
102
128
158
172
152
143
137
129
112
85
71
53
51
68
94
115
124
142
159
152
136
121
104
89
61
22
-28
-71
-95
-119
-141
-159
-178
-186
-201
-220
-227
-228
-213
-185
-138
-90
-55
-10
44
95
129
143
146
144
143
138
111
78
52
37
37
36
43
70
104
128
150
158
152
132
105
76
30
-36
-103
-159
-207
-255
-292
-297
-285
-258
-218
-171
-120
-69
-8
38
72
94
111
133
154
161
162
155
146
137
133
133
128
131
133
125
108
72
33
5
-14
-37
-61
-84
-107
-118
-144
-180
-212
-223
-219
-226
-229
-228
-208
-167
-131
-105
-91
-72
-36
10
56
97
143
190
231
275
295
294
288
277
258
213
152
92
46
8
-23
-38
-41
-42
-40
-29
-26
-38
-58
-80
-93
-111
-123
-136
-150
-164
-173
-166
-157
-139
-114
-77
-28
22
78
121
152
185
199
200
200
199
197
193
177
167
156
141
