-68
66
180
191
94
55
49
-37
-8
94
249
414
529
603
585
475
354
265
168
149
126
56
-31
-137
-115
23
107
74
-67
-210
-306
-358
-350
-316
-218
-74
33
162
264
384
451
375
341
349
376
415
355
214
99
62
172
383
571
639
504
290
161
83
-98
-308
-425
-494
-457
-282
-202
-335
-334
-248
-172
-169
-249
-218
-192
-162
-153
-186
-243
-248
-278
-426
-568
-630
-689
-627
-443
-234
-170
-178
-248
-396
-370
-238
-144
-53
103
419
1456
2162
1942
1497
669
318
-21
-906
-1409
-1206
9
721
907
965
283
361
320
-275
-302
-164
151
985
1604
1463
865
436
-88
-746
-1019
-1188
-1327
-1358
-1075
-753
-917
-1143
-1377
-1591
-1379
-1299
-931
-721
-94
631
454
629
610
409
150
-194
-144
-142
-6
340
582
946
1078
918
872
461
63
74
135
123
107
433
759
1072
1312
1233
1278
1391
1538
1602
1087
684
697
513
458
604
627
695
943
982
752
534
692
603
517
476
-88
-125
-120
-376
-700
-1066
-1060
-1290
-1705
-1922
-2355
-2673
-3099
-3596
-4116
-4699
-5114
-5360
-6206
-5370
-2955
-1985
-775
-2174
-2769
-366
-17
-269
-1593
-1226
1459
2221
2367
1532
2710
4821
3859
3479
3263
3783
4209
2627
2191
3841
4589
4513
3761
3023
3730
3165
1912
281
-33
26
-1162
-1491
-2352
-2144
-1647
-2631
-2113
-1896
-1537
-800
-1833
-1512
-438
-249
-99
-273
69
725
1316
1918
2013
2634
3139
2925
3204
3171
3546
4035
3781
3734
3560
3685
3885
3285
2495
2426
2106
1139
46
-918
-1872
-2938
-3822
-4976
-5686
-6746
-8017
-9275
-10064
-11047
-9455
-6322
-4922
-3187
-5501
-5611
-1925
-1374
-2055
-4285
-3869
-766
376
636
-418
2469
5710
4743
3955
3622
5089
5807
3823
2844
5242
6860
6697
5310
3508
4968
6033
4540
2767
1917
1320
226
-1811
-4414
-4841
-4479
-4979
-5625
-5994
-5042
-3800
-4189
-5304
-4363
-2976
-2262
-1713
-1362
544
2943
4299
4905
5529
6174
5801
5061
4335
4339
4517
3518
3136
3373
4265
5351
5437
5695
6490
6881
6527
5434
4057
3064
1804
403
-475
-1324
-2272
-3224
-3996
-4884
-5325
-6368
-8240
-9684
-11241
-12919
-14127
-15429
-15329
-10328
-6662
-3601
-1939
-2932
725
3796
3103
352
-1878
-480
627
508
-530
207
5382
6881
5600
4701
5117
6687
5138
1304
527
2572
2513
1827
703
1402
4819
5582
3858
2960
3235
2998
1380
-1461
-3593
-3918
-4473
-5491
-5820
-4884
-2751
-1143
-1427
-1126
481
746
-297
-1030
-733
665
1590
1733
2856
5401
6882
6544
5972
6375
7383
6333
3900
2116
1381
1456
1100
857
1860
3465
4572
4861
5148
5407
5099
3582
1736
246
-1558
-3355
-5178
-6610
-7261
-7160
-7398
-7499
-7089
-7365
-8182
-9624
-11052
-11616
-12380
-13220
-9627
-6416
-4435
-2660
-3734
-400
4022
4461
1660
-498
899
680
-564
-2723
-3170
1549
2855
1807
2569
5103
8165
8138
5488
4928
7672
6780
4287
2757
2320
4600
5192
3537
3016
4366
4459
2881
728
-1290
-1530
-2667
-5305
-6748
-7081
-6546
-5680
-5868
-5119
-2580
-1212
-1529
-1678
-913
1122
1915
1303
1855
3331
4780
5115
4530
4621
5861
5913
4705
4201
4546
4638
4399
4061
4192
5054
5144
4738
4812
4893
5008
4309
2571
1477
235
-1699
-3431
-5020
-6101
-6449
-6950
-7651
-7875
-8215
-8624
-9424
-10475
-11661
-12150
-13267
-12099
-7886
-6506
-4422
-4200
-3612
1020
3089
1743
-830
-634
1011
1009
-140
-2221
-157
2938
2192
2073
3064
5752
7454
6181
4832
6703
8655
6966
5365
4148
4685
5873
4369
2158
2324
2993
2269
803
-1039
-1131
-778
-2380
-4297
-4891
-4302
-3243
-3496
-4493
-3543
-2173
-2314
-2902
-2634
-959
1022
1981
2635
4701
6414
6219
5629
5137
6093
6858
5514
4161
3701
4265
4613
4280
4102
4591
5531
5473
5293
5258
4976
4268
2390
683
-306
-1654
-3705
-5993
-7456
-7634
-7544
-7930
-8352
-8424
-8733
-9436
-10701
-11601
-12368
-13086
-14531
-13285
-9383
-8275
-6613
-6460
-4953
335
2328
845
-159
1529
3255
2983
1401
328
3294
5272
3829
3245
4254
6932
7714
6177
5357
7497
8880
7504
6651
6084
6518
7005
5032
3151
3533
3519
2296
679
-977
-1203
-1148
-2123
-2999
-3177
-2828
-2689
-3235
-4166
-3476
-2657
-3149
-3221
-2800
-1254
510
1388
2785
4894
6313
6505
6211
6354
7351
7157
4939
3388
2804
2696
2312
1133
710
1016
2049
2719
3285
3960
4016
3580
2419
1805
938
-742
-2867
-5268
-6334
-6457
-6692
-7144
-7837
-7789
-7631
-7927
-8359
-8836
-9850
-10916
-12612
-12406
-9347
-8716
-7999
-7959
-6876
-1979
783
169
-472
1440
3381
3544
2598
1405
2919
4004
2065
334
1178
4004
4699
3663
2974
5511
8631
8545
7986
8065
8960
9502
8109
5775
5523
5189
2594
731
-473
-424
126
-869
-1672
-1391
-633
-448
-731
-1359
-1301
-1272
-2537
-3104
-3107
-2958
-2279
-2189
-1207
547
1899
2664
3218
4562
5874
6198
5092
3986
3378
2780
1792
518
-115
-219
327
1029
1576
2336
2720
2768
3131
3161
2177
494
-1822
-3725
-4916
-6306
-7286
-8197
-8885
-8681
-8458
-8180
-8107
-8300
-9035
-9265
-9946
-9280
-6977
-7333
-6892
-6909
-6826
-3775
-1653
-1407
-1310
585
2496
3283
3337
2226
3296
4734
4090
3291
3839
5887
6433
5705
4492
5661
8046
7814
7263
7097
7991
9410
9284
8116
8078
8061
6335
4654
3200
2239
1458
-757
-2696
-3167
-3183
-3433
-4009
-4806
-4548
-3556
-3883
-3831
-3453
-3623
-3383
-3487
-3541
-2874
-1923
-1361
-592
702
2091
3028
3153
3590
3952
3998
3438
1964
1269
1076
945
991
856
1530
2534
3117
3602
3805
3318
2535
1280
-467
-1409
-2456
-3943
-5129
-6200
-6826
-7083
-7656
-8140
-8385
-8657
-8812
-9333
-9705
-8317
-7501
-7555
-7250
-7067
-4904
-2015
-1259
-2079
-1399
589
1694
1774
772
965
2963
3578
2840
2526
4390
6364
6450
5954
6435
8881
10204
9283
8383
8729
9621
9825
8384
6762
6790
6113
4471
3222
2201
2021
1109
-769
-1939
-2549
-2906
-3409
-4420
-5074
-4414
-4125
-4169
-3919
-4061
-3676
-3171
-2840
-2552
-1989
-1459
-1273
-743
150
1142
1835
2384
2558
2680
3121
2543
1888
1905
2035
2458
2337
2159
2334
2429
2290
2140
2095
1934
1323
-4
-996
-1554
-2530
-3874
-5284
-6285
-6702
-7251
-8361
-9177
-9307
-9187
-9363
-9989
-8930
-7662
-7342
-6982
-7249
-5711
-2765
-1647
-2134
-1503
640
2272
2734
2247
2610
4597
5328
4194
3650
5466
6871
6590
5921
6208
9068
10765
9695
8860
9502
10418
10241
8549
6985
6996
6209
3985
2288
1533
1441
379
-1578
-2661
-2866
-2918
-3569
-4597
-4745
-3824
-3841
-4644
-4953
-4859
-4395
-4476
-5032
-4895
-4018
-3392
-3202
-2649
-934
1173
2102
2279
2903
4049
4456
3382
2139
1839
1981
1813
1063
802
1525
1757
1306
1289
1766
2158
1799
500
-369
-465
-1160
-2378
-3569
-4257
-4267
-5093
-6515
-7286
-7693
-8130
-8926
-9868
-10095
-8450
-7282
-7670
-7550
-6816
-4625
-2250
-1905
-2411
-1153
1085
1930
2043
2091
2985
4746
4683
3462
3766
5682
6618
5849
5300
6090
8305
9051
8014
8026
9546
10934
10824
9840
9309
9663
9068
6814
4682
3498
2571
602
-1542
-2695
-3153
-3344
-4181
-5345
-5409
-4591
-4344
-4558
-4768
-4802
-4140
-4080
-4780
-4926
-4639
-4322
-4382
-4446
-3722
-2156
-1127
-906
-294
938
2009
2004
1820
1890
2031
2067
1390
940
1290
1444
1094
1106
1584
1911
1580
930
562
384
9
-908
-1819
-2132
-2628
-3558
-4531
-5300
-5604
-5966
-6869
-7792
-8136
-7349
-6334
-6535
-6697
-6322
-5104
-3330
-2759
-2937
-2038
122
1484
1755
2227
3218
4650
5165
4639
4468
5483
6190
5174
4399
4784
6004
6911
6673
6592
7765
9233
9761
9708
9611
9914
9868
8584
7040
5913
4678
2490
-232
-2357
-3592
-4310
-5381
-6761
-7246
-6400
-5680
-5553
-5452
-5038
-4174
-3864
-4232
-4235
-3530
-3035
-2977
-3138
-2835
-1706
-1211
-1679
-1666
-769
258
630
375
479
1020
1471
1671
1723
2268
3011
2821
2448
2557
2564
2075
1162
565
460
276
-573
-1376
-1674
-1921
-2437
-3638
-4551
-4971
-5459
-6467
-7309
-7269
-6591
-5694
-5953
-6163
-5440
-4503
-3352
-2957
-3247
-2672
-1137
-160
338
1306
2482
4159
5274
5130
5044
5889
6678
5900
4738
4256
4655
5243
4947
4540
5383
7128
8163
8529
8885
9614
10232
9599
8264
7141
6165
4363
1744
-557
-2044
-2969
-4392
-6205
-7045
-6631
-5989
-6141
-6335
-5842
-4910
-3877
-3579
-3609
-3034
-2313
-2235
-2331
-2022
-1609
-1446
-1780
-2297
-2283
-1853
-1979
-2494
-2364
-1734
-1027
-479
-135
569
1676
2388
2667
3019
3183
3007
2742
2410
2328
2049
1203
339
-386
-969
-1737
-2845
-3644
-4149
-4902
-5682
-6101
-6147
-5647
-4842
-4608
-4252
-3724
-3427
-2895
-2360
-2643
-3082
-2361
-1422
-783
-161
395
1514
2902
3483
3363
3713
4759
4976
4266
3886
4441
5416
5707
5289
5549
7043
8220
8451
8340
8490
8973
8836
7923
7061
6553
5623
3788
1732
264
-754
-1933
-3391
-4825
-5372
-5333
-5829
-6391
-6408
-5863
-5226
-5141
-5310
-4951
-3880
-3449
-3875
-4084
-3688
-3170
-3296
-3731
-3789
-3086
-2373
-2600
-2860
-2264
-1554
-1310
-1273
-959
-92
808
1005
1264
2220
3350
4177
4476
4553
4400
3809
2915
1930
1179
370
-875
-2130
-2811
-3211
-3580
-3942
-4385
-4473
-4067
-3520
-3548
-3649
-3497
-3237
-2644
-2085
-1854
-1725
-980
-215
-106
288
997
1876
2926
3046
2661
3129
4042
4309
4066
3957
4635
5725
5937
5724
6263
7535
8296
8162
7832
8054
8547
8086
6860
5855
5404
4545
2630
744
-340
-1067
-2288
-4059
-5399
-5688
-5772
-6623
-7378
-7164
-6257
-5617
-5722
-5600
-4888
-4151
-4000
-4371
-4047
-3160
-3106
-4056
-4790
-4522
-3997
-3785
-3871
-3487
-2286
-1454
-1328
-904
268
1546
2440
3000
3902
5155
5909
5735
5304
5152
4784
3936
2669
1650
1009
21
-1123
-1892
-2011
-2141
-2742
-3334
-3662
-3562
-3566
-3586
-3643
-3776
-3501
-3227
-2654
-1683
-1178
-1352
-1488
-942
-368
-163
-52
300
1196
1930
2108
2302
3003
3624
3419
3118
3508
4526
5182
4823
4595
5400
6498
6877
6729
6843
7324
7239
6393
5654
5351
5020
3713
1828
682
70
-1020
-2577
-3969
-4656
-4787
-5343
-6261
-6461
-6096
-5788
-5818
-5827
-5157
-4331
-4021
-4187
-4192
-3726
-3379
-3749
-4233
-4088
-3801
-3784
-4046
-3924
-3080
-2333
-2039
-1687
-813
261
1130
1795
2721
4008
4830
4975
5226
5766
5988
5425
4269
3475
2990
2187
1141
399
62
-425
-1172
-2010
-2423
-2507
-2883
-3584
-3725
-3079
-2732
-2808
-2940
-2800
-2201
-1919
-2117
-2074
-1425
-833
-835
-618
2
950
1797
1971
1958
2526
3352
3391
3047
3139
3821
4526
4691
4717
5280
6315
6904
6810
6865
7437
7850
7489
6568
5706
5192
4340
2690
1121
27
-966
-2184
-3587
-4631
-5205
-5821
-6653
-7228
-7265
-7032
-6966
-7000
-6731
-6249
-5791
-5493
-5309
-4932
-4231
-3718
-3692
-3655
-3493
-3207
-3106
-3288
-3136
-2576
-1922
-1345
-946
-324
783
1878
2691
3672
4748
5446
5768
5708
5761
5866
5398
4362
3318
2632
2054
1290
491
336
572
556
305
42
-176
-511
-1116
-1739
-1817
-1841
-2414
-3173
-3708
-3768
-3577
-3725
-4122
-3851
-2831
-2116
-1827
-1268
-350
627
1308
1476
1893
2948
3629
3424
3158
3555
4403
4699
4223
3970
4443
5150
5221
4991
5350
6083
6236
5608
4896
4582
4257
3106
1669
810
254
-810
-2387
-3854
-4745
-5230
-6121
-7358
-7974
-7863
-7795
-7882
-7889
-7527
-6977
-6624
-6341
-5815
-4930
-4214
-3957
-3863
-3468
-3008
-2803
-2914
-2914
-2183
-1275
-556
190
1334
2714
3913
4811
5488
6361
7240
7569
7593
7670
7595
7111
6131
5055
4435
4075
3577
2864
2361
2284
2063
1469
768
156
-337
-1028
-1968
-2836
-3063
-3079
-3771
-4488
-4869
-4838
-4518
-4603
-4950
-4577
-3336
-2448
-2111
-1430
-348
809
1511
1496
1546
2435
3103
2786
2470
2793
3547
3874
3449
3148
3708
4313
4167
3778
3907
4420
4477
4012
3772
4030
4129
3295
1919
1020
380
-808
-2507
-4040
-5126
-6063
-7319
-8645
-9210
-9133
-9057
-9057
-8578
-7557
-6499
-5803
-5466
-4970
-4104
-3234
-3008
-2996
-2391
-1655
-1229
-1000
-645
161
1101
1595
1793
2481
3536
4316
4853
5620
6759
7687
8226
8396
8679
9146
8896
8033
7168
6424
5562
4399
3160
2369
1987
1380
601
-100
-776
-1435
-2281
-3242
-4069
-4608
-4779
-4903
-5303
-5604
-5652
-5391
-4765
-4352
-4296
-3895
-2926
-2217
-1804
-1229
-418
695
1509
1693
1905
2558
3135
2968
2503
2535
2892
2774
2206
1742
1894
2491
2748
2568
2687
3393
3908
3814
3347
3055
2825
1875
336
-953
-1846
-2923
-4473
-6099
-7109
-7409
-7767
-8449
-8756
-8319
-7568
-7228
-6981
-6166
-5029
-4195
-3708
-3014
-1740
-349
230
93
409
1412
2211
2484
2601
3165
3965
4389
4526
4811
5481
6000
6110
6386
6969
7475
7675
7708
7821
8068
7934
7167
6401
5782
4839
3472
2081
1141
523
-250
-1285
-2260
-2666
-2861
-3386
-4150
-4792
-5244
-5592
-5869
-6322
-6650
-6539
-6366
-5965
-5309
-4933
-4552
-3657
-2601
-1938
-1342
-619
226
1143
1653
1774
2038
2545
2432
1636
1200
1480
1770
1326
668
616
1170
1381
927
694
1169
1771
1550
859
619
794
563
-480
-1573
-1964
-2175
-3152
-4480
-5230
-5309
-5327
-5915
-6534
-6326
-5560
-5174
-5097
-4459
-3241
-1909
-1156
-688
353
1608
2376
2565
2701
3267
4054
4253
4010
4038
4228
4316
4250
4087
4097
4348
4452
4495
4908
5566
6121
6497
6774
6869
6585
5921
5053
4064
3014
1892
715
-320
-1164
-1811
-2346
-2623
-2674
-2738
-2912
-3215
-3597
-4122
-4691
-4986
-4936
-4966
-5104
-4974
-4600
-3955
-3365
-3275
-3222
-2531
-1705
-1496
-1332
-676
251
1023
1270
1315
1693
2342
2378
1749
1438
1622
1742
1219
511
227
332
147
-563
-945
-704
-384
-474
-765
-653
-236
-130
-446
-713
-543
-522
-1089
-1949
-2538
-2752
-3211
-4083
-4730
-4561
-3900
-3342
-2909
-2032
-692
403
972
1506
2406
3317
3785
3723
3710
4050
4226
3981
3703
3855
4268
4293
3994
3918
4099
4232
4078
3765
3734
4067
4064
3687
3548
3648
3562
3037
2434
1960
1452
764
-42
-584
-870
-1106
-1623
-2173
-2406
-2641
-3001
-3369
-3515
-3620
-3781
-3965
-4094
-4113
-4344
-4575
-4516
-4270
-3992
-4000
-4185
-4017
-3353
-2799
-2616
-2315
-1863
-1306
-830
-654
-447
-8
234
-83
-579
-765
-618
-842
-1414
-1697
-1540
-1104
-876
-916
-641
146
880
1369
1836
2371
2776
2896
2724
2499
2302
1884
1289
763
464
264
-41
-482
-711
-590
-389
-259
-118
218
647
1097
1536
2033
2530
2869
3136
3235
3321
3388
3045
2494
2077
1851
1677
1492
1119
818
883
1018
1002
885
1044
1452
1870
2103
2211
2347
2424
2313
2024
1836
1690
1343
742
228
39
-107
-387
-732
-916
-1003
-1308
-1876
-2461
-2881
-3376
-4084
-4728
-4948
-5173
-5717
-6081
-6145
-5910
-5594
-5552
-5575
-5114
-4491
-4276
-3978
-3399
-2611
-1766
-1396
-1267
-718
-26
71
-246
-284
115
484
362
185
512
1140
1500
1666
2156
3013
3806
4038
4234
4810
5347
5495
5155
4795
4676
4491
3785
2815
2147
1705
1076
114
-623
-784
-905
-1413
-1829
-1669
-1164
-860
-907
-825
-227
381
543
377
345
663
954
892
558
508
549
382
172
121
424
825
1037
1090
1439
2044
2294
2218
2192
2422
2604
2586
2426
2328
2437
2422
2085
1521
1082
688
202
-357
-869
-1136
-1375
-1705
-2157
-2557
-2928
-3432
-4014
-4657
-5022
-5309
-5788
-6195
-6476
-6482
-6241
-6115
-6184
-5818
-4976
-4363
-4131
-3974
-3399
-2638
-2109
-1748
-1131
-51
777
1005
1178
1786
2478
2700
2609
2823
3571
4255
4435
4563
5214
5998
6277
6181
6348
6817
6935
6390
5774
5644
5643
4974
3745
2822
2468
1967
767
-441
-1049
-1335
-1978
-2930
-3543
-3547
-3393
-3658
-3947
-3634
-2884
-2550
-2764
-2783
-2310
-1742
-1581
-1614
-1207
-412
182
276
341
794
1435
1729
1728
2010
2409
2559
2374
2181
2395
2563
2311
1913
2025
2450
2510
2174
1748
1497
1059
206
-839
-1718
-2269
-2758
-3408
-3833
-4030
-4265
-4663
-5120
-5444
-5668
-5693
-5841
-6245
-6488
-6488
-6348
-6107
-5839
-5407
-4619
-3505
-2616
-1984
-1160
-231
625
1401
2116
2925
3900
4638
4903
5174
5843
6449
6587
6551
6537
6603
6543
6268
5981
5861
5851
5542
5181
5036
4913
4590
3931
3208
2642
2034
1152
158
-581
-1128
-1828
-2830
-3809
-4393
-4759
-5135
-5571
-5682
-5318
-4817
-4526
-4302
-3808
-3064
-2288
-1749
-1204
-416
379
935
1352
1842
2356
2583
2528
2560
2833
3061
3041
3001
3166
3348
3388
3233
3020
2950
2811
2469
2081
1854
1673
1259
637
70
-473
-1118
-1991
-2838
-3345
-3605
-4057
-4767
-5355
-5582
-5662
-5768
-5907
-5935
-5769
-5535
-5248
-5140
-5012
-4797
-4619
-4282
-3787
-3289
-2767
-1981
-1100
-564
-203
241
866
1581
2232
2842
3690
4767
5421
5598
5720
5924
6106
5937
5514
5252
5207
4837
4141
3565
3206
2844
2208
1551
1171
1013
681
74
-548
-948
-1139
-1564
-2072
-2274
-2268
-2437
-2903
-3307
-3390
-3297
-3343
-3473
-3313
-2838
-2403
-2210
-2046
-1616
-1010
-537
-305
0
619
1248
1465
1564
1924
2214
2196
1968
1749
1757
1746
1471
1172
1168
1289
1304
1330
1522
1758
1814
1541
1195
1108
942
446
-174
-691
-1147
-1729
-2420
-2852
-3147
-3412
-3750
-4100
-4124
-3920
-3681
-3543
-3269
-2852
-2458
-2249
-2007
-1661
-1618
-1767
-1903
-1880
-1549
-1176
-1102
-960
-298
368
629
977
1543
2180
2696
2979
3368
4062
4738
4788
4470
4409
4517
4249
3514
2794
2454
2237
1605
814
341
200
-81
-603
-834
-663
-401
-467
-837
-899
-572
-433
-635
-815
-843
-867
-1183
-1706
-1967
-1929
-1969
-2167
-2163
-1696
-973
-504
-265
345
1251
2014
2299
2289
2408
2513
2459
2114
1733
1545
1390
970
382
42
-176
-566
-1091
-1464
-1561
-1546
-1624
-1802
-1844
-1568
-1297
-1248
-1242
-1126
-950
-884
-928
-810
-513
-239
-139
-247
-257
-103
-17
-109
-164
-47
113
182
199
347
535
596
461
347
412
266
-178
-648
-921
-920
-884
-1013
-1161
-966
-803
-977
-1069
-906
-546
-282
-210
-117
73
332
295
56
169
476
649
575
398
423
598
612
502
614
1027
1349
1276
1061
1053
1150
1143
1046
1086
1387
1694
1690
1526
1541
1710
1727
1486
1403
1599
1709
1442
1002
830
968
968
592
239
168
156
-108
-516
-711
-630
-638
-1016
-1432
-1475
-1356
-1477
-1776
-1899
-1746
-1666
-1855
-2041
-1902
-1662
-1524
-1429
-1261
-915
-666
-671
-742
-597
-264
-55
63
277
588
833
976
1153
1517
1912
2025
1973
1982
1952
1710
1369
1128
1083
1077
873
505
68
-358
-775
-1115
-1307
-1513
-1625
-1749
-1964
-2144
-2331
-2478
-2470
-2307
-2252
-2337
-2288
-1996
-1594
-1263
-1071
-767
-219
222
345
448
680
947
1048
1066
1302
1709
2085
2245
2374
2617
2904
3135
3232
3434
3670
3638
3284
2861
2610
2487
2273
1894
1635
1480
1216
833
456
292
166
-70
-446
-856
-1114
-1354
-1701
-1980
-1996
-1918
-1916
-2085
-2321
-2485
-2608
-2792
-2974
-3048
-3011
-3025
-3130
-3104
-2944
-2669
-2423
-2173
-1809
-1427
-1144
-1007
-847
-519
-96
242
513
907
1289
1420
1350
1378
1581
1822
2062
2305
2446
2541
2556
2544
2555
2496
2364
2071
1792
1524
1256
986
662
459
238
-136
-578
-994
-1286
-1538
-1711
-1828
-1873
-1802
-1798
-1860
-1854
-1688
-1459
-1400
-1365
-1188
-1063
-976
-769
-370
77
393
583
834
1231
1537
1726
1902
2213
2599
2822
2908
3015
3141
3285
3232
3027
2941
2851
2655
2364
2162
2021
1812
1452
1069
811
499
92
-444
-853
-1025
-1329
-1785
-2218
-2499
-2672
-3000
-3482
-3785
-3813
-3838
-3958
-3941
-3774
-3620
-3544
-3409
-3130
-2783
-2432
-2151
-1858
-1547
-1281
-1123
-1036
-961
-858
-871
-1004
-959
-731
-544
-408
-116
362
862
1228
1484
1795
2184
2470
2585
2678
2806
2912
2964
2900
2847
2873
2675
2307
1938
1582
1305
984
709
606
515
380
303
337
361
311
180
36
98
319
562
654
670
722
754
807
770
725
681
501
264
77
-126
-345
-555
-718
-728
-620
-475
-345
-217
-114
-17
129
384
603
686
714
625
510
453
438
429
342
80
-214
-396
-625
-834
-1134
-1517
-1744
-1816
-1838
-1869
-1886
-1825
-1790
-1807
-1828
-1716
-1507
-1401
-1344
-1290
-1241
-1265
-1359
-1442
-1477
-1513
-1693
-1876
-1955
-1892
-1708
-1678
-1707
-1558
-1221
-902
-698
-534
-300
-17
163
302
441
603
694
698
829
1213
1712
2049
2206
2321
2485
2646
2723
2795
2866
2809
2647
2486
2550
2778
2773
2505
2163
1932
1688
1351
1136
1063
1056
987
798
645
609
513
339
202
51
-169
-394
-589
-676
-697
-883
-1161
-1330
-1354
-1234
-1098
-945
-744
-503
-229
-39
96
209
186
83
21
-63
-137
-229
-322
-372
-468
-580
-810
-1170
-1413
-1586
-1678
-1655
-1731
-1816
-1877
-2056
-2223
-2321
-2429
-2592
-2696
-2743
-2685
-2551
-2445
-2301
-2145
-1978
-1874
-1835
-1793
-1675
-1468
-1206
-923
-597
-292
-58
163
398
675
891
1200
1656
2084
2476
2838
3110
3362
3610
3745
3806
3825
3808
3829
3854
3786
3563
3228
2856
2460
2066
1711
1357
947
529
209
-7
-193
-327
-469
-655
-850
-1088
-1307
-1380
-1307
-1181
-1121
-1186
-1220
-1233
-1193
-1089
-1015
-984
-972
-915
-828
-715
-586
-447
-308
-193
-99
-34
77
256
425
490
538
637
720
691
622
625
545
359
102
-42
-68
-175
-365
-535
-666
-800
-1053
-1429
-1741
-1967
-2182
-2382
-2430
-2327
-2193
-2071
-1985
-1719
-1292
-926
-636
-352
-76
76
142
134
110
145
123
57
25
97
300
528
722
964
1246
1541
1852
2136
2441
2625
2620
2459
2294
2215
2098
1878
1590
1402
1188
932
731
635
623
592
553
510
417
332
288
282
333
370
383
297
108
-75
-189
-249
-249
-215
-192
-172
-209
-180
-146
-213
-292
-375
-324
-247
-202
-123
-144
-198
-229
-225
-238
-334
-499
-652
-693
-711
-818
-983
-1137
-1204
-1222
-1245
-1285
-1371
-1358
-1262
-1260
-1372
-1561
-1767
-1953
-2041
-2037
-1939
-1855
-1811
-1644
-1381
-1193
-1067
-928
-745
-417
-82
216
436
592
775
947
1063
1140
1239
1308
1348
1303
1323
1413
1490
1567
1631
1717
1762
1805
1842
1912
1950
1888
1762
1666
1559
1398
1213
1046
973
894
782
557
318
149
46
-60
-146
-213
-275
-277
-302
-337
-411
-476
-494
-389
-228
-116
-40
-39
-61
-85
-165
-227
-271
-325
-401
-488
-511
-558
-585
-552
-496
-468
-546
-615
-719
-847
-877
-872
-825
-770
-765
-795
-889
-996
-1049
-1127
-1107
-978
-855
-796
-811
-853
-965
-1034
-977
-891
-783
-658
-546
-460
-448
-508
-575
-576
-531
-430
-224
-64
4
-2
15
42
52
111
177
284
433
464
343
212
216
371
516
637
683
672
661
622
634
741
869
1014
1201
1431
1639
1697
1651
1616
1663
1648
1589
1507
1433
1346
1184
1083
1073
1182
1233
1116
942
821
808
786
670
541
480
416
263
55
-123
-293
-553
-845
-1040
-1148
-1275
-1394
-1403
-1378
-1423
-1593
-1802
-1901
-1821
-1681
-1654
-1750
-1831
-1806
-1750
-1732
-1686
-1535
-1453
-1455
-1348
-1107
-859
-773
-761
-610
-338
-154
-93
-78
-13
129
213
279
501
770
975
1153
1307
1421
1346
1196
1197
1275
1252
1075
892
794
765
723
606
516
478
421
296
138
62
72
36
-34
-17
110
223
220
147
110
95
36
-59
-128
-105
-76
-99
-85
72
305
468
507
562
684
781
777
749
824
901
886
886
982
1067
1012
836
680
627
606
506
337
200
73
-50
-199
-346
-421
-539
-733
-1009
-1281
-1424
-1533
-1604
-1658
-1693
-1717
-1755
-1762
-1741
-1663
-1566
-1448
-1312
-1201
-1141
-1137
-1081
-866
-611
-386
-167
-29
18
45
141
320
528
762
963
1129
1232
1246
1199
1174
1200
1208
1162
1063
940
771
624
523
444
417
413
408
429
414
336
278
236
213
112
-20
-161
-202
-212
-290
-371
-481
-550
-524
-424
-334
-179
-32
112
244
333
437
539
669
840
1041
1195
1202
1098
1047
1107
1187
1192
1124
1043
971
876
754
634
532
512
478
390
249
39
-214
-456
-607
-739
-894
-1057
-1207
-1385
-1582
-1745
-1868
-1910
-1896
-1801
-1648
-1484
-1365
-1342
-1310
-1198
-1092
-1010
-916
-815
-667
-545
-469
-414
-302
-105
83
233
360
515
699
867
1052
1257
1410
1518
1552
1596
1670
1757
1803
1747
1565
1298
1006
745
550
372
202
-12
-289
-643
-963
-1200
-1358
-1458
-1512
-1551
-1590
-1631
-1610
-1507
-1417
-1337
-1273
-1156
-1022
-884
-756
-580
-358
-171
-13
187
420
622
794
934
1033
1093
1180
1274
1433
1638
1784
1864
1908
1960
1960
1978
2047
2075
1944
1690
1407
1175
1044
894
707
513
343
89
-236
-549
-855
-1128
-1404
-1713
-1973
-2103
-2138
-2139
-2128
-2088
-2048
-2058
-2066
-2011
-1928
-1860
-1754
-1611
-1496
-1358
-1215
-1063
-900
-755
-590
-347
-110
74
222
383
584
767
903
1015
1127
1260
1414
1562
1651
1657
1669
1654
1564
1457
1355
1219
1077
860
563
319
140
5
-137
-292
-402
-530
-700
-866
-953
-1026
-1132
-1242
-1315
-1356
-1385
-1353
-1230
-1045
-861
-673
-483
-252
-16
163
362
509
561
583
618
730
881
1012
1128
1233
1312
1421
1514
1576
1570
1490
1347
1192
1120
1086
1054
962
810
631
459
240
10
-179
-359
-591
-851
-1029
-1129
-1180
-1252
-1313
-1331
-1352
-1339
-1270
-1174
-1094
-1046
-1054
-1031
-960
-902
-865
-823
-769
-747
-735
-699
-622
-541
-449
-351
-251
-112
32
159
242
298
345
384
484
608
627
563
480
444
449
474
460
422
414
424
388
335
310
272
267
216
182
180
206
254
279
333
350
305
237
232
266
309
380
486
586
634
669
718
847
985
1068
1078
1056
1040
994
893
794
777
722
626
567
498
373
206
43
-23
23
16
-77
-171
-212
-218
-247
-323
-393
-422
-491
-533
-521
-519
-554
-610
-640
-601
-579
-600
-611
-604
-555
-495
-455
-377
-240
-85
14
57
54
39
35
49
97
120
144
160
166
166
144
50
-119
-268
-420
-588
-737
-866
-943
-969
-998
-1047
-1091
-1117
-1097
-997
-866
-719
-502
-309
-209
-181
-142
-116
-129
-160
-193
-149
-149
-193
-219
-215
-157
-67
98
303
431
520
590
666
804
944
1012
1059
1127
1109
975
831
745
685
682
668
613
558
463
377
394
496
517
413
241
49
-141
-337
-558
-711
-790
-826
-818
-841
-873
-911
-920
-884
-810
-701
-623
-595
-611
-594
-505
-434
-407
-385
-353
-249
-135
-26
92
209
288
300
317
265
224
289
389
515
584
605
587
584
629
637
590
519
404
232
69
-42
-65
-125
-294
-432
-492
-518
-526
-490
-433
-381
-324
-284
-237
-158
5
225
374
408
446
452
443
486
576
613
583
596
648
744
828
897
983
1036
1002
920
835
812
839
843
841
805
794
787
734
684
629
524
342
155
33
-69
-188
-287
-375
-516
-704
-848
-944
-1044
-1115
-1172
-1185
-1150
-1165
-1206
-1211
-1163
-1066
-946
-788
-623
-439
-170
77
236
301
278
258
232
194
141
111
123
127
111
33
-13
-28
-79
-190
-285
-349
-396
-390
-344
-316
-335
-340
-370
-406
-418
-405
-384
-393
-441
-526
-570
-601
-652
-675
-696
-662
-524
-355
-169
9
191
400
581
681
800
1009
1175
1264
1335
1380
1392
1407
1415
1426
1431
1398
1357
1295
1184
1046
886
735
599
536
538
491
415
333
282
207
76
-65
-199
-339
-439
-477
-475
-441
-422
-472
-571
-685
-795
-902
-973
-957
-913
-906
-928
-953
-922
-861
-834
-798
-713
-609
-547
-479
-398
-340
-341
-334
-279
-174
-68
-6
29
47
60
32
-11
-71
-60
-20
-20
-66
-111
-92
-54
-22
-15
13
36
25
-14
-59
-76
-93
-117
-173
-244
-281
-318
-340
-342
-298
-256
-262
