SAMPLES:	5980
BITSPERSAMPLE:	16
CHANNELS:	1
SAMPLERATE:	16000
NORMALIZED:	FALSE
-257
-16
-85
-10
105
-142
9
111
19
-154
15
-187
-365
-164
-94
-237
16
250
38
200
420
342
307
481
118
-126
51
-32
-226
-146
-100
-156
354
254
-71
97
130
-48
108
95
-169
-20
23
114
123
142
273
12
21
104
50
-28
-169
84
-458
-388
-51
-441
-477
-170
-439
-215
125
-58
-188
-44
-22
-147
393
-78
-196
-65
29
-330
183
157
-134
146
25
305
180
275
-133
-69
214
66
70
10
-30
-20
-5
18
-50
-128
-53
44
-270
50
4
-12
320
69
190
-72
-71
-88
-410
-207
-361
-569
-248
-270
-496
-200
12
-260
22
-46
-333
-242
-161
-149
-80
189
-237
6
137
-32
378
354
175
154
488
206
510
350
57
182
296
350
-14
292
133
336
456
362
180
164
29
-130
99
-193
1
-204
-119
-178
83
315
206
321
140
129
-30
57
-151
-179
-164
-181
-163
-48
17
-190
-166
-23
-243
-78
-46
-171
-50
-111
-192
-147
174
196
73
95
149
182
190
238
71
75
163
39
-80
-150
-276
-448
-268
-119
-218
-144
-218
-130
-58
-25
-126
-284
-466
-412
137
-197
-177
-109
-192
-107
58
45
-257
-70
-281
-37
107
215
278
219
455
414
398
171
218
-306
-334
-109
-257
-44
270
339
52
356
346
322
526
319
211
35
-4
-69
-44
-120
-278
-123
-373
-72
-130
-487
-246
36
35
160
123
-77
-204
-297
-192
-187
-100
-147
43
-42
-90
12
349
128
102
160
-141
126
179
442
461
405
296
163
470
399
226
-81
-94
-198
-249
-125
-58
278
100
291
242
106
-81
-142
-47
-117
-229
-435
-267
-266
-34
-110
-311
-271
-151
-509
-311
-88
-207
-101
-109
-140
-221
59
-76
37
-413
-324
-208
-179
166
592
599
542
895
95
189
375
13
94
55
-72
-213
43
-116
94
91
-29
115
-87
29
-363
121
-16
44
95
-211
-6
-254
-61
-391
-156
-333
-343
-119
-249
-59
-239
190
105
194
177
35
0
-86
36
-253
-185
-192
-207
-121
-4
248
405
404
493
412
371
373
488
299
130
77
-111
-75
-136
-155
-179
-47
-45
60
101
-16
-244
-122
88
-215
111
-126
-194
-54
-16
-60
-21
188
-629
-462
-500
-307
-376
-155
-172
-355
382
-48
228
60
-101
-354
-359
-16
-376
88
255
301
250
335
308
208
609
690
574
297
270
255
316
477
416
439
61
41
118
-17
46
120
-87
-272
-313
-6
31
91
376
-107
-2
225
322
98
277
130
-112
15
3
42
-122
168
-261
-474
-721
-648
-297
-315
-105
-361
-63
-31
282
492
514
275
-22
179
-31
417
331
398
135
227
310
347
1185
567
-81
-279
-507
-264
6
-190
-914
-766
-408
-156
-145
-206
22
-310
-160
-205
-267
-315
-321
-345
-400
119
9
-230
-221
-362
-553
-438
-556
-613
-544
-469
-166
70
353
393
117
436
513
688
814
669
567
446
832
402
463
403
258
370
337
238
-33
152
-19
186
178
-117
-237
-385
-321
-538
-373
-390
-394
-252
-315
-475
-443
-242
-435
-217
-256
-407
-396
-443
-330
-325
-277
-394
-425
-51
92
321
191
13
40
50
119
150
137
116
324
231
386
482
678
380
285
241
-126
-7
-24
-144
-208
-49
-335
97
340
158
323
151
213
133
195
119
285
498
349
363
407
283
379
359
179
321
304
330
462
655
650
652
676
835
843
779
565
374
549
674
648
529
553
495
658
502
468
256
-124
14
-187
-309
-558
-694
-894
-684
-304
-548
-624
-760
-919
-1031
-825
-1040
-1352
-1141
-1201
-1213
-1413
-1577
-1532
-1412
-1066
-919
-916
-920
-1084
-1174
-1120
-1089
-1054
-1324
-1578
-1820
-1731
-1471
-988
-647
-466
-192
181
898
1188
1476
1344
902
532
149
-150
-407
-311
29
200
469
818
1104
1629
1958
2262
2305
2201
2256
2047
1886
1791
1414
977
978
964
715
711
429
254
392
392
443
896
1368
1307
1437
1488
1441
1276
1140
744
473
474
191
-82
-100
-223
8
615
759
1042
787
483
450
788
684
301
5
-271
-314
-144
168
-68
-125
-102
-565
-819
-704
-960
-1359
-1180
-1303
-1864
-2181
-2690
-2966
-2760
-2779
-3140
-3262
-3170
-3190
-3242
-3557
-3900
-4186
-4142
-3872
-3875
-3546
-3509
-2992
-1134
738
1829
1840
1838
2644
3402
3534
2202
635
79
-129
-496
-1083
-1173
-760
88
968
2116
3364
4329
4711
4316
4346
4519
4062
2895
1286
410
254
-12
-808
-1886
-2142
-1592
-901
-405
-149
8
297
538
775
981
856
227
-631
-995
-1068
-1116
-1088
-1180
-780
276
1027
1830
2253
2376
2627
2733
2678
2193
1573
1053
399
296
338
207
502
858
1241
1482
1881
2069
2017
2097
1835
1034
305
-134
-1082
-1390
-1562
-2156
-2331
-2187
-2011
-1689
-1213
-1350
-1618
-1372
-1510
-1952
-2206
-3003
-3760
-4339
-5194
-5973
-6497
-6133
-5470
-5063
-4329
-4075
-2185
904
2828
3599
3321
4111
5921
6825
5875
3627
2383
2112
1477
-140
-1800
-2353
-2078
-1371
-561
1130
2874
4072
4572
4969
6326
6907
5704
3411
1432
858
275
-1031
-2627
-3620
-2999
-2285
-1833
-1162
-339
575
1394
2006
2402
2141
1147
-222
-1306
-1598
-2131
-3234
-4210
-4496
-3867
-2862
-2374
-1798
-854
497
1913
2489
2749
2763
2631
2473
1944
1373
570
-409
-1010
-1320
-1306
-1180
-1323
-1189
-333
496
761
624
610
602
813
357
-309
-803
-1038
-1144
-1521
-1469
-1625
-1475
-1598
-1593
-1871
-2326
-2854
-3625
-4604
-5264
-6514
-8102
-8672
-8775
-7560
-7069
-6423
-5324
-3148
819
3649
4778
5283
6134
8460
9802
9402
7272
5220
4977
4114
2611
368
-586
-600
-56
787
1878
3812
5265
6111
6626
7948
9063
7787
5643
3787
2942
2258
-267
-2983
-4829
-4685
-4303
-4537
-4079
-2931
-1411
-209
710
1615
2355
2151
1288
521
361
-235
-2061
-4077
-4950
-4940
-4555
-4883
-5061
-4082
-2254
36
1336
2426
3526
4568
5388
5433
4635
3346
2037
1281
507
-332
-1194
-1765
-1226
-276
566
874
1085
1583
2109
2099
1310
161
-589
-1186
-2059
-2874
-3411
-3529
-3171
-3049
-3373
-3732
-4299
-4814
-5494
-6426
-7920
-9379
-10322
-9982
-8849
-8394
-7562
-6151
-2701
1813
4641
6259
7485
9893
12566
12679
10982
8275
6725
5651
3551
955
-1299
-2091
-2616
-2239
-1176
769
2552
3625
5094
7152
9580
9814
7810
5815
4621
3732
1162
-2577
-5206
-6248
-6188
-6715
-7030
-5997
-4444
-2950
-1597
190
2224
3123
3026
2911
3424
3859
2460
-96
-1566
-1690
-1960
-3085
-4792
-5076
-4020
-2459
-1434
-970
356
1845
3154
4417
5114
5151
4812
4304
3897
2899
1261
-630
-1583
-1159
-927
-1447
-1691
-866
290
953
551
-439
-985
-936
-1080
-1724
-2283
-2977
-3337
-3429
-3699
-4307
-5404
-6165
-6602
-7272
-8297
-8944
-9236
-8150
-7211
-7238
-6084
-3747
543
4207
6108
8054
10265
13389
14627
13008
10924
8910
7591
4837
1252
-1796
-3861
-4770
-5655
-5475
-4232
-2001
-247
1444
4081
6707
8112
7235
5924
5263
4375
2253
-1588
-4684
-6091
-6854
-7517
-8324
-7748
-6111
-4490
-2873
-885
1503
3322
3967
4409
5235
5632
4486
2091
109
-937
-1885
-3406
-4981
-5520
-4739
-3778
-2814
-1578
69
2359
4194
5369
6049
6027
5992
5493
4718
3683
1914
542
-343
-769
-1306
-1959
-2210
-1767
-990
-833
-1354
-1734
-1715
-1881
-2202
-2770
-3522
-4141
-4828
-5575
-6015
-6729
-7595
-8385
-9205
-9381
-9833
-9567
-8885
-8947
-7441
-5324
-1628
3035
5664
7905
10259
13701
16786
16471
14274
11574
10162
8741
5237
986
-2032
-3274
-4124
-4745
-4618
-3316
-1907
-526
1571
4479
7168
7322
6132
5957
6204
5240
1785
-1954
-3581
-4216
-5035
-6794
-7739
-6406
-4622
-3106
-1282
1165
3667
5093
6172
7483
8299
7835
5658
3579
2613
1212
-1368
-4111
-5635
-5371
-4942
-4830
-4415
-3277
-890
1430
3221
4809
5699
6207
6437
6463
5653
3524
1426
-67
-985
-2232
-3943
-5200
-5053
-4219
-4077
-4495
-4754
-4188
-3629
-3514
-3796
-4383
-4580
-4722
-5282
-5900
-6709
-7918
-8897
-9511
-10527
-11387
-11890
-11111
-9908
-9119
-7261
-4614
605
6365
9503
12002
14751
18404
20890
19741
16826
13563
11595
9051
4358
-66
-3105
-4525
-5408
-5975
-5676
-4431
-2995
-1404
1019
4046
6172
5725
4742
4995
4945
3328
-228
-3389
-4692
-5497
-6548
-8322
-8594
-7057
-5884
-4307
-1966
955
3528
4979
6404
8118
9309
8552
6200
4629
3994
2318
-568
-3056
-4084
-3754
-3632
-3815
-3395
-1751
495
1966
3700
5510
6476
7120
7411
7341
6530
5001
3533
2452
1752
289
-1904
-3256
-3636
-4263
-5444
-6637
-7182
-6993
-6846
-6986
-7188
-7043
-6685
-6597
-6505
-6270
-6850
-7793
-8337
-9415
-10533
-11699
-11827
-10804
-10365
-9087
-7106
-2632
3994
8166
11072
14183
18370
22252
22191
19627
16551
14808
12951
8215
2818
-1168
-3638
-5612
-7112
-7533
-6559
-5112
-3714
-1455
1704
4749
5185
4432
5098
5511
4397
1064
-2592
-4138
-5237
-6802
-8952
-9916
-8378
-6838
-5537
-3514
-825
2006
3901
5538
7428
8847
8664
6885
5570
5471
4467
1735
-970
-2457
-2650
-2744
-3388
-3278
-1788
337
1862
3064
4754
5735
6235
6836
6983
6759
5607
4092
3142
2405
1126
-1184
-2745
-3125
-3877
-5375
-7035
-8196
-8658
-8810
-9652
-10446
-10385
-9805
-9293
-8967
-8642
-9012
-9493
-9423
-9924
-11034
-11292
-10756
-10497
-9506
-8280
-6086
-588
4632
8010
10976
14790
19522
22208
22128
19818
17561
16685
13974
9005
4238
865
-1544
-3582
-4757
-5331
-4958
-4030
-2668
-28
3420
5084
4650
5268
6639
6739
4383
851
-1301
-2495
-3935
-6369
-8488
-7870
-6720
-6163
-4979
-3044
-653
927
2437
4536
6446
7484
6712
5741
6380
6238
3992
1105
-845
-1583
-2774
-4371
-5089
-4497
-2705
-1124
-17
2038
3991
5061
6068
6914
7073
6018
4657
3865
3366
2249
-28
-2227
-2904
-3197
-4576
-6476
-7700
-8261
-8967
-9791
-10498
-10695
-10139
-9708
-9205
-8410
-8144
-8340
-8759
-8717
-9117
-10562
-11502
-10559
-10041
-9866
-8762
-7229
-1505
4499
7484
10552
14159
19330
22560
22353
20376
17569
16441
13896
9057
4500
676
-2184
-4595
-5680
-5802
-5706
-5082
-3596
-1087
2183
3857
3116
3753
5574
6069
4391
1036
-860
-1540
-2769
-4730
-7119
-7034
-5849
-5659
-4525
-2688
-597
1016
2172
4404
6408
7099
6428
5243
5983
6305
4002
1240
-416
-524
-969
-2627
-3592
-3035
-1586
-50
841
2371
4510
5607
6582
7806
8727
8267
6805
5899
5131
3853
1294
-1763
-2955
-3270
-4696
-6912
-8241
-8145
-8173
-8808
-9395
-9391
-8551
-7528
-7409
-7273
-6878
-7117
-7053
-7178
-7801
-9223
-11391
-12597
-12373
-11638
-11884
-11384
-9100
-4634
1838
6306
9656
13535
18108
22907
24751
23419
20100
17706
16022
11957
6091
394
-3353
-5292
-6461
-7532
-7946
-6864
-5066
-2719
402
3399
4194
4057
5530
6806
6481
3704
55
-1364
-2097
-3792
-6769
-9028
-8451
-7530
-6567
-4964
-3023
-664
1181
3409
5938
7460
7262
5839
5580
6134
4642
1183
-1728
-2764
-3072
-4326
-5868
-6074
-4746
-2712
-1049
763
3468
5323
6730
8616
9945
9744
7963
6742
6327
5174
2330
-1183
-2775
-2934
-4257
-6897
-8706
-8412
-7743
-8124
-8714
-8582
-7492
-6483
-6215
-5622
-5031
-5029
-5234
-5290
-5668
-7134
-9610
-11618
-12925
-13042
-12806
-14445
-13310
-10331
-6482
587
5019
8621
13305
18002
23409
24964
23629
20542
18130
17267
13025
6641
999
-2415
-4369
-6351
-7816
-8238
-7304
-5527
-2868
455
3774
4642
4405
6755
8713
8056
4731
1212
549
-238
-2837
-6499
-9014
-7953
-7095
-6962
-5609
-3809
-1283
832
3437
6504
7847
7837
7206
7334
7843
5486
1317
-1136
-2083
-2861
-4961
-7238
-7043
-5424
-3362
-1674
-266
2280
4451
6517
8566
9207
8821
7821
7653
7473
5556
2599
-49
-1283
-2234
-4498
-6965
-8156
-8213
-8055
-8388
-8432
-7604
-6861
-5817
-4350
-3472
-3287
-3398
-3270
-2734
-3334
-5892
-8677
-10084
-11881
-13669
-13892
-14888
-13605
-11038
-8766
-1861
4244
8114
12161
16306
22295
25075
24037
20950
18158
17271
13541
6889
726
-3045
-5714
-8444
-10259
-10676
-9804
-8233
-5606
-2037
2341
4240
3972
6444
9022
8999
6011
2165
1171
264
-2289
-5896
-8713
-7904
-6974
-6873
-5408
-3303
-490
1838
4545
7858
9108
9234
8756
8767
9420
6842
2336
-510
-1792
-3275
-6329
-9035
-9053
-7571
-6001
-4574
-2789
656
3829
5903
8331
9837
9958
8917
8234
8046
6146
3069
-30
-1533
-2223
-4806
-7852
-9249
-8656
-7677
-8111
-7976
-6567
-4759
-3063
-2298
-1435
-619
-604
-751
-955
-1787
-4349
-7218
-9074
-11122
-13269
-16639
-16891
-14890
-14685
-11947
-9207
-3372
5221
9471
13462
17703
22274
25235
24351
22518
19076
16055
12171
6418
1153
-3640
-7373
-9987
-10805
-10728
-10331
-9003
-5771
-1441
1845
4438
5218
6479
8703
7960
5906
2980
500
-1021
-3926
-6236
-8550
-9603
-8527
-8264
-6544
-3830
-1288
2128
5022
8246
10702
11264
11356
10235
8732
6937
3102
-545
-3161
-5551
-7189
-8938
-9597
-8702
-7078
-4607
-2559
-7
3367
6039
8373
9881
10428
10355
9801
8966
7074
4442
1929
-724
-2842
-4584
-6773
-8212
-8814
-8781
-8159
-7544
-6491
-5053
-3162
-1154
-175
540
754
298
-181
-1974
-4281
-6699
-9050
-10813
-13505
-16064
-16948
-14691
-12995
-12112
-9400
-6200
1575
8647
11467
14302
17267
21830
23596
21761
18005
13550
11543
8063
2516
-3138
-7583
-9721
-10561
-10512
-10337
-9589
-7382
-3740
136
3749
5622
5547
7377
9398
8540
5401
1354
-592
-1530
-3617
-6361
-8605
-7615
-5505
-4195
-1840
813
3773
6351
8849
11697
12613
12047
10701
9468
8672
5446
419
-2854
-4386
-5717
-7957
-10269
-10178
-8585
-6606
-4717
-2913
225
3207
5585
7968
9287
9509
8812
8287
7813
5577
2351
-636
-2449
-3591
-5914
-8373
-8968
-8037
-7267
-7404
-6830
-4568
-2397
-1268
-891
-403
835
620
-565
-1432
-3085
-5025
-7549
-9277
-10142
-12417
-14675
-16068
-13319
-10253
-10521
-8353
-5116
2039
9659
11447
13645
16849
20695
22438
20294
17398
13585
10986
7929
3098
-1886
-6345
-8999
-9911
-9203
-9067
-9023
-7359
-3826
149
2638
4144
4188
5669
7992
7237
4839
1760
104
-514
-2262
-4219
-6427
-6232
-4309
-3057
-990
1120
3678
6630
9184
11703
12053
10962
9904
8441
7083
4359
-138
-3275
-4744
-6239
-7977
-9894
-9898
-8014
-6147
-4194
-2756
-399
2705
4657
6030
6599
6730
6846
6578
5941
4015
1600
-694
-2776
-3990
-5833
-7947
-8578
-7817
-6744
-6257
-5802
-4617
-3006
-1440
-843
-1123
-758
-658
-1136
-1909
-3545
-4661
-5713
-6660
-7820
-9954
-10945
-11447
-11549
-10269
-8806
-8244
-6249
-3096
174
5351
9033
10887
13139
15683
18635
19017
16756
13292
10505
9517
6116
259
-4709
-6776
-7139
-8220
-9445
-9442
-7171
-3902
-1376
937
3676
5186
5123
5729
6511
5556
2979
726
444
365
-1213
-3819
-4697
-2042
227
398
811
2967
6063
7796
8387
9055
9383
9069
7601
5915
4403
1417
-2179
-4372
-4910
-6028
-8675
-10444
-9249
-6745
-5409
-5045
-3691
-298
2643
3424
3621
4881
6056
5665
4634
3578
2132
537
-1250
-2417
-3214
-5040
-6845
-7052
-5830
-5486
-6315
-5652
-3572
-2348
-2387
-2363
-1071
820
1014
-127
-360
-131
-891
-2356
-3546
-3859
-4663
-6216
-7359
-7993
-8796
-9990
-8303
-6647
-6334
-5108
-4375
950
6853
7558
8017
9991
14375
16627
14507
11709
9020
8471
6534
1780
-2515
-5367
-6871
-7957
-7823
-7256
-6626
-4989
-1722
1883
4565
5719
5337
7267
9977
9384
6726
4207
3945
4405
2768
606
-1149
-568
1328
1407
1702
2399
3658
5331
6246
7283
7016
6055
6031
5283
4333
1888
-1987
-4056
-4962
-5920
-8204
-10541
-10440
-8660
-7087
-6262
-5590
-3772
-608
1301
1829
2327
3046
3708
3717
3377
2534
1371
603
-85
-839
-2175
-4187
-5426
-5234
-5015
-6002
-6688
-5470
-3202
-1481
-698
140
1809
3694
4456
3771
3347
3158
1805
176
-1077
-2705
-4284
-5805
-6804
-7672
-9023
-10585
-10571
-7687
-7082
-7285
-6554
-3792
2268
5173
5440
6401
9222
12917
13162
10721
8173
6801
6358
4091
390
-2818
-4374
-4834
-4882
-4959
-4842
-3549
-1362
2082
4631
6210
6971
7650
10047
11094
9736
6917
4808
4626
3597
845
-2249
-3762
-2769
-1904
-2365
-2451
-1380
869
2868
3896
4365
3970
3856
4145
3658
2198
-514
-3127
-4290
-5079
-6681
-9256
-10927
-10453
-9076
-8051
-7816
-6923
-4366
-1342
330
818
1879
3523
4685
4843
3861
2474
1744
1044
-2
-1395
-3083
-4381
-4525
-3886
-3987
-4390
-3520
-1225
967
2197
2968
4167
6184
6803
6024
5084
4157
3546
2055
234
-1294
-3262
-5136
-6257
-7456
-9057
-11000
-12744
-12693
-10086
-9468
-10331
-8522
-5975
-815
3254
4376
6182
8590
12255
14288
13535
11506
9183
9080
9027
5881
1307
-1673
-1544
-721
-1608
-2687
-1609
828
3789
5403
6032
7615
7980
8523
9240
8370
5875
2421
933
658
-972
-4387
-7464
-7190
-4972
-4419
-5479
-5318
-2403
1114
2425
2743
3219
4096
5068
4106
2110
-122
-2965
-5022
-6673
-8348
-10428
-12963
-13164
-11111
-9359
-8814
-8418
-5781
-1349
1385
1858
2130
4162
6379
6178
4906
3646
3250
3005
1571
108
-1065
-1743
-1887
-1535
-1128
-1470
-979
650
2595
4220
4522
4712
5777
6852
6830
5095
3089
2237
1290
-423
-3111
-5686
-6298
-6461
-7501
-8935
-9781
-9765
-9452
-9913
-9781
-7683
-7316
-6215
-5033
-3076
1908
3864
4611
6032
8936
12677
13036
11439
10039
10048
10967
8749
4972
3158
3162
3374
2221
582
937
2186
3032
3949
4337
5635
5623
4792
5628
5516
3992
1146
-1059
-1355
-2473
-5284
-8198
-9030
-7485
-6475
-6781
-6106
-4022
-1032
713
1023
1602
1708
2175
1841
185
-1655
-4213
-6047
-6950
-7918
-8764
-9822
-9935
-8188
-6511
-5013
-3717
-1987
1286
3762
5034
5608
6141
7431
7654
6851
5302
3874
3437
2265
522
-904
-1559
-1037
-157
-29
264
1504
2968
4105
4270
4375
4489
4332
4106
3042
1698
294
-687
-1081
-1481
-2496
-4024
-4674
-4012
-4410
-5655
-6578
-6785
-6195
-7022
-9123
-9500
-6958
-6262
-6304
-6511
-4325
953
3677
4200
4771
8370
12769
13979
12428
10924
11278
12214
10108
6018
3205
2130
1431
-210
-2342
-2689
-2442
-1855
-560
-11
1226
1061
669
1516
1544
446
-2331
-4495
-4828
-5096
-6653
-8733
-9560
-8123
-6271
-6048
-5999
-4980
-2190
342
1307
1693
1778
3112
3836
2963
1790
489
-185
-723
-1872
-2626
-3413
-4193
-3682
-3221
-2569
-1933
-1616
-140
1632
2709
3094
2716
3348
4496
4914
4435
3416
3384
3733
3715
3004
2029
2038
2511
1927
1293
928
1134
1948
1924
2092
2435
2611
2875
2402
2092
1870
1040
430
-38
-987
-1805
-2678
-3471
-4054
-5215
-6356
-7184
-7457
-7981
-9054
-9917
-10081
-8806
-6889
-6770
-5872
-4353
-1398
3172
5567
6766
8154
11077
13727
14319
12262
9910
9629
9937
7790
3187
-335
-1365
-1483
-3048
-5638
-6369
-5277
-3401
-2543
-2455
-1122
73
825
1350
1095
142
-1404
-3157
-3611
-3849
-5232
-6749
-7453
-5760
-3781
-3431
-3249
-1833
1449
4097
4693
4439
4893
6249
6305
4401
2056
444
-710
-2181
-4280
-5842
-6510
-6628
-6131
-5833
-4992
-4016
-2812
-628
1501
2898
3696
4435
5594
6875
6976
6211
5581
5747
6169
5490
4572
3719
3454
3811
3241
2302
1400
902
1046
863
263
-78
174
685
799
438
213
-96
-721
-1427
-2221
-2770
-3299
-4143
-4480
-4380
-4424
-5027
-5594
-5127
-4450
-4673
-5618
-6177
-5325
-3220
-3507
-4060
-3581
-1796
1880
3538
3894
4366
6591
9402
10258
8471
6140
5393
5594
4491
463
-2859
-3530
-2842
-3048
-5229
-6070
-4760
-1917
-473
-582
273
1722
3346
3649
3056
2291
1631
420
-672
-1659
-2599
-3294
-4304
-3362
-1726
-897
-743
-506
1249
3179
3442
2016
1140
1684
1966
342
-2116
-3508
-3769
-3714
-4739
-5570
-5537
-4608
-2894
-1781
-726
404
1792
3682
5357
5876
5987
6084
6512
7326
6742
5269
4193
3920
3781
2978
1741
848
744
955
452
-476
-1014
-1222
-1080
-1225
-1827
-2450
-2325
-1667
-1502
-1995
-2272
-2191
-1886
-1710
-2420
-2871
-3120
-2872
-2611
-3038
-3280
-3523
-3220
-3096
-3815
-4730
-5213
-5510
-6170
-7086
-6875
-6196
-6163
-5446
-4710
-1597
2277
4018
5153
6975
10025
12157
12031
9689
8112
7612
6710
3741
-389
-2571
-3396
-3370
-4449
-5490
-4930
-2778
-305
644
1442
2576
3926
4492
3771
2196
1041
-176
-1880
-3512
-5159
-5895
-6449
-6198
-5060
-3969
-2711
-1598
52
2072
3463
4031
4183
4248
4381
3791
2522
1239
62
-454
-874
-1507
-2180
-2297
-1402
-175
630
1191
2126
3600
4942
5136
4729
4630
4943
4820
4001
3222
2778
2616
2174
1400
630
163
-418
-986
-1550
-2173
-2311
-2506
-2419
-2129
-1880
-1433
-975
-473
144
410
172
-45
-226
-497
-1154
-2279
-3185
-3681
-3985
-4459
-5055
-4955
-3961
-3141
-2793
-2767
-2619
-2195
-2322
-3515
-4640
-4968
-3882
-3526
-3959
-3660
-2960
392
3220
4706
5606
6997
9344
10986
10991
8814
7034
5590
4594
1628
-2333
-5193
-6429
-5776
-5908
-6276
-6028
-3556
-699
1171
1658
2112
3466
4419
4059
1835
385
-544
-1139
-2626
-4381
-5023
-4639
-3340
-2355
-1444
-170
1804
3502
4828
5441
5654
5536
5031
4315
3142
2102
720
-182
-362
-349
-547
-912
-749
181
1307
1739
1941
1974
2422
2573
1930
1202
628
595
607
415
216
558
1184
1660
1781
1857
1812
1575
1128
127
-776
-1539
-2099
-2792
-3310
-3283
-2937
-2168
-1467
-706
111
861
1304
1501
1416
844
-7
-877
-1651
-2485
-3315
-3924
-3875
-3514
-3202
-2999
-2369
-1784
-1451
-1344
-1561
-1445
-1712
-2850
-3769
-3664
-4010
-3632
-3620
-2696
-241
1580
3020
3314
4397
5630
6611
5977
4281
2831
1944
1360
-338
-1990
-2857
-2258
-1134
-332
27
1094
3174
5198
5809
5011
4237
3822
3450
1756
-707
-2710
-3628
-3678
-4310
-5098
-4634
-2982
-824
623
1582
3013
4359
5041
4736
3988
3170
2198
945
-244
-1459
-2556
-3385
-3683
-3247
-2703
-1967
-1163
-58
1269
2031
2131
2052
1986
1707
564
-746
-1878
-2593
-2719
-2776
-2353
-1426
-296
878
2086
3261
4037
4304
4246
4073
3846
2874
1530
197
-722
-1359
-2280
-3068
-3602
-3465
-2948
-2533
-2363
-2249
-2049
-1667
-1561
-1971
-2331
-2389
-2215
-1982
-2076
-2040
-1673
-1324
-1035
-1317
-1655
-1827
-2181
-2681
-3768
-4883
-5498
-5858
-5117
-4898
-3753
-2547
-1105
1434
3565
5912
7002
7723
8351
8695
7979
6341
4218
3162
1920
192
-1475
-2778
-2255
-1118
161
952
1773
2927
4551
5480
5489
4693
3525
2467
842
-1535
-3897
-5501
-5896
-5767
-5960
-5439
-4216
-1988
169
1618
2771
3525
4019
3998
3314
2196
759
-726
-1651
-2521
-3281
-3678
-3475
-2426
-1423
-737
59
1118
2290
2581
2094
1666
1237
696
-47
-535
-481
-33
521
1250
2267
3488
4515
5237
5669
5772
5416
4306
2881
1205
-482
-2043
-3663
-4982
-5817
-6029
-5709
-5185
-4536
-3564
-2315
-1100
-422
-42
337
602
591
169
-265
-704
-931
-838
-531
-40
496
1101
1765
2128
2095
1521
726
-260
-1421
-2768
-3989
-4914
-5498
-5169
-5123
-4340
-3507
-2469
-564
967
2556
3701
4256
4868
4922
4111
3222
1679
591
-494
-1528
-2017
-2116
-1545
-592
488
1437
2381
3190
3813
3757
3226
2234
1046
-479
-2168
-3644
-4634
-4914
-4808
-4202
-3249
-1903
-423
1042
2316
3040
3371
3249
2794
1915
626
-573
-1679
-2528
-3005
-2941
-2122
-993
180
1415
2550
3589
4176
4274
4206
3778
3178
2256
1067
146
-550
-902
-1115
-1100
-702
-219
286
615
1080
1458
1633
1398
702
116
-420
-950
-1466
-2012
-2286
-2053
-1525
-797
-76
804
1922
2780
3460
3752
3700
3659
3404
3010
2542
2042
1623
1400
1063
714
381
31
-140
-630
-1090
-1220
-1438
-1546
-1883
-2289
-2366
-2665
-2915
-3100
-3280
-3399
-3622
-3867
-4004
-4060
-4100
-3888
-3467
-3001
-2588
-2337
-2089
-1853
-1659
-1314
-1080
-805
-548
-394
-158
-44
-213
-455
-635
-821
-1137
-1643
-1851
-1828
-1716
-1696
-1687
-1302
-620
135
731
1217
1562
1908
2092
1892
1624
1456
1391
1251
944
931
1292
1657
2011
2407
2887
3300
3405
3307
3320
3335
3300
3107
2645
2256
1805
1276
682
-69
-639
-1090
-1488
-1833
-2056
-2108
-1973
-1709
-1532
-1203
-852
-472
-174
18
257
444
570
599
629
742
774
668
673
674
607
678
917
1308
1891
2210
2316
2285
2294
2304
2043
1672
1294
1025
621
1
-660
-1212
-1663
-2166
-2565
-2835
-3002
-3035
-3065
-2990
-2715
-2401
-1957
-1438
-1137
-868
-603
-466
-549
-615
-613
-515
-432
-452
-405
-193
114
286
472
797
1193
1520
1599
1467
1433
1232
755
47
-692
-1220
-1819
-2379
-2764
-2845
-2650
-2386
-2018
-1393
-595
48
545
981
1375
1730
1879
1954
2081
2168
2259
2177
2132
2152
2128
2144
2110
2029
1892
1816
1716
1491
1247
1060
840
531
272
85
-178
-516
-773
-1014
-1145
-1286
-1634
-1999
-2166
-2113
-1892
-1590
-1178
-694
-348
16
384
704
892
980
1013
1024
952
847
755
629
469
312
213
105
-24
-223
-272
-435
-735
-945
-1056
-1145
-1444
-1868
-2099
-2308
-2590
-2907
-3241
-3236
-3089
-2871
-2661
-2423
-1993
-1557
-1000
-376
166
727
1058
1217
1424
1490
1545
1609
1703
1799
1756
1637
1492
1396
1528
1715
2060
2536
2956
3509
3743
3727
3566
3321
2945
2344
1636
871
331
48
-87
-88
160
465
807
1084
1125
1137
977
683
365
89
75
89
-120
-262
-387
-626
-934
-1390
-1672
-1846
-1998
-2284
-2693
-3079
-3430
-3700
-3738
-3563
-3282
-2957
-2789
-2502
-2250
-2056
-2035
-2103
-1978
-1883
-1829
-1691
-1577
-1153
-596
-31
897
1733
2728
3561
3717
3700
3514
3062
2648
1988
1097
446
41
-204
-410
-386
22
501
1101
1507
1624
1572
1206
586
-250
-1053
-1615
-1957
-2316
-2434
-2490
-2445
-2139
-1796
-1507
-1200
-852
-719
-713
-859
-1262
-1750
-1904
-1884
-1805
-1532
-1437
-1206
-779
-521
-226
54
640
960
1125
1564
1742
1921
2105
1901
1608
1780
1850
1476
1419
1286
875
819
784
719
975
902
732
1085
1042
1089
1347
1145
962
979
690
90
-229
-661
-1093
-1204
-1304
-1389
-1068
-363
47
460
951
1412
1764
1913
1828
1218
554
-50
-817
-1393
-1780
-2068
-1961
-1616
-1183
-693
-393
-100
90
229
309
-46
-32
-74
-168
250
512
653
1001
1318
1421
1551
1498
1371
1122
1040
1039
950
1216
1191
987
1032
1126
1216
950
1215
1405
1311
1518
1132
773
475
-140
-853
-1367
-1812
-2104
-2243
-2317
-2117
-1844
-1809
-1758
-1356
-1275
-1297
-1082
-1285
-1406
-1210
-1358
-1466
-1355
-1286
-1183
-986
-826
-730
-522
-125
116
483
954
1010
1098
1235
898
801
758
278
244
92
-190
-248
-341
-396
-544
-590
-392
-408
-485
-387
-520
-775
-765
-539
-318
128
688
938
1203
1591
1525
1351
1168
923
865
906
954
962
966
992
931
808
784
581
465
539
433
342
217
-144
-526
-830
-1265
-1681
-1884
-1893
-1702
-1466
-1041
-554
-40
441
677
909
1145
1260
1283
1253
1250
1135
927
814
610
544
479
360
438
581
709
865
826
601
292
-161
-452
-789
-1308
-1748
-2052
-2285
-2339
-2364
-2474
-2390
-2061
-1560
-1081
-613
-230
52
408
753
835
796
905
892
892
904
675
424
299
24
-144
-61
6
167
408
625
862
1231
1398
1351
1331
1234
1000
678
309
115
138
277
437
464
599
813
899
980
1164
1338
1354
1246
1024
743
490
260
-143
-361
-428
-641
-627
-649
-736
-715
-740
-738
-632
-591
-634
-660
-641
-666
-715
-660
-568
-426
-263
-264
-241
-210
-260
-277
-443
-484
-508
-588
-519
-408
-311
-246
-128
-90
44
315
493
685
867
927
910
781
588
511
370
274
241
68
-46
-315
-556
-635
-773
-931
-955
-940
-893
-741
-704
-701
-768
-733
-733
-762
-763
-870
-953
-998
-1062
-1156
-1014
-823
-719
-450
-196
-52
187
266
286
306
212
134
125
215
250
362
593
780
936
1117
1125
1071
1111
1098
1082
1043
1016
1017
949
900
793
631
677
843
860
937
893
753
553
115
-157
-395
-638
-668
-743
-881
-843
-836
-755
-567
-412
-249
-153
-36
32
122
132
0
62
177
246
442
521
436
459
385
157
69
-78
-323
-351
-375
-413
-357
-455
-548
-544
-598
-661
-631
-644
-667
-637
-636
-656
-652
-544
-573
-704
-775
-810
-808
-689
-648
-669
-619
-689
-786
-791
-842
-896
-695
-605
-578
-391
-288
-383
-287
-287
-424
-427
-469
-521
-619
-595
-713
-719
-644
-594
-459
-212
-12
212
457
535
632
687
640
441
404
395
214
51
1
-171
-232
-154
-240
-221
-67
95
153
94
54
-30
-200
-100
-50
-63
-13
103
220
220
373
433
519
705
841
745
695
731
701
787
821
918
961
1014
975
854
918
1043
1168
1306
1355
1273
1261
1152
988
919
894
902
921
898
883
842
735
623
595
643
692
820
773
736
670
378
120
-39
-289
-472
-689
-965
-1139
-1311
-1439
-1468
-1256
-1115
-981
-750
-547
-430
-373
-392
-479
-448
-338
-325
-362
-247
-161
-128
-4
120
144
237
220
99
18
-116
-199
-260
-309
-309
-314
-340
-331
-216
-74
3
143
277
287
238
138
20
-193
-396
-561
-823
-882
-839
-957
-980
-879
-825
-733
-556
-406
-174
91
201
221
232
228
181
104
30
-2
2
-33
-30
-2
95
260
410
602
805
921
926
905
833
730
598
500
474
381
335
334
295
363
433
457
490
579
628
590
550
418
303
156
-19
-145
-257
-316
-303
-385
-455
-455
-535
-591
-677
-767
-832
-894
-1017
-1126
-1161
-1237
-1241
-1129
-1069
-914
-680
-524
-291
34
314
570
879
1088
1211
1214
1160
1097
966
852
692
544
423
322
231
218
260
345
452
440
470
441
321
195
67
-61
-99
-133
-180
-154
-192
-147
-103
-36
61
179
277
305
350
322
239
254
285
315
409
437
483
528
483
430
383
249
194
74
-79
-205
-363
-397
-500
-553
-546
-486
-410
-313
-168
-29
147
337
465
585
731
749
754
672
553
463
243
18
-91
-291
-449
-445
-485
-474
-403
-349
-313
-213
-110
-100
-110
-114
-221
-357
-476
-646
-782
-922
-980
-996
-959
-815
-700
-542
-285
-102
69
283
292
317
358
292
217
158
71
-10
-41
-107
-177
-168
-61
45
241
390
568
708
781
878
879
883
882
830
780
710
599
542
452
424
403
359
368
357
332
291
245
159
110
59
-12
-61
-58
-130
-183
-143
-178
-157
-102
-96
-101
-42
-46
-106
-138
-206
-311
-383
-475
-567
-616
-662
-623
-635
-610
-510
-449
-387
-332
-279
-247
-210
-167
-163
-162
-125
-156
-147
-68
-34
68
220
345
460
568
600
597
590
532
409
315
250
104
-11
-52
-160
-178
-146
-198
-174
-143
-170
-222
-253
-332
-427
-495
-603
-702
-742
-752
-736
-672
-588
-469
-325
-184
-33
111
211
306
368
385
403
387
348
347
341
351
416
473
578
699
776
864
941
959
959
905
803
683
542
340
116
-42
-244
-401
-492
-605
-652
-646
-676
-680
-636
-618
-589
-538
-516
-530
-500
-499
-514
-460
-415
-399
-332
-286
-288
-250
-225
-235
-255
-286
-381
-475
-521
-586
-637
-603
-585
-556
-435
-360
-249
-111
3
133
181
204
231
199
146
99
47
23
70
161
235
374
594
723
903
1111
1186
1283
1341
1281
1200
1067
861
619
385
126
-132
-299
-454
-569
-612
-625
-579
-502
-434
-353
-265
-192
-100
-53
-12
34
67
97
125
165
186
242
303
328
340
343
291
260
256
227
218
211
197
161
128
123
99
68
61
-3
-65
-139
-247
-350
-463
-537
-598
-628
-633
-610
-538
-425
-279
-119
20
169
294
357
419
404
349
259
113
-54
-224
-393
-567
-716
-815
-866
-871
-806
-738
-604
-484
-389
-245
-161
-74
18
52
88
113
118
136
167
236
312
404
518
622
715
810
883
937
1001
1022
1035
989
941
880
784
728
653
586
550
508
448
378
293
213
131
39
-45
-149
-241
-311
-381
-411
-427
-436
-429
-406
-368
-356
-318
-294
-301
-295
-318
-375
-433
-499
-564
-603
-623
-629
-623
-592
-526
-448
-365
-259
-161
-83
-16
17
-1
-35
-72
-119
-144
-141
-145
-148
-103
-60
4
119
218
315
416
500
555
575
579
542
470
401
299
186
81
-31
-143
-233
-298
-354
-403
-438
-444
-435
-405
-354
-308
-256
-193
-122
-51
25
107
137
152
181
173
168
176
169
186
234
270
304
356
410
474
538
603
641
659
661
616
556
431
284
123
-62
-212
-357
-486
-567
-611
-596
-536
-443
-328
-206
-55
93
223
315
343
315
272
187
75
-22
-138
-256
-366
-430
-493
-513
-502
-504
-458
-393
-347
-308
-276
-292
-309
-316
-328
-350
-353
-387
-421
-410
-414
-390
-326
-275
-204
-87
26
167
298
412
506
590
671
707
745
767
763
755
724
658
582
468
345
216
73
-47
-153
-203
-236
-267
-265
-246
-214
-131
-54
21
95
123
139
120
104
69
30
5
-31
-51
-51
-54
-30
-2
40
109
167
227
274
308
333
345
324
307
256
184
116
12
-94
-198
-292
-381
-433
-463
-487
-482
-453
-428
-380
-316
-278
-223
-172
-131
-83
-32
6
23
15
7
-30
-77
-117
-183
-231
-257
-266
-247
-204
-147
-93
-26
46
97
139
166
166
163
137
81
17
-57
-126
-173
-192
-195
-189
-157
-104
-24
84
179
272
354
407
440
447
448
415
361
301
226
162
109
60
33
21
19
43
82
119
154
189
202
203
204
164
99
43
-21
-84
-126
-172
-223
-252
-262
-264
-235
-184
-140
-96
-54
-25
-9
6
21
35
51
57
49
31
17
5
-5
-7
-3
-8
-18
-42
-70
-87
-92
-88
-87
-91
-95
-98
-116
-132
-139
-161
-187
-207
-233
-253
-267
-266
-262
-248
-230
-215
-187
-154
-110
-54
18
86
141
187
207
207
199
196
188
180
182
176
175
163
140
124
119
119
135
154
161
154
149
142
131
125
118
101
75
48
17
-9
-35
-41
-40
-26
-6
3
12
18
33
58
96
135
149
134
123
117
108
103
86
56
28
-5
-39
-71
-93
-103
-104
-95
-89
-76
-55
-28
10
39
58
70
58
25
-17
-66
-102
-127
-131
-127
-131
-132
-131
-119
-90
-61
-26
3
30
59
67
64
52
25
-20
-75
-128
-182
-230
-269
-305
-316
-308
-284
-245
-206
-167
-131
-95
-55
-17
5
15
7
4
-10
-23
-26
-36
-30
-11
10
43
74
106
129
159
200
234
271
293
298
308
310
298
296
274
239
211
182
155
139
134
127
124
110
82
67
63
64
75
82
76
68
58
46
36
20
-4
-30
-60
-93
-125
-151
-167
-174
-154
-135
-115
-100
-90
-73
-47
-26
-5
7
-1
-16
-29
-45
-64
-77
-93
-107
-109
-119
-132
-140
-139
-129
-104
-84
-69
-54
-45
-42
-48
-57
-60
-53
-40
-40
-39
-37
-45
-46
-49
-50
-38
-23
-14
-6
1
-2
-18
-28
-30
-29
-28
-30
-32
-38
-51
-52
-54
-59
-57
-67
-79
-87
-90
-89
-82
-71
-66
-51
-13
25
68
99
120
139
155
172
190
208
215
