10
-21
108
25
35
84
-23
-8
23
-47
-118
28
-213
-54
-54
-128
-57
-15
-80
84
91
86
98
126
115
111
120
37
11
-101
87
-98
-61
2
-77
-11
145
-28
57
95
-16
71
138
-67
51
39
-126
-9
-85
-98
-120
-57
-153
-47
-29
-15
51
25
22
30
50
48
58
12
8
-19
-38
-86
-73
-83
-24
6
30
117
11
126
27
30
-1
15
-65
-148
-81
-233
-171
-165
-176
-114
-54
19
56
77
128
99
98
160
59
-7
88
-51
-94
45
-55
-25
128
44
43
52
44
39
125
9
9
38
-54
-56
-3
-120
-190
-46
-159
-29
-74
-4
-10
30
126
116
112
178
99
36
99
-23
-107
48
-68
-126
149
-64
24
124
15
70
151
46
61
70
-14
-22
3
-88
-91
-105
-101
-112
-100
9
-157
91
70
10
238
146
38
197
99
-79
94
40
-179
-22
-62
-99
91
32
105
7
59
217
8
38
36
-77
-40
88
-131
-171
-59
-164
-23
46
44
9
47
114
90
159
129
132
22
25
57
-79
-72
-96
-124
-153
-97
-112
-85
-138
-80
-7
22
20
96
38
-25
17
26
-152
-120
-49
-396
-25
-54
-109
34
186
-14
109
335
69
183
58
-70
34
57
-44
30
-80
-21
36
86
-44
60
43
66
72
102
80
-157
2
-34
-160
-49
-112
-202
-110
-86
-35
-125
148
-14
11
136
45
-62
226
154
-82
96
-118
-41
-47
-194
-127
-159
-217
0
-137
-197
-45
-6
-108
8
-125
-182
-18
-35
-14
-86
18
-77
-12
-2
112
84
135
188
77
74
265
291
210
155
50
16
39
92
-120
-111
40
42
48
115
31
187
269
222
74
144
42
13
63
-97
-31
15
-29
-184
-199
-134
59
95
-111
-2
-124
1
92
-114
-24
-228
-235
-69
-43
-124
-136
-132
-105
56
-34
-83
-10
-56
8
-47
-45
-124
-35
119
-103
-26
-102
-119
-103
-40
-76
-33
175
-3
151
124
285
336
212
132
15
75
28
168
-58
-76
-38
-105
139
128
-31
-80
24
76
70
10
-57
-103
31
-165
12
-163
-48
22
-4
-41
-104
134
-84
96
-109
-26
-117
-15
-37
-120
-14
130
14
65
124
-208
11
84
38
-5
1
-15
128
286
350
213
58
306
160
-43
197
-153
-41
153
-120
-198
-71
19
15
261
153
-40
174
94
91
201
182
-167
-80
-67
-272
91
57
65
371
174
-172
19
35
5
-1
-236
-601
-320
-269
-286
42
-137
-176
7
-275
-349
-16
-124
-137
-23
-295
-275
228
-2
76
195
-287
-234
-138
-375
-99
-131
-281
-67
72
29
113
159
198
515
320
-47
14
25
162
297
180
-69
-22
-13
81
446
456
306
298
116
271
144
133
174
19
121
-68
187
30
455
348
305
228
172
105
23
89
-67
290
226
-123
-227
-252
-54
154
-210
-566
-536
-372
-548
-459
-553
-603
-380
-497
-643
-253
-203
5
-9
-212
-268
-107
-37
-331
-334
-505
-131
-128
88
-20
125
402
98
31
-80
-147
-208
-142
-229
-4
181
415
408
504
364
330
376
187
166
90
95
20
235
80
244
205
-60
-102
-128
-143
-275
-79
-189
-198
-44
59
-43
554
797
682
581
221
-20
286
402
-151
-352
-432
-298
10
189
387
407
387
119
-128
-88
-413
-388
-353
-404
-299
-33
-65
182
233
-67
33
-200
-128
25
-169
-11
-102
-245
-6
75
-197
-77
-36
-463
-97
-356
-347
-179
-328
-329
-237
-218
-257
55
253
288
97
-14
-40
249
49
146
-148
-13
171
249
540
349
207
78
-9
-230
86
-138
-262
67
-76
7
424
401
447
480
308
143
291
481
326
108
70
-81
-236
-134
-216
-352
-103
380
-266
-395
-147
-517
-93
113
-780
-940
-403
-439
664
652
146
658
107
462
922
129
-521
-235
-434
171
353
-194
77
555
639
480
257
-69
81
-82
-173
-262
-239
-194
-21
-184
-172
-15
-15
77
-197
-182
-323
-427
-513
-717
-590
-306
-498
-410
-481
-385
-150
-569
-498
-553
-739
-508
-320
-182
351
206
408
246
265
451
523
449
279
288
365
679
681
664
925
1271
664
470
64
-233
506
496
-114
-503
-387
92
452
824
455
120
645
429
246
211
-379
-376
-280
-782
-623
-425
-805
-376
-313
-418
4
-295
-438
-95
-41
86
-239
-489
-302
-188
-123
-139
-301
-127
230
132
245
490
395
374
340
281
465
332
181
234
186
300
781
559
304
321
222
21
322
61
-578
-215
-180
-280
38
-198
-319
399
178
-72
-23
-406
-575
-302
-538
-741
-375
-586
-640
-283
-245
-257
-382
-410
-492
-400
-142
-524
-281
50
376
460
389
500
652
920
848
525
126
134
111
-73
39
298
-108
21
111
371
429
636
326
38
282
-152
-131
46
-349
-522
-419
-779
-511
-237
-567
-341
79
-582
-85
-175
-490
-18
-169
-593
-647
-494
-619
-15
225
-85
-155
291
242
117
349
202
-92
6
-74
-204
473
197
-76
239
406
327
512
550
315
624
363
-21
509
556
423
357
-45
-245
23
-170
-463
-482
-582
-384
-662
-276
-53
221
709
84
-2
120
-62
-177
-346
-784
-873
-503
-707
-562
-82
-232
197
151
240
302
35
180
137
88
92
182
62
409
776
440
534
615
310
366
258
311
215
213
249
44
116
146
97
46
78
-124
-152
-71
-98
-105
-168
-271
-291
-151
-276
-354
-306
-219
-107
-9
-255
-373
134
131
19
182
-143
-46
317
220
299
472
251
427
194
70
232
263
227
43
-190
-272
8
120
-104
-273
-55
-4
6
-156
-536
-650
-431
-492
-371
-513
-600
-430
-57
1
-162
-50
-321
-66
-14
-272
-22
-41
-215
-102
202
249
396
488
405
642
444
427
414
482
760
797
504
517
568
484
368
239
-73
-111
-164
-712
-599
-445
-295
-206
-291
-428
-56
113
-74
-421
-791
-959
-829
-818
-1003
-739
-518
-178
-63
98
149
271
363
445
374
12
-99
-95
171
228
169
151
251
488
532
212
151
-3
-85
-2
-267
-194
89
253
346
562
572
554
842
763
698
705
471
323
322
195
229
331
248
164
73
82
132
75
-71
-256
-528
-480
-413
-442
-445
-635
-539
-526
-587
-516
-659
-806
-755
-748
-775
-725
-783
-840
-737
-698
-626
-405
-248
-136
-43
44
-25
-70
-55
-26
9
-79
-179
24
48
244
407
332
415
401
391
320
403
370
378
382
372
797
1114
1124
1159
1017
858
773
531
235
112
232
418
587
610
839
1146
1397
1334
1082
876
715
528
214
17
-64
-59
155
530
726
999
1109
1161
1107
909
865
771
440
172
-67
-562
-799
-914
-996
-1023
-965
-954
-1100
-1097
-1178
-1223
-1220
-1398
-1812
-2266
-2715
-2925
-2842
-2952
-3395
-3923
-4281
-4346
-4476
-4874
-5351
-5450
-5148
-4343
-3416
-2735
-1676
-292
1491
3190
3880
4347
5106
5653
5785
5057
3901
3253
2713
1901
1111
584
395
376
573
1041
1863
2644
2985
3256
3667
3935
3714
2901
1930
1256
574
-212
-928
-1369
-1328
-1063
-622
145
1387
2622
3475
4216
4681
4923
4554
3480
2083
749
-527
-1804
-2743
-3278
-3251
-2865
-2338
-1578
-638
465
1463
2102
2489
2476
2242
1927
1498
1013
392
-362
-771
-898
-1228
-1540
-1746
-1841
-1643
-1615
-2007
-2500
-2823
-3191
-3853
-4610
-5616
-6651
-7593
-8427
-9443
-10119
-11211
-11054
-9472
-8559
-6992
-6441
-4481
-185
3657
6267
7012
7920
10407
12298
11327
8659
6185
4945
3836
1075
-2058
-3422
-3563
-3471
-3606
-2676
-47
1855
3015
3881
5499
7324
7183
5564
3784
2788
1982
-271
-3082
-4950
-5662
-5862
-5965
-5525
-4201
-2012
-290
1664
3854
5511
6705
6517
6123
6244
5264
3674
1916
341
84
-419
-1690
-2534
-2714
-2040
-1036
-602
58
931
1813
2811
3403
4295
5015
5369
5780
6092
6149
5639
4376
3020
2003
712
-1062
-3037
-4675
-5551
-5921
-6162
-6258
-6169
-5562
-4583
-3990
-3763
-3712
-4422
-5261
-6540
-8084
-10109
-12200
-14381
-15777
-14237
-13658
-11996
-10689
-9182
-2637
4261
9291
11375
12165
15645
19892
19980
15692
10754
8298
6929
3369
-2335
-6025
-6614
-6767
-7305
-7372
-3800
292
2232
3214
5358
9777
11738
9831
6673
4912
5075
3316
-1170
-5059
-6494
-6475
-6958
-7161
-6127
-3334
-789
1186
4236
7268
9777
9974
8667
8405
7885
6117
2884
-1084
-3226
-4251
-5554
-6744
-7608
-7350
-5348
-2755
-163
1957
3008
4640
6293
7248
7140
5623
4269
3336
2536
1097
-1079
-2539
-2909
-2702
-2553
-2729
-2757
-2665
-2703
-2881
-3090
-3512
-4200
-4983
-5629
-5615
-5536
-5968
-6419
-6919
-7088
-6950
-8008
-9294
-10811
-11660
-13315
-13268
-11358
-11030
-8772
-8634
-6039
2263
8614
11866
12334
13584
19774
24039
21388
15000
10871
10878
9715
4368
-2362
-4518
-4032
-4663
-6571
-6345
-1661
1159
1258
1806
5659
11055
10598
6524
4178
5295
6979
3139
-2862
-5549
-4638
-3996
-5803
-7093
-5660
-2503
-1007
105
3031
6236
8121
7083
6101
7594
7893
5711
1200
-2492
-2840
-3610
-5888
-8093
-8929
-7469
-5330
-4041
-2311
-460
1301
3650
5080
6212
6400
5068
4475
4512
4335
3056
750
-792
-1306
-1601
-2333
-3530
-4094
-4124
-3981
-4298
-5005
-5452
-5769
-5657
-5234
-4808
-5165
-5607
-5785
-5436
-5247
-6302
-7833
-8496
-9442
-10834
-13083
-15536
-12401
-10974
-10218
-8819
-8742
-516
9070
12950
14837
15872
21294
28320
27214
21128
15706
14714
14069
8279
-344
-5254
-5799
-6730
-9466
-11273
-7060
-2947
-2735
-2488
691
7977
10714
7127
4705
5730
8545
6328
-638
-4651
-4015
-3353
-5765
-8091
-7428
-4014
-2293
-2608
228
4424
7171
7122
5214
6962
8855
6706
2337
-2053
-2905
-3287
-6647
-10376
-11697
-11123
-9524
-8539
-7214
-3944
-1359
1235
3707
6179
8602
8730
8165
8084
7973
7092
4197
1519
237
-988
-2597
-4724
-6001
-5921
-5581
-5363
-5317
-5108
-4419
-3372
-2226
-1470
-1346
-1557
-1373
-591
-528
-1445
-2750
-3772
-4478
-6029
-8405
-10616
-12068
-13697
-11236
-9768
-8982
-5821
-4778
2664
12177
16324
18516
18737
22591
28563
26916
20302
13690
11378
10113
3956
-4116
-8718
-9585
-10921
-13535
-14286
-9136
-4363
-4541
-3790
385
7595
9882
5370
3221
4790
6480
3447
-3138
-6095
-5341
-5815
-8539
-9361
-6752
-3644
-2557
-1720
3187
8472
9630
8216
7038
9280
10168
5695
317
-3450
-4782
-6408
-10469
-13192
-13095
-12313
-10866
-8849
-5792
-2119
-462
2107
6110
9162
10332
8750
7974
8946
8673
6472
3061
1170
1082
38
-1923
-3346
-3402
-2966
-3289
-3423
-2691
-1976
-1701
-1328
-712
558
964
25
-129
-16
200
-472
-2276
-3337
-4153
-5015
-6363
-8007
-9642
-10515
-12439
-11648
-8599
-8470
-6513
-5905
-2526
7620
13192
14552
14964
16008
22757
24785
19256
12601
8156
7546
3866
-3751
-9199
-11178
-11746
-13169
-14530
-11094
-5883
-5214
-5232
-1918
4824
9550
6301
2772
3900
6638
6360
841
-3701
-3372
-2295
-3780
-5330
-3874
-1392
-5
-224
2242
7362
8894
7479
5714
6779
9147
6585
1431
-2371
-3693
-3919
-6548
-9573
-10534
-10054
-9297
-7748
-5454
-2518
-889
15
3138
6563
8751
8188
6701
7307
7888
7164
4711
2011
948
0
-1359
-2286
-3014
-3472
-3948
-3972
-2802
-2236
-2338
-2727
-1609
358
950
426
-296
348
1671
1535
96
-1243
-1775
-2010
-3056
-5041
-6819
-7880
-9593
-11066
-13602
-11685
-8971
-9494
-7706
-7896
-1851
8799
11296
11736
11826
15770
24011
22825
15809
9569
7521
7639
1797
-6452
-10823
-11964
-12969
-15142
-15031
-9814
-5540
-6387
-4855
1362
8980
11121
6511
5686
9285
11213
7862
1367
-1062
-212
-974
-3607
-4433
-2588
-2236
-2518
-1381
3571
7338
5389
3686
4583
7659
8048
2716
-1423
-2794
-3501
-5288
-8553
-10082
-10111
-10934
-10469
-7533
-4537
-2773
-2593
147
5418
8566
8953
8112
9021
11248
10821
8803
6869
5472
4414
2510
1078
46
-1924
-3697
-4227
-3166
-2400
-4185
-5324
-3395
-728
506
-552
-956
1467
3196
2751
1111
248
195
-877
-2643
-4321
-5392
-7818
-10624
-12698
-13496
-15300
-16634
-14006
-13202
-11109
-10466
-8973
1949
9876
10527
10533
12006
20414
24790
18304
11096
8112
8789
5397
-3663
-9769
-10257
-10428
-12698
-14163
-10255
-3808
-3131
-3596
1826
9903
14758
11444
8621
11678
14380
11831
5019
647
679
-149
-3684
-6131
-4538
-3243
-3799
-3319
286
5301
5332
3682
4857
7764
9477
6037
1972
760
-212
-2387
-6032
-8420
-9152
-10042
-11342
-10274
-7265
-5205
-4325
-2376
1960
5948
7568
7668
8057
9732
9864
8210
6203
3864
2186
344
-1277
-2608
-4840
-6576
-6783
-5588
-4207
-5064
-5037
-2535
207
2087
1788
1987
4128
5193
4523
2834
1455
603
-1337
-3729
-5247
-6868
-9720
-12349
-14360
-15241
-16862
-19679
-16206
-13604
-11974
-10171
-10086
476
11072
12447
12681
12841
19874
26159
20465
13597
9906
10083
8079
-437
-6426
-7129
-7506
-9746
-11411
-8126
-1572
-244
-1950
2510
9940
15083
12353
8048
10158
12865
10926
4534
-394
-804
-1444
-4367
-6474
-4949
-3403
-4065
-3170
221
5368
6297
4049
5313
8076
9463
6658
1695
-160
-1817
-4869
-8358
-11123
-12160
-12714
-14024
-11992
-8331
-6071
-4170
-2846
1422
5595
6576
7080
6922
7702
7896
5943
4446
2349
459
-988
-2478
-3158
-4440
-5846
-5431
-3800
-2139
-2451
-3137
-1330
1226
2426
2135
1464
2722
3930
3778
2868
1807
1374
109
-1449
-2712
-4404
-6424
-9451
-11021
-11838
-13454
-16360
-17199
-12315
-10951
-10264
-10156
-7585
4492
11233
10995
11661
14054
22417
24923
18748
13911
11708
11514
7229
-99
-3767
-4850
-6675
-8825
-8638
-4555
-360
-1495
-1245
4854
10753
12963
9302
8149
11042
11528
8166
2995
70
-1325
-4270
-6881
-7558
-6244
-6695
-7710
-4950
-156
3835
3466
2661
4980
6924
6444
3171
168
-1298
-3847
-6890
-9487
-11522
-13330
-15035
-15045
-11866
-9095
-7633
-6175
-3069
1926
4996
5977
6902
7608
8619
8309
6700
4919
2629
951
93
-453
-1389
-3284
-3956
-2422
-597
426
-336
531
3384
5016
5285
3900
3394
4451
3954
2609
657
-788
-1741
-3480
-4881
-5936
-7904
-9548
-11284
-11539
-12031
-13801
-16502
-15931
-10552
-9948
-9535
-9224
-5810
5371
10971
10808
11990
14893
22685
25036
19822
15625
13618
13299
9632
3071
-1075
-3292
-5613
-7503
-7271
-3987
-1083
-2304
-1266
4133
9310
10862
7226
6403
8961
9425
6093
1355
-1707
-3007
-5044
-6991
-7541
-6511
-7380
-7793
-4942
-743
2995
2399
2140
4733
6381
6047
2357
-1305
-3284
-5638
-7497
-9597
-11869
-13384
-14217
-12815
-9270
-7336
-6432
-4709
-1149
3438
5727
5927
6966
7991
8534
7717
6440
5005
2702
1017
234
96
-488
-2343
-2762
-769
1598
2252
1020
1839
4132
5488
4945
2891
2887
3539
2685
1327
-441
-1352
-1955
-3242
-3844
-3980
-4820
-6307
-7297
-7519
-7956
-9974
-12606
-13645
-14393
-10487
-10359
-11259
-8709
-8501
-297
8377
10087
12412
13840
19970
27259
24326
19388
15504
14666
13937
7543
294
-3494
-5607
-7925
-9774
-9452
-6044
-5191
-6467
-2228
3798
8175
6856
4178
6190
8451
7557
2830
-1948
-3871
-5553
-7599
-9228
-9056
-8771
-9916
-7842
-4008
24
791
-427
2226
5565
6627
4683
912
-728
-1943
-4269
-6800
-9271
-11188
-11588
-11593
-9091
-6265
-5759
-4343
-919
4297
7659
7623
8054
9643
11469
11674
9126
6825
5212
4700
3920
1931
446
-444
-57
1778
2487
2092
1756
2059
3862
4478
3216
2445
1887
1917
1040
-686
-1580
-2405
-2932
-3307
-3599
-3988
-4944
-5923
-6528
-6605
-7757
-10252
-12785
-13684
-15859
-14010
-11875
-12837
-9900
-9631
-3555
7972
11394
12745
14072
17984
26622
25850
19783
14801
12496
11939
5966
-1587
-5935
-7930
-10264
-12465
-11851
-8715
-6638
-7543
-4399
2252
7100
7344
4526
5278
7657
6252
1544
-3031
-5397
-6839
-8844
-10174
-9640
-8615
-9273
-6759
-2182
1977
4097
3608
6098
9481
10095
8339
4713
2485
683
-2236
-5065
-7302
-9488
-10994
-11353
-9508
-6590
-5605
-4471
-1055
3733
7348
7988
8257
10029
11647
11699
9209
7214
6495
5595
4330
2588
1432
980
633
1275
2176
2277
2187
2172
3181
4353
3484
1968
543
159
-10
-1639
-3384
-4309
-4689
-4560
-4590
-5247
-6065
-7016
-6962
-7043
-7595
-9128
-10797
-11913
-11721
-14016
-13217
-9510
-10068
-7474
-7067
-2766
8094
11659
11854
13083
17281
25675
25105
18303
14067
13070
12569
6176
-1918
-6260
-7511
-9964
-12590
-12242
-9030
-6408
-7579
-4837
1890
6500
6160
2884
4046
6881
6168
1548
-2227
-2935
-3719
-5585
-7289
-6661
-4615
-5484
-4070
121
4434
6128
4114
5358
8448
9304
6659
2072
172
-788
-3445
-7283
-10014
-10990
-11493
-11909
-10495
-7191
-5094
-3793
-1244
3453
7592
8610
8331
9351
11527
11683
8839
6341
5532
5592
4065
1676
664
820
1077
1115
1074
1996
2907
2449
2864
3092
2406
1246
-1032
-1716
-1942
-3634
-5487
-6801
-6416
-5210
-5158
-5696
-5357
-4725
-4377
-5360
-6598
-7780
-8786
-10857
-11988
-13691
-14173
-10333
-11276
-9670
-7646
-5819
3797
9801
11436
13779
15364
21861
25019
20552
16121
12658
11860
8628
1856
-4014
-7011
-8890
-10569
-11081
-9355
-6348
-5729
-3984
1290
6669
8715
7046
6396
7831
8476
5423
896
-2126
-3993
-5140
-6616
-7649
-6247
-6482
-5606
-2225
742
3608
3485
3944
6529
7215
5986
2505
-898
-2550
-4724
-7310
-9411
-11060
-11619
-11449
-9745
-6435
-4134
-2101
594
4758
8645
9457
9497
10100
11424
12359
10273
7754
6391
5725
4642
2722
1281
761
739
1095
1137
925
1119
621
468
335
-514
-1418
-2922
-3853
-3845
-4122
-4843
-5913
-6287
-5270
-4211
-3919
-4202
-4113
-3933
-3981
-5242
-6832
-7989
-9048
-10586
-12280
-14299
-13324
-9293
-9254
-7742
-6488
-2641
7656
12809
13344
14349
16767
23170
23999
18269
13290
10498
9778
5888
-413
-5255
-7034
-8031
-9305
-9083
-6476
-3513
-2995
-1107
3718
7652
8282
5830
4826
5446
4854
1447
-3057
-5692
-6848
-7003
-7511
-7352
-5380
-5092
-3045
652
3636
6247
5626
5781
7241
7030
5687
2019
-1587
-3870
-5658
-7406
-9214
-10660
-10929
-9588
-7527
-4699
-2643
-702
2744
6536
8850
9448
9556
9854
10000
9252
7179
4977
3886
2955
1583
201
-455
-477
-4
553
589
1074
1145
1013
1062
-37
-1001
-1772
-2853
-2930
-3261
-4180
-4975
-5388
-4533
-3660
-3236
-2798
-2655
-2150
-2219
-2168
-2781
-4000
-5138
-6289
-7401
-8358
-10447
-11573
-7168
-6240
-5724
-5125
-4219
5473
12338
12676
12998
14240
20679
24229
19580
14018
10369
9695
6562
267
-5884
-8500
-9262
-11248
-11889
-10181
-7154
-5917
-5047
-1404
2770
4587
2650
191
534
1871
405
-3538
-6658
-6817
-4986
-4710
-5215
-3914
-2850
-783
2049
4001
6306
6463
5470
5590
5522
4707
2085
-2015
-4374
-4999
-6167
-7553
-9258
-9565
-7372
-5037
-2719
-1235
563
3922
7011
8822
9146
8649
8470
8342
7442
5527
3860
2945
2410
1974
1344
1374
1615
1864
2047
2532
3049
2627
1715
620
-114
-1006
-2814
-4626
-5295
-5082
-5050
-4997
-4298
-3105
-1757
-1164
-748
-1
413
-41
-993
-1961
-2820
-4666
-6689
-8257
-10083
-12002
-13635
-10835
-9404
-8816
-7623
-6232
2519
10328
11216
11251
12685
18893
23462
18887
12402
8585
8312
6269
-93
-6686
-9190
-8997
-9429
-10042
-8328
-4717
-3043
-2160
640
4940
7380
5272
2593
2750
4154
3113
-1443
-5186
-5496
-3943
-3791
-4743
-3572
-2045
232
2695
4121
5963
6043
5193
5100
4553
3281
557
-3239
-5461
-6522
-7637
-8914
-10078
-9572
-7605
-4759
-2005
-713
1076
4019
7049
8443
7946
7329
7109
7416
6384
3599
1724
890
621
227
-520
-137
633
1401
2072
2191
2372
1737
1117
631
-215
-1066
-2576
-3962
-4139
-3801
-3644
-3827
-3708
-2505
-875
226
717
1072
1475
1893
1375
-147
-1887
-3931
-6216
-8151
-10189
-12482
-15128
-17223
-14491
-11628
-10489
-9460
-7792
-65
8997
12534
12608
13229
18252
23402
21483
14959
9635
8274
6662
1790
-4536
-8230
-8849
-8655
-8781
-7529
-4117
-1497
-157
2102
5850
8741
8075
5233
3489
3461
2863
-607
-5182
-7654
-6814
-5029
-4811
-4422
-3062
-261
3380
5436
6513
6753
6110
5533
4189
2416
341
-3227
-6325
-7686
-7728
-7527
-8225
-8087
-5813
-2450
559
1919
3051
5479
7555
8351
7960
7048
6696
5614
4291
2824
1229
347
-286
-348
243
1097
1439
1916
2483
3244
3819
3114
1506
-1
-552
-996
-2442
-4448
-5321
-4569
-3572
-3377
-3367
-2102
-379
899
1278
1108
1457
1075
-248
-1593
-3098
-4739
-7460
-10410
-11647
-12936
-14484
-15820
-17492
-14590
-10346
-8332
-6080
-4660
1181
10049
15361
16703
15986
18086
22417
22979
18023
11012
7560
6340
3464
-2132
-7189
-8437
-7473
-7105
-6760
-4159
-1314
818
2552
4882
8065
8267
5257
1749
95
31
-2265
-6604
-9933
-9801
-7457
-6212
-5554
-4502
-2024
1878
4495
5676
6209
5825
5365
4334
2330
287
-2784
-5894
-7801
-8686
-8187
-7629
-7284
-5803
-3512
-360
2977
4087
4751
6088
7047
7951
7314
5052
3019
2375
2357
1580
79
-1206
-736
720
1622
2239
1924
2307
3578
4193
3745
2165
955
447
197
-218
-1739
-2979
-3011
-2593
-2076
-1681
-1415
-994
-189
438
684
209
-630
-802
-1242
-1983
-3275
-5069
-6301
-7001
-7738
-8676
-10191
-11308
-12387
-12079
-8792
-6906
-5172
-3413
-712
6476
13047
15418
15366
15686
18948
21511
18536
11636
6043
3690
2220
-2015
-7870
-11123
-10312
-8301
-7571
-6045
-3355
-129
2607
4026
5959
7273
6108
3036
-563
-2015
-2612
-5420
-9519
-11583
-9961
-6935
-5254
-4747
-3600
270
4739
6767
6857
6106
5892
5359
3105
375
-2734
-5372
-7120
-8501
-8638
-7764
-6617
-5300
-3409
-557
2985
5055
5418
5797
6434
7498
6987
4559
2241
1221
1784
1199
-593
-1365
-626
1298
2645
2943
3188
4191
5319
5497
4575
3350
2231
1260
183
-1140
-2230
-3134
-3056
-2660
-2087
-1500
-1418
-953
-521
324
817
198
-413
-702
-706
-1192
-2506
-3613
-4139
-4131
-4473
-5418
-6476
-6944
-7155
-7355
-8505
-8098
-5148
-4084
-2305
-1375
1068
7912
12599
14229
13646
13849
17050
18103
14544
8070
3140
1096
-723
-4608
-9881
-12589
-11254
-8774
-7339
-5355
-3068
500
3913
5578
6467
6064
4751
2456
-1281
-3920
-5397
-7858
-10500
-11529
-10001
-6190
-2818
-1040
412
3758
8009
10179
9433
6898
5643
4554
1903
-1494
-5464
-7361
-7434
-7768
-7667
-6573
-4026
-1249
1059
3407
5957
7672
8068
7689
7013
6644
5551
3436
1414
538
551
340
49
481
2061
3894
5196
5929
6385
6992
7061
5873
3742
1677
-306
-2061
-3773
-5442
-6200
-6575
-6357
-5902
-5343
-4309
-3445
-3000
-2868
-2450
-2367
-2448
-2802
-3016
-2355
-2052
-1800
-2113
-1890
-854
-771
-1185
-2390
-3489
-3957
-5393
-7307
-9411
-8344
-7275
-6405
-4779
-4314
620
6551
10091
11506
10832
12067
14820
14022
8996
2708
-1265
-2564
-3589
-7548
-11469
-11670
-8608
-5065
-2284
-291
2478
6249
8521
9365
8273
6311
4236
622
-3431
-5976
-7787
-9234
-10343
-10490
-8080
-3791
-569
1249
2770
5891
9422
10510
8613
5855
4148
2896
1283
-1760
-4897
-6026
-5362
-3810
-2566
-1402
372
2829
5070
6438
6772
6271
5851
5062
3159
1412
-81
-1412
-1770
-1405
-364
898
2219
4114
5900
7354
8297
7945
7215
5828
4019
1540
-1136
-3489
-5987
-7577
-8204
-8166
-8095
-7788
-6483
-4839
-3211
-2185
-1366
-760
-55
382
-315
-528
-359
114
602
849
1333
1612
1755
1693
1248
-46
-1533
-3324
-5342
-7008
-9029
-11716
-12736
-10592
-9261
-7473
-6966
-5254
1178
6673
10066
10157
9078
11032
13090
11482
6194
558
-2630
-2878
-3054
-5940
-8002
-7133
-3303
1266
4037
4831
6196
7695
8580
7619
4133
755
-2544
-6410
-9133
-10474
-10933
-10409
-9556
-7143
-2595
2533
6548
8604
9701
11349
12364
11647
8781
4671
815
-1658
-2877
-4620
-6448
-7038
-5655
-2398
354
2006
3085
4413
5968
6238
4858
2900
917
-1236
-3126
-4134
-4336
-4292
-3914
-2735
277
3653
5775
6487
7004
8361
8720
6937
3374
-104
-2513
-4602
-6767
-8941
-10106
-9855
-8363
-5979
-3587
-1606
186
2200
3921
4583
4011
2895
2165
1822
1449
831
765
1482
2361
3169
3880
4772
5036
4463
3197
1797
-64
-2804
-5789
-8571
-10815
-12554
-14233
-15491
-12432
-10200
-8041
-5459
-3437
2200
7840
11105
11749
10518
9945
11494
11254
7734
2440
-1924
-3069
-1312
-1319
-3151
-3946
-2275
1462
4773
4681
3816
3082
2626
2499
-625
-4625
-7569
-9818
-10803
-10225
-9519
-7699
-5142
-1620
2445
5612
8041
9728
10046
9424
7896
5382
2586
103
-2402
-4810
-5700
-5296
-4153
-2408
-328
1641
3592
5478
6861
6640
5025
3244
890
-1403
-3400
-5750
-7471
-8085
-7017
-4647
-2788
-351
2431
4776
7481
9627
9670
8885
7243
4672
2181
-518
-2819
-5399
-7349
-8011
-7310
-6033
-4479
-2595
-1221
962
3414
4533
4894
4761
4682
4556
4126
3473
2711
2584
3161
3740
3673
3798
3866
3605
2919
1909
205
-1742
-3143
-5090
-7157
-8902
-10284
-11172
-12050
-12609
-12876
-13552
-11156
-9108
-7356
-5314
-4387
-857
3358
6937
8767
8292
8181
10057
10543
9626
6668
3484
1782
1855
1559
-494
-1889
-1980
-516
1306
1932
1332
395
-354
-134
-1380
-3155
-4956
-6889
-6716
-5069
-3884
-2759
-1151
1731
5200
7395
8971
9440
9166
8499
6884
4411
1541
-1201
-3495
-4352
-3784
-3341
-2992
-1976
15
1995
2681
2357
1508
692
-310
-2344
-5191
-7342
-8616
-9290
-9240
-8592
-7117
-4892
-1980
1423
4468
6945
8843
9798
10188
9570
7914
5482
3037
896
-757
-2419
-3681
-3913
-3649
-2448
-1476
-658
365
1620
2532
3025
2934
2423
2104
1801
1548
1085
530
357
804
1179
1056
849
550
351
-43
-870
-1524
-2550
-3710
-4787
-5623
-6226
-7316
-8500
-8959
-9204
-9585
-10220
-10893
-11327
-10105
-8385
-6599
-3956
-2335
759
5521
9525
12495
13582
12963
13647
13241
11090
7914
3536
617
-1205
-2576
-3587
-3817
-3468
-1995
-18
1519
3082
3941
3654
3487
2766
1581
227
-2103
-3363
-3393
-3038
-1913
-800
566
3210
5454
6890
7714
7288
6687
5509
3461
1172
-1137
-2977
-4033
-4294
-4178
-3510
-2633
-1972
-893
-144
66
31
-748
-1688
-2585
-3727
-4512
-4818
-4855
-4146
-2830
-1124
1055
3122
4967
6417
7548
8361
8222
7026
5391
3717
2296
865
-906
-2062
-2536
-2107
-1752
-1787
-1452
-1185
-628
-685
-1012
-1287
-2064
-2815
-3495
-3563
-3309
-2961
-2492
-1626
-356
783
1473
1523
1499
1134
331
-852
-1984
-3029
-4017
-4474
-4794
-4668
-3624
-2830
-2024
-874
675
2225
3295
4038
4217
4546
4372
3801
3206
2572
2004
1629
1186
960
1053
693
326
278
166
-34
-204
-447
-709
-638
-926
-1394
-1651
-1863
-1837
-2004
-2243
-2309
-2123
-1786
-1445
-1217
-1282
-1204
-888
-714
-502
-258
-153
299
865
1233
1343
1115
613
130
-266
-521
-738
-1147
-1307
-1207
-1111
-940
-944
-995
-821
-488
-58
448
1328
2021
2542
3190
3737
4079
4179
4039
3923
3732
3454
3128
2744
2721
2587
2404
2406
2346
2141
1323
236
-673
-1397
-2296
-3473
-4619
-5333
-5467
-5622
-5731
-5600
-5075
-4731
-4364
-3988
-3569
-2555
-1775
-1013
-236
367
841
1014
1087
1024
743
330
105
361
852
1099
903
868
1276
1830
2176
1980
1836
2083
2324
2179
1794
1427
1347
1355
1190
1062
848
966
1124
1039
925
757
518
-111
-790
-1218
-1446
-1529
-1817
-1943
-1991
-2053
-1964
-2023
-2157
-2196
-2258
-2256
-2219
-2331
-2273
-2254
-2194
-2107
-2241
-2296
-2173
-1910
-1571
-1314
-1043
-725
-403
-148
-263
-510
-743
-906
-755
-613
-623
-679
-588
-161
451
1032
1504
2101
2783
3472
4053
4495
4708
4656
4316
3891
3780
3647
3516
3317
3045
3119
3118
2862
2627
2393
2098
1450
457
-449
-1180
-1958
-2920
-3789
-4503
-4795
-4681
-4572
-4123
-3622
-3131
-2270
-1460
-650
23
390
618
539
420
185
-230
-530
-482
-296
-251
-237
-289
-207
-29
47
188
492
765
978
1144
1186
1188
993
737
552
167
-185
-365
-314
-178
46
453
789
1170
1622
1923
2227
2531
2529
2445
2189
1775
1251
580
177
20
-60
110
400
562
778
930
1091
1387
1364
1218
823
525
463
402
359
129
70
-19
-229
-441
-632
-866
-1210
-1574
-1776
-1765
-1752
-2017
-2208
-2091
-1883
-1647
-1545
-1133
-605
-232
-3
62
246
533
491
334
329
119
-25
-121
-328
-607
-1145
-1855
-2534
-3111
-3462
-3678
-3694
-3505
-3104
-2763
-2482
-2149
-1986
-1851
-1855
-1646
-1220
-751
-473
-77
511
1085
1531
1555
1621
1884
2279
2461
2656
2983
3207
3226
3196
3011
2651
2194
1541
1050
747
192
-578
-1181
-1596
-1471
-1287
-1401
-1424
-1147
-353
539
941
815
746
886
931
607
232
40
205
773
1013
1128
1274
1353
1465
1255
718
261
-107
-218
124
520
809
1278
1816
2156
2571
2634
2180
2156
1946
1375
1118
765
643
754
280
-88
64
428
863
955
1050
1056
1261
947
41
-488
-914
-1088
-1432
-1589
-1706
-1342
-610
-845
-589
-419
-897
-853
-1222
-1939
-1901
-2411
-3127
-3217
-3988
-4605
-4560
-5035
-5022
-4412
-4484
-3996
-3255
-3176
-2745
-2293
-2110
-1671
-1474
-1372
-882
-417
-451
-172
396
835
1327
1464
1460
1719
2174
2508
2778
2937
2885
2777
2443
1924
1485
1107
506
17
-178
-399
-332
100
211
349
748
930
1220
1454
1341
1244
1086
697
432
235
103
222
516
852
1373
1994
2247
2340
2371
2157
1752
1121
762
505
230
253
251
184
269
550
732
1020
1280
1205
1093
987
866
774
547
211
128
458
735
822
1031
1128
1184
1472
1481
1024
635
77
-408
-511
-697
-1009
-1231
-1405
-1382
-1271
-1252
-1255
-1289
-1310
-1578
-1527
-1397
-1330
-814
-511
-509
-273
24
199
301
110
-199
-124
90
84
166
342
815
1555
2157
2821
3391
3783
3754
3138
2379
1606
772
-378
-1565
-2260
-2572
-2699
-2749
-2635
-2442
-2247
-1880
-1510
-1318
-1429
-1452
-1463
-1719
-1807
-2027
-2505
-2554
-2465
-2462
-2227
-1832
-1459
-1096
-673
-607
-710
-764
-970
-1075
-1246
-1547
-1648
-1497
-947
-491
70
775
1104
1571
2012
1631
1378
1528
1197
994
1066
706
519
757
812
1289
1744
1705
2135
2485
2400
2116
1333
706
433
278
-118
-608
-621
-272
-46
-151
-85
88
197
160
-337
-788
-808
-943
-1210
-1532
-1817
-1956
-2114
-1937
-1665
-1673
-1543
-1409
-1232
-649
-433
-450
-65
350
689
1132
1375
1407
1751
1991
1949
1903
1613
1499
1714
1815
1998
2104
2288
2574
2565
2321
1962
1729
1431
1050
501
-95
-260
-401
-642
-704
-763
-713
-624
-850
-1046
-1096
-1073
-1080
-1276
-1503
-1621
-1678
-1661
-1670
-1803
-1899
-2087
-2237
-2148
-1984
-1809
-1694
-1694
-1612
-1439
-1173
-840
-605
-521
-562
-457
-233
-93
-123
-312
-335
-191
77
389
664
1028
1212
1400
1720
1982
2149
2215
2400
2542
2552
2587
2465
2298
2185
2066
1962
1740
1396
1048
762
505
419
489
468
478
445
361
391
317
111
-142
-447
-792
-1240
-1505
-1558
-1687
-1769
-1783
-1625
-1412
-1351
-1291
-1160
-1010
-911
-910
-864
-645
-477
-363
-301
-177
-79
-91
-1
128
246
250
297
460
690
724
656
633
620
585
430
292
166
68
-143
-314
-381
-510
-638
-836
-833
-611
-422
-313
-213
40
289
413
458
442
383
237
-115
-467
-651
-801
-1000
-1129
-1105
-1012
-895
-822
-750
-587
-370
-226
-39
103
119
137
225
481
815
1072
1275
1481
1766
2077
2289
2463
2507
2487
2463
2468
2451
2393
2228
1930
1633
1473
1469
1305
1053
840
670
594
402
95
-104
-241
-423
-625
-900
-1074
-1170
-1208
-1195
-1307
-1375
-1548
-1645
-1491
-1384
-1243
-1068
-913
-702
-574
-476
-417
-364
-245
-223
-239
-342
-400
-405
-383
-232
-143
-21
176
299
456
657
725
745
759
793
868
912
797
579
334
-32
-367
-592
-789
-1053
-1343
-1496
-1447
-1339
-1336
-1301
-1282
-1347
-1420
-1473
-1413
-1302
-1240
-1246
-1125
-819
-522
-308
-193
-217
-299
-467
-784
-1049
-1304
-1471
-1489
-1476
-1405
-1348
-1455
-1668
-1630
-1452
-1293
-1190
-1060
-674
-270
-25
201
510
888
1101
1081
1050
1038
948
783
602
567
682
752
847
960
1090
1234
1340
1441
1516
1485
1272
1014
643
191
-223
-651
-1031
-1335
-1552
-1504
-1226
-1093
-994
-795
-570
-371
-416
-570
-715
-728
-771
-919
-934
-767
-590
-548
-365
-96
200
459
564
673
796
782
726
780
926
1067
1059
1018
1043
1158
1282
1406
1613
1782
2005
2147
2152
2193
2069
1932
1765
1498
1177
744
470
405
513
552
532
631
772
968
1068
1093
998
906
825
657
529
313
75
-115
-315
-375
-319
-392
-380
-271
-174
-101
20
172
135
-60
-329
-578
-792
-1023
-1258
-1299
-1156
-1003
-935
-857
-680
-462
-282
-78
25
-18
7
-185
-457
-584
-698
-738
-715
-594
-458
-338
-98
226
530
800
1006
1117
1158
1061
792
560
373
237
170
24
-106
-129
-111
-55
134
337
421
432
342
194
-40
-386
-706
-950
-1163
-1292
-1271
-1168
-884
-518
-142
175
341
474
661
685
700
694
448
332
273
132
81
-69
-382
-521
-681
-817
-665
-427
-171
129
206
294
419
247
137
96
-7
-96
-218
-381
-463
-461
-379
-238
-280
-194
-14
-74
31
160
90
82
5
-116
-112
-226
-580
-837
-1007
-1169
-1033
-942
-830
-508
-341
-317
-342
-436
-502
-485
-484
-359
-270
-238
20
214
318
460
425
400
463
284
-9
-293
-561
-564
-542
-640
-580
-490
-363
-118
109
421
769
926
1040
1094
1026
953
835
725
636
503
307
167
59
28
115
219
279
361
438
410
348
285
140
-28
-154
-180
-150
-158
-32
115
245
283
324
404
530
742
826
818
635
381
231
111
-35
-170
-261
-274
-315
-373
-424
-394
-226
-26
226
314
306
217
-37
-269
-435
-515
-605
-752
-810
-679
-526
-433
-266
-55
167
430
591
644
755
681
531
381
78
-92
-219
-396
-490
-503
-399
-139
147
403
657
857
1032
1249
1233
1112
963
606
313
79
-191
-448
-666
-884
-959
-824
-715
-675
-592
-532
-516
-491
-514
-577
-515
-496
-591
-545
-483
-391
-178
-54
129
359
552
680
704
697
640
567
438
344
233
115
-36
-285
-341
-442
-602
-643
-756
-793
-748
-832
-873
-834
-815
-666
-486
-477
-384
-209
-205
-173
-141
-54
138
275
439
554
549
580
613
568
654
698
545
506
366
224
212
75
81
301
442
429
425
395
329
383
331
292
276
139
49
-96
-169
-282
-365
-362
-425
-411
-384
-423
-476
-414
-337
-331
-261
-244
-149
103
279
477
626
710
802
845
808
684
634
491
354
231
25
-49
-100
-142
-122
-158
-220
-267
-310
-374
-401
-450
-638
-795
-914
-1032
-1150
-1253
-1262
-1216
-1103
-967
-801
-584
-402
-174
34
186
265
266
275
275
309
266
170
127
60
-23
-166
-253
-314
-342
-274
-331
-352
-384
-495
-561
-632
-710
-795
-798
-813
-787
-751
-752
-674
-625
-512
-382
-276
-119
-33
-12
67
147
197
266
296
345
489
558
589
718
833
965
1049
1087
1140
1186
1233
1200
1158
1093
1047
974
855
817
743
700
674
586
533
539
543
531
531
549
563
609
625
625
651
713
788
829
875
905
910
856
790
726
636
540
422
318
218
140
98
78
72
40
-26
-91
-196
-336
-504
-670
-821
-1020
-1168
-1382
-1557
-1636
-1756
-1789
-1746
-1644
-1521
-1382
-1305
-1240
-1160
-1159
-1155
-1169
-1224
-1260
-1294
-1329
-1358
-1390
-1387
-1381
-1282
-1106
-928
-751
-564
-477
-402
-303
-347
-361
-407
-512
-563
-608
-678
-739
-760
-726
-597
-416
-239
4
223
423
633
699
767
832
810
784
748
679
613
607
594
600
698
803
926
1107
1275
1399
1523
1605
1587
1555
1519
1406
1259
1130
994
931
927
886
883
925
953
1048
1153
1222
1285
1301
1290
1213
1121
1013
908
829
759
717
648
618
611
616
687
764
865
986
1048
1086
1099
1095
1035
912
830
737
631
566
478
375
361
319
260
275
247
274
317
285
262
286
273
257
252
187
157
95
-4
-65
-157
-244
-256
-298
-276
-229
-247
-220
-146
-51
3
62
75
38
-16
-73
-163
-240
-304
-428
-529
-613
-741
-882
-953
-1023
-1023
-964
-978
-953
-888
-832
-768
-737
-744
-709
-675
-647
-641
-662
-677
-706
-750
-793
-785
-765
-710
-673
-666
-624
-581
-532
-502
-521
-539
-569
-637
-653
-663
-673
-690
-748
-813
-848
-895
-931
-913
-915
-862
-842
-845
-806
-764
-751
-729
-641
-556
-453
-386
-364
-362
-434
-489
-528
-555
-519
-535
-578
-568
-559
-520
-457
-404
-336
-279
-247
-245
-276
-306
-334
-400
-403
-379
-409
-393
-318
-220
-92
26
71
151
227
312
432
543
646
671
633
609
598
575
579
558
553
584
617
692
837
939
1000
1113
1196
1309
1378
1366
1320
1212
1059
903
751
628
537
439
404
367
303
263
252
266
336
442
499
530
531
504
447
387
314
219
171
154
94
63
69
76
146
198
234
284
370
464
522
531
487
406
309
235
119
-24
-138
-260
-390
-460
-479
-474
-428
-397
-338
-244
-173
-130
-116
-118
-118
-165
-217
-265
-345
-380
-402
-396
-351
-298
-287
-259
-237
-247
-259
-280
-283
-278
-296
-381
-475
-586
-691
-754
-789
-826
-893
-888
-808
-713
-627
-564
-538
-481
-406
-376
-373
-411
-512
-635
-727
-780
-776
-739
-677
-594
-476
-343
-194
-32
91
170
187
177
173
211
273
341
393
390
394
398
388
392
410
419
442
437
406
415
424
411
394
424
399
341
298
249
220
194
180
195
258
377
528
640
698
714
702
672
648
674
686
673
668
674
701
747
762
797
823
789
744
659
547
482
417
313
248
203
161
107
64
29
26
43
36
37
19
1
-46
-96
-138
-154
-121
-95
-104
-118
-119
-139
-134
-113
-56
12
63
90
121
107
42
-27
-111
-175
-270
-355
-437
-506
-556
-570
-541
-493
-406
-339
-285
-252
-239
-261
-291
-312
-328
-359
-407
-444
-497
-507
-513
-506
-473
-434
-374
-301
-222
-169
-119
-93
-81
-74
-70
-87
-125
-159
-196
-217
-190
-121
-64
9
58
96
135
148
140
145
133
80
35
-34
-98
-156
-204
-231
-220
-200
-192
-178
-147
-98
-44
11
61
105
112
91
58
47
35
25
39
56
74
106
142
193
257
290
317
327
316
274
196
98
-1
-94
-183
-230
-253
-230
-191
-136
-67
3
83
149
207
259
314
337
337
328
316
305
286
267
265
278
275
312
361
413
469
519
568
607
628
608
577
512
429
331
235
147
93
60
41
77
121
153
175
225
273
308
300
273
267
235
185
115
68
25
-10
-35
-43
-16
23
65
91
132
165
166
143
115
75
-4
-106
-202
-269
-334
-402
-442
-426
-401
-383
-360
-333
-307
-312
-324
-344
-369
-413
-485
-550
-598
-633
-668
-678
-651
-603
-548
-490
-414
-337
-286
-250
-224
-193
-185
-211
-244
-284
-337
-399
-457
-498
-515
-508
-486
-443
-363
-288
-216
-168
-141
-126
-156
-209
-262
-298
-346
-381
-391
-361
-316
-275
-225
-166
-93
-34
20
70
122
157
184
203
219
254
261
252
250
260
261
270
284
321
370
401
423
449
466
452
431
390
349
310
284
273
266
254
232
243
274
317
357
386
409
421
418
391
372
365
372
393
424
450
467
472
484
500
502
493
461
425
376
313
253
186
124
61
8
-37
-69
-102
-138
-153
-152
-145
-135
-138
-142
-144
-163
-186
-192
-205
-226
-245
-267
-268
-260
-253
-239
-212
-170
-130
-104
-87
-78
-94
-129
-157
-179
-200
-217
-232
-237
-234
-213
-189
-145
-93
-45
-1
38
89
118
129
117
77
32
-27
-72
-96
-107
-112
-104
-78
-32
28
77
114
154
189
207
214
205
192
170
144
106
75
55
37
45
68
102
129
146
152
147
122
73
18
-42
-107
-182
-263
-347
-430
-511
-571
-610
-626
-608
-556
-473
-383
-302
-229
-172
-134
-118
-127
-152
-171
-191
-214
-229
-239
-227
-208
-188
-166
-123
-70
-37
-2
21
32
37
23
-8
-47
-86
-125
-135
-125
-109
-78
-27
53
141
227
329
429
513
573
606
624
618
596
548
493
450
405
368
349
363
381
393
409
426
449
472
491
489
483
468
435
402
359
315
277
242
213
194
174
160
166
168
151
123
77
23
-25
-86
-133
-175
-224
-279
-331
-382
-432
-448
-456
-437
-408
-384
-362
-335
-302
-278
-255
-253
-254
-271
-306
-335
-358
-377
-405
-433
-462
-487
-512
-528
-544
-556
-562
-581
-594
-598
-596
-594
-574
-540
-498
-441
-374
-285
-196
-103
-19
62
134
197
256
290
330
369
399
411
405
381
357
347
335
330
315
299
273
246
219
195
177
160
146
130
125
124
140
164
208
