-61
-65
-86
-93
-66
14
70
116
171
186
183
147
82
50
41
12
-21
-36
-12
-22
-101
-139
-82
-35
-21
-9
24
72
29
-67
-117
-153
-155
-135
-145
-66
9
49
99
89
144
198
198
229
229
257
279
209
144
94
53
6
-25
-10
54
94
37
15
24
-36
-144
-224
-226
-203
-244
-272
-238
-207
-219
-255
-244
-189
-113
-35
16
22
69
96
37
-37
-59
24
63
16
54
164
221
171
99
147
187
153
107
93
133
109
34
-22
-71
-91
-79
-122
-135
-110
-57
-23
-101
-94
-67
-94
-137
-153
-109
-96
-97
-54
-38
-32
-16
36
88
60
87
115
113
119
92
89
57
23
16
-28
-73
-37
22
84
91
73
109
91
54
33
-4
5
55
60
62
2
5
48
15
23
42
184
316
296
233
142
84
19
-138
-212
-140
-56
12
33
66
94
97
69
34
38
104
157
129
41
-55
-115
-230
-301
-267
-160
-103
-34
34
40
63
45
52
29
-14
28
95
101
88
123
177
114
80
170
251
315
314
321
238
114
36
-75
-218
-297
-291
-304
-303
-193
-111
-145
-217
-193
-59
-82
-117
-145
-236
-325
-346
-258
-201
-156
-115
-99
-76
-26
49
4
-126
-220
-280
-300
-314
-245
-114
-36
72
173
193
198
232
240
172
65
98
184
116
-27
-70
-46
-93
-202
-306
-377
-363
-256
-172
-70
77
199
218
233
237
152
73
-83
62
-62
-345
1
126
-127
-476
-691
-262
-250
-327
-105
-141
154
-193
-173
-450
-734
396
503
356
814
926
1240
345
-531
235
323
705
772
538
1132
806
186
-228
-725
-738
-599
-571
-385
-335
228
203
-348
-442
-433
-385
-712
-482
-483
-486
-407
-813
-407
56
-40
237
199
511
1080
611
695
765
1056
1447
1256
1789
1992
1938
2071
1700
1845
1945
1756
1721
1395
1616
1609
1239
879
314
31
-173
-563
-692
-716
-461
-269
-335
-163
-261
-202
-487
-769
-837
-1099
-1438
-1906
-2095
-1946
-1875
-1722
-1507
-1464
-1070
-1325
-1373
-1693
-1915
-2409
-2548
-2848
-3207
-3727
-2841
-1036
-671
6
-894
-403
491
-79
-1055
-1067
-1127
189
182
251
1464
2201
2943
2227
2367
2725
3090
2090
1200
823
1338
1964
1479
1131
1419
1431
1039
492
-347
-527
-1272
-2920
-3366
-3120
-2528
-2331
-2593
-1834
-739
-28
-305
146
479
579
448
191
1081
2068
2078
2482
3117
3946
4896
4571
4327
4159
3877
3790
3142
2831
2609
2260
2009
1634
1318
1128
723
-584
-1773
-2412
-3007
-3606
-4579
-5660
-6138
-6887
-8300
-8834
-10117
-8146
-5215
-4580
-2823
-3545
-2151
660
-365
-1649
-1585
-1465
1238
1098
1098
3161
5225
6758
5587
5550
6649
7539
6111
4126
2605
3312
4181
2850
1652
1897
2618
3105
2218
662
412
-144
-2706
-4448
-5464
-5081
-4749
-6038
-5859
-4780
-3286
-2845
-2763
-2555
-1313
-741
-1150
-846
264
1231
2019
3215
4338
6803
7636
7053
6758
6670
6799
6076
4620
3941
3949
3573
3111
2619
3145
3657
2810
1773
952
700
99
-1722
-3692
-4762
-5703
-6505
-7588
-8105
-7377
-7402
-7324
-7681
-7467
-7367
-8320
-10483
-11496
-12770
-10781
-7118
-6245
-3020
-2687
-544
3747
4020
3103
3160
2243
3801
2795
1443
2560
3571
5117
4617
5127
7352
9354
8492
7227
5580
5437
5510
3466
1176
330
179
569
202
-706
-4
812
-465
-1656
-2814
-2942
-2756
-5019
-6114
-5852
-5117
-5011
-4890
-4018
-1948
221
906
1799
3840
5108
5392
5763
5531
6761
6731
6035
6431
6536
7482
7118
6352
6483
6864
6413
5696
4220
3627
3447
1891
334
-986
-1252
-1624
-2539
-3386
-3320
-3876
-4700
-5968
-6958
-7035
-7098
-8028
-8332
-8291
-8076
-7813
-8362
-9132
-9405
-10577
-9248
-5282
-4323
-1855
-1757
-510
3722
4695
3272
3802
3553
4879
3959
2034
2795
3700
4275
2424
2327
3795
6372
5842
4659
4527
5051
5425
3600
1355
858
594
-218
-1044
-1845
-776
32
-1873
-2616
-2527
-2319
-1938
-3879
-5187
-4406
-4812
-5227
-5353
-4705
-2799
-2014
-1211
849
3558
4850
5252
5508
6174
7464
7183
6243
6119
5914
5824
5222
4761
5093
5265
4820
3806
2857
2846
2809
1616
-29
-1617
-2450
-3050
-4174
-5316
-6226
-6985
-7614
-8301
-8311
-7804
-7741
-7928
-8130
-7997
-7533
-7669
-8437
-9723
-10681
-11175
-7790
-6072
-4682
-2443
-2080
2120
5480
4894
5297
5679
5867
6131
3653
3232
3583
3860
2562
1754
2849
5587
6572
5363
5515
5797
6451
5918
3923
3206
2632
1173
315
-824
-805
-43
-1197
-2234
-1468
-1233
-351
-429
-2244
-1530
-1307
-1997
-2498
-2807
-2164
-1331
-1363
-660
1885
3673
4274
4503
5025
6973
7991
7460
7376
7031
6915
6328
5134
4885
4697
3958
2775
1530
1423
2246
2125
1304
315
-394
-277
-942
-2276
-3303
-4765
-6183
-7389
-8289
-8244
-8507
-9126
-9190
-8982
-8281
-7945
-8229
-8678
-9523
-10597
-10711
-7905
-6698
-5771
-4506
-4121
-55
2831
2334
3125
3844
4855
5431
3653
3223
3704
3743
2473
1552
2185
4149
4661
3463
4009
4953
6678
6826
5195
4763
4256
3353
2804
1579
1247
1292
-432
-1614
-1144
-1440
-806
-1064
-2293
-1350
-1345
-1600
-1829
-1706
-1246
-1055
-1531
-834
662
1583
1952
2277
3004
4778
5486
5514
6343
6647
7248
6941
6707
6833
6449
5557
4343
3114
2581
2104
678
-602
-1486
-1807
-1582
-1804
-2476
-3161
-4339
-5545
-6689
-7728
-8712
-9835
-10928
-11188
-10762
-10318
-9640
-9214
-8898
-8713
-8886
-8684
-8496
-6049
-4652
-4611
-2923
-2595
-84
2918
2142
1999
3365
4238
5482
4631
4172
5048
5830
4979
4047
4580
5920
6806
5080
4913
5692
6954
7489
6067
5116
5133
4993
4755
3725
3073
3170
1921
-34
-325
-563
-136
-417
-2749
-2468
-1851
-1623
-1533
-1309
-291
608
270
313
1395
1733
1291
492
675
2254
3351
3306
3460
3838
4883
5206
5447
5728
5129
4442
3312
1971
1223
810
-407
-1678
-2918
-3259
-2617
-2695
-3779
-4951
-5686
-6036
-6921
-8341
-8686
-9083
-9580
-10106
-10031
-9429
-8662
-8967
-9376
-9270
-8924
-8589
-8258
-6048
-5488
-4440
-3381
-2967
36
2099
1598
2516
3590
5034
6320
5355
5416
6202
6609
5301
4783
5113
6605
6376
4577
5170
6295
7936
7643
6098
6115
6419
5771
4740
3255
2971
2575
383
-1345
-1226
-1487
-1196
-2499
-4054
-2733
-2138
-1693
-2017
-1944
-1434
-756
-746
-250
554
295
-55
-320
172
1630
2193
2131
2700
3243
4736
5351
5820
6069
5841
5455
5029
4124
3520
3133
1801
510
-696
-1172
-1238
-1944
-3465
-4380
-4676
-4867
-5815
-6709
-7255
-7367
-7698
-8164
-7914
-7604
-7239
-7908
-8576
-8668
-8364
-8533
-8748
-7107
-6705
-6171
-5083
-4618
-1534
781
595
1710
3389
5200
6371
5701
5829
6729
6911
5705
5067
5281
6669
6335
4471
4903
5841
7377
7409
6409
6989
7545
7222
6701
5706
5354
4777
2266
170
-219
-1439
-2332
-3975
-5337
-4418
-4091
-3695
-3934
-3737
-2570
-1739
-1190
-241
365
558
772
799
1156
2226
2195
1342
1013
1389
2331
2547
2591
2494
2512
2679
2297
1917
2175
1823
422
-1095
-1773
-1625
-1700
-3010
-4610
-5366
-5488
-5631
-6862
-7779
-7857
-8060
-8354
-8532
-7691
-6612
-6462
-6905
-7437
-6837
-6302
-6863
-8099
-6833
-5607
-5676
-4680
-4844
-2759
258
541
1196
3184
5132
6626
5918
5493
6806
7611
6663
5675
5592
6907
7610
5802
5312
5743
6797
6743
5229
5469
6714
6692
6357
5485
5367
6407
5275
3019
2605
2061
1441
317
-2292
-2478
-2514
-3250
-4004
-4855
-4128
-2771
-2591
-2409
-1252
-79
540
470
773
2105
2503
1669
465
295
1566
1628
635
593
1165
1585
1473
756
931
1778
1452
701
906
1699
2156
969
-677
-1408
-1709
-2786
-4331
-5683
-6086
-6094
-6854
-7461
-6969
-5966
-5977
-6197
-6328
-5406
-4823
-5634
-7005
-6994
-5357
-5464
-5548
-5369
-4448
-1765
-849
-1264
295
2398
3992
4103
3931
5209
6690
6758
5481
5182
6620
8040
6972
5748
6209
7301
7789
6435
5239
6043
6256
5372
4553
4271
5491
5493
3330
2367
2819
2679
1988
-201
-1466
-1454
-2654
-4672
-6507
-6899
-6706
-6948
-7471
-6795
-4901
-3415
-2881
-2119
-492
870
940
633
633
1617
2465
1712
1007
1127
1091
630
243
-31
504
638
-214
-365
194
826
735
-334
-984
-900
-1291
-2497
-3776
-4620
-5026
-5599
-6720
-7274
-7062
-7063
-7379
-8030
-7766
-6941
-6961
-7304
-7275
-5414
-4262
-4195
-3707
-3010
-810
1212
1120
1457
3446
5163
5923
5829
6546
7986
8396
7319
6408
7000
8366
8182
6757
7171
8810
9809
9328
8082
8191
8753
7919
6695
5777
5859
5637
3692
1964
2234
2447
1615
156
-1177
-1212
-1616
-3209
-5060
-5753
-5732
-5888
-6555
-6774
-5403
-3927
-3595
-3130
-2109
-701
412
497
377
988
1915
1708
917
1028
1429
1268
949
607
918
1340
808
168
370
848
858
-230
-1310
-1320
-1586
-2431
-3381
-4044
-4440
-4902
-6049
-6981
-7044
-7200
-7696
-8692
-8896
-8344
-8341
-8564
-8945
-7661
-6181
-5996
-5354
-4498
-2426
-122
289
299
1814
3915
5038
4795
4998
6185
7004
6565
5751
6071
7598
8172
6813
6380
7500
8493
8221
6799
6492
7544
7524
6516
5842
5849
6002
4666
2231
1453
1487
688
-1147
-2961
-3160
-3047
-3815
-5064
-5770
-5592
-5209
-5887
-6471
-5478
-4411
-4204
-4441
-3802
-2033
-870
-659
-598
64
1421
1803
731
287
990
1187
621
197
535
1510
1689
1194
1184
1849
2307
1407
277
90
128
-517
-1779
-2547
-2619
-2682
-3529
-4710
-5300
-5441
-5747
-6834
-7622
-7398
-7341
-7654
-8160
-7488
-5858
-5329
-5155
-4499
-2973
-731
209
-98
816
2773
4154
4394
4538
5825
7199
7260
6681
6907
8284
9444
8683
7676
8515
9696
9796
8624
7735
8385
8732
7701
6914
6919
7130
6455
4175
2843
3099
2350
420
-1750
-2784
-2633
-3190
-4570
-5495
-5532
-5354
-5582
-6416
-6300
-5283
-5194
-5474
-5065
-3710
-2385
-2011
-1913
-1317
-132
750
442
-156
104
395
-31
-443
-521
-45
148
-352
-620
-195
485
248
-660
-1170
-1027
-1179
-2179
-3214
-3498
-3495
-4220
-5275
-5953
-6132
-6347
-7324
-8387
-8298
-8042
-8235
-8962
-8884
-7524
-6928
-6661
-5917
-4476
-2315
-797
-504
347
2379
3962
4464
4952
6329
7730
8122
7952
8037
8914
9985
9599
8878
9245
10066
10433
9781
9153
9454
9754
8983
8060
7296
6862
6316
4599
3158
2693
2115
963
-976
-2148
-2371
-2953
-4079
-5263
-5695
-5477
-5478
-5897
-5870
-5422
-4730
-4290
-3921
-2641
-1288
-920
-765
-320
642
1536
1698
1480
1598
2072
1963
1441
1184
1455
1410
1066
898
805
910
351
-514
-959
-1142
-1264
-1691
-2370
-2758
-3098
-3894
-4764
-5352
-5798
-6366
-7390
-8183
-8492
-8535
-8377
-8577
-7911
-6951
-6652
-5940
-5138
-3981
-2382
-1614
-1202
152
1766
2948
3752
4493
5630
6939
7427
7513
7963
8828
9426
8903
8468
8699
9070
9140
8406
7810
8000
7967
7202
6459
5941
5569
4685
2893
1694
1129
230
-1075
-2552
-3443
-3780
-4493
-5563
-6514
-6877
-6917
-7310
-7677
-7666
-7066
-6433
-5809
-4833
-3591
-2584
-1845
-1200
-688
339
1273
1604
1765
1908
2084
2102
2182
2239
2211
2279
2300
2105
1894
1595
884
178
-287
-776
-1255
-1894
-2398
-2742
-3288
-3785
-4279
-4899
-5332
-5882
-6734
-7591
-8346
-8764
-8986
-8991
-8097
-7459
-7263
-6259
-5187
-3722
-1861
-887
-201
1029
2660
3901
4718
5813
6997
7843
8118
8423
8816
9530
9773
9130
9050
9472
9779
9472
8607
8319
8629
8371
7661
7083
6735
6559
5833
4574
3951
3281
1993
345
-1051
-1541
-2128
-3359
-4749
-5711
-6207
-6447
-6961
-7460
-7118
-6394
-5977
-5115
-3637
-2248
-1285
-614
134
911
1937
2353
2154
2114
2260
2161
1947
1928
1855
1693
1320
1020
783
584
198
-548
-1398
-1811
-2035
-2594
-3325
-3863
-4187
-4405
-4710
-4993
-5165
-5583
-6270
-7082
-7830
-8159
-8769
-9531
-9985
-9728
-8678
-8402
-7917
-6814
-5536
-3718
-2204
-1262
98
2017
3437
4032
4848
6016
7094
7598
7719
8059
8865
9790
9498
8738
8909
9298
9014
8227
7555
7585
7617
6762
5948
5496
5170
4631
3473
2611
2599
2158
1086
-200
-773
-981
-1968
-3466
-4767
-5521
-6100
-6682
-7562
-7797
-7315
-6909
-6767
-6008
-4569
-3208
-2138
-1208
-188
1058
2238
2524
2358
2443
2866
2754
2554
2495
2328
2254
1806
1053
677
407
-237
-915
-1467
-1555
-1666
-2275
-2988
-3166
-3045
-3027
-3230
-3509
-3713
-4050
-4429
-5008
-5599
-5831
-6505
-7399
-7800
-7870
-7069
-6862
-6903
-6059
-5000
-3529
-1904
-904
255
2038
3672
4902
5959
7286
8472
9009
9014
9229
9627
10230
10057
9025
8910
9225
9024
8414
7612
7262
7060
6218
5361
4887
4487
3806
2793
2092
2334
2449
1779
817
102
-183
-966
-2409
-3850
-4929
-5815
-6650
-7601
-8082
-7907
-7618
-7471
-7215
-6036
-4400
-3500
-2814
-1961
-1080
139
831
927
1213
1835
2236
1949
1620
1654
1505
1033
381
-532
-930
-1214
-2133
-3073
-3329
-3187
-3263
-3768
-3888
-3298
-2891
-2773
-2862
-2843
-2564
-2703
-3740
-4524
-4891
-5430
-6370
-7340
-7939
-7558
-6977
-7276
-6971
-6045
-4845
-3376
-2113
-925
933
3004
4557
5475
6730
8186
9015
9581
9943
10310
10871
10969
9977
9341
9348
9107
8382
7289
6571
6524
6121
5443
5078
4749
5004
4926
4411
4387
4428
4054
3129
1958
1361
613
-799
-2408
-4015
-5366
-6203
-7001
-7914
-8445
-8447
-8328
-8182
-7257
-6164
-5017
-4026
-3024
-1539
149
1663
2259
2383
3067
3531
3444
3070
2636
2296
1487
426
-319
-606
-992
-1806
-2922
-3342
-2867
-2558
-2735
-2765
-2292
-1623
-1324
-1368
-1238
-991
-1088
-1834
-2707
-3143
-3403
-4516
-6076
-7282
-7685
-7857
-7761
-7421
-7538
-6736
-5218
-3918
-2239
-372
1027
2622
4568
6417
7709
9028
10007
10395
10565
10581
10471
10243
9953
8711
7424
6660
6043
5416
4214
3054
2801
2627
2416
2569
2747
3178
3510
3268
2919
2708
2293
1371
-126
-1139
-1887
-3322
-4952
-6441
-7507
-8111
-8779
-9602
-9785
-9430
-8854
-8276
-7283
-5532
-3969
-2922
-1734
-394
1092
2498
2978
3207
3778
4286
3843
2943
2111
1592
895
-297
-1437
-2264
-2627
-3129
-3661
-3682
-3185
-2697
-2440
-2121
-1199
-60
374
175
128
194
171
-229
-1097
-1959
-2745
-3621
-4710
-5378
-5759
-6128
-6565
-6180
-5574
-5106
-3750
-2414
-775
1313
2871
4079
5775
7593
8901
9332
9981
10696
10858
10445
9661
8842
8457
7954
6323
4949
4315
3740
3059
2248
2082
2636
2707
2516
2428
2618
3087
3058
2589
2310
2096
1566
580
-658
-1408
-2347
-3927
-5536
-6966
-8088
-8790
-9422
-9914
-9734
-9090
-8261
-7513
-6264
-4437
-3059
-1776
-440
817
2315
3360
3323
3263
3324
3271
2695
1826
1005
113
-918
-1865
-2582
-3026
-3117
-3246
-3150
-2479
-1591
-940
-491
-139
534
1087
1297
1338
1221
988
628
-45
-760
-1575
-2707
-3881
-4995
-5844
-6472
-6838
-7233
-6625
-5581
-5098
-4021
-2556
-941
927
2408
3324
4827
6374
7535
7955
8373
8950
8943
8461
7592
6597
5969
5447
4058
3017
2879
2859
2677
2169
1739
2207
2757
2905
3152
3345
3729
3886
3335
2890
2541
1811
512
-1280
-2584
-3583
-5085
-6701
-8067
-8970
-9209
-9141
-9215
-8905
-7967
-6980
-5918
-4580
-2985
-1380
-111
998
2120
3165
4157
4368
4102
3995
3722
3009
2067
1100
205
-608
-1459
-1956
-2151
-1953
-1681
-1423
-892
103
1093
1682
1955
2229
2553
2627
2484
2037
1460
972
192
-903
-1817
-2685
-3652
-4503
-5060
-5413
-5489
-5537
-5265
-4031
-3206
-2390
-1268
-206
1367
2952
3711
4393
5392
6338
6558
6243
6315
6181
5683
4854
3970
3297
3449
2941
1683
1270
1523
1936
1944
1594
1933
2843
3201
3221
3002
3062
3292
2541
1556
1136
455
-846
-2793
-4378
-5018
-5797
-6939
-8103
-8834
-8884
-8655
-8594
-8309
-7282
-6083
-5241
-4408
-3292
-1763
-782
-135
702
1466
2285
2543
2092
1731
1719
1653
1063
457
474
655
611
584
679
991
1482
1528
1602
2378
3353
3643
3409
3388
3721
3824
3196
2081
1237
761
174
-960
-2033
-2494
-2804
-3365
-4296
-4552
-4437
-4521
-4601
-4153
-2907
-2118
-1544
-809
111
1650
2930
3198
3413
4009
4754
4697
4361
4158
3753
3265
2599
2070
2050
2651
2481
1774
1635
1799
2023
1794
1038
896
1295
1612
1585
1118
901
917
388
-295
-621
-1017
-1724
-3030
-4171
-4706
-5257
-5945
-6768
-7422
-7294
-6520
-6057
-5743
-5051
-4093
-3230
-2488
-1617
-647
-158
433
874
1261
2427
2940
2599
2363
2623
2840
2677
2478
2375
2322
2290
2284
2236
2587
3078
2883
2692
2895
2894
2647
2197
2005
2052
1935
1482
675
65
-162
-477
-1110
-1543
-1699
-1822
-2031
-2362
-2403
-2300
-2368
-2325
-2501
-1874
-1327
-1494
-1380
-1171
-521
424
627
525
1151
1909
2102
1806
1822
2044
2158
1952
1863
1819
2189
2196
1268
939
1389
1599
1316
714
437
875
943
531
166
78
150
-353
-1258
-1437
-1197
-1235
-1780
-2573
-2747
-2595
-3012
-3720
-4346
-4720
-4586
-4633
-4869
-4577
-4040
-3700
-3408
-3090
-2283
-1667
-1487
-1179
-679
324
1218
1354
1506
2252
3131
3680
3818
3879
4000
3855
3575
3319
3294
3487
3378
3110
3314
3731
3942
3815
3406
3266
3294
2940
2270
1648
1310
1184
786
255
76
-71
-251
-792
-1441
-1689
-1936
-2593
-3237
-3893
-4354
-3928
-4292
-4719
-4230
-3518
-2850
-2264
-2086
-1624
-787
64
367
492
1205
1610
1592
1626
1946
1999
2275
1919
1182
1192
1188
748
146
-590
-684
-399
-408
-286
-244
-82
194
167
233
607
436
98
-458
-868
-679
-1025
-1854
-2523
-2933
-3222
-3357
-3730
-3995
-3915
-3885
-3852
-3537
-2817
-1896
-1650
-1528
-628
578
1985
2805
3020
3496
4082
4510
4685
4521
4403
4282
3776
3421
3300
3163
2918
2534
2276
2567
2832
2844
2677
2411
2544
2805
2736
2438
2151
1925
1827
1383
691
188
-411
-1151
-1912
-2564
-3004
-3593
-4436
-5239
-5822
-6095
-5576
-5491
-5781
-5348
-4661
-3844
-2834
-2454
-2047
-1156
-297
204
119
544
1061
1308
1395
1481
1477
1634
1352
580
364
643
715
445
-160
-108
684
1037
1211
1244
1347
1707
1722
1432
1450
1188
771
-12
-847
-886
-1103
-1795
-2633
-3282
-3383
-3219
-3437
-3805
-3766
-3233
-2685
-2366
-1849
-919
-155
239
723
1551
2786
3329
3102
3276
3766
4250
4441
4180
3969
4080
4126
3932
3786
4145
4408
4125
4091
4352
4304
4064
3607
3176
3183
3200
2739
1855
1279
997
608
-23
-619
-1301
-1971
-2480
-3095
-3621
-3934
-4279
-4788
-5367
-5842
-5923
-6142
-5926
-5887
-6248
-5947
-5281
-4703
-4060
-3667
-3553
-2960
-2236
-1590
-1326
-791
-113
396
663
979
1167
1576
2047
1898
2027
2409
2587
2446
2051
1850
2266
2423
2342
2199
1976
2003
1984
1541
1395
1272
921
584
6
-145
-287
-842
-1459
-1915
-2105
-2178
-2518
-2956
-3068
-2881
-2635
-2456
-2109
-1452
-787
-391
120
544
1143
2247
2422
2470
3369
4144
4326
4314
4442
4749
4893
4982
4874
4465
4540
4243
3496
3142
3043
2496
2001
1602
1282
1066
731
245
-435
-719
-666
-956
-1605
-1916
-2200
-2679
-3215
-3706
-4000
-4170
-4374
-4773
-5291
-5764
-6006
-6605
-6650
-6375
-6733
-6760
-6450
-5944
-5103
-4327
-3794
-2918
-1877
-689
31
960
2064
2883
3376
3749
3994
4230
4495
3960
3467
3392
3357
3022
2574
2022
1992
1978
1788
1704
1546
1737
1951
1810
1868
2019
1923
1856
1436
1213
1217
792
112
-533
-1103
-1498
-1803
-2290
-2641
-2751
-2695
-2464
-2119
-1539
-830
-320
275
1018
1687
2348
2713
2854
3376
4087
4406
4259
3942
3832
3611
3187
3056
2843
2471
2044
1361
845
714
439
-44
-343
-409
-539
-689
-813
-900
-896
-847
-902
-1253
-1626
-1957
-2363
-2914
-3397
-3718
-4205
-4948
-5485
-5990
-6404
-6542
-6714
-7061
-6972
-6320
-6269
-6182
-5510
-4637
-3604
-2562
-1854
-934
189
1208
1557
1832
2448
2688
2610
2570
2747
2976
3259
2893
2600
2747
2902
2838
2591
2381
2643
3018
3191
3415
3602
3793
3791
3627
3622
3580
3307
2946
2198
1599
1337
711
-49
-727
-1275
-1593
-1872
-2381
-2856
-2901
-2653
-2427
-2181
-1651
-1056
-557
-102
525
1444
2174
2409
2590
3064
3429
3552
3291
3109
3256
3264
2840
2322
2123
1884
1444
1030
889
918
976
685
219
15
120
-62
-559
-921
-1039
-1101
-1546
-2202
-2798
-3089
-3261
-3703
-4293
-4418
-4369
-4546
-4825
-4883
-4654
-4357
-4400
-4558
-4646
-4080
-3205
-3229
-3168
-2576
-1849
-1169
-800
-775
-116
685
1134
1172
1661
2560
3116
3213
3480
4129
4778
5149
4646
4314
4548
4630
4197
3614
2985
2908
2770
2342
2048
1802
1573
1207
624
205
-37
-402
-758
-1221
-1283
-1025
-1196
-1633
-1835
-1866
-1706
-1599
-1902
-2196
-2240
-2320
-2378
-2423
-2212
-1792
-1694
-1490
-1015
-468
244
469
336
628
1164
1556
1469
1387
1773
2030
2109
2335
2464
2410
2220
1859
1492
1322
1001
343
-337
-689
-936
-1372
-1700
-1977
-2336
-2619
-2829
-3126
-3365
-3501
-3549
-3600
-3573
-3342
-3223
-3200
-3078
-2892
-2707
-2592
-2607
-2734
-2746
-2719
-2346
-1878
-1943
-1843
-1347
-854
-189
564
854
1432
2337
3198
3784
4441
5246
5756
6053
6419
6530
6482
6714
6293
5688
5358
5016
4368
3515
2670
2260
1927
1507
1069
535
409
464
260
61
117
45
-96
-323
-389
-293
-492
-881
-1206
-1505
-1580
-1676
-2122
-2508
-2543
-2508
-2521
-2490
-2296
-1945
-1692
-1401
-978
-541
-17
300
261
591
1160
1430
1471
1538
1630
1675
1629
1414
1036
689
360
-119
-447
-499
-807
-1249
-1594
-1935
-2102
-2294
-2612
-2658
-2672
-2815
-2878
-3024
-3038
-2866
-2608
-2404
-2192
-1938
-1604
-1336
-1163
-918
-793
-547
-357
-412
-725
-938
-1173
-1217
-1078
-1435
-1563
-1408
-1290
-1080
-672
-425
53
645
1269
1658
2188
2802
2979
3028
3256
3616
3860
4027
3445
2867
2793
2633
2035
1352
621
360
189
-311
-684
-849
-760
-780
-1095
-1131
-803
-727
-814
-1076
-1035
-485
-207
-365
-446
-358
-165
-191
-552
-855
-898
-973
-1170
-1350
-1262
-1035
-1079
-1120
-871
-331
274
656
664
833
1235
1602
1716
1623
1570
1684
1628
1324
1183
1243
1274
1205
1084
907
697
454
217
-234
-364
-378
-594
-792
-864
-808
-607
-326
-170
123
633
1146
1398
1681
2004
2163
2191
2190
1969
1635
1364
1020
636
274
-60
-639
-1300
-1449
-1795
-2455
-2727
-2737
-2656
-2425
-2407
-2273
-1619
-877
-349
120
885
1616
2153
2262
2305
2323
2498
2213
1598
1079
583
-84
-827
-1534
-1987
-1999
-2177
-2206
-2093
-1744
-1272
-875
-569
3
481
845
1044
979
1009
898
425
-226
-718
-1050
-1432
-1963
-2621
-2939
-2857
-2928
-3079
-3135
-2786
-2386
-2066
-1675
-1150
-531
26
299
649
1277
1767
1903
1766
1686
1786
1655
1222
853
510
308
-91
-611
-848
-953
-1089
-982
-724
-424
27
422
812
1258
1667
2016
2189
2274
2415
2540
2613
2627
2441
2096
1576
945
511
15
-417
-694
-1041
-1428
-1593
-1642
-1677
-1648
-1778
-1534
-1434
-1656
-1629
-1335
-1071
-777
-643
-693
-490
-292
-205
-277
-143
-32
71
20
218
349
464
612
512
748
1115
1265
1259
1389
1539
1925
2260
2531
2826
3023
3152
3208
2986
2807
2674
2313
1966
1532
1161
921
574
172
-60
-152
-163
-195
-543
-745
-651
-709
-794
-880
-874
-906
-1136
-1398
-1463
-1343
-1198
-1356
-1670
-1564
-1353
-1347
-1422
-1557
-1565
-1400
-1317
-1141
-761
-545
-527
-533
-311
14
223
391
554
604
732
704
418
307
230
81
15
23
42
113
102
69
45
25
41
-28
-187
-294
-511
-798
-961
-1147
-1275
-1498
-1884
-2354
-2825
-3250
-3499
-3855
-4222
-4262
-4193
-3989
-3664
-3428
-3024
-2380
-1741
-1115
-480
389
1119
1588
2022
2601
2986
3065
2987
2938
3103
3339
3308
3116
3079
3034
3031
2983
3017
3097
3047
2915
2737
2616
2713
2699
2547
2490
2454
2420
2273
1854
1323
856
335
-230
-785
-1271
-1647
-2061
-2603
-2987
-3233
-3264
-3225
-3193
-3034
-2665
-2210
-1766
-1388
-1100
-770
-483
-235
-50
141
319
360
212
178
235
178
22
-101
-105
-208
-180
-191
-163
39
265
495
727
961
1154
1254
1393
1653
1775
1794
1741
1665
1496
1224
861
503
169
-319
-847
-1249
-1406
-1521
-1681
-1835
-1990
-2237
-2500
-2553
-2560
-2266
-2019
-2066
-1967
-1666
-1220
-783
-576
-374
-1
383
616
730
1103
1598
2003
2117
2292
2547
2766
2818
2666
2739
3009
3187
3175
3058
2945
2922
2767
2403
2069
1805
1551
1185
668
305
47
-335
-837
-1306
-1767
-2200
-2623
-3041
-3281
-3389
-3531
-3741
-3942
-4030
-3990
-3944
-3819
-3655
-3457
-3213
-2908
-2502
-2025
-1579
-1249
-906
-631
-307
97
320
530
737
806
820
804
830
860
758
659
562
399
173
13
10
162
446
640
844
1007
1248
1401
1476
1536
1578
1621
1617
1670
1783
1906
1769
1383
1055
852
689
575
503
524
571
679
820
899
908
893
916
954
1064
1263
1444
1502
1484
1477
1472
1435
1352
1244
1092
944
912
965
1013
995
929
932
811
666
536
465
497
473
413
427
459
528
476
243
30
-190
-467
-908
-1280
-1480
-1609
-1855
-2214
-2547
-2802
-3015
-3297
-3486
-3530
-3395
-3317
-3315
-3226
-3038
-2881
-2901
-2907
-2820
-2578
-2288
-2039
-1825
-1713
-1566
-1406
-1269
-1062
-852
-661
-399
-200
34
305
504
688
810
924
982
1003
1080
1160
1230
1339
1455
1519
1621
1675
1712
1724
1615
1463
1329
1246
1284
1244
1205
1233
1191
1156
1171
1180
1141
1127
1096
1068
1015
1073
1152
1274
1297
1130
1115
1153
1222
1267
1176
1089
1025
958
875
719
618
516
396
277
165
39
-119
-339
-600
-662
-684
-726
-774
-869
-1016
-1100
-1234
-1476
-1738
-1959
-2115
-2238
-2371
-2461
-2487
-2556
-2637
-2779
-2788
-2624
-2399
-2278
-2138
-1924
-1768
-1633
-1522
-1276
-915
-559
-293
-107
91
364
595
796
996
1174
1338
1393
1334
1366
1526
1640
1732
1787
1855
1935
1846
1677
1532
1407
1304
1204
1205
1159
1057
1043
999
905
854
870
888
906
951
1016
1162
1233
1149
1065
1061
1114
1134
1082
964
939
1007
1032
981
889
796
652
445
329
341
409
361
300
278
271
223
43
-55
-94
-129
-230
-444
-819
-1178
-1430
-1580
-1616
-1702
-1863
-2019
-2172
-2262
-2314
-2384
-2374
-2366
-2344
-2347
-2364
-2281
-2070
-1914
-1884
-1811
-1646
-1479
-1360
-1234
-1117
-1031
-927
-836
-806
-770
-721
-697
-678
-568
-384
-174
55
228
443
739
964
1166
1244
1280
1369
1447
1513
1577
1577
1512
1404
1231
1143
1051
958
938
909
839
730
566
476
449
454
512
722
1075
1469
1827
2064
2188
2240
2246
2172
2103
2054
2105
2088
1904
1637
1397
1146
814
436
121
6
-73
-216
-300
-235
-129
5
67
133
266
342
308
171
97
77
-50
-397
-714
-948
-1160
-1485
-1848
-2082
-2289
-2622
-3026
-3215
-3237
-3181
-3052
-2852
-2499
-2075
-1801
-1622
-1316
-924
-547
-266
-59
191
434
490
360
217
173
159
49
-112
-231
-333
-479
-591
-595
-452
-199
101
416
717
1057
1325
1455
1489
1589
1748
1831
1877
1847
1792
1735
1623
1420
1172
948
738
506
212
-28
-183
-331
-464
-531
-498
-344
-179
-8
187
334
406
370
347
411
414
343
254
102
-25
-233
-572
-886
-1039
-1020
-1006
-995
-880
-658
-560
-580
-528
-394
-224
-150
-50
154
329
481
484
300
154
84
-29
-288
-599
-887
-1129
-1354
-1610
-1801
-1959
-2080
-2039
-1918
-1723
-1523
-1379
-1274
-1119
-884
-594
-294
-14
310
520
627
650
590
511
383
265
214
217
213
256
301
311
317
302
382
553
746
884
966
1075
1270
1513
1742
1886
1986
2028
1962
1819
1595
1307
1003
762
554
457
405
401
539
621
623
561
439
260
100
48
138
268
425
596
630
598
530
426
331
286
178
-36
-234
-455
-709
-945
-1080
-1052
-944
-853
-842
-806
-733
-786
-943
-1094
-1176
-1178
-1181
-1222
-1278
-1212
-1107
-1109
-1214
-1311
-1272
-1222
-1239
-1228
-1123
-983
-885
-831
-740
-550
-361
-235
-160
-73
61
124
129
132
190
328
355
276
174
80
-14
-169
-303
-233
-51
107
296
548
827
1032
1091
1042
1089
1190
1218
1149
1023
932
824
665
540
481
470
461
339
216
138
35
-100
-198
-217
-150
58
325
593
846
1095
1250
1265
1201
1116
1054
981
885
772
757
826
896
910
812
677
564
382
179
62
-66
-277
-509
-613
-566
-522
-597
-656
-660
-652
-741
-893
-1005
-1034
-1097
-1262
-1403
-1454
-1432
-1459
-1471
-1369
-1167
-902
-689
-516
-298
-111
-56
-10
49
179
325
422
560
677
719
752
867
975
1005
949
903
845
755
709
736
793
782
762
791
820
789
760
764
790
753
590
402
269
143
-86
-317
-464
-563
-738
-1004
-1268
-1406
-1445
-1491
-1501
-1454
-1341
-1172
-962
-722
-450
-236
-110
-26
1
26
100
202
340
477
489
443
397
354
331
272
184
81
-35
-114
-51
64
108
85
95
137
193
216
216
270
326
350
306
142
-82
-297
-483
-700
-942
-1183
-1454
-1689
-1881
-2020
-2091
-2122
-2097
-2059
-1989
-1848
-1647
-1366
-1015
-573
-105
210
366
491
624
780
890
915
925
904
783
693
680
684
715
691
698
761
808
835
862
973
1141
1244
1256
1301
1340
1353
1320
1283
1339
1388
1285
1052
758
414
122
-189
-441
-636
-828
-969
-1106
-1228
-1254
-1204
-1101
-900
-748
-688
-570
-360
-178
-40
88
262
436
536
620
691
762
808
839
837
776
612
425
380
422
459
512
580
619
662
761
925
1062
1141
1197
1269
1315
1371
1357
1242
1163
1087
931
563
172
-195
-553
-872
-1163
-1358
-1518
-1684
-1892
-1959
-1906
-1821
-1724
-1627
-1446
-1236
-1055
-845
-598
-425
-336
-292
-205
-81
-18
-18
-11
-16
-42
-107
-198
-222
-245
-246
-230
-130
51
327
629
863
1023
1142
1280
1370
1421
1414
1376
1245
1035
858
719
575
421
207
-86
-340
-577
-814
-1037
-1203
-1256
-1268
-1302
-1291
-1214
-1121
-989
-823
-656
-545
-488
-446
-395
-362
-339
-363
-374
-317
-283
-261
-256
-264
-219
-150
-81
32
87
117
187
349
629
886
1063
1243
1462
1613
1693
1702
1645
1518
1341
1181
987
758
517
272
127
59
-16
-108
-165
-211
-264
-297
-369
-456
-534
-619
-614
-548
-535
-586
-637
-654
-690
-784
-921
-1022
-1094
-1125
-1091
-1024
-941
-846
-716
-545
-324
-99
90
297
516
676
738
730
704
685
669
646
674
718
714
666
616
687
804
832
823
826
849
886
848
759
733
684
576
465
363
333
281
132
-68
-281
-468
-642
-806
-907
-945
-938
-861
-803
-816
-768
-705
-658
-587
-507
-410
-326
-262
-187
-64
75
196
264
282
254
181
109
41
12
57
106
127
158
217
236
175
131
86
46
-23
-53
2
-16
-87
-181
-302
-370
-410
-448
-487
-600
-725
-768
-804
-855
-872
-901
-883
-863
-907
-902
-883
-832
-726
-648
-545
-426
-369
-337
-312
-279
-220
-181
-119
-8
62
141
213
286
416
484
503
500
442
392
391
447
533
613
685
734
774
837
831
783
832
919
952
923
804
694
603
473
328
162
28
-83
-159
-175
-142
-78
-26
1
10
56
52
43
131
285
450
513
529
539
483
378
294
267
303
305
296
353
386
382
351
268
214
196
82
-54
-113
-79
22
93
88
51
-2
-35
-28
16
90
124
47
-126
-349
-526
-591
-647
-693
-740
-790
-854
-961
-1047
-1022
-932
-875
-831
-786
-729
-714
-731
-679
-555
-445
-395
-385
-342
-294
-318
-319
-278
-203
-123
-78
-51
1
77
156
237
264
285
298
279
312
384
440
465
450
429
423
428
481
519
541
598
608
540
397
226
127
76
35
10
-13
-50
-92
-139
-182
-205
-233
-272
-278
-291
-311
-303
-305
-252
-139
-40
56
119
161
232
297
366
465
492
467
409
320
261
219
164
128
128
113
93
48
52
88
71
42
-27
-115
-221
-333
-341
-260
-220
-245
-297
-333
-329
-342
-352
-317
-290
-299
-349
-399
-413
-398
-351
-299
-249
-198
-177
-160
-107
-24
62
123
211
304
375
449
495
499
496
537
633
721
774
795
776
711
624
562
572
618
632
614
574
522
452
385
340
321
293
238
176
133
79
27
-8
-44
-85
-196
-309
-360
-364
-366
-394
-442
-482
-480
-462
-417
-386
-388
-398
-429
-461
-451
-438
-410
-341
-267
-189
-188
-218
-206
-197
-185
-170
-177
-172
-154
-147
-163
-221
-298
-358
-410
-422
-389
-378
-365
-363
-351
-313
-328
-371
-403
-451
-468
-444
-419
-383
-366
-346
-311
-321
-321
-286
-287
-285
-272
-246
-179
-138
-73
56
184
291
359
383
430
507
551
568
600
665
706
696
677
681
691
674
662
682
708
674
585
500
452
437
429
404
404
412
360
274
190
144
148
135
120
118
81
6
-107
-240
-347
-410
-434
-433
-449
-426
-345
-275
-209
-153
-103
-54
-19
27
97
159
226
272
302
310
271
219
175
149
128
82
-1
-67
-103
-120
-137
-155
-179
-195
-199
-231
-272
-309
-323
-298
-270
-254
-258
-257
-253
-268
-286
-313
-348
-369
-393
-419
-457
-482
-466
-411
-330
-231
-138
-64
6
63
142
230
314
399
489
581
644
671
680
696
692
656
587
522
496
478
452
420
383
323
224
147
130
171
234
276
269
222
144
57
-42
-151
-233
-300
-373
-458
-536
-588
-636
-688
-710
-716
-725
-745
-781
-769
-704
-616
-531
-472
-384
-278
-209
-157
-93
0
99
155
181
213
217
211
215
225
253
269
256
244
228
208
184
129
84
58
38
44
53
66
89
87
63
-1
-90
-157
-213
-265
-278
-258
-224
-218
-261
-297
-318
-324
-306
-264
-207
-142
-86
-36
27
111
230
373
506
628
726
785
825
855
886
915
899
874
851
833
830
810
784
777
772
746
689
597
511
445
372
301
233
145
56
-28
-108
-186
-281
-371
-462
-584
-708
-820
-918
-988
-1059
-1099
-1109
-1130
-1127
-1088
-1031
-935
-861
-812
-754
-716
-666
-621
-567
-446
-294
-153
-35
26
51
59
54
82
126
166
203
218
217
234
248
264
267
261
277
280
257
222
194
186
176
138
84
13
-46
-97
-155
-196
-232
-268
-316
-378
-420
-437
-429
-383
-318
-237
-163
-106
-44
29
130
248
322
372
421
486
563
630
709
782
831
852
847
840
838
835
836
838
832
817
772
692
617
580
567
