SAMPLES:	6058
BITSPERSAMPLE:	16
CHANNELS:	1
SAMPLERATE:	16000
NORMALIZED:	FALSE
-138
-114
-72
-3
27
68
141
173
197
238
255
252
266
261
227
243
235
244
256
246
251
251
212
165
142
68
15
3
-65
-132
-146
-224
-292
-328
-378
-447
-465
-507
-600
-618
-651
-697
-684
-710
-716
-675
-669
-656
-593
-558
-550
-472
-459
-450
-362
-328
-309
-240
-190
-137
-51
13
49
99
140
171
205
223
289
311
323
381
398
426
480
518
492
536
499
458
450
396
355
312
257
184
152
80
57
14
-41
-72
-88
-112
-114
-91
-102
-55
-21
36
114
176
251
303
363
419
512
539
613
655
727
780
945
1045
1146
1348
1437
1570
1656
1827
1839
1987
2084
2114
2224
2303
2333
2381
2437
2402
2434
2417
2339
2321
2267
2146
2121
2043
1910
1905
1853
1741
1721
1687
1597
1576
1530
1426
1401
1329
1250
1178
1147
1097
1081
1041
985
980
926
908
894
889
871
904
930
933
1017
1089
1133
1193
1295
1317
1386
1471
1481
1491
1495
1458
1416
1390
1358
1317
1265
1197
1123
1065
974
911
785
645
534
389
295
145
24
-87
-241
-348
-449
-590
-735
-830
-1038
-1259
-1381
-1584
-1769
-1856
-2052
-2201
-2259
-2333
-2407
-2377
-2398
-2439
-2407
-2419
-2423
-2399
-2414
-2413
-2372
-2338
-2276
-2182
-2141
-2139
-2084
-2103
-2133
-2122
-2077
-2134
-2117
-2056
-2059
-1939
-1842
-1778
-1750
-1692
-1703
-1714
-1734
-1809
-1814
-1895
-1934
-1968
-2023
-2099
-2099
-2169
-2260
-2252
-2293
-2336
-2353
-2413
-2470
-2519
-2588
-2604
-2634
-2638
-2635
-2585
-2520
-2447
-2325
-2299
-2253
-2256
-2253
-2189
-2164
-2056
-1992
-1846
-1759
-1663
-1510
-1410
-1316
-1217
-1048
-970
-772
-647
-551
-399
-259
-117
-37
75
132
291
326
422
557
563
612
659
644
664
733
757
780
828
820
878
927
942
1042
980
982
1019
979
924
940
979
977
1102
1014
993
1009
921
952
952
1005
1033
1128
1106
1210
1334
1361
1496
1502
1520
1568
1639
1692
1765
1799
1761
1831
1814
1805
1809
1864
1944
1934
1988
1866
1868
1750
1657
1606
1468
1491
1399
1375
1280
1226
1207
986
884
717
628
527
477
445
261
322
170
118
82
30
-3
-72
-48
-160
-84
-106
-60
107
114
242
298
358
407
434
510
526
688
712
762
852
881
1057
1124
1260
1319
1408
1468
1434
1497
1465
1603
1610
1640
1692
1612
1621
1507
1438
1251
1175
1162
1030
974
792
687
494
363
320
190
180
77
-30
-66
-148
-125
-142
-174
-202
-284
-262
-421
-330
-360
-359
-320
-416
-273
-190
46
108
311
423
399
516
441
546
626
778
892
976
1131
1049
1198
1313
1332
1370
1330
1265
1116
1164
1142
1107
1191
1160
1179
1183
1093
1038
958
814
643
668
589
507
527
443
376
319
280
127
76
72
-15
-16
-108
-179
-163
-273
-283
-301
-386
-526
-590
-647
-810
-699
-874
-971
-1029
-1100
-1075
-1198
-1239
-1385
-1301
-1502
-1549
-1576
-1672
-1660
-1732
-1699
-1820
-1819
-1900
-2071
-2215
-2276
-2369
-2386
-2427
-2419
-2474
-2522
-2489
-2444
-2301
-2222
-2155
-2074
-2112
-2107
-2030
-2064
-1913
-1827
-1704
-1657
-1756
-1795
-1792
-1647
-1514
-1284
-1219
-1253
-1089
-1144
-1153
-1203
-1074
-1046
-1087
-983
-1114
-998
-1155
-1024
-943
-1040
-889
-1005
-848
-884
-796
-688
-765
-618
-594
-385
-437
-459
-400
-543
-414
-359
-289
-326
-256
-162
-232
-274
-369
-197
-322
-403
-342
-352
-272
-221
-111
-3
321
340
364
505
452
609
862
738
410
459
208
233
383
442
402
428
673
531
714
553
377
434
371
387
404
405
402
610
585
595
835
1010
1142
1270
1463
1442
1625
1787
2054
2404
2606
2825
3046
3178
3162
3308
3474
3662
3873
3967
4011
3982
3999
4093
4098
4221
4111
4143
4066
4000
3743
3490
3340
2961
2842
2527
2383
2261
2185
2004
1842
1728
1482
1286
1342
1199
1044
926
623
372
-130
-363
-599
-706
-713
-724
-723
-820
-773
-783
-770
-701
-1058
-1032
-1018
-1278
-1123
-1144
-1158
-1322
-1138
-1170
-1186
-838
-972
-600
-511
-440
-328
-385
-179
-198
-121
-277
-285
-328
-485
-504
-557
-499
-627
-572
-380
-453
-421
-225
-213
-269
-125
-101
-217
-357
-412
-459
-618
-746
-818
-899
-1067
-880
-771
-919
-852
-825
-849
-816
-590
-535
-812
-807
-906
-1131
-1465
-1526
-1688
-1852
-1515
-1490
-1471
-1371
-1308
-1392
-1295
-1317
-1381
-1467
-1425
-1399
-1543
-1522
-1623
-1283
-1283
-1125
-943
-1019
-1152
-1083
-793
-1364
-1367
-1339
-1552
-1212
-942
-1019
-1246
-1119
-1137
-1218
-1057
-1316
-1220
-863
-554
-418
-448
-209
-344
-146
-30
-218
-148
-179
-23
-104
-153
-109
-187
38
147
496
602
589
593
586
606
332
160
-105
53
187
170
162
-65
-51
-22
-30
87
148
89
50
161
66
-21
53
-27
-82
-12
195
285
212
462
399
144
311
402
398
395
660
651
607
731
597
563
568
633
505
534
595
753
689
428
488
369
275
221
436
205
21
-107
-421
-438
-416
-548
-655
-358
-380
-449
-316
-374
-596
-695
-823
-781
-737
-644
-609
-609
-706
-831
-641
-606
-508
-523
-365
-84
67
35
-30
38
88
-58
162
271
303
455
501
330
155
201
-15
-66
141
301
338
436
597
731
563
673
836
804
827
1119
1050
878
1222
1233
1305
1515
1658
1432
1458
1484
1230
1069
1023
1282
1343
1540
1438
1526
1511
1365
1357
1117
1157
1128
1151
1058
1132
1145
981
1214
1330
1131
1269
1156
821
802
888
646
585
798
645
970
1226
1001
953
979
665
395
191
43
16
-55
-201
-160
-154
-233
-231
-152
-60
-104
-48
-81
-205
-274
-504
-515
-331
-380
-240
-260
-202
-415
-667
-779
-1100
-1201
-1177
-1001
-1046
-906
-728
-834
-584
-442
-498
-425
-355
-367
-330
-152
-219
-200
-105
-26
249
315
242
314
424
381
312
242
310
361
454
434
290
416
101
-95
-172
-344
-254
-331
-190
-288
-32
42
-236
-192
-294
-24
-209
-262
-113
-489
-349
-135
-110
-326
-97
-4
-396
68
46
-128
91
297
75
-91
146
-26
59
106
205
356
386
411
384
456
493
426
202
134
341
231
299
442
412
628
708
602
361
281
216
45
-32
-42
-57
-199
-158
-169
-336
-462
-517
-619
-899
-914
-1054
-1182
-1118
-819
-683
-869
-936
-971
-858
-637
-483
-744
-734
-445
-308
-53
23
-146
-59
59
252
386
282
80
202
344
360
429
210
264
194
513
564
343
426
550
842
807
868
628
772
1012
710
684
557
318
215
586
483
22
215
56
-135
27
-149
-291
-139
-60
-396
-395
-353
-541
-547
-653
-488
-391
-371
-429
-217
-88
-226
-79
-130
-117
-9
-166
-354
-210
23
86
199
230
365
430
150
219
201
-197
-271
-54
-155
-287
147
200
216
345
133
99
43
97
-112
-218
-73
-298
-90
-87
-122
-172
-201
65
-204
-145
-203
-330
-504
-817
-746
-628
-245
-135
-106
193
-28
-4
-5
-224
-235
-419
-427
-284
172
185
190
319
204
421
540
352
-15
198
324
77
364
315
61
164
275
225
72
-110
-131
44
67
41
-35
-104
-72
-135
-253
-306
-437
-319
-199
-205
-185
-348
-580
-708
-731
-713
-624
-606
-474
-253
-489
-480
-647
-766
-818
-830
-863
-1047
-611
-797
-462
-432
-570
-452
-479
-357
-683
-479
-588
-698
-481
-394
-94
-233
-120
-281
-613
-372
-403
-377
-574
-602
-502
-464
-460
-407
-182
-399
-351
-192
-371
-356
-362
-474
-389
-170
-274
-389
16
-8
-46
-115
-127
-136
-172
21
-229
-334
-183
-118
-130
16
197
-57
-224
286
300
282
262
-45
-83
15
-191
-263
-126
-256
-203
-78
-180
-336
1
17
-46
306
188
-313
77
322
-85
-206
-18
-150
-138
306
-194
-126
-37
111
398
359
432
154
319
254
305
270
77
335
379
492
515
386
581
397
293
433
490
365
372
650
449
605
612
615
597
886
970
634
782
674
507
459
557
454
418
506
537
458
401
407
457
524
433
390
426
510
321
366
347
396
647
680
763
561
556
479
424
483
349
524
582
467
516
560
432
530
581
405
598
773
571
702
628
294
310
191
-99
-132
96
134
227
424
186
73
341
198
-90
96
134
-160
-167
-349
-436
-257
-107
-297
-255
-52
0
174
140
39
121
356
331
356
443
174
10
214
342
423
547
718
723
734
1173
1262
1081
1290
1300
1109
1210
1197
1033
911
930
695
519
731
588
553
555
585
444
388
700
597
533
428
194
143
105
95
-105
-159
-112
-174
2
136
145
121
342
261
124
290
180
211
197
61
-194
61
415
331
269
65
-76
-171
-107
-110
-55
81
-55
-267
-459
-477
-692
-915
-835
-829
-722
-654
-474
-436
-539
-489
-676
-724
-704
-662
-791
-927
-1065
-1393
-1428
-1491
-1517
-1495
-1424
-1162
-1101
-1104
-1127
-1070
-1171
-1254
-1126
-1130
-981
-692
-536
-602
-587
-649
-689
-591
-610
-563
-583
-646
-521
-665
-779
-755
-860
-660
-411
-186
97
254
142
-85
-168
-116
104
81
-73
-263
-433
-250
-152
-257
-332
-294
-142
-78
1
-62
-128
-37
-173
-137
63
174
166
98
26
-248
-399
-582
-675
-544
-421
-263
-392
-391
-320
-128
210
50
-190
-351
-433
-378
-549
-966
-1343
-1493
-1644
-1783
-1702
-1668
-1449
-897
-380
107
746
1528
2262
2944
3311
3554
3564
3285
3024
2439
1776
1231
767
282
-156
-385
-311
79
828
1511
2030
2641
3181
3493
3293
2908
2386
1777
1144
460
-117
-669
-943
-1055
-1134
-1038
-865
-562
-64
394
427
339
496
602
581
453
114
-325
-695
-908
-1294
-1438
-1441
-1706
-1845
-2189
-2387
-2566
-2575
-2363
-2349
-2117
-2131
-2173
-2366
-2789
-3084
-3343
-3630
-4124
-4586
-5135
-6076
-6932
-8127
-7105
-5367
-4702
-2789
-2024
827
4593
7394
8998
8749
9884
10464
11234
10398
6586
3491
1000
-284
-1973
-4123
-4990
-5302
-3517
-1961
-281
2184
3870
5651
5656
6652
7553
6168
4016
933
-435
-1090
-2310
-3745
-4957
-4503
-3115
-1921
-631
1259
2686
3555
4622
5150
5366
4645
3015
2041
1258
952
96
-1348
-1583
-1395
-750
-129
-162
-72
522
1245
1595
1972
1894
1765
1937
2135
2421
2066
1469
976
497
396
-574
-1911
-2871
-3785
-4265
-5294
-6545
-7196
-7321
-7162
-7012
-6837
-6817
-6959
-7110
-7487
-7763
-8675
-9841
-11104
-11162
-8890
-8667
-7867
-6797
-5052
164
4556
8191
9409
10547
12584
13693
14558
11551
7450
4306
2038
498
-2598
-4744
-6074
-5596
-3188
-1278
1677
4165
6559
8038
9136
11954
12141
10164
7169
4414
3652
2129
-381
-2995
-4117
-2952
-1528
-231
1671
3516
4668
5979
7217
8134
8316
6533
4602
3382
2950
2164
41
-1191
-1202
-323
780
1753
1911
2099
3342
4041
4681
3997
2141
1031
360
347
-372
-1473
-1522
-900
366
1186
1138
918
987
1064
564
-486
-2427
-4564
-6131
-7143
-7898
-8782
-9287
-8936
-7869
-6334
-5298
-5511
-5436
-5033
-5113
-5910
-7589
-9609
-11354
-9652
-8610
-8412
-6805
-5855
-1045
4264
8735
11118
11308
13543
14820
16173
14457
9202
5019
1363
-768
-3292
-6247
-7835
-8148
-5875
-3441
-679
2142
4158
6107
6909
9203
9856
7581
4656
1350
307
-720
-3326
-5764
-7073
-6333
-4645
-3496
-1820
137
1410
2757
3908
4605
4795
3000
353
-1069
-1938
-2529
-3937
-5270
-4853
-3727
-1812
-474
6
1174
2767
4011
4536
3939
2199
746
-604
-2108
-3552
-5582
-6710
-6541
-5605
-3897
-2883
-1979
-468
1132
2527
2342
1000
-922
-2696
-4294
-6494
-8384
-9832
-10430
-10099
-9077
-7798
-6980
-5820
-4616
-3095
-2208
-2534
-3591
-5488
-7373
-7514
-6503
-7240
-7174
-6807
-4274
1495
6353
10165
11316
13506
16684
18823
19345
14268
9157
6179
4072
2177
-2052
-5931
-7765
-6714
-4082
-2282
-88
2048
4156
5615
7857
10452
9487
7138
4489
3263
3523
1500
-1821
-4169
-4176
-2301
-1395
-1043
2
838
1890
2925
3572
4267
3574
1207
-100
-27
-40
-1283
-4042
-5189
-4092
-2754
-1762
-1654
-1622
5
2168
3368
3272
2068
1153
314
-493
-1550
-3968
-6195
-6834
-6454
-5541
-4868
-4672
-3396
-981
1365
2336
1554
292
-745
-1623
-2920
-5500
-8311
-9902
-10248
-9660
-8967
-7945
-6852
-4915
-2599
-1044
-500
-1209
-2312
-3276
-4917
-5548
-4746
-6035
-5934
-5041
-3084
2832
8026
11732
13271
15720
19728
21970
23004
18809
13658
10984
8230
5114
-113
-4334
-6778
-6879
-5498
-4865
-3070
-1060
1648
3907
6455
10390
10864
9160
7468
6614
7100
4860
422
-2804
-3312
-2102
-1972
-2832
-2314
-986
147
1848
2939
3734
3883
2187
1393
1917
1893
-9
-3692
-5159
-4316
-3821
-4150
-5133
-4766
-2482
138
1317
1808
2403
2544
2912
2572
1592
151
-1805
-2816
-3387
-3457
-4222
-5822
-5609
-3941
-2052
-1558
-1942
-1361
-384
337
-467
-2163
-3085
-3425
-3489
-4153
-4694
-5067
-5220
-3903
-2450
-1053
-403
-818
-893
-1010
-1977
-4104
-7430
-7191
-5542
-6168
-5173
-4931
-2180
3730
7989
11666
13625
16344
19142
20304
19657
14470
9582
5994
3058
-201
-5203
-8964
-11338
-10858
-9107
-7434
-4709
-2073
1040
3208
6197
9165
7992
5799
4367
3845
3195
-582
-4819
-6692
-6579
-5971
-6521
-6258
-4346
-2727
-1447
184
1973
3395
3174
1696
1523
1898
270
-3116
-6349
-6743
-6204
-7351
-8111
-8154
-6327
-3244
-1445
148
1801
3009
3549
3604
3483
2691
813
-1462
-2329
-2700
-3691
-5175
-6389
-5377
-3833
-3372
-3136
-2586
-1161
-20
102
-351
-1026
-1236
-1575
-1795
-1806
-2185
-2384
-2404
-1505
-598
-1165
-2206
-2842
-2499
-2219
-3367
-5423
-7180
-7966
-5511
-4070
-4644
-3121
-1639
3424
9614
12703
14195
14425
16541
18499
19284
16865
10564
6314
3429
1199
-2285
-6748
-9588
-10660
-8339
-6066
-4171
-1880
-25
3066
6069
9443
10486
7744
5668
4755
4856
3867
-50
-2975
-3388
-2379
-1199
-1254
-465
1473
2860
4978
6682
7093
6737
4945
3618
3801
3093
666
-2838
-4839
-3874
-2843
-3001
-3546
-3165
-1277
1282
2711
2842
3611
4247
4900
5220
4410
3438
1741
536
94
-742
-1809
-3337
-3945
-3343
-2747
-2955
-3527
-2676
-1040
367
530
-119
-149
-175
-50
-542
-1912
-2600
-3178
-3285
-2920
-3497
-4296
-5161
-5340
-4575
-4820
-5729
-7169
-8704
-8969
-6651
-5527
-6034
-4971
-3682
685
5721
8472
9984
10539
12900
14562
15232
13722
8374
4515
1526
-980
-4092
-8720
-11950
-12857
-10977
-9006
-7885
-5813
-3067
-7
2931
6359
8257
7136
5498
4502
4602
3693
62
-2931
-3268
-1657
-416
-1210
-1048
826
2757
4798
5915
6330
6658
5668
4638
4731
4390
2432
-666
-2105
-1373
-1308
-2240
-3291
-2966
-1094
640
1531
1918
3259
4512
5377
5833
5457
4840
3416
2187
1238
-118
-1689
-3472
-4007
-3489
-3114
-3129
-3115
-1721
28
891
949
492
652
792
517
-488
-1840
-2714
-3146
-2764
-2717
-3478
-4321
-4857
-4419
-3921
-4827
-5416
-6170
-7381
-8357
-9895
-7786
-6463
-6789
-5025
-3871
971
5792
7461
8720
9576
12358
13639
13545
10909
5628
2762
-28
-2390
-5999
-10303
-12301
-12374
-9771
-8026
-6796
-4347
-1831
1298
3930
6962
8528
6679
5369
5117
5145
4022
419
-1652
-1083
-444
-723
-1946
-1309
763
1685
2471
3286
4233
4789
3407
2128
2397
1741
-694
-3251
-3806
-2899
-3402
-5183
-5445
-3928
-1974
-669
-354
574
2167
2707
3123
3554
3727
3903
2604
1416
1349
793
-617
-2367
-2834
-2498
-2840
-3748
-4099
-3206
-2630
-2846
-2530
-1608
-472
-89
-642
-647
-313
-337
-600
-840
-360
-235
-1256
-1907
-2007
-2303
-3233
-4639
-5303
-5072
-5963
-7900
-9127
-10356
-7722
-5357
-6510
-5177
-4132
-604
4641
7208
9062
9678
12208
14515
15266
14404
9014
4710
2162
428
-1982
-6431
-9585
-10468
-8414
-6466
-5716
-3494
-568
3215
6225
8969
11326
10411
9290
9088
8991
8125
4332
784
-511
-602
-342
-1889
-2811
-1443
12
1661
3110
3673
4214
3879
2772
3056
2540
157
-2566
-4434
-4168
-4462
-6180
-6796
-6296
-4872
-3239
-2747
-1917
-284
980
1767
2729
3844
4132
3476
2732
3048
3241
1854
5
-1105
-699
-700
-2159
-3377
-3771
-3359
-3567
-4095
-3931
-3452
-2533
-1971
-1065
367
1205
1660
2044
2717
3012
2103
527
-196
-716
-1838
-3211
-5092
-5897
-5818
-6315
-6356
-7204
-8064
-8870
-8516
-4918
-4607
-5181
-4390
-2532
3274
7235
8931
9386
10281
12833
13803
14277
10953
6160
3751
1976
948
-2560
-6370
-7794
-6483
-3647
-2829
-1355
1401
4122
6168
7787
10886
11403
8784
6784
5892
6028
3364
-1980
-4617
-3866
-2746
-3505
-4778
-3485
-681
634
1059
1809
2785
2751
486
-1164
-865
-2240
-5432
-8232
-8337
-6654
-7016
-8183
-7585
-5200
-2365
-675
345
1730
2993
2983
2652
2979
3126
2112
61
-351
573
870
108
-1157
-305
1505
1998
1604
1022
865
372
-799
-2019
-2730
-2834
-2654
-2230
-1290
190
1186
2160
3770
4924
5245
4479
3238
2475
1120
-901
-2942
-4634
-5041
-5982
-7298
-7517
-7831
-7297
-6892
-7226
-7870
-8162
-5217
-4546
-5004
-4029
-3632
492
4646
7365
8899
9583
12492
14498
16129
14221
9759
8042
6683
5489
1503
-3182
-5444
-5586
-3656
-3574
-3386
-1750
151
2357
4197
7169
7510
4863
3656
3372
3367
849
-3565
-5892
-5688
-4527
-4760
-5217
-4006
-1929
-547
257
1552
2364
2083
493
-657
-72
-1227
-4251
-6866
-7242
-6067
-6729
-7733
-7033
-5068
-2307
-450
566
1815
3072
3668
3826
4118
4212
3088
1354
1151
2013
2500
2229
1728
2548
4234
4869
4608
4192
4027
3946
2870
1312
-265
-1717
-2208
-2423
-2186
-1631
-1361
-505
1057
2411
2682
1948
1204
890
184
-1296
-3049
-4732
-5512
-5449
-5525
-5570
-5902
-6070
-5786
-5247
-5888
-7193
-9158
-9127
-5655
-5835
-5925
-4981
-2941
3127
7708
11356
12913
14587
17765
18945
19605
15353
9079
4959
1940
-329
-5335
-10525
-13057
-11765
-9200
-8153
-5663
-2407
1007
3109
5015
8327
7713
4467
2281
1455
1348
-1933
-6723
-8572
-7447
-5295
-4703
-5040
-3198
-411
1040
2373
3325
3471
2482
-84
-1086
-1221
-3136
-6026
-8407
-7835
-6191
-5767
-5215
-3670
-1200
1332
3306
4356
4945
5026
4444
4435
4137
3184
1612
335
1783
3267
3765
4055
4965
7399
8524
8447
7262
5669
4307
1920
-75
-2684
-5441
-7272
-8064
-6619
-5164
-3862
-2011
540
3905
5923
5768
4539
3677
2875
1112
-1708
-4813
-7135
-8270
-8549
-8072
-7476
-6669
-4623
-2961
-1427
-787
-1375
-2363
-3725
-6001
-6876
-4846
-6280
-6953
-5872
-3323
2995
7245
10659
11909
14134
17360
17433
17162
11933
5918
1426
-2097
-4126
-9301
-14191
-16169
-13653
-9468
-7319
-4589
-1355
2848
5860
7892
10075
8368
5043
2592
1200
-174
-3921
-7863
-9029
-6960
-4226
-2663
-1760
1082
4912
6222
7256
7891
6811
4339
214
-1722
-2534
-5348
-8349
-9891
-7907
-4811
-3090
-1212
1535
4949
7450
9149
9728
9355
8114
5440
3554
2254
928
-673
-1917
-574
1545
3319
4618
5632
7877
9250
9293
8062
5758
3763
704
-1975
-4635
-7463
-8333
-8807
-7977
-6048
-4283
-1898
480
2788
4844
5623
5377
4653
3069
1065
-808
-2530
-3765
-4773
-5151
-3999
-2704
-2099
-1771
-1019
61
-49
-1233
-2983
-4910
-6158
-8589
-11140
-13510
-12491
-7927
-7404
-5493
-2876
876
7096
10567
13697
12629
11597
11352
10118
9232
2124
-4403
-7715
-7441
-5806
-7998
-9362
-8010
-2755
1753
3560
5851
7416
8239
6797
6250
6177
2011
-2696
-5357
-4872
-3936
-5237
-6219
-4586
-440
3054
5013
6162
8004
8875
6653
5246
3911
1599
-1802
-5310
-5152
-4281
-4414
-4397
-3292
445
3930
5840
7134
7931
8227
7205
5664
3555
1196
-1502
-4331
-5228
-4796
-3740
-3196
-1752
1700
4998
7365
8026
8477
8561
7797
6404
3111
-364
-3438
-5788
-6966
-7860
-8149
-7913
-6683
-3788
-676
1158
2224
3228
4519
5171
3788
1423
-391
-1568
-2255
-3123
-4225
-4091
-2862
-1606
-664
-250
345
440
-350
-1064
-2191
-4002
-6706
-9542
-10651
-10954
-11520
-12197
-12370
-12036
-10220
-5075
-3102
-2236
-381
683
4819
7921
10636
9599
7319
8256
9047
10408
6014
738
-1754
-2023
-698
-3198
-6138
-7653
-5696
-3082
-2550
-1867
-2106
-1671
-1801
-1220
349
-1123
-3030
-3974
-3432
-1672
-535
182
333
2070
5304
8483
9110
7455
6825
5717
4836
2754
-695
-3124
-5459
-6032
-5792
-5700
-4915
-3997
-2817
-1118
1061
2330
2288
1249
39
-243
-1455
-2888
-3784
-4372
-3263
-2001
-65
1747
3341
5940
7327
8274
8561
8005
6732
3991
1735
-646
-3242
-5259
-7338
-8561
-8721
-7998
-6743
-5378
-3771
-1517
1191
3469
4971
5350
5344
5728
5730
5437
4673
4065
4511
4657
3903
2915
2225
2191
1491
27
-629
-877
-1241
-2111
-3210
-3835
-4142
-5044
-5899
-6250
-6042
-6398
-7407
-7855
-7687
-8281
-6770
-3070
-1730
661
1348
3425
8857
13334
16266
13472
12100
12620
13242
11742
4673
-442
-3401
-2437
-1779
-4183
-6625
-7170
-3263
-766
398
601
554
1738
899
1347
1851
1039
548
-723
-90
2951
5863
6376
5595
6590
8976
9977
7218
3994
1465
-686
-1480
-3951
-6581
-8038
-8402
-6529
-4813
-3452
-1751
-391
611
1866
2690
1969
411
-1932
-3238
-3103
-3037
-2704
-3101
-2311
622
3494
6046
7145
7516
7869
7583
6676
4195
795
-2435
-5098
-6373
-7692
-9139
-9602
-8853
-6159
-3049
-814
800
2171
3816
5238
5432
4592
3548
2550
1678
724
-481
-988
-1107
-696
445
1201
1614
1080
-27
-698
-1507
-2706
-4614
-6222
-6840
-6956
-6775
-6767
-6180
-5183
-3827
-2684
-2226
-1732
-2173
-3117
-3695
-4584
-5219
-7007
-5769
-2778
-1138
1784
1450
3746
8401
12586
14237
10272
8193
6664
7397
5651
-691
-5453
-8791
-6930
-5346
-5739
-6810
-6590
-2503
666
3061
3240
2432
2579
2745
3516
2659
989
92
-66
598
2060
3705
4773
5733
5864
6128
7075
7035
5505
1879
-1168
-1774
-2110
-3381
-5764
-6934
-5870
-3803
-2237
-1681
-1373
-1303
-618
170
-16
-741
-1970
-2563
-2046
-1214
156
1025
1813
3205
4618
5917
5870
5298
4220
2630
1528
-142
-1352
-2680
-4220
-4785
-5026
-3690
-1878
-1237
-1329
-959
457
1551
1521
573
69
627
1645
2117
1889
1986
2665
3438
3984
3871
2873
1587
434
-274
-928
-1953
-2816
-3276
-3123
-2711
-2394
-1899
-1476
-1192
-1008
-943
-731
-1005
-1786
-2370
-2697
-2740
-2996
-3290
-3481
-3466
-3548
-4179
-5547
-4343
-2879
-1849
45
-1169
95
1944
5087
7860
7006
6773
4970
6395
6150
3029
93
-3776
-3430
-2565
-2210
-2674
-2519
-441
1480
3710
4196
4718
5169
4998
4115
2122
645
-278
-380
-721
-751
-612
239
1948
2658
3236
2652
1777
1263
-34
-1254
-2961
-4595
-5238
-5299
-4874
-4031
-2925
-1341
185
1193
1866
1967
2017
1682
1033
344
-14
284
371
1014
1836
2529
3130
3282
3739
3917
3444
2200
642
-296
-1090
-2038
-3030
-3472
-2886
-2009
-1611
-1681
-1384
-658
-196
-345
-886
-1243
-1011
-681
-505
-289
-158
692
1599
2066
2303
2137
2339
2419
2053
1011
-43
-610
-1147
-1643
-2105
-2119
-2212
-2352
-2417
-2528
-2442
-2508
-2646
-2317
-2103
-1878
-2250
-1779
-1133
-900
64
219
217
18
255
-384
-879
-1024
-1601
-2203
-2563
-2482
-2388
-1897
-1797
-1522
-644
520
1148
1642
1650
1328
1153
695
392
-51
-860
-1552
-1577
-1444
-1301
-1201
-556
608
1537
2115
2217
2419
2893
3188
3090
2821
2551
2615
2763
2705
2712
2602
2485
2537
2464
2240
2199
2153
1998
1826
1523
1554
1567
1078
349
-498
-880
-1152
-1860
-2519
-2855
-2788
-2691
-3020
-3330
-2919
-2500
-2561
-2650
-2787
-2368
-1991
-2073
-2026
-2276
-2014
-1511
-1107
-637
-551
-290
206
370
321
6
-357
-109
141
294
155
196
849
1377
2163
2681
3204
3836
4098
4427
4200
3643
2734
2184
1900
1426
889
157
296
537
640
633
952
1857
2290
2209
1865
1926
1977
1530
719
52
-78
-312
-654
-1061
-1320
-1254
-1131
-936
-689
-692
-881
-1013
-1332
-1308
-1360
-1431
-1314
-1387
-1315
-1508
-1717
-1959
-2136
-1988
-1950
-1853
-1818
-1666
-1097
-572
-39
705
1567
2345
2710
2645
2746
2756
2420
1875
965
274
-265
-1114
-1778
-2182
-2162
-1809
-1685
-1467
-1229
-1097
-1129
-1340
-1683
-2144
-2607
-3247
-3709
-3985
-4163
-4140
-3827
-3138
-2444
-1898
-1478
-1053
-698
-470
-312
-604
-870
-908
-1048
-1194
-1600
-1831
-1652
-1359
-871
-371
347
1389
2210
2621
2765
3015
3458
3393
2901
2267
2053
2165
2011
1880
1777
2203
2850
3434
3987
4259
4443
4381
4151
3726
3202
2689
1895
1241
666
249
34
-217
-273
-273
-142
76
312
548
664
874
1196
1301
1228
1085
1004
978
680
208
-261
-801
-1316
-1886
-2345
-2468
-2300
-1985
-1669
-1372
-1262
-1368
-1533
-1481
-1351
-1623
-2098
-2200
-1777
-1367
-1218
-912
-291
583
1310
1719
2043
2307
2165
1465
760
375
-236
-1183
-1815
-1975
-1750
-1654
-1883
-1775
-1333
-1018
-890
-869
-761
-821
-1451
-1854
-1999
-2004
-1985
-2042
-1767
-1274
-664
-207
206
654
913
923
724
376
107
-279
-639
-725
-886
-987
-1010
-878
-661
-677
-702
-370
219
817
1122
1228
1421
1667
1884
1728
1540
1446
1436
1632
1534
1436
1483
1435
1620
1611
1631
1925
1940
1991
1842
1536
1228
621
61
-645
-1096
-1331
-1667
-1632
-1484
-1019
-395
124
589
836
1159
1249
1470
1679
1578
1184
192
-459
-703
-469
-375
-729
-914
-644
-330
-316
-772
-1471
-1524
-1239
-1035
-1216
-1480
-1912
-2074
-1481
-654
-189
-89
244
509
962
973
71
-441
-438
-67
449
455
458
830
1213
1548
1871
1852
1716
1419
986
431
-310
-642
-942
-1067
-839
-455
-369
-590
-422
-311
-274
-325
-557
-447
-437
-401
-417
-736
-651
-320
28
410
768
932
813
686
582
231
-161
-599
-1050
-1412
-1822
-2095
-2067
-1503
-819
-463
-130
309
689
783
726
257
-61
157
304
454
218
-69
-57
179
494
476
615
795
966
1107
942
908
775
753
911
868
931
979
942
785
702
746
737
590
302
56
39
129
-58
-146
-320
-615
-581
-716
-1146
-1345
-1394
-1551
-1582
-1278
-1182
-1047
-503
-48
134
168
653
736
784
1079
872
503
348
342
-170
-347
215
403
348
300
372
-2
-413
-314
-670
-818
-642
-440
-471
-420
-590
-809
-646
-460
-168
61
288
548
457
430
624
597
124
-113
58
44
-267
-603
-960
-1233
-1541
-1909
-1892
-1814
-1854
-1616
-1341
-987
-396
-46
290
770
1274
1381
1211
1205
947
509
36
-433
-660
-612
-493
-317
154
529
719
944
1224
1603
1943
1735
1368
1416
1378
1141
889
741
744
873
1213
1228
1203
1453
1483
1627
1794
1761
1429
997
626
198
37
-237
-665
-826
-796
-624
-477
-219
-8
4
208
373
382
209
-117
-485
-628
-398
-489
-734
-851
-883
-694
-537
-713
-1001
-1061
-806
-648
-725
-816
-733
-561
-321
-93
-408
-547
-545
-896
-1196
-1158
-996
-1081
-951
-655
-539
-169
173
224
277
469
488
401
212
-130
-515
-721
-735
-805
-979
-890
-483
-3
540
923
866
918
1186
1102
914
845
745
247
60
-265
-687
-956
-1220
-1296
-1200
-1004
-855
-502
-119
143
287
395
567
591
549
545
561
613
500
291
309
402
342
346
493
827
1068
1118
1094
1054
1020
869
536
183
32
-45
-240
-480
-519
-484
-405
-310
-153
158
517
794
1018
1088
1092
1090
834
621
266
-69
-335
-525
-554
-594
-644
-737
-899
-995
-958
-896
-730
-555
-509
-619
-737
-879
-874
-798
-721
-568
-327
117
469
667
813
985
1127
1123
1007
869
661
271
-102
-297
-479
-743
-1108
-1365
-1233
-905
-715
-765
-729
-492
-257
-279
-449
-411
-224
-148
-159
-88
35
79
-15
-131
21
229
287
339
518
711
592
432
243
48
-160
-417
-683
-894
-1007
-1153
-1139
-910
-665
-508
-393
-197
28
260
444
458
455
469
538
549
539
577
608
687
804
851
894
919
933
1061
1189
1182
1045
889
834
804
579
304
15
-197
-349
-503
-487
-352
-200
-141
-52
48
242
357
259
226
209
182
70
-163
-332
-447
-637
-802
-772
-698
-769
-902
-910
-786
-699
-755
-813
-754
-604
-521
-565
-620
-569
-319
13
301
575
768
965
1159
1242
1316
1237
954
541
204
-94
-460
-865
-1147
-1219
-1159
-1120
-1157
-1133
-894
-582
-340
-165
-38
20
92
163
93
-70
-325
-535
-651
-713
-729
-671
-508
-438
-342
-151
68
248
270
274
210
10
-256
-530
-680
-778
-853
-892
-832
-668
-532
-415
-239
36
312
507
646
849
1122
1312
1382
1366
1417
1525
1544
1476
1335
1181
1060
973
860
843
929
953
924
735
534
366
252
182
21
-126
-162
-123
-205
-404
-468
-448
-406
-339
-386
-482
-567
-587
-543
-561
-594
-524
-379
-230
-74
-68
-96
51
158
179
165
198
186
53
-78
-249
-391
-366
-417
-516
-483
-388
-293
-282
-195
-100
77
295
356
337
254
284
289
237
219
165
163
170
50
-185
-383
-507
-510
-567
-589
-545
-532
-413
-393
-326
-141
120
165
77
94
-74
-144
-269
-422
-562
-590
-453
-461
-387
-339
-315
-272
-110
133
281
395
427
455
486
542
459
312
275
453
515
389
419
420
475
593
799
933
1035
1137
941
769
867
871
536
316
265
167
128
-56
-371
-528
-462
-520
-598
-506
-600
-739
-743
-665
-576
-561
-587
-603
-488
-383
-496
-588
-580
-425
-243
-167
-132
-126
-58
-63
45
213
262
379
434
518
629
645
583
503
570
550
544
438
210
139
-23
-164
-276
-378
-447
-523
-384
-282
-198
-163
-231
-105
125
284
177
66
55
65
148
63
60
134
130
121
32
32
18
-12
57
211
389
384
286
153
126
138
48
-15
-73
-144
-233
-250
-290
-396
-484
-511
-468
-395
-289
-290
-188
0
122
231
170
171
249
226
192
128
118
49
55
100
77
170
186
131
33
75
155
54
12
-88
-125
-95
-137
-226
-349
-352
-411
-492
-564
-627
-681
-774
-778
-703
-597
-522
-522
-480
-394
-279
-240
-256
-154
-69
87
224
299
350
369
424
476
612
639
569
561
577
605
476
301
189
148
211
129
16
-32
41
172
250
344
359
369
291
246
284
223
211
163
153
168
164
91
-50
-45
-34
-19
54
83
14
-42
12
71
32
-27
-165
-160
-47
-59
-127
-232
-159
-20
73
92
86
130
150
181
211
236
261
247
216
214
154
41
-92
-164
-126
-122
-120
-195
-235
-250
-313
-306
-294
-231
-214
-215
-143
-55
-16
-93
-146
-64
37
75
-5
-87
-61
-17
-32
-53
-11
-33
-81
-116
-145
-152
-226
-316
-294
-180
-119
-175
-250
-242
-192
-218
-276
-247
-173
-182
-205
-142
-42
26
-5
-29
118
296
278
214
233
303
393
360
265
240
205
74
-59
-96
-152
-260
-287
-216
-90
-12
-56
-54
92
241
327
349
386
441
412
300
158
70
-52
-225
-352
-410
-432
-472
-570
-560
-431
-294
-195
-177
-113
-60
36
54
14
61
11
32
74
88
71
-29
-6
66
188
247
234
281
337
372
292
214
199
169
111
16
11
8
-76
-153
-179
-65
16
-6
-41
-63
-16
14
-5
9
82
128
136
191
239
204
174
177
220
293
249
173
189
194
131
66
64
135
224
241
194
213
274
256
219
213
220
201
132
30
-76
-157
-248
-302
-344
-373
-400
-430
-433
-410
-377
-371
-299
-223
-197
-203
-250
-256
-250
-261
-260
-213
-144
-135
-142
-159
-157
-109
-105
-124
-70
7
-9
-44
-108
-156
-110
-80
-28
17
4
-4
18
68
76
68
92
119
205
227
144
106
125
171
213
270
275
251
192
66
-13
-88
-158
-234
-318
-372
-427
-494
-532
-532
-507
-414
-315
-195
-86
-4
69
147
271
368
408
439
464
460
469
414
344
363
392
390
373
347
338
324
324
352
392
445
436
407
381
356
338
284
224
178
173
148
100
51
-76
-132
-109
-89
-69
-138
-210
-240
-245
-271
-357
-384
-367
-332
-315
-330
-346
-350
-296
-242
-154
-92
-83
-84
-98
-51
-25
-31
-23
-9
27
48
34
1
-27
-33
-11
53
98
95
24
-47
-26
-12
-4
-26
-50
9
68
90
94
104
174
290
372
398
366
289
224
165
71
-36
-146
-235
-329
-425
-505
-602
-647
-635
-597
-511
-444
-440
-432
-388
-332
-257
-216
-200
-207
-204
-153
-102
-49
4
58
181
362
472
487
483
494
545
591
552
484
422
380
343
282
223
163
132
130
135
143
150
135
137
179
196
234
236
170
126
65
4
-88
-189
-275
-346
-353
-386
-446
-493
-541
-539
-486
-428
-411
-387
-328
-251
-143
-89
-44
33
123
229
286
315
344
359
360
356
356
345
336
303
262
242
215
197
157
143
142
126
154
144
133
143
132
165
171
127
60
-1
-29
-56
-79
-138
-170
-148
-153
-159
-180
-212
-215
-217
-235
-271
-284
-301
-331
-329
-352
-388
-408
-417
-393
-310
-239
-170
-97
-28
60
140
203
262
317
363
387
379
352
305
264
231
194
168
121
59
28
13
10
26
43
61
83
78
49
37
31
24
20
-5
-42
-76
-117
-154
-175
-181
-180
-152
-127
-134
-171
-221
-254
-238
-192
-176
-172
-162
-131
-103
-105
-116
-100
-56
-7
13
20
37
51
81
125
162
210
236
232
240
231
187
145
134
166
204
199
157
110
73
45
32
22
2
-24
-55
-74
-78
-74
-60
-43
-14
18
39
42
16
-12
-32
-36
-33
-50
-94
-154
-211
-241
-266
-281
-267
-224
-162
-96
-38
-7
26
64
115
187
240
241
193
149
143
156
184
193
193
221
244
261
259
228
212
244
303
322
284
198
126
92
55
17
-16
-48
-69
-83
-118
-166
-200
-207
-175
-118
-112
-168
-225
-250
-224
-185
-168
-149
-120
-96
-90
-106
-126
-137
-138
-124
-107
-97
-128
-167
-183
-170
-119
-55
-3
36
80
126
170
206
217
208
207
186
122
28
-90
-182
-233
-248
-245
-237
-227
-215
-192
-143
-68
2
44
72
79
47
-18
-100
-192
-247
-263
-286
-302
-327
-358
-360
-320
-242
-166
-86
-25
35
92
106
111
111
123
158
171
155
111
68
70
120
191
227
242
264
285
320
341
354
354
345
328
280
215
129
52
0
-25
-41
-59
-81
-106
-131
-142
-141
-130
-107
-72
-14
39
59
53
49
68
105
130
131
110
81
46
2
-26
-49
-66
-90
-112
-114
-108
-112
-109
-75
-12
46
89
133
164
183
185
165
155
127
58
-27
-97
-145
-173
-202
-235
-234
-210
-183
-150
-138
-137
-124
-96
-59
-57
-92
-152
-203
-233
-254
-258
-242
-212
-178
-136
-73
5
92
164
217
268
301
314
293
254
217
156
108
64
38
26
-6
-25
-33
-24
8
48
85
99
86
58
45
48
44
32
6
-23
-50
-95
-121
-141
-149
-142
-139
-112
-101
-114
-137
-164
-178
-174
-155
-131
-103
-78
-51
-7
56
128
185
217
240
259
282
294
298
315
327
324
308
270
224
178
132
108
82
63
47
17
-11
-57
-105
-153
-187
-202
-217
-228
-251
-272
-275
-256
-215
-180
-151
-121
-93
-61
-43
-35
