37
10
-22
-37
7
126
207
259
259
268
230
132
46
-8
-10
-6
9
34
-5
7
31
-46
-122
-159
-111
-97
-108
-58
-43
-14
-48
-101
-123
-128
-109
-122
-102
-82
-68
-64
-38
-86
-108
-72
-48
-53
-8
66
121
128
139
181
203
212
157
183
181
140
68
62
65
51
78
77
89
53
45
20
-20
-60
-17
89
144
125
141
156
57
-60
-120
-199
-305
-298
-245
-191
-155
-142
-115
-78
-46
-56
-91
-161
-192
-164
-159
-138
-92
21
38
-28
-84
-75
10
63
43
147
285
317
337
219
83
-50
-88
-13
75
141
243
237
102
-108
-227
-181
-238
-254
-180
-71
-77
-183
-153
-39
29
1
346
365
64
40
-112
-351
-781
-415
-7
22
219
607
625
318
-132
-398
-157
-170
67
356
422
128
54
-536
-883
-1156
-704
2
68
460
405
389
-341
-849
-1109
-971
-809
-611
-376
-456
-319
-370
-682
-698
-492
-480
-165
-312
-293
-384
-632
-561
-515
-130
272
684
903
759
757
719
657
702
835
1146
1461
1614
1571
1738
1688
1470
1298
1344
1318
1449
1604
1535
1803
1712
1479
1243
925
512
250
178
83
-53
-15
137
112
331
321
439
549
329
35
-153
-465
-840
-851
-840
-856
-1003
-1161
-1340
-1241
-1639
-2036
-2427
-2695
-3007
-3569
-4051
-4446
-2450
-1526
-565
-769
-1477
-274
-125
-1172
-2075
-2025
-776
403
-709
-26
670
2023
1817
616
992
1979
2270
1236
555
848
2323
2444
1483
1157
1704
1748
1442
176
-600
-107
-720
-2310
-2944
-2835
-2062
-2083
-2725
-2362
-1410
-1012
-1627
-1882
-1486
-869
-347
-471
-122
982
1843
2988
3345
3865
4804
4575
4161
3862
3807
4356
3484
2830
3159
3612
3727
3091
2676
3094
3205
2327
1354
706
291
-286
-1324
-2159
-2277
-2686
-3617
-4197
-4474
-5009
-5207
-6493
-7538
-8021
-8018
-8779
-7025
-5277
-3775
-2325
-3195
-1289
927
1007
-39
-454
41
2211
1299
809
1437
3344
4564
3637
3719
5132
6427
5484
4066
3044
4031
4562
2717
732
712
1102
1411
478
-766
-187
-146
-2247
-3915
-4691
-4081
-3987
-5819
-6626
-5529
-4325
-4333
-4534
-3820
-2236
-833
-812
-485
1342
2086
2711
2962
3836
5803
6419
6215
5997
6243
7149
6726
5766
5564
5238
4863
3640
2788
2951
3348
2673
1253
953
1378
1425
224
-1359
-2197
-2836
-3756
-5172
-6237
-6159
-6013
-6495
-7014
-6666
-6464
-6425
-7491
-8412
-8981
-8359
-5611
-5207
-3596
-2702
-1516
1304
2439
1863
2166
2648
3264
3411
2038
2240
2641
3428
2655
2551
3668
5553
5785
4806
4553
4732
5299
4458
2255
1229
1254
844
299
-1160
-1721
-1091
-1791
-2864
-3085
-3170
-2549
-3319
-4843
-4867
-4460
-4786
-5097
-5198
-4248
-2673
-1755
-853
859
2819
3889
4731
5556
6713
6959
6365
5782
5873
6268
6158
5510
5309
5479
5370
4741
3979
4041
4074
3248
1903
830
711
378
-967
-2548
-3337
-3955
-4741
-5778
-6631
-6476
-6535
-6797
-6777
-6560
-5878
-6027
-6737
-7450
-7873
-8455
-8445
-6301
-5343
-3687
-2730
-1667
1904
4182
4284
4394
4917
6004
5548
3342
2909
3422
4164
3223
2074
2916
5144
5243
4054
3880
4308
5497
4799
2613
2121
1867
1013
-295
-2128
-2255
-1370
-2352
-3563
-3560
-3243
-2172
-2529
-3835
-3161
-2538
-3240
-4093
-4021
-3191
-2295
-2593
-2182
495
2704
3540
4066
4995
6878
7452
6451
5936
5768
5754
4934
3792
3889
4382
4059
3309
2588
2627
3278
2768
1450
410
-357
-833
-1795
-3278
-4100
-4917
-6194
-7347
-8025
-7798
-7504
-7565
-7651
-7396
-7201
-7014
-7197
-7848
-8309
-8989
-7102
-5934
-5066
-3977
-3824
-464
2387
2635
3179
4387
5876
6362
4542
3843
4681
4845
3141
1648
1852
3786
4342
2754
2869
3674
4772
4898
3067
2476
2699
1626
382
-785
-1365
-856
-1922
-3658
-3508
-3160
-2473
-2425
-3570
-2702
-1366
-1667
-1883
-1402
-688
204
-208
-426
1326
2503
2631
2752
3503
5482
6505
6061
6207
6385
6294
5756
4765
4847
4968
4065
3021
2131
1946
2367
1822
1015
565
214
11
-516
-1550
-2016
-2880
-4640
-6065
-7126
-7554
-8222
-9043
-9569
-9088
-8762
-8844
-9177
-8901
-8661
-7711
-6374
-6102
-4511
-4155
-3041
-607
442
881
2115
3223
4186
4038
3569
4105
4736
4431
3301
3375
4647
5566
4534
4196
4559
5212
6010
5278
4809
4819
3986
2971
2065
1115
1062
340
-1321
-1893
-2026
-2215
-2057
-3252
-3627
-2348
-2067
-2269
-2085
-1355
-441
-78
-362
307
1913
2527
2537
3143
4594
6240
6511
6432
6572
6754
6964
6322
5986
5971
5506
4902
4203
3661
3784
3489
2459
1613
948
775
531
-904
-2281
-3033
-4073
-5393
-6726
-7351
-7579
-8486
-9896
-10374
-10230
-10196
-10864
-11661
-11222
-10234
-8285
-7525
-6710
-5017
-4138
-2024
-234
198
1278
2439
3101
3675
3374
3801
4468
4702
4192
4163
5125
6284
6272
5255
5591
5650
5900
6152
5514
5426
5361
4667
4230
2973
1476
841
-366
-1809
-2510
-3157
-2923
-3031
-4557
-4301
-3193
-2588
-2454
-2627
-2013
-924
-549
-554
30
900
1430
1459
2123
3811
4905
5127
5170
4870
5205
5566
5279
5257
5025
4861
4889
4408
4176
4251
3547
2387
1013
12
-137
-1073
-3137
-4412
-5099
-5725
-6682
-7656
-7909
-8168
-9010
-10169
-10604
-10590
-10978
-11999
-12345
-12068
-10418
-9297
-8957
-7436
-5976
-3495
-1088
-112
819
2522
3746
4286
3980
4232
4934
4878
3945
3362
3872
5187
5698
4680
5515
6571
7260
7884
7387
6936
6834
5786
4924
4032
2324
1189
-384
-2202
-2839
-3411
-3800
-3603
-4625
-4941
-4289
-3730
-3542
-3569
-3138
-2392
-1560
-1137
-378
770
1658
2136
2618
3786
5070
5153
5122
4958
4844
5033
4970
5121
5233
5232
4928
4726
4693
4947
4764
3809
2805
1979
1235
287
-1407
-3082
-3929
-4707
-5747
-6595
-6976
-7323
-8075
-9009
-9392
-9407
-9793
-10848
-11611
-11834
-10480
-9834
-9932
-8520
-7365
-5299
-3003
-1751
-90
2163
3552
4454
4582
4747
5692
5793
4900
4482
4649
5598
6255
5204
5636
6706
7337
7848
7570
7664
8255
7385
6337
5685
4533
3901
2469
553
10
-926
-2290
-2896
-4294
-4605
-4419
-4765
-4784
-4201
-3516
-2440
-1673
-1661
-290
760
1465
2036
2297
3379
4203
3945
4050
4039
4405
4654
4168
4573
5115
4837
4475
4239
4041
4327
3728
3015
2647
1950
1161
21
-1450
-2437
-3565
-4803
-5748
-6862
-7572
-8021
-8780
-9568
-9865
-10002
-10021
-10675
-11082
-11087
-10737
-9725
-9666
-9002
-7692
-6450
-4560
-2895
-1678
75
1900
3116
3855
4127
4759
5511
5430
4982
4995
5323
6212
5977
5360
6203
6898
7290
7203
6654
6830
6891
6046
5409
4737
3968
3153
1540
247
-86
-925
-1580
-2425
-3630
-3993
-4027
-4237
-4431
-4303
-3956
-2816
-2163
-1343
71
948
1735
2273
2987
4133
4621
4608
4557
4167
4296
4074
3680
3795
3570
3079
3118
3398
3632
3780
3101
2727
2562
2023
1452
379
-856
-1745
-3028
-4381
-5561
-6893
-8024
-8798
-9492
-9793
-9754
-9902
-10026
-10243
-10294
-10065
-9345
-9198
-8824
-7853
-6963
-5321
-4020
-2936
-1615
14
1728
2619
3004
3733
4364
4608
4516
4323
4424
5162
5164
4662
5298
6081
7008
7419
7299
7639
7993
7723
7064
6173
5353
4736
3437
2043
1215
433
-129
-816
-1652
-1810
-1921
-2180
-2474
-2769
-2601
-2435
-2227
-1733
-970
-95
560
1222
2136
3272
3813
4063
4307
4301
4364
4013
3364
2949
2468
1962
1653
1583
1677
1523
1344
1270
1426
1634
1514
828
-24
-814
-1793
-2938
-4526
-5894
-6932
-7953
-8712
-9363
-9797
-9962
-10304
-10456
-10376
-9861
-8689
-8400
-8363
-7677
-6697
-5076
-3604
-3121
-2252
-476
956
1628
1861
2365
3178
3742
3508
3470
3998
4949
5063
4245
4764
5809
6458
6584
6279
6812
7710
7559
7198
7038
6867
6447
5073
3421
2742
1865
355
-1002
-2127
-2373
-2472
-2899
-2873
-2407
-1651
-1079
-1111
-537
145
593
896
1033
1729
2751
3013
2704
2904
3125
3227
2920
2322
2302
2538
2365
2169
2417
3116
3234
2796
2612
2688
2848
2390
1477
789
335
-650
-2049
-3462
-4784
-5756
-7142
-8614
-9331
-9754
-10050
-10596
-10948
-11017
-10506
-9379
-9217
-8925
-8075
-7135
-5698
-4533
-3919
-3108
-1757
-564
-63
431
1269
2112
2715
2716
2864
3628
4579
4573
4360
5076
6019
6985
7309
7408
8257
9004
8787
8363
8039
7747
7217
5701
4038
3115
2061
575
-1132
-2381
-2806
-3290
-3943
-4381
-4250
-3772
-3299
-3422
-2858
-1417
-545
157
691
1463
2632
2906
2517
2555
2968
3464
3163
2683
2832
3063
2800
2452
2345
2767
3213
2650
2342
2750
3053
2878
1885
738
364
-189
-1402
-2800
-3988
-4887
-5944
-7433
-8636
-9227
-9772
-10446
-11193
-11159
-10501
-9294
-8662
-8462
-7488
-6419
-5113
-4019
-3496
-2859
-1748
-513
401
954
1740
2547
3061
3060
3022
3354
4130
4519
3990
4115
4756
5405
5767
5499
5752
6705
7286
7412
7369
7187
6884
6072
4623
3462
2398
1230
-4
-1449
-2173
-2399
-2628
-2805
-2969
-2852
-2420
-1868
-1414
-760
352
1146
1857
2593
3364
4153
4447
4392
4254
4397
4452
3855
3296
3295
3211
2798
2353
2197
2433
2524
2093
1906
2203
2320
1779
831
212
-110
-843
-2166
-3524
-4695
-5830
-7120
-8380
-9263
-9753
-10340
-10943
-11389
-11327
-11304
-10786
-10105
-9876
-8880
-7824
-6483
-4843
-3834
-3064
-2068
-791
236
507
945
1442
1988
2200
2146
2317
3015
3755
3464
3297
3726
4603
5304
5281
5491
6514
7392
7614
7344
6982
7033
6495
5005
3814
3126
2397
1407
-67
-922
-1125
-1539
-2182
-2777
-2623
-1911
-1353
-942
-529
471
1360
1546
1939
2619
3338
3768
3678
3307
3537
3816
3239
2489
2158
2030
1755
1166
838
1014
1241
1141
724
757
1191
1084
429
-193
-579
-1039
-2055
-3159
-3860
-4498
-5501
-6494
-7206
-7505
-7665
-8277
-8870
-8859
-8631
-8727
-8254
-7953
-7563
-6628
-6034
-4831
-3138
-2147
-1647
-842
331
1175
1235
1308
1823
2632
2919
2713
2700
3660
4417
4017
3923
4619
5710
6413
6167
6288
7289
7821
7692
7155
6896
7005
6346
4569
3337
2760
2124
1158
-218
-684
-633
-942
-1715
-2424
-2383
-1793
-1624
-1496
-805
536
1610
1885
2289
3143
3921
3875
3420
3092
3364
3398
2542
1525
1243
1241
851
188
-70
175
409
313
-90
153
551
435
-171
-704
-949
-1464
-2655
-3958
-4674
-5082
-5613
-6187
-6772
-7039
-7290
-7866
-8321
-8795
-8921
-9074
-8771
-8465
-8037
-7207
-6556
-5175
-3757
-2936
-2389
-1460
-165
421
363
552
998
1521
1542
1263
1456
2553
3236
2856
3004
3774
4822
5248
5113
5672
6771
7401
7336
6988
6982
7114
6409
5050
4273
3713
2863
1769
672
460
272
-562
-1704
-2325
-2236
-1979
-1859
-1550
-705
451
1130
1323
2083
3222
3631
3374
3145
3200
3692
3632
2893
2249
2052
1877
1226
773
878
1102
1007
826
769
1132
1427
945
330
103
-112
-627
-1723
-2774
-3356
-4028
-4847
-5406
-5528
-5671
-5909
-6356
-6764
-7037
-7292
-7754
-7873
-7666
-7484
-6968
-6235
-5096
-3919
-3270
-2823
-1858
-466
590
755
893
1272
1659
1626
1143
1070
1775
2325
2056
2137
3148
4337
5004
4917
5087
6060
6591
6303
5564
5225
5411
5087
4041
3223
2954
2414
1424
308
-83
9
-355
-1063
-1710
-1926
-1774
-1665
-1842
-1808
-1299
-610
113
350
756
1461
1593
1641
1584
1638
2142
1992
1438
1097
985
914
534
162
210
161
-186
-322
-417
-389
-302
-802
-1257
-1398
-1678
-2114
-3058
-3918
-4251
-4562
-4935
-5089
-5058
-4784
-4626
-5128
-5725
-6128
-6298
-6641
-6784
-6531
-6429
-6048
-5533
-5008
-3901
-2913
-2452
-1702
-514
664
936
1107
1448
1972
2404
2324
2488
3323
4526
4783
4609
5203
6237
6986
6613
6019
6337
6880
6734
5882
5420
5640
5671
4907
3998
3929
4022
3629
2461
1551
1459
1133
426
-458
-1000
-1020
-1245
-1767
-1843
-1161
-663
-258
83
434
1415
1613
1389
1299
1360
1835
1595
1055
1016
1145
1300
1310
1019
1156
1376
832
347
223
244
191
-468
-920
-859
-970
-1334
-2114
-2801
-2903
-3141
-3680
-3869
-3704
-3571
-3802
-4607
-5165
-5193
-5820
-6633
-7656
-7695
-7043
-7174
-7205
-6999
-5980
-4511
-3875
-3617
-2744
-1376
-404
-360
-29
1161
2503
2923
2960
3403
4338
5107
4492
3712
3859
4281
4215
3451
2863
3319
3767
3626
3587
3843
4385
4587
3909
3661
4059
4025
3628
2785
2464
2515
1845
642
-340
-822
-1071
-1491
-2264
-2522
-2112
-1789
-1614
-1357
-756
200
330
421
877
1432
2228
2093
1549
1374
1421
1184
516
-238
-417
-399
-884
-1306
-1246
-812
-414
-817
-1108
-504
-120
-253
-762
-885
-543
-606
-1263
-1827
-1820
-1673
-2138
-3165
-3790
-4050
-4754
-5871
-6919
-7222
-6617
-6744
-7156
-6721
-5723
-4346
-3344
-2882
-2064
-805
233
713
1122
2345
3702
4346
4561
4880
5366
6194
6028
5077
4837
5049
5079
4661
3990
4079
4764
4922
4929
5072
5578
6083
5754
5134
5248
5271
4777
3759
2496
1978
1263
-124
-1521
-2515
-2976
-3269
-3965
-4349
-4075
-3639
-3432
-3309
-2605
-1683
-1147
-938
-679
-93
843
1221
908
599
631
652
221
-382
-816
-999
-1272
-1746
-1947
-1566
-1055
-978
-1105
-728
-120
286
5
-386
-272
-175
-560
-1394
-2129
-2437
-2651
-3466
-4431
-5020
-5404
-6264
-7414
-8154
-7958
-7376
-7536
-7661
-7097
-5905
-4488
-3650
-3090
-1991
-486
935
1608
2250
3375
4166
4436
4424
4440
4770
5183
4883
4344
4483
5048
5527
5518
5384
5917
6636
7168
7442
7360
7431
7505
7130
6631
6351
5908
5008
3588
2190
1279
370
-785
-2161
-3469
-4261
-4674
-5179
-5601
-5750
-5530
-5054
-4538
-3731
-2757
-2098
-1417
-785
-224
800
1172
913
701
759
847
722
545
380
236
150
-110
-307
80
452
419
301
632
1109
1326
1003
629
598
565
357
-310
-1014
-1593
-2354
-3262
-4246
-5019
-5610
-6487
-7464
-7972
-8145
-7709
-7337
-7514
-7174
-6253
-5074
-3748
-2849
-2169
-1059
478
1741
2319
2993
3718
4369
4690
4699
4746
5228
5618
5020
4589
4933
5537
6037
5806
5557
6208
6978
7287
7070
6811
7000
6826
5996
5362
4825
3983
2722
939
-280
-781
-1900
-3467
-4938
-5765
-5953
-6210
-6765
-6910
-6477
-5783
-5133
-4741
-3547
-2408
-1961
-1416
-925
35
1192
1224
961
1043
1350
1439
994
584
680
785
534
524
741
1309
1555
1267
1287
1548
1652
1380
707
413
445
58
-700
-1398
-1948
-2472
-3317
-4347
-4943
-5314
-5836
-6680
-7406
-7665
-7749
-7418
-7242
-7174
-6489
-5697
-4790
-3498
-2564
-1670
-333
1337
2635
3322
4096
5012
5861
6203
6308
6433
7104
7512
6928
6593
7032
7612
7546
6630
6082
6403
6642
6287
5604
5338
5542
5239
4272
3670
3337
2690
1341
-272
-1144
-1622
-2686
-4140
-5269
-5791
-5888
-6151
-6676
-6661
-6149
-5711
-5372
-5003
-3928
-2811
-2164
-1484
-866
183
1394
1646
1665
1995
2406
2594
2430
2181
2127
2059
1676
1237
1027
1047
808
468
475
748
973
743
135
-217
-335
-731
-1360
-1950
-2344
-2712
-3477
-4405
-5007
-5309
-5823
-6862
-7770
-8243
-8379
-7987
-8185
-8488
-7863
-6737
-5261
-3758
-2626
-1382
457
2606
4147
5012
6050
7159
8152
8565
8597
8581
8807
8538
7381
6638
6758
6854
6337
5336
4778
5142
5335
4971
4447
4438
4783
4396
3284
2552
2206
1652
279
-1481
-2373
-2946
-4044
-5574
-6774
-7211
-7205
-7486
-7931
-7840
-7048
-6247
-5725
-4916
-3454
-1978
-1060
-224
706
2075
3257
3635
3772
4084
4340
4110
3246
2337
1783
1281
721
149
-75
-89
-339
-764
-764
-418
-42
-41
-395
-432
-194
-217
-580
-1087
-1478
-1692
-2186
-3100
-4008
-4568
-5261
-6162
-7115
-7590
-7716
-7442
-6802
-6687
-6132
-4796
-3169
-1291
437
1861
3475
5375
7029
7692
8099
8738
9129
8873
8057
7365
6946
6801
5922
4732
4408
4570
4379
3694
3058
3276
3828
3827
3536
3368
3541
3570
2926
2216
2040
1460
225
-1399
-2635
-3315
-4434
-6029
-7291
-7797
-7861
-7966
-8254
-8170
-7474
-6527
-5645
-4528
-2927
-1139
-12
816
1753
2815
3853
3890
3353
3075
2893
2479
1570
514
-271
-727
-1134
-1583
-1714
-1538
-1478
-1669
-1537
-867
-199
150
39
-66
376
724
468
-302
-945
-1479
-2142
-2951
-3605
-3981
-4421
-5072
-5799
-6037
-5712
-5591
-5546
-4580
-3626
-2852
-1874
-824
623
2412
3578
4083
4845
6018
6651
6226
6220
6666
6828
6326
5300
4433
4715
4875
4033
3278
3376
3756
3590
2873
2603
3153
3498
3267
2549
2431
2851
2565
1451
660
318
-6
-928
-2463
-3520
-4108
-5001
-6303
-7320
-7496
-7078
-6749
-6625
-6113
-4898
-3647
-2739
-1991
-733
318
737
1136
1387
1807
2260
1853
1252
1069
1147
1073
351
-222
-432
-473
-620
-809
-955
-497
-14
-167
-107
243
580
526
-14
-120
352
571
230
-605
-1015
-959
-1387
-2156
-2483
-2524
-2445
-2619
-3103
-2903
-2358
-2138
-2189
-1586
-506
238
681
1092
1989
3193
3763
3693
3850
4739
5204
4563
4400
4601
4709
4394
3805
3633
4038
4092
3089
2284
2464
2990
2867
2264
2172
2566
2622
2284
1708
1488
1490
907
-180
-936
-1302
-1947
-2947
-4007
-4250
-4211
-4798
-5758
-6389
-6276
-5843
-5644
-5508
-5043
-4217
-3496
-3075
-2431
-1603
-735
-514
-663
-347
111
372
-3
-639
-721
-298
-238
-447
-470
-110
277
171
75
378
887
1218
1033
883
1395
1759
1601
1020
774
1152
1232
751
356
461
643
457
62
-59
355
596
262
6
272
816
745
73
-558
-152
510
198
-144
30
496
884
838
583
887
1529
1788
1244
1265
2077
2680
2707
2556
2712
3226
3641
2949
2188
2230
2371
1899
1073
574
883
1093
634
63
-44
370
331
-416
-863
-728
-728
-1163
-1898
-2088
-1873
-2198
-3075
-3530
-3391
-3281
-3503
-4172
-4404
-4120
-4020
-4328
-4572
-4080
-3298
-3078
-3251
-2878
-1977
-1142
-867
-801
-331
558
1053
1017
960
1269
1604
1243
934
1013
1254
1112
841
667
1169
1959
2213
2048
2163
2814
3191
2981
2777
2851
2901
2829
2413
2159
2153
2118
1685
1198
1080
996
474
-386
-1051
-1796
-2114
-2059
-2627
-3001
-2762
-2492
-1950
-1405
-1162
-873
-376
402
824
1288
1899
2172
2090
1956
1793
1682
1779
1176
338
43
130
250
29
-481
-449
-168
64
132
53
298
554
320
-7
166
300
163
-551
-1259
-1504
-1859
-2603
-3543
-4227
-4480
-4649
-5032
-5311
-5256
-5016
-4885
-4697
-4155
-3205
-2583
-2087
-1534
-779
494
1314
1482
1781
2338
2827
3001
2912
3068
3134
3212
3146
3085
3432
3917
4042
4113
4451
4662
4669
4308
3923
3946
4204
4216
3994
3661
3562
3324
2588
1789
1166
590
51
-474
-708
-640
-891
-1393
-1996
-2304
-2538
-2897
-2946
-3210
-3432
-3341
-3255
-2976
-2481
-2393
-2492
-1989
-1011
-557
-528
-279
-25
236
352
332
303
803
907
309
136
656
1062
950
542
492
888
1086
958
593
523
644
299
-440
-688
-861
-1392
-2209
-2924
-3019
-3135
-3630
-4250
-4560
-4463
-4383
-4540
-4670
-4341
-3920
-3842
-3728
-3213
-2327
-1771
-1558
-999
-114
933
1674
1800
2177
3000
3677
3924
4128
4539
4956
4978
4750
4628
4819
5239
5199
4913
4948
5103
4867
4445
3852
3535
3452
3050
2312
1637
1371
1013
303
-328
-548
-568
-686
-1081
-1460
-1527
-1661
-2306
-2993
-3466
-3710
-4116
-4723
-4578
-4462
-4692
-4900
-4922
-4586
-4026
-3948
-4089
-3582
-2503
-1707
-1555
-1010
-27
807
973
939
1066
1847
2261
1815
1533
1935
2267
1754
780
193
331
245
-112
-596
-661
-351
-230
-427
-153
363
498
227
-346
-462
-443
-938
-1667
-2121
-2368
-2452
-2662
-2895
-2797
-2469
-2293
-2125
-1668
-796
62
465
946
1493
2109
2927
3335
3667
4481
5499
6178
6325
6263
6379
6191
5773
5414
4903
4500
4013
3405
2909
2924
2783
2408
1759
1486
1635
1509
1162
695
446
538
363
-368
-872
-1259
-1841
-2654
-3260
-3430
-3388
-3789
-4333
-4726
-4825
-4964
-5496
-6139
-5904
-5384
-5496
-5557
-5186
-4296
-3533
-3364
-3324
-2629
-1762
-1121
-1283
-919
92
779
736
469
510
1042
1375
762
343
629
956
641
49
1
656
734
426
164
389
1101
1262
905
1128
1681
1703
1231
603
619
1038
740
-193
-785
-738
-441
-624
-920
-706
-223
-182
-596
-713
9
917
1132
1147
1490
2364
3169
3257
3196
3641
4084
4023
3688
3578
3924
3868
3156
2709
2794
2775
2329
1554
1392
1923
2069
1505
781
572
767
557
-40
-370
-302
-215
-639
-1196
-1357
-1171
-1450
-2179
-2892
-3088
-3185
-3720
-4256
-4364
-4196
-4244
-4659
-4930
-4817
-4569
-4232
-4359
-4435
-3957
-3551
-3492
-3062
-2552
-2014
-1582
-1108
-652
-33
1025
1656
1818
1855
2401
2824
3313
3293
3049
3154
3423
3294
2814
2429
2418
2457
2137
2089
2179
2229
2070
1825
1589
1792
1747
1271
716
382
515
461
-87
-497
-589
-605
-693
-900
-858
-655
-614
-868
-780
-205
451
499
239
393
846
1235
1354
1163
1289
1669
1818
1758
1784
2104
2197
1831
1460
1445
1425
1128
609
271
313
401
193
-110
-322
-325
-600
-1322
-1932
-2241
-2606
-3159
-3623
-3852
-3840
-4078
-4362
-4251
-3797
-3350
-3186
-3255
-3150
-2906
-2796
-2921
-2888
-2826
-2818
-2942
-2899
-2378
-2220
-2182
-2064
-1767
-1307
-888
-994
-935
-456
353
907
1374
2395
3310
3862
4188
4539
4963
5712
5649
5041
4706
4713
4327
3491
2654
2343
2262
1871
1478
1239
1482
1626
1287
1026
1513
1918
1760
1328
1199
1622
1814
1326
737
582
632
243
-475
-908
-994
-1185
-1847
-2379
-2367
-2014
-2037
-2252
-2027
-1319
-613
-285
-116
279
829
1209
1205
1051
1155
1202
964
762
775
749
448
-59
-577
-823
-924
-1261
-1801
-2385
-2666
-2711
-2825
-2949
-2979
-2868
-2561
-2283
-2072
-1909
-1817
-1884
-2103
-2049
-1805
-1683
-1795
-1951
-1830
-1457
-1195
-1238
-1123
-870
-720
-898
-1207
-854
-693
-1000
-1171
-867
-235
441
502
456
1172
2272
2750
2523
2832
3432
3800
3439
3135
3136
3417
3138
2263
1859
2225
2331
1615
831
706
1163
1071
582
128
256
503
198
-318
-144
268
284
8
-132
255
605
341
-193
-387
-284
-361
-878
-1364
-1530
-1630
-1854
-1953
-1993
-1817
-1763
-1978
-1942
-1498
-999
-801
-855
-744
-386
-139
-170
-347
-314
-108
-129
-392
-379
-105
0
-327
-782
-797
-492
-572
-1149
-1441
-1300
-967
-999
-1233
-1044
-513
-113
-20
106
649
1225
1290
1235
1519
2084
2340
2045
1764
1942
1992
1536
1000
872
1070
1017
404
-3
70
377
92
-590
-670
-120
221
81
-120
89
721
1137
1097
1020
1507
1780
1651
1350
1463
1636
1506
950
307
183
332
53
-541
-678
-342
-152
-445
-601
-363
145
286
69
123
694
964
718
512
656
958
860
170
-488
-679
-774
-1227
-1895
-2139
-2006
-2083
-2489
-2649
-2279
-1782
-1793
-1941
-1616
-954
-501
-516
-582
-230
249
254
-115
-250
-123
-212
-713
-1277
-1421
-1251
-1356
-1863
-2161
-1767
-1235
-1121
-986
-458
370
904
1012
1315
2064
2785
2948
2802
3035
3498
3449
2830
2301
2355
2536
2126
1282
895
1012
893
316
-210
-126
-5
-380
-987
-1220
-917
-748
-904
-1157
-1078
-722
-693
-999
-1142
-1141
-1150
-1320
-1487
-1373
-1140
-982
-994
-966
-722
-294
-194
-133
62
279
576
832
968
1145
1412
1593
1624
1488
1464
1515
1429
1175
941
821
872
681
328
271
355
286
-33
-403
-513
-476
-619
-706
-565
-317
-240
-550
-924
-840
-730
-1028
-1439
-1653
-1408
-1203
-1342
-1407
-1128
-675
-541
-671
-555
-179
42
86
197
529
983
1264
1143
1075
1089
971
712
538
508
503
455
323
409
665
844
796
755
878
1060
984
940
959
1055
1100
1027
921
884
929
698
393
95
-125
-465
-998
-1485
-1786
-1967
-2178
-2533
-2865
-3098
-3316
-3496
-3592
-3510
-3318
-3024
-2650
-2125
-1658
-1467
-1338
-1084
-659
-404
-354
-292
-185
95
477
744
969
1193
1297
1353
1445
1469
1457
1379
1285
1396
1697
2026
2255
2389
2442
2357
2264
2188
2029
1694
1252
944
810
645
280
-235
-637
-923
-1312
-1739
-2021
-2141
-2173
-2256
-2300
-2053
-1610
-1208
-960
-734
-358
56
205
278
469
808
1174
1422
1592
1784
1864
1642
1301
1101
1050
841
485
156
85
189
194
10
-101
33
238
242
124
73
11
-144
-343
-415
-353
-351
-480
-762
-1047
-1235
-1513
-1820
-2048
-2068
-1960
-1831
-1657
-1396
-1105
-779
-544
-339
29
388
684
942
1213
1600
2025
2253
2352
2487
2562
2478
2210
1978
1894
1745
1495
1271
1142
1242
1348
1278
1221
1210
1207
1038
787
637
688
691
437
170
-14
-92
-151
-321
-436
-406
-517
-875
-1198
-1293
-1131
-941
-938
-892
-649
-387
-293
-443
-645
-697
-678
-655
-592
-354
-103
-20
-65
-7
55
-92
-369
-600
-673
-727
-878
-1152
-1218
-1131
-1145
-1305
-1456
-1477
-1438
-1550
-1819
-1906
-1779
-1598
-1686
-1851
-1676
-1210
-858
-730
-558
-188
139
158
7
-42
61
144
66
-55
7
195
236
52
-88
8
146
86
-55
17
302
510
649
849
1204
1531
1653
1655
1698
1834
1962
1941
1898
1973
2037
1878
1620
1532
1504
1396
1151
1056
1073
1128
1092
983
999
1012
1006
959
1040
1191
1216
1079
913
885
911
712
354
145
128
27
-170
-381
-614
-730
-886
-1082
-1150
-1177
-1249
-1370
-1388
-1318
-1349
-1417
-1457
-1385
-1226
-1077
-949
-811
-721
-797
-930
-965
-872
-915
-1140
-1259
-1151
-998
-948
-1015
-1117
-1074
-962
-937
-874
-760
-717
-822
-938
-895
-660
-437
-441
-557
-574
-437
-463
-569
-594
-534
-485
-449
-345
-165
85
208
242
334
586
783
844
918
1138
1470
1722
1772
1818
1962
2077
2081
2007
1975
1896
1758
1625
1468
1335
1245
1056
844
681
560
540
568
526
367
76
-206
-494
-697
-704
-714
-834
-1093
-1396
-1549
-1532
-1539
-1632
-1745
-1802
-1830
-1882
-1863
-1659
-1518
-1523
-1597
-1628
-1479
-1370
-1349
-1305
-1072
-794
-672
-632
-496
-298
-185
-125
-10
177
326
398
350
477
688
785
736
547
440
364
252
131
95
119
136
25
-167
-239
-198
-115
-90
-44
158
551
910
1150
1290
1452
1711
1957
2181
2364
2444
2416
2384
2330
2402
2426
2353
2289
2209
2175
2093
1971
1883
1874
1949
2019
2034
2000
1902
1771
1615
1473
1451
1393
1157
866
585
401
230
-87
-549
-981
-1330
-1637
-1898
-2076
-2213
-2369
-2586
-2736
-2755
-2704
-2647
-2687
-2656
-2556
-2427
-2304
-2220
-2170
-2177
-2204
-2179
-2157
-2104
-2050
-1977
-1872
-1736
-1565
-1496
-1405
-1324
-1279
-1206
-1109
-1039
-986
-944
-910
-796
-717
-762
-875
-946
-901
-769
-600
-408
-310
-257
-197
-84
147
405
522
446
372
398
538
698
813
898
992
1119
1243
1374
1493
1570
1615
1701
1864
2003
2054
2006
1929
1961
2106
2206
2236
2171
2055
1909
1708
1565
1416
1235
1116
1041
1024
1054
1022
887
727
595
447
281
210
261
258
151
-60
-289
-503
-695
-922
-1066
-1120
-1221
-1401
-1606
-1695
-1703
-1676
-1665
-1620
-1496
-1282
-1042
-819
-549
-282
-58
47
15
30
10
-85
-193
-272
-361
-548
-777
-932
-984
-997
-1008
-1028
-978
-894
-780
-609
-420
-195
-13
32
24
139
374
610
770
836
884
939
960
939
893
829
756
610
465
460
626
866
1015
1164
1393
1600
1717
1721
1749
1841
1929
1953
1896
1834
1704
1424
1050
727
628
536
350
128
-67
-104
-208
-368
-515
-652
-792
-1005
-1239
-1350
-1341
-1374
-1505
-1654
-1688
-1709
-1817
-1910
-1844
-1728
-1706
-1803
-1861
-1818
-1771
-1749
-1809
-1881
-1869
-1799
-1732
-1644
-1434
-1164
-942
-848
-834
-740
-591
-445
-360
-303
-200
-118
-142
-245
-335
-395
-435
-461
-405
-282
-150
-27
91
249
413
548
574
573
625
722
842
914
982
1084
1200
1330
1461
1573
1653
1683
1671
1674
1656
1646
1619
1583
1601
1628
1613
1515
1466
1520
1669
1841
1960
1992
1930
1844
1823
1764
1638
1472
1303
1145
972
820
698
543
369
155
-104
-259
-355
-453
-575
-608
-548
-505
-529
-627
-753
-892
-995
-1052
-1028
-1013
-1068
-1197
-1307
-1312
-1266
-1246
-1303
-1331
-1311
-1319
-1337
-1316
-1267
-1277
-1341
-1312
-1193
-1089
-990
-857
-633
-372
-252
-235
-247
-252
-207
-161
-165
-189
-166
-206
-264
-287
-198
-34
52
107
159
252
399
466
479
517
510
478
419
388
429
412
315
190
155
240
322
378
376
351
342
340
312
299
376
490
600
747
901
1039
1099
1081
1088
1120
1125
1047
885
697
529
352
248
197
162
77
-105
-211
-221
-153
-97
-147
-216
-293
-376
-439
-466
-460
-541
-686
-836
-966
-1069
-1265
-1512
-1725
-1852
-1905
-1906
-1892
-1873
-1832
-1790
-1754
-1693
-1577
-1384
-1109
-830
-559
-303
-60
164
348
475
588
652
670
656
614
580
542
550
628
782
878
910
950
1077
1270
1399
1477
1488
1533
1587
1561
1550
1500
1396
1225
991
714
413
130
-146
-360
-504
-613
-740
-853
-926
-920
-850
-807
-787
-782
-684
-532
-348
-199
-95
18
145
291
326
282
221
148
76
62
79
98
126
96
66
125
234
319
382
550
736
883
942
893
897
915
812
571
344
105
-217
-661
-1087
-1462
-1728
-1946
-2150
-2271
-2289
-2235
-2213
-2194
-2204
-2209
-2201
-2164
-2052
-1850
-1625
-1419
-1226
-975
-712
-515
-288
6
288
506
585
630
758
898
1047
1158
1286
1457
1619
1690
1767
1902
2098
2251
2277
2330
2410
2474
2417
2256
2073
1878
1669
1413
1136
906
732
554
336
80
-161
-411
-600
-707
-772
-824
-964
-1145
-1322
-1411
-1391
-1311
-1081
-836
-612
-372
-208
-89
-32
-44
-93
-107
-43
7
-8
-73
-165
-157
0
178
309
375
438
568
756
942
1054
1126
1173
1208
1224
1192
1156
1082
965
824
622
395
177
-76
-383
-698
-903
-1030
-1101
-1147
-1212
-1200
-1174
-1202
-1233
-1160
-968
-722
-522
-379
-235
-109
-43
-53
-82
-86
-79
-178
-318
-424
-507
-555
-549
-445
-222
74
285
507
780
1039
1159
1133
1187
1343
1510
1568
1446
1323
1219
1096
912
664
463
255
44
-163
-346
-478
-622
-733
-737
-688
-615
-658
-730
-712
-679
-666
-732
-818
-860
-834
-820
-825
-795
-726
-686
-721
-773
-828
-863
-850
-826
-701
-486
-321
-188
-73
9
63
63
51
88
185
290
310
312
331
378
373
349
309
260
221
135
35
-65
-129
-182
-225
-268
-256
-270
-282
-273
-272
-266
-290
-295
-269
-188
-133
-120
-53
80
193
285
324
336
362
432
510
548
619
635
574
447
322
277
269
286
313
355
381
369
380
415
467
499
506
540
619
700
727
674
606
531
436
266
42
-115
-232
-309
-323
-273
-219
-208
-239
-270
-316
-377
-450
-485
-397
-206
-60
-1
7
-23
-38
-99
-139
-186
-236
-268
-338
-353
-348
-336
-293
-259
-238
-199
-162
-103
-24
106
287
470
626
692
705
671
594
515
460
408
334
246
125
-26
-149
-255
-329
-350
-334
-293
-273
-243
-186
-146
-192
-277
-353
-398
-417
-473
-551
-597
-601
-625
-693
-771
-805
-809
-857
-924
-919
-780
-560
-341
-133
43
161
267
363
431
456
393
298
225
210
242
249
273
293
277
206
102
75
113
139
162
243
390
539
639
670
635
545
356
130
-62
-189
-303
-423
-501
-484
-413
-369
-377
-405
-351
-275
-222
-166
-91
7
109
158
207
305
402
484
523
561
572
490
360
267
260
294
296
292
341
454
535
567
586
612
657
640
586
559
563
546
467
362
274
202
74
-101
-240
-336
-432
-545
-619
-633
-621
-633
-673
-640
-500
-348
-273
-271
-264
-268
-332
-411
-437
-382
-301
-264
-248
-224
-220
-239
-267
-260
-203
-134
-103
-69
26
154
250
238
204
206
197
139
17
-83
-152
-194
-247
-277
-251
-214
-205
-263
-306
-288
-232
-182
-134
-60
11
43
57
121
240
367
418
391
347
299
236
164
118
142
213
259
275
290
344
417
450
464
502
560
619
641
618
578
509
414
333
325
350
333
240
130
57
6
-51
-122
-149
-117
-72
-53
-77
-87
-73
-92
-187
-330
-439
-517
-569
-593
-582
-570
-567
-594
-616
-598
-567
-509
-455
-386
-310
-262
-239
-231
-196
-165
-151
-145
-115
-66
-61
-88
-131
-158
-147
-99
-56
-9
45
77
83
50
29
48
83
116
153
177
181
167
157
155
129
65
-37
-138
-193
-215
-206
-174
-119
-60
-17
32
82
140
197
248
283
287
291
275
259
256
249
256
276
321
375
389
346
276
221
186
194
238
292
331
324
279
201
130
63
-3
-47
-78
-119
-169
-217
-249
-265
-294
-338
-384
-434
-468
-503
-527
-545
-550
-559
-565
-560
-556
-549
-569
-564
-541
-512
-492
-499
-504
-511
-506
-487
-425
-327
-213
-124
-88
-76
-60
-25
21
87
176
249
279
285
282
280
301
320
328
328
329
326
318
333
385
432
443
460
481
479
442
391
355
341
315
280
237
192
156
114
70
49
56
62
44
15
-10
-29
-30
10
81
159
214
203
143
76
44
36
38
62
100
120
106
87
95
120
135
148
170
206
240
249
231
214
231
242
230
206
185
159
106
44
-20
-77
-132
-193
-251
-290
-300
-305
-314
-321
-302
-293
-320
-359
-383
-377
-350
-314
-273
-234
-222
-245
-289
-307
-271
-213
-160
-102
-41
17
62
104
162
241
336
438
526
595
638
655
652
654
676
699
695
665
636
602
558
506
462
420
380
336
275
211
159
124
101
80
56
13
-69
-170
-252
-307
-333
-338
-352
-383
-426
-472
-518
-542
-530
-482
-434
-397
-363
-344
-322
-273
-199
-103
4
105
178
202
213
234
258
285
311
331
345
347
334
308
269
248
243
216
171
131
80
19
-33
-62
-90
-133
-196
-288
-392
-478
-545
-596
-623
-627
-632
-668
-718
-742
-731
-696
-637
-557
-470
-391
-345
-317
-280
-195
-68
51
154
246
323
381
429
489
583
681
765
825
864
896
919
915
