-419
-405
-354
-283
-200
-227
-296
-302
-284
-260
-306
-346
-372
-362
-259
-80
41
84
134
180
248
325
410
524
672
802
863
890
858
709
523
397
364
299
243
238
326
456
475
530
652
812
895
970
1105
1476
1826
1667
1443
1169
999
744
52
-532
-766
-254
255
299
227
-134
-219
-217
-399
-592
-823
-635
-219
-116
-243
-451
-371
-271
-589
-1123
-1640
-1729
-1609
-1656
-1597
-1488
-1400
-1316
-1339
-1327
-1481
-1378
-1059
-909
-747
-792
-847
-721
-753
-809
-700
-288
243
583
789
873
1240
1621
1711
1709
1579
1530
1655
1780
1921
1842
1756
1701
1575
1497
1431
1356
1170
927
708
514
272
10
-300
-502
-686
-1056
-1311
-1246
-1050
-1060
-1123
-1407
-1953
-2106
-2408
-2699
-2745
-3050
-3402
-3699
-4086
-4334
-4676
-4883
-3553
-3063
-2496
-2375
-3110
-1310
-214
-255
-471
-1221
-198
631
437
429
863
2863
3447
2953
2965
3341
4406
4356
3158
3206
4031
4401
4034
2872
3071
4048
3901
3218
1916
2008
2675
1639
375
-951
-1266
-912
-1798
-2535
-2346
-1723
-918
-844
-407
678
1063
1148
573
108
927
855
512
351
297
1096
1187
978
1279
1955
2668
2445
1858
1990
2384
2481
2157
1720
1961
1937
1274
523
-128
-405
-1230
-3144
-4573
-5747
-6579
-7373
-7694
-6313
-5591
-5009
-5288
-5249
-2834
-1409
-1609
-2260
-2476
-1031
-420
-1194
-1865
-896
604
434
-365
-194
1968
4006
4021
3136
4031
5756
6132
5091
3590
3803
5148
4775
3236
2360
2728
3078
1853
-110
-1019
-935
-1466
-3161
-4633
-4719
-4159
-4391
-5520
-5855
-5248
-4672
-4674
-4855
-3898
-2163
-1098
-714
-212
1102
2205
2230
2057
2667
3786
4292
3801
3323
3760
4540
4670
4115
3938
4666
5343
5558
5485
5687
6083
5558
4554
3466
2563
1684
330
-1286
-2485
-3254
-4361
-5858
-7226
-8031
-8650
-9435
-10047
-8823
-7113
-6349
-5895
-6185
-4350
-1366
-832
-1609
-2396
-1845
-429
-663
-1577
-1435
42
1046
604
311
1533
4013
5176
4695
4657
6193
7670
7359
6102
5189
5605
6008
4760
3045
2315
2588
2300
933
-346
-592
-361
-1076
-2359
-3316
-3340
-3107
-3846
-4890
-5023
-4347
-3975
-3901
-3809
-2770
-1208
-383
339
1424
2503
3230
3698
4055
4680
5266
4605
3392
3049
3338
3693
3581
3441
3929
4986
5770
5993
6038
5847
5558
4770
3626
2694
1806
419
-1072
-2445
-3713
-5115
-6975
-8582
-9665
-10577
-11284
-12007
-10929
-9252
-8401
-7543
-7931
-6522
-3709
-2960
-3208
-3620
-3083
-1611
-1475
-2335
-2328
-793
92
-311
-390
1097
3604
4994
4806
4977
7207
9103
8918
7818
6968
7291
7575
6146
4461
3885
3850
3075
1336
-255
-531
-312
-1496
-3036
-3865
-3843
-3359
-3911
-5201
-5189
-4512
-4213
-4327
-4605
-3566
-2103
-1255
-442
520
1601
2465
2786
3298
4438
5420
5180
4255
3981
4481
4880
4552
3980
4010
4768
5364
5747
6035
6211
6226
5539
4493
3549
2202
293
-1794
-3736
-5462
-7014
-8817
-10555
-11730
-12384
-12848
-12021
-10229
-9354
-8261
-8153
-7330
-4055
-2501
-2919
-3547
-3322
-2020
-1246
-1781
-2305
-925
280
19
-233
869
3512
5188
4797
4537
6606
9090
9296
8026
7083
7198
7396
6015
3982
3103
2877
1728
34
-1101
-1171
-818
-1957
-3645
-4155
-3947
-3858
-4631
-6031
-6249
-5645
-5602
-5791
-5568
-4328
-2854
-1789
-577
1043
2801
3879
4150
4594
5808
6783
6638
6137
6040
6376
6397
6035
6171
6769
7409
7653
7800
8249
8679
8626
7771
6690
5677
4189
2214
43
-2054
-4058
-6499
-9134
-11368
-13179
-14371
-15540
-15169
-13920
-13072
-11775
-11450
-9599
-6543
-5481
-5547
-5836
-4955
-3651
-3651
-4588
-5013
-3275
-2061
-2092
-1717
74
3034
4955
5684
6682
9290
11360
11272
10689
10510
10745
10481
8564
6417
5631
5007
3337
1570
367
121
-41
-1442
-2570
-2773
-2882
-3261
-4436
-5554
-5192
-4792
-5354
-6053
-6119
-4882
-3481
-2774
-1994
-623
1044
2279
3098
4497
6316
7494
7513
7317
7800
8607
8614
7723
7229
7570
8188
8436
8348
8337
8706
8704
7847
6939
5926
4332
2028
-505
-2855
-4986
-7415
-10343
-12830
-14362
-15367
-15687
-14894
-14325
-13111
-11906
-11047
-8460
-6180
-5511
-5467
-5279
-4219
-3229
-3170
-3747
-3380
-2442
-2293
-2282
-1723
355
2486
3613
4746
6787
9487
10937
11028
11122
11288
11298
10725
8881
6988
5839
4093
2036
325
-1026
-1560
-2462
-3755
-4176
-3904
-3450
-3451
-4334
-4687
-4087
-3870
-4593
-5592
-5710
-5072
-4470
-4173
-3622
-2061
-101
1311
2519
4343
6196
7220
7582
7585
8079
8454
7969
7364
6944
6818
6720
6381
5885
5765
5791
5445
4872
4224
3668
2791
1309
-542
-2504
-4402
-6619
-9280
-11742
-13701
-15256
-15313
-15317
-15313
-14167
-13448
-11665
-9012
-7614
-6798
-5815
-4650
-3614
-3299
-3741
-3683
-2811
-2654
-2682
-2516
-1183
645
1672
2850
4703
7664
10230
11274
12216
13382
13948
13870
12633
10760
9426
7679
5152
2979
1193
50
-962
-2351
-3121
-3233
-3083
-2962
-3499
-4032
-3498
-3012
-3108
-3278
-3882
-3888
-3575
-3895
-3544
-2982
-2550
-1527
-520
1039
3204
4706
5813
6933
7956
8919
9184
8770
8603
8442
8376
7977
7003
6456
6164
5827
5468
4802
4185
3616
2756
1651
177
-1683
-3628
-5978
-8355
-10385
-12438
-14104
-14381
-14611
-15109
-14676
-14470
-12778
-9742
-8291
-7549
-6173
-4263
-2403
-1748
-2100
-1869
-771
-646
-1516
-2045
-961
672
955
1052
2273
5263
8168
8878
9548
11470
13159
13687
12557
10861
10174
9049
6333
3303
1027
-344
-1980
-4405
-5935
-6101
-5873
-5739
-6264
-6177
-4684
-3484
-3240
-3145
-2760
-2127
-1676
-2329
-2760
-2032
-1585
-1546
-1212
-90
1726
2990
3716
4636
6414
8495
9204
9124
9475
9969
10038
9522
8318
7431
6956
5901
4765
3916
3217
2539
1374
116
-847
-1929
-3285
-5139
-6983
-8740
-10677
-13039
-14570
-14663
-15348
-15841
-16183
-15723
-12924
-10599
-9879
-8972
-6557
-3903
-2877
-2718
-2526
-1132
132
-581
-1595
-959
1165
1833
1574
2321
4769
8036
9147
9185
10984
13506
14522
14007
12837
12389
12331
10424
7263
4953
3541
1804
-1183
-3671
-4373
-4529
-5229
-6294
-6742
-5595
-3927
-3751
-3882
-3126
-1814
-1069
-1398
-1681
-1099
31
159
-113
713
2285
3339
3442
3745
4905
6712
7727
7497
8034
9198
9767
9512
8985
8685
8463
7630
6005
4900
4045
2850
1288
-265
-1368
-2485
-3993
-5783
-7382
-8485
-9946
-11752
-13478
-14192
-13895
-14566
-15096
-15049
-14242
-12151
-10783
-10475
-9477
-7233
-5392
-4586
-4122
-3258
-1500
-476
-570
-487
594
2094
2092
1639
2601
4955
7427
8258
8680
10511
12477
12952
12482
11779
11464
11024
9002
6352
4457
3050
1052
-1549
-3432
-4028
-4619
-5703
-6544
-6627
-5504
-4473
-4428
-4086
-2965
-1577
-1005
-1134
-720
204
841
571
263
903
2408
3218
2954
3303
4604
5940
6627
7055
8011
9093
9442
9114
8986
9204
9153
8274
7125
6438
5709
4331
2290
675
-360
-1907
-4026
-5849
-7313
-8606
-10138
-12193
-13726
-14134
-13774
-14155
-14828
-14617
-13917
-12228
-10795
-10367
-9445
-7363
-5291
-4511
-4072
-3179
-1896
-803
-928
-1180
-142
1546
1931
1739
2629
4636
7203
8269
8277
9713
11552
12042
11595
10863
10407
10145
8674
6075
4342
3312
1806
-522
-2684
-3640
-4112
-4870
-5736
-6041
-5348
-4396
-4118
-3875
-3123
-1980
-1001
-804
-475
320
849
866
845
1445
2855
3871
3841
4147
4997
5728
6350
6632
7000
7837
8286
8220
8214
8501
8448
7690
6954
6434
5687
4513
2869
1229
-11
-1510
-3471
-5403
-7147
-8803
-10720
-12726
-14079
-14466
-14164
-14647
-15331
-14860
-13729
-11805
-10143
-9570
-8691
-6603
-4733
-4089
-3660
-2836
-1550
-575
-904
-1118
49
1718
2274
2148
3069
5106
7322
8217
8241
9754
11902
12481
11971
11265
10705
10261
8537
5918
4427
3340
1462
-805
-2457
-2970
-3184
-4043
-5113
-5247
-4306
-3451
-3465
-3413
-2846
-2060
-1277
-1260
-1179
-212
397
508
822
1271
2163
3251
3686
3923
4847
5898
6275
6374
6769
7481
8065
8215
7941
7864
7802
7037
6130
5549
4753
3469
1822
123
-1191
-2464
-4038
-5772
-7145
-8371
-9789
-11247
-12336
-13116
-13451
-13355
-14039
-14170
-13279
-12461
-10871
-9242
-8380
-7300
-5816
-4597
-3806
-2907
-2031
-1102
-328
-19
451
1459
2696
3056
3329
4143
5214
6686
7400
7605
8587
9665
10030
10110
9937
9420
8775
7423
5851
4536
3041
1299
-854
-2431
-3460
-4442
-5012
-5383
-5464
-4949
-4496
-4422
-4008
-3546
-2978
-1856
-1195
-399
804
1407
2050
2684
3069
3645
4178
4357
4499
4777
5221
5589
5611
5874
6307
6732
7083
6806
6660
6798
6419
5753
5037
4145
3376
2374
919
-369
-1761
-3325
-4959
-6457
-7693
-9133
-10628
-11856
-12929
-13566
-13255
-13145
-13063
-12182
-11469
-10112
-8409
-7656
-6858
-5336
-3799
-2840
-2131
-1623
-1135
-393
-112
-24
638
1681
1925
1939
2648
3693
5316
6414
6590
7479
8756
9120
8983
8699
8251
7913
6853
5004
3559
2408
982
-1013
-2568
-3122
-3433
-3943
-4569
-4935
-4376
-3429
-3139
-2970
-2287
-1336
-308
191
183
921
1642
1916
2188
2593
3443
4255
4447
4454
4956
5914
6508
6450
6670
7172
7342
7132
6465
6120
6355
6133
5416
4691
4049
3334
2219
744
-431
-1457
-2880
-4583
-6042
-7261
-8673
-10274
-11771
-12513
-12683
-12560
-12137
-12336
-12083
-11393
-10741
-9086
-7547
-6570
-5603
-4320
-2911
-1924
-1246
-789
-169
447
600
686
1201
2208
2550
2566
2918
3774
5296
5947
5949
6793
7958
8578
8581
7989
7524
7331
6343
4664
3275
2194
983
-737
-2195
-2807
-3182
-3754
-4434
-4673
-4055
-3367
-3263
-2990
-2334
-1475
-529
-55
383
1336
1891
2131
2365
2654
3421
3886
3741
3748
4153
4755
5031
4969
5415
6351
6921
6945
6583
6379
6438
5836
5000
4435
3737
2944
1754
573
-216
-1359
-3003
-4455
-5399
-6208
-7310
-8707
-9752
-10437
-11125
-11775
-11605
-11156
-10951
-10479
-10025
-8768
-7083
-6122
-5604
-4489
-2835
-1860
-1452
-1013
-430
641
1377
1412
1533
2354
3056
3093
3587
4514
5865
6910
6957
7263
8424
9325
9260
8672
8023
7613
7161
5806
4246
3298
2299
726
-840
-1639
-2044
-2681
-3514
-4136
-3902
-3120
-2852
-2774
-2330
-1524
-649
-68
294
824
1459
1703
1848
2074
2240
2446
2494
2559
2925
3418
3640
3548
3816
4461
4785
4830
4803
4715
4872
4848
4348
3887
3311
2426
1408
502
-305
-1219
-2381
-3589
-4512
-5210
-6076
-7134
-8009
-8760
-9568
-10236
-10841
-10839
-10029
-10058
-10115
-9504
-8557
-6827
-5517
-5060
-4242
-2590
-1220
-728
-454
35
1055
1868
1882
1728
2305
3180
3015
2661
2994
3931
4946
4934
4636
5692
7202
7690
7594
7353
7568
7846
6829
5208
4198
3612
2457
621
-772
-1337
-1878
-2992
-4254
-4883
-4338
-3781
-4015
-3856
-3054
-2040
-1262
-1171
-835
51
608
592
435
857
1566
1712
1448
1687
2359
3226
3436
3183
3750
4492
4679
4519
4415
4699
4896
4317
3490
3113
2875
2317
1385
575
107
-714
-1799
-2732
-3284
-3555
-4468
-5788
-6527
-6923
-7418
-8502
-9895
-10462
-9849
-9693
-10221
-10093
-9434
-7823
-6278
-5775
-4981
-3237
-1411
-638
-200
862
2078
2875
2631
2102
2523
3573
3430
2505
2617
3566
4784
5030
4680
5584
7246
7940
7783
7904
8478
8859
8073
6468
5369
4735
3496
1339
-266
-834
-1599
-2932
-4181
-4596
-4112
-3698
-4124
-4365
-3734
-2981
-2482
-2403
-2088
-1147
-437
-194
-6
505
1220
1603
1315
1274
1928
2474
2441
2030
2085
2529
2676
2355
1968
2219
2646
2423
2046
2002
2144
2066
1393
705
661
591
-155
-1228
-1986
-2378
-3224
-4436
-5369
-5812
-6124
-6945
-8149
-8935
-9052
-8896
-8846
-9232
-8959
-7777
-6546
-5293
-4369
-3526
-2224
-891
-134
356
1347
2283
2575
2428
2286
2667
3197
3323
2882
3034
3971
4636
4952
5169
5660
6691
7354
7378
7793
8277
8243
7876
7253
6643
6081
5036
3539
2082
1148
70
-1531
-2987
-3783
-4102
-4188
-4284
-4424
-3950
-3233
-2706
-2144
-1635
-979
-226
31
168
537
891
1057
1002
855
892
1190
1403
1203
1108
1496
1583
1446
1523
1737
2219
2776
2972
3152
3415
3316
2989
2683
2394
1882
954
-62
-859
-1419
-2319
-3622
-4502
-4894
-5295
-5755
-6295
-6783
-7137
-7573
-8092
-7876
-7275
-7242
-7021
-6759
-5958
-4644
-3911
-3400
-2499
-1221
-171
523
1225
1753
2230
2488
2498
2833
3662
3894
3412
3519
3905
4466
4964
4942
5266
6387
7259
7319
7280
7508
7783
7492
6494
5512
4829
3979
2293
547
-329
-988
-1991
-3185
-4236
-4514
-4158
-4449
-4947
-4671
-4040
-3511
-3272
-3073
-2536
-1813
-1502
-1595
-1237
-649
-445
-672
-763
-453
-30
181
-15
324
1290
2033
2368
2631
3193
4014
4411
4100
3706
3462
3103
2479
1799
1267
605
-183
-959
-1626
-2025
-2525
-3317
-4097
-4640
-4998
-5308
-5676
-6046
-6233
-6391
-6641
-6732
-6188
-5808
-6238
-6423
-6320
-5456
-4152
-3626
-3155
-1814
-3
1147
1806
2580
3438
4381
4814
4768
5062
5778
5627
4721
4555
4804
5127
5117
4612
4858
6008
6508
6119
5896
6139
6465
6366
5775
5262
5022
4530
3322
2132
1556
852
-316
-1735
-3025
-3630
-3822
-4538
-5331
-5302
-4720
-4091
-3701
-3494
-3087
-2589
-2356
-2354
-2219
-1649
-1239
-1317
-1147
-753
-253
-13
-420
-491
-8
348
283
82
97
440
748
693
661
976
1377
1494
1604
1756
1644
1281
753
261
-63
-431
-1192
-2040
-2562
-2946
-3459
-4199
-4763
-5120
-5455
-5944
-6494
-6520
-5710
-5190
-5533
-5503
-5030
-3942
-2604
-2164
-1821
-398
1276
1942
2027
2537
3424
4210
4197
3676
3856
4660
4576
3566
3274
3747
4344
4358
3677
3750
4932
5603
5416
5432
5846
6301
6020
4925
4097
3819
3194
1700
406
-109
-766
-1955
-3223
-4047
-4161
-4027
-4590
-5119
-4722
-3974
-3289
-2921
-2676
-1861
-909
-561
-661
-746
-446
-545
-1369
-2114
-2481
-2355
-2346
-2881
-2775
-1732
-791
-339
80
834
1947
2779
2983
3204
3795
4157
3774
3300
3187
2947
2344
1490
738
357
-139
-1098
-1877
-2173
-2320
-2639
-3239
-3661
-3661
-3635
-3944
-4316
-4477
-4206
-3650
-3878
-4396
-4204
-3557
-2671
-2221
-2311
-1864
-649
152
40
159
1102
2040
2297
2194
2517
3523
4228
3701
3400
4210
5119
5385
5025
4919
5692
6326
5922
5576
5758
5814
5259
4375
3826
3696
3465
2508
1296
756
440
-545
-1890
-2654
-3001
-3287
-3743
-4627
-5078
-4929
-4855
-4911
-4844
-4522
-4120
-4055
-4225
-4153
-3774
-3469
-3491
-3625
-3475
-3051
-2570
-2426
-2308
-1650
-928
-578
-199
528
1381
2159
2511
2699
3198
3653
3654
3569
3668
3702
3399
2789
2324
2054
1563
760
39
-217
-253
-369
-675
-1052
-1112
-1031
-1246
-1630
-2006
-2389
-2770
-2884
-2780
-3141
-3385
-3416
-3460
-3085
-2685
-2487
-1920
-871
-69
599
1558
2462
3178
3817
4312
4706
5206
5610
5451
5210
4997
4731
4621
4317
3862
3812
3881
3649
3682
3720
3682
3826
3803
3565
3255
2918
2217
1184
261
-567
-1619
-2925
-4255
-5408
-6039
-6571
-7248
-7594
-7497
-7076
-6719
-6462
-5927
-5055
-4295
-3646
-2988
-2403
-1865
-1650
-1641
-1484
-1184
-733
-578
-570
-169
364
786
1094
1389
1927
2622
3062
3360
3683
4020
4218
4268
4255
4018
3552
2949
2354
1924
1569
1135
823
681
458
168
-170
-433
-427
-491
-793
-1089
-1371
-1772
-2230
-2801
-2859
-2752
-3057
-3063
-3000
-2704
-2128
-1925
-1889
-1318
-465
40
357
922
1666
2243
2454
2466
2602
3034
3081
2476
2219
2273
2207
1955
1487
1292
1666
1704
1430
1427
1520
1684
1639
1390
1331
1361
1035
337
-329
-676
-1085
-1951
-2724
-3328
-3895
-4321
-5093
-5780
-5817
-5732
-5721
-5561
-5222
-4685
-4043
-3559
-3079
-2590
-2060
-1490
-1244
-934
-481
-259
-171
-261
-124
406
824
996
1294
1772
2344
2865
3248
3776
4471
5078
5436
5724
6225
6559
6412
6112
5797
5521
5051
4195
3342
2806
2345
1825
1177
525
26
-392
-851
-1214
-1340
-1299
-1302
-1489
-1719
-1614
-1664
-2174
-2414
-2583
-2444
-2239
-2595
-2940
-2622
-2027
-1917
-1944
-1578
-950
-503
-519
-495
19
859
1086
812
1161
1773
2075
1893
1636
1818
2229
2075
1573
1637
1932
1902
1373
847
699
474
-185
-1136
-1687
-1777
-2084
-2833
-3271
-3266
-3318
-3545
-4052
-4204
-3790
-3611
-3858
-3958
-3622
-3131
-2849
-2790
-2449
-1926
-1550
-1520
-1585
-1127
-489
-98
219
639
1239
1945
2310
2505
3078
3669
4042
4320
4578
5009
5324
5248
5071
5057
5186
5059
4605
4269
3971
3588
3071
2397
1927
1736
1349
872
592
346
72
-427
-1020
-1438
-1750
-2116
-2501
-2873
-3199
-3588
-4046
-4097
-4322
-4816
-5039
-5168
-5036
-4897
-5001
-5020
-4358
-3671
-3458
-3058
-2343
-1580
-1035
-639
-364
104
628
554
354
554
689
528
350
271
472
862
739
554
717
707
591
471
461
611
695
529
320
205
93
-446
-1224
-1560
-1791
-1905
-2000
-2288
-2289
-1953
-1745
-1689
-1434
-987
-376
205
676
1285
1962
2537
2939
3260
3810
4293
4425
4418
4447
4446
4350
4104
3810
3886
3959
3780
3648
3536
3504
3402
3152
3121
3364
3442
3196
2948
2922
2859
2551
2087
1646
1291
890
100
-773
-1321
-1862
-2477
-3008
-3224
-3301
-3410
-3611
-3684
-3461
-3194
-2971
-2871
-2844
-2571
-2531
-2975
-3221
-3333
-3307
-3361
-3856
-4317
-4297
-4105
-4188
-4218
-3814
-3188
-2769
-2511
-2000
-1049
-21
327
332
777
1299
1358
1101
745
710
902
743
556
656
750
577
384
497
909
1236
1275
1373
1828
2300
2345
2052
2047
2221
2231
2169
1974
1879
1820
1543
1324
1399
1490
1499
1528
1579
1857
2273
2478
2561
2635
2792
2866
2684
2431
2216
2018
1778
1358
877
614
413
204
61
-66
-165
-399
-780
-918
-726
-507
-450
-461
-356
-212
-259
-384
-446
-410
-532
-968
-1369
-1560
-1728
-2022
-2294
-2512
-2692
-2879
-3060
-3168
-3136
-3277
-3591
-3653
-3739
-3889
-4142
-4436
-4561
-4444
-4419
-4654
-4619
-4345
-3974
-3714
-3572
-3339
-2925
-2453
-2201
-1792
-1069
-379
137
408
734
1297
1790
1996
2188
2740
3466
3961
4114
4261
4500
4782
4815
4791
5073
5273
5228
4940
4667
4436
4155
3729
3313
3120
3005
2705
2048
1431
994
622
244
-207
-468
-540
-711
-1007
-1112
-1000
-926
-975
-1102
-1061
-854
-838
-974
-1069
-1102
-1116
-1243
-1414
-1479
-1469
-1426
-1295
-1079
-727
-420
-301
-346
-354
-202
-107
-219
-418
-601
-902
-1254
-1630
-1930
-2096
-2273
-2490
-2816
-2955
-2875
-2819
-2758
-2570
-2227
-1849
-1468
-1234
-1102
-1061
-1021
-906
-768
-625
-557
-417
-259
-170
-75
38
277
626
968
1259
1493
1766
1976
2074
2128
2173
2241
2292
2347
2268
2114
2078
2048
1888
1766
1765
1815
1818
1698
1591
1600
1583
1422
1260
1245
1305
1184
970
759
602
529
418
356
405
463
514
598
807
1198
1454
1545
1630
1675
1739
1810
1808
1825
1889
1870
1626
1178
695
242
-270
-822
-1315
-1713
-1962
-2254
-2588
-2854
-3074
-3332
-3627
-3866
-4054
-4145
-4266
-4372
-4346
-4337
-4365
-4336
-4128
-3721
-3311
-3027
-2914
-2841
-2699
-2472
-2225
-1937
-1626
-1327
-955
-551
-36
650
1341
1864
2303
2906
3559
4074
4396
4522
4655
4821
4908
4915
4927
4920
4859
4647
4385
4183
3853
3389
2917
2515
2198
1909
1482
1095
798
501
257
23
-255
-474
-683
-884
-1036
-1131
-1252
-1386
-1479
-1560
-1554
-1540
-1595
-1610
-1418
-1054
-682
-362
-110
71
321
625
934
1164
1347
1485
1665
1843
1865
1845
1883
2029
2090
2044
1933
1772
1548
1236
868
474
56
-424
-923
-1427
-1890
-2277
-2605
-2975
-3351
-3687
-4011
-4260
-4451
-4759
-5099
-5311
-5426
-5371
-5283
-5239
-5026
-4667
-4288
-4014
-3876
-3617
-3115
-2629
-2195
-1713
-1112
-279
448
1015
1690
2546
3280
3732
4141
4664
5156
5392
5377
5346
5465
5439
5110
4676
4323
4001
3589
3116
2785
2541
2112
1594
1121
804
517
77
-395
-714
-1009
-1406
-1777
-2015
-2019
-1943
-2077
-2293
-2380
-2411
-2498
-2682
-2833
-2785
-2621
-2399
-2162
-1804
-1319
-870
-540
-143
346
775
1026
1135
1349
1594
1773
1803
1728
1685
1527
1177
850
631
365
27
-323
-631
-901
-1156
-1589
-2168
-2644
-2959
-3152
-3316
-3367
-3336
-3268
-3148
-2987
-2762
-2464
-2231
-2172
-2130
-1959
-1771
-1582
-1392
-1154
-911
-725
-511
-291
-33
238
421
635
908
1172
1438
1655
1791
1859
1914
2039
2280
2523
2758
2939
3049
3195
3279
3302
3282
3178
3047
2907
2677
2330
1900
1491
1184
904
586
262
54
-60
-215
-480
-651
-763
-936
-1089
-1229
-1314
-1269
-1235
-1214
-1079
-874
-693
-680
-784
-813
-738
-631
-607
-686
-660
-493
-373
-315
-232
-44
259
550
798
1076
1233
1241
1152
1028
950
901
726
392
92
-114
-313
-532
-745
-951
-1079
-1121
-1189
-1249
-1296
-1342
-1295
-1225
-1161
-1124
-1114
-1141
-1149
-1108
-982
-818
-651
-385
-115
73
218
366
548
822
1105
1298
1421
1551
1722
2029
2318
2399
2317
2153
2075
2125
2215
2117
1898
1794
1748
1648
1435
1156
895
678
505
412
345
265
102
-155
-356
-406
-426
-476
-568
-719
-834
-945
-1087
-1118
-991
-868
-834
-871
-855
-785
-746
-711
-684
-648
-639
-641
-639
-595
-526
-452
-372
-293
-191
-153
-126
-17
195
451
667
883
1129
1285
1263
1102
912
798
619
301
-77
-403
-645
-840
-991
-1107
-1254
-1487
-1679
-1771
-1861
-1941
-1998
-1966
-1844
-1651
-1523
-1476
-1317
-1023
-576
-158
190
472
669
799
1029
1283
1453
1577
1557
1498
1435
1376
1337
1305
1234
1140
1026
905
802
726
629
429
183
-7
-132
-198
-223
-241
-239
-194
-148
-120
-102
-238
-554
-853
-1028
-1118
-1154
-1218
-1217
-1064
-982
-977
-954
-924
-896
-855
-772
-651
-489
-333
-243
-216
-191
-217
-176
-90
-4
181
331
456
589
792
1020
1117
1108
1092
1098
1032
956
830
703
680
580
376
154
53
50
-10
-133
-218
-221
-266
-407
-451
-408
-354
-323
-307
-249
-96
74
188
232
211
129
7
-80
-98
-5
94
197
246
248
295
375
471
542
619
596
529
477
422
343
239
228
270
251
144
46
-42
-123
-136
-168
-246
-335
-452
-570
-692
-832
-913
-946
-899
-783
-611
-423
-300
-144
14
62
3
-66
-70
10
102
177
243
221
184
167
164
207
230
260
297
297
321
271
194
164
36
-158
-313
-395
-410
-344
-295
-278
-268
-268
-189
-87
37
188
219
154
123
223
355
352
265
235
294
356
366
345
353
395
411
426
483
607
804
949
1035
1091
1083
1022
923
848
808
689
453
228
58
-65
-236
-377
-356
-307
-431
-675
-889
-1021
-998
-1036
-1116
-1148
-1211
-1318
-1406
-1443
-1485
-1495
-1492
-1422
-1303
-1168
-1126
-1229
-1288
-1196
-985
-725
-406
-136
58
101
76
130
277
479
549
612
707
703
673
662
711
757
746
778
868
963
974
884
732
565
405
168
-49
-221
-395
-577
-718
-751
-719
-640
-636
-619
-464
-251
-121
-31
167
440
599
603
595
641
775
887
893
877
820
707
651
658
727
771
707
625
572
561
492
405
446
568
626
589
476
324
213
59
-140
-325
-546
-767
-1028
-1211
-1276
-1348
-1402
-1483
-1539
-1559
-1642
-1742
-1769
-1722
-1672
-1668
-1713
-1673
-1510
-1319
-1148
-969
-752
-502
-203
80
279
430
503
547
676
869
1129
1336
1433
1500
1588
1658
1657
1605
1510
1437
1332
1209
1075
903
770
634
503
436
438
410
320
241
201
164
138
96
22
-47
-139
-235
-304
-304
-277
-229
-231
-215
-90
29
132
212
327
438
512
612
755
894
995
1087
1122
1093
970
768
588
482
407
276
104
-4
-50
-99
-170
-279
-415
-572
-802
-1035
-1211
-1334
-1462
-1628
-1732
-1700
-1607
-1562
-1551
-1502
-1448
-1444
-1494
-1546
-1518
-1415
-1312
-1221
-1092
-881
-667
-584
-559
-495
-419
-373
-335
-301
-184
1
139
273
380
459
505
544
622
771
934
1005
1047
1127
1224
1296
1305
1250
1199
1135
