-1600
-2432
-2598
-4021
-4683
-4994
-5667
-6179
-6837
-7455
-7041
-7436
-6977
-7727
-5360
-2493
-1561
-336
-2873
-3118
-2606
-1908
59
3211
3545
4586
2953
1609
4256
6646
9139
7645
5090
3560
5930
6850
7603
6387
4424
3884
4060
4149
3671
3768
2566
1368
310
-1424
-1161
1212
446
-755
-2733
-4868
-2375
-401
-1260
-997
-2147
-957
2577
2206
414
240
-875
362
1476
596
1915
2310
485
-562
-218
-121
1857
940
-925
-1400
-2209
-4100
-5415
-7590
-9188
-9319
-11175
-11024
-10319
-4732
-2627
-2534
-3967
-7091
-5519
-4239
-4013
-1760
-95
-1753
-334
-2422
-436
5147
8383
8404
6290
3623
5103
10081
9764
9184
7134
6606
7999
9053
8247
8219
8232
6487
4123
1391
-317
894
2575
498
-2614
-5225
-5261
-3157
-2174
-4093
-5868
-6452
-6563
-5596
-5297
-4873
-3531
-881
904
1551
3004
4711
7053
5528
1089
-453
1838
3091
3268
2059
2226
4851
5313
4318
4392
5377
4946
3015
-229
-875
-543
-1909
-5266
-7831
-8850
-9150
-10465
-11789
-12883
-12378
-13623
-14947
-10767
-9280
-6240
-5889
-8913
-7086
-5045
-4407
-70
2090
1974
3534
1348
2983
8745
13016
12601
11269
7872
8787
12565
11984
10215
8747
7894
6775
6931
4591
4889
6442
4684
1618
-1146
-3638
-2260
-619
-2993
-4655
-6650
-7048
-5429
-4799
-6083
-6244
-7067
-7055
-5821
-4992
-3162
-581
2312
3767
5546
6635
8031
9856
9467
6757
5282
4960
5195
5454
4437
4072
5073
5338
5329
5785
5212
4310
2295
-599
-2248
-3400
-5536
-7660
-10364
-11938
-12092
-13748
-15086
-16569
-16460
-16628
-16295
-11675
-9880
-6617
-5765
-7317
-5501
-3288
-2513
1822
3768
3106
4348
2432
3630
9301
13515
13125
13085
9428
10353
13151
11961
10211
8223
5876
4149
3070
330
1813
3181
2869
1009
-2553
-4918
-3380
-3000
-4193
-5724
-8216
-7649
-6930
-7233
-6233
-5217
-4496
-2007
-1456
-241
2068
3647
6321
8528
7381
8067
10327
11528
11817
8372
4670
5178
6130
4710
4318
3578
4015
4849
3627
2816
3519
2204
-483
-3358
-6192
-7261
-9038
-12337
-15377
-17709
-18862
-18905
-18602
-18367
-12711
-9664
-8592
-6938
-9622
-7804
-4068
-3879
-1215
1902
46
2529
2846
2666
8401
13274
13138
13651
10493
9364
13691
12248
10636
8807
6627
5779
5377
2338
2998
4145
3666
2896
-783
-3564
-3132
-2752
-3771
-4766
-7929
-8060
-7453
-7387
-6703
-5927
-4147
-4790
-4074
-3363
-1926
1982
4545
6247
8281
8221
8547
11110
11285
10867
9043
5980
4701
5127
4338
5245
4975
3991
4105
3500
3446
3787
2229
-381
-2893
-6469
-8014
-10378
-12590
-14014
-16148
-17522
-18835
-18835
-18338
-12630
-9892
-8418
-6188
-8070
-5418
-1904
-1512
1648
4774
2425
4391
3733
3534
9562
13827
13639
14186
11258
10621
15338
13868
11799
9128
5431
3758
3406
290
982
2041
1052
-118
-3867
-6215
-4991
-4298
-5715
-8055
-12067
-12625
-11864
-11239
-9858
-8925
-5841
-6118
-6268
-3917
-2139
2987
5569
4608
6255
6804
6491
10540
11647
11599
11928
8160
6213
8273
7078
7723
7475
4754
5691
5286
4717
6321
4928
1484
-647
-5083
-6589
-7114
-10445
-12023
-14360
-17665
-18398
-17611
-18221
-12588
-9340
-9634
-5917
-8257
-6842
-1699
-1790
596
4086
749
2159
3213
2065
8136
13301
12528
13333
11426
9900
15998
15153
12108
9888
5718
3554
3487
-468
-380
1670
617
-33
-2664
-4770
-2752
-1337
-4365
-7406
-11990
-13446
-11962
-11961
-11832
-10758
-8251
-7013
-6617
-3860
-1042
3627
6202
4286
4203
5670
6405
9454
10988
9592
9939
8476
7258
9065
9328
8237
7666
4889
4339
4726
4389
5202
4175
863
-1232
-3315
-4473
-5313
-8565
-11996
-14504
-16837
-18616
-17048
-17882
-14138
-10047
-10373
-6835
-6680
-5184
-593
-449
-223
3062
1465
2479
3552
1810
5603
11008
11349
12518
12461
11305
17233
17468
13614
11001
7746
5801
6098
1623
-814
463
-357
-587
-2493
-4902
-3040
-1085
-3853
-6624
-10994
-13090
-11614
-12981
-14362
-14190
-12087
-10409
-9210
-6411
-4222
1564
4953
3810
4871
6007
5431
7912
7636
5959
7965
6734
5583
7817
8109
8855
10259
7539
7087
6885
6053
6448
4470
477
-1512
-3860
-4924
-5845
-9044
-10704
-12196
-14295
-15422
-15347
-16474
-12654
-11332
-11312
-8349
-8773
-5267
-983
-593
1926
4375
3132
5352
5023
3878
7971
11064
10309
11403
10682
12101
18639
18515
16356
14614
12200
10763
9876
4555
1986
1799
-288
-1899
-4796
-6091
-3432
-1942
-4506
-7313
-10273
-10427
-9663
-12581
-15341
-15935
-15237
-12404
-12749
-11528
-7343
-3378
689
619
820
5236
7551
7687
7582
5342
6346
7703
5294
4449
6368
5844
7465
7611
6688
8768
9303
8423
7154
4576
2265
821
-2043
-4340
-7368
-9221
-10176
-11733
-13330
-12382
-12776
-10473
-8211
-9239
-5930
-5830
-4860
-1781
-1429
-413
3036
2071
2725
3544
1813
4630
8081
7454
7886
8527
8295
13723
14522
12453
11947
11277
9641
8843
5323
2584
3306
1251
-1298
-3677
-4622
-3143
-1207
-3653
-6286
-7654
-7940
-7216
-8868
-11528
-12286
-12041
-12883
-12327
-11088
-9801
-4912
-3900
-3452
248
2327
6721
9577
6523
6330
7576
6334
7308
5316
3500
5925
5752
4780
6950
7277
9656
10676
7788
6855
6253
4321
2525
-1668
-5725
-7428
-9667
-10669
-11959
-13718
-12976
-13394
-13202
-9312
-9548
-6261
-5084
-7506
-4508
-3054
-2971
990
1465
-274
1989
-172
280
5457
6120
6328
8495
7110
10735
14502
13857
14351
13697
12302
11318
8645
5091
5094
3550
955
-1600
-4379
-3099
-813
-1732
-3212
-4778
-5659
-5305
-6785
-9721
-10502
-11303
-12755
-13728
-14226
-12903
-9655
-6790
-6467
-3254
-83
3799
7538
7509
7114
8459
7659
6618
6076
4183
5370
5349
3251
4155
6238
7593
9991
9037
8407
9254
7409
5525
3011
-345
-2884
-6507
-9966
-12055
-13781
-14995
-15879
-17538
-14939
-11976
-10737
-6933
-7379
-5700
-1982
-2215
-1057
948
-936
-324
-888
-3432
-497
2807
3096
5353
6438
8082
14644
16049
16156
16808
15570
14283
12402
7905
6143
5719
2794
120
-3184
-3904
-1513
-92
-1227
-2033
-3021
-2710
-2676
-4246
-5780
-6882
-8596
-10553
-12606
-13522
-12262
-11251
-9281
-8437
-5800
-1249
3230
7019
8713
8859
9934
10605
9968
9030
7034
6153
4914
2975
2460
3863
5088
7442
7355
7744
9481
9020
8757
7077
3981
1325
-1819
-5436
-8119
-10897
-13792
-15369
-16959
-17591
-14505
-13546
-10550
-8242
-8514
-4467
-2286
-1437
1214
462
-1132
-795
-3598
-4028
-1389
-1412
-841
739
1074
6291
10563
11872
14163
13923
14153
14080
11366
8751
7398
4001
856
-2355
-4969
-3105
-1841
-2251
-2235
-2975
-2087
-117
-156
-972
-2285
-3798
-5869
-7969
-9985
-10295
-10149
-10226
-9867
-9054
-4910
449
4294
6889
8048
8417
10918
11833
11314
10856
8809
6594
5200
3207
2590
3433
2627
2896
2879
3787
5947
6768
6306
5507
3497
1786
-258
-3393
-6081
-8967
-12350
-14906
-17437
-17273
-15445
-15265
-12488
-11714
-9106
-3814
-2055
482
2813
1532
991
-260
-3340
-2105
-977
-2530
-2692
-3070
-1494
4268
6648
8179
10033
10944
12841
12835
10901
10288
9012
5839
3179
-597
-1647
-263
-686
-1784
-2589
-2737
-976
70
-485
-739
-1691
-2545
-3890
-5904
-6369
-6358
-7434
-8210
-8498
-7508
-3459
-1244
-284
2085
2555
5365
7997
8210
9324
9043
7270
7036
5947
4987
5794
3757
2093
2085
1411
3434
4873
4061
4692
4075
3107
3131
1847
-310
-2203
-6169
-9400
-11451
-13773
-12725
-13587
-13949
-12862
-13152
-9354
-6169
-4893
-1754
-750
-1197
-619
-2281
-3135
-979
-1841
-3601
-3806
-5468
-2613
452
416
2203
3128
4371
6967
7605
7862
9926
8958
7399
5892
3654
4207
4397
2359
1236
240
209
1275
643
48
-462
-1046
-1425
-1965
-2717
-2368
-2487
-3378
-4209
-4730
-3882
-1930
-600
-896
-537
538
2195
4523
5083
4692
6021
6105
5694
5757
5358
5937
6002
4119
3304
4420
4992
6023
5697
5195
5684
4497
3273
2314
213
-1670
-4384
-7209
-8751
-9999
-9839
-10512
-9460
-8942
-9132
-6839
-5938
-5020
-3290
-3220
-3921
-3042
-4152
-4073
-2045
-3047
-3805
-3297
-4053
-1413
784
699
2379
2813
3948
5975
5951
6011
7589
7155
7299
6966
5401
6603
7012
5396
4429
3320
3359
3975
2361
974
-41
-1108
-1617
-2781
-3477
-2595
-3412
-4146
-4957
-5458
-3959
-2879
-2622
-2187
-1741
-174
1850
2447
3354
3090
3076
3696
2856
2522
3525
2853
2859
2995
2483
4503
5962
5831
6213
6140
5538
5299
3625
2232
498
-1778
-3944
-6078
-7511
-8635
-8733
-9926
-10125
-9601
-9820
-7962
-6725
-6587
-5011
-4462
-4750
-3807
-4616
-5398
-4059
-4359
-5530
-5230
-6062
-3975
-1230
-1333
-143
469
1802
4576
5605
5969
7916
7854
7608
8105
6690
7411
8103
6285
5011
4251
3808
4317
3745
2289
1793
1443
878
103
-735
-757
-1154
-2658
-3744
-4466
-3406
-2113
-2100
-2284
-2105
-636
534
1217
1762
2513
3354
3759
3314
3641
4770
4697
4234
4152
4449
5838
6820
7258
7960
8042
8160
7652
6952
6044
4358
2097
199
-1861
-3804
-5460
-7436
-7144
-8026
-8316
-8234
-9240
-7729
-7209
-7698
-6393
-6160
-6601
-5553
-6729
-6959
-5125
-5893
-6808
-6321
-7242
-5171
-3116
-3577
-1808
-73
1678
3422
3847
4707
7374
7862
7534
7302
6579
7708
7618
5951
5179
4545
4158
4178
2974
1796
1068
320
-446
-1293
-2195
-2873
-3699
-4474
-4941
-5115
-4260
-3940
-4087
-3639
-3154
-2294
-1345
-1131
-408
30
59
399
974
1955
2901
3026
3195
4776
6034
7364
8271
8475
8734
8704
7784
7257
6570
5447
3639
1166
-680
-2295
-3460
-5797
-5622
-6201
-7161
-6620
-8512
-7666
-6051
-6918
-6248
-5535
-6921
-5986
-6702
-8237
-6789
-6921
-8767
-8422
-8679
-7398
-4284
-4624
-3564
-1579
242
2664
4150
4531
6790
7967
7664
7968
7564
8508
9226
7917
6630
6133
5840
6502
5894
4942
4077
2847
1936
1018
25
-457
-1299
-2778
-3362
-4066
-3938
-3097
-3467
-3735
-3875
-4197
-3471
-3053
-2736
-2126
-1880
-1691
-949
-151
1561
2883
2895
3784
4516
5556
6881
7023
7425
7938
7557
6989
6441
5712
4437
2740
361
-1310
-2753
-4228
-5903
-5719
-5616
-6192
-5719
-7347
-6851
-5895
-6970
-6946
-6535
-7853
-7440
-8367
-9867
-8457
-8532
-9873
-9951
-9935
-8680
-5640
-5282
-3868
-1781
265
2620
4031
4776
6526
7702
7393
7431
7198
8125
8732
7959
6710
6618
6592
6868
6441
5512
4746
3743
2664
1376
464
-164
-807
-1848
-2809
-3670
-3631
-3389
-3287
-4123
-4614
-4483
-3856
-3468
-3246
-3059
-2373
-898
-384
831
2355
3461
3937
4609
5075
6659
7926
7924
8276
8847
9184
9376
8894
8292
7700
5527
3535
1373
-106
-1631
-3292
-5669
-5431
-5614
-6878
-6094
-7745
-7337
-6494
-8107
-8437
-7961
-9481
-9441
-10335
-11641
-9729
-8816
-9434
-8603
-8501
-6986
-3168
-2862
-1420
211
1573
3373
4581
5040
7351
9347
8824
9053
8747
9493
10353
9691
8419
7776
7088
7011
6187
4984
3940
2935
2220
1406
512
-394
-867
-2369
-3825
-5416
-5916
-5508
-5293
-5873
-6393
-6138
-4984
-3428
-2817
-2309
-1014
-180
247
934
1441
3326
4236
4246
5153
6847
8668
10121
10297
10453
11394
11521
11037
10278
8999
7064
4845
2221
833
-1131
-3031
-5711
-6922
-7000
-9020
-9183
-10774
-11319
-10325
-11630
-12374
-11496
-12106
-11867
-11762
-12957
-11574
-9665
-9956
-9570
-8809
-7899
-4167
-3364
-2522
-223
1556
3600
5266
6243
8455
10645
10256
10659
10623
11346
12766
12084
10695
10468
9633
9144
8791
7863
7276
6266
4282
2716
1495
86
-787
-3069
-5261
-6850
-7373
-7113
-6749
-7386
-7450
-6472
-5599
-4148
-3141
-2463
-1245
-260
-166
656
1534
2686
3308
3726
4692
6902
9135
10539
11140
11324
11956
11819
11355
10152
8873
6535
4081
1912
-190
-2101
-3974
-7035
-7361
-7406
-9384
-8959
-10903
-11478
-10642
-12042
-12237
-10798
-11625
-11260
-11326
-12517
-10653
-9727
-10803
-10198
-9479
-8545
-4586
-3860
-2565
-76
1696
4165
6137
7155
9514
11581
10901
10847
10556
11199
11872
11020
9711
9593
9219
9117
8494
7548
7045
5693
3940
1919
340
-906
-2117
-4281
-5715
-6826
-6827
-6158
-6119
-6192
-6010
-5313
-4172
-3349
-2863
-2383
-2087
-1182
-876
-5
1405
2928
4177
5400
6623
8371
10447
11395
12225
12396
12382
12291
11408
9885
8329
5912
3315
1011
-1386
-3720
-5878
-8382
-10567
-10177
-11757
-12670
-12483
-14169
-13126
-12591
-13860
-12919
-12358
-13551
-13153
-14120
-14102
-11569
-10881
-11053
-9579
-8821
-5866
-2159
-1513
852
2822
4713
6658
7635
8431
10459
11175
10496
10830
11320
12809
13801
12841
11792
11616
11080
10736
9353
7688
6024
3950
1794
-38
-1617
-2855
-4019
-5592
-6385
-6732
-6079
-5286
-5400
-5803
-5929
-5425
-4321
-3422
-2858
-2479
-1624
-460
401
1643
3159
4879
6517
7811
8727
10420
11895
12300
12235
11661
11293
10833
9373
7286
5271
2355
-338
-2495
-4851
-6567
-8407
-10520
-12041
-11694
-12794
-13314
-13255
-14833
-13870
-13465
-14445
-13261
-12720
-13389
-11628
-11516
-10520
-7327
-6568
-6146
-4232
-3330
-675
2170
1842
3111
4273
5592
7570
8914
9342
11040
11587
11291
12246
12474
13048
12877
11506
9779
8738
7546
6498
4697
2863
970
-501
-1260
-2105
-2955
-3906
-4680
-5445
-5624
-5944
-5351
-4990
-5103
-5066
-5019
-4410
-3152
-2550
-1710
-824
-254
1241
2374
3707
5408
6534
7496
8962
9751
11205
12369
12398
12441
11531
10251
9326
7746
5909
4429
2224
260
-1293
-3520
-5344
-7164
-9045
-10191
-11269
-11391
-12667
-13001
-13511
-14460
-13261
-13011
-12448
-10878
-10337
-9795
-8344
-7759
-6071
-3977
-3537
-3160
-1842
-1034
1365
2775
2406
3328
3979
5649
6956
7518
7921
8908
8852
8359
8295
8077
8496
8261
6661
5178
4640
4330
3964
2300
892
-254
-792
-1262
-2031
-2653
-3194
-3714
-4279
-4166
-3900
-2911
-2458
-2790
-2877
-2480
-1596
-482
-226
235
953
1674
2881
3901
4869
5898
6710
7322
8379
9041
9815
9951
9238
8550
7769
6820
5996
4732
3197
1895
232
-1158
-2381
-3949
-5637
-7198
-8885
-10464
-11208
-11201
-12198
-12062
-12516
-13069
-11150
-10527
-9777
-8101
-7621
-7012
-5608
-5796
-4807
-2913
-3132
-3150
-2691
-2546
-668
46
-649
52
1019
2576
3794
4247
4511
6002
6721
6818
6902
7002
7696
7488
6243
5070
5026
4982
4609
3243
2151
1832
1755
1166
412
203
405
554
153
83
246
873
763
97
-72
383
842
910
302
197
863
1372
1950
2123
2584
3342
3638
3352
3827
4297
4984
5616
5440
5650
5669
5372
5064
4556
3649
2772
1338
-429
-1600
-3268
-4958
-6344
-7870
-8829
-9717
-9611
-10098
-10006
-9607
-10414
-9418
-8883
-8780
-7562
-7399
-7618
-6904
-7220
-7181
-5944
-6063
-6474
-5655
-5698
-4218
-2637
-3023
-2122
-989
349
1684
2512
2946
4659
5883
5942
6436
6840
7871
8975
8607
7929
8293
8441
8209
6947
5743
5054
5048
4377
3453
3069
2715
2571
1833
1149
953
1492
1305
570
-232
-214
96
22
-174
-627
-400
112
-13
26
611
977
1764
2009
2297
3071
4055
4609
5160
5612
5732
5938
5350
4949
4272
3296
2364
1201
72
-937
-2238
-3291
-4013
-5014
-6370
-6831
-7445
-8362
-7943
-9327
-9526
-8649
-9544
-9429
-9101
-9917
-9392
-9148
-10250
-9030
-8071
-8410
-7618
-7226
-6859
-4217
-3625
-3922
-2751
-1837
-304
1050
1458
2619
5194
6158
7010
8162
9237
10897
11423
10510
10336
10959
11018
10218
8816
7811
7209
6779
5326
4300
3820
3066
2122
1150
474
435
627
-359
-1360
-1664
-1681
-1441
-1760
-2383
-2144
-1878
-1702
-1609
-1235
-309
558
1136
1881
3020
4191
5366
5782
6009
6334
6116
5872
5634
5227
4710
3819
2712
1724
695
-782
-2384
-3854
-5106
-6617
-7642
-7891
-9083
-9292
-10387
-11896
-11202
-11518
-11749
-11003
-11500
-11400
-10387
-10917
-10117
-8497
-8846
-8874
-8332
-8471
-6480
-5130
-5676
-4756
-3686
-2049
26
1306
2345
5047
6876
7786
9190
10447
12276
13214
12626
12233
12833
13201
12967
11558
10176
9408
8847
7683
6259
5332
4804
4130
3079
2238
1685
1718
711
-1004
-2292
-2961
-3306
-3558
-4232
-4637
-4009
-3479
-2887
-2179
-1170
76
1168
1860
2931
4086
5098
5841
6416
7215
7884
8127
7983
7653
7045
6362
5091
3722
2330
764
-924
-2674
-4264
-5326
-7054
-8887
-9470
-11288
-11846
-12536
-14379
-13984
-14256
-15175
-14504
-14306
-14410
-13292
-13599
-13425
-11467
-11266
-11319
-9917
-9430
-7236
-4876
-4977
-3604
-1883
2
2319
3888
5158
8012
10027
10758
12163
13435
15382
16489
15798
15082
15533
15724
15062
13199
11519
10374
9152
7545
5666
4374
3300
1808
-10
-1116
-2185
-2434
-3247
-4717
-5292
-5279
-5255
-5055
-5078
-5121
-3904
-3395
-2929
-1979
-1070
150
1418
2234
3760
5508
6454
7403
8128
9020
10052
10436
10246
10218
9688
8781
7301
5675
4162
2133
-107
-2444
-4444
-6229
-8466
-10867
-11726
-13364
-14417
-14909
-16400
-15739
-15162
-15926
-15342
-14680
-14782
-13387
-13453
-13595
-11518
-10568
-10291
-8748
-7872
-5692
-2662
-2322
-1083
1105
3111
5337
6993
8037
10506
12615
13312
14606
15782
17023
17751
16908
15962
16034
15481
14333
12102
9840
8339
6897
5065
3030
1584
337
-862
-2591
-3634
-4088
-4251
-4438
-5345
-5978
-5708
-5372
-5234
-5024
-5030
-3933
-2578
-1761
-697
563
1672
3160
4224
5296
7021
8197
9058
9830
10386
10902
11056
10206
9472
8530
7170
5523
3401
1218
-1120
-3453
-5658
-7415
-9115
-10717
-12751
-14348
-14639
-15702
-16235
-16707
-17898
-17146
-17031
-17806
-16776
-16149
-15620
-13997
-13814
-12764
-9756
-8488
-7555
-5871
-5196
-2747
-366
-275
1350
3359
4967
7146
8456
9537
12198
13835
14193
15189
15780
16612
17074
15961
14857
14576
13743
12377
10360
8126
6444
4896
3298
1688
401
-519
-1542
-2612
-3254
-4032
-4197
-4237
-4892
-5179
-5072
-4594
-3867
-3094
-2691
-1636
-346
812
2175
3391
4456
5615
6522
7256
8279
8946
9226
9395
9580
9422
9264
8524
7668
6914
5620
4059
2030
186
-1831
-3819
-5773
-7690
-9253
-10883
-12583
-14361
-15115
-15603
-16748
-16956
-17818
-18080
-16899
-17162
-16667
-15155
-14539
-13148
-11731
-11193
-8767
-6311
-6068
-4904
-3634
-2420
627
1551
1651
3464
4955
6839
8902
9783
11254
13500
13901
14216
14921
15401
16387
15758
13839
12775
12192
11457
9951
7570
5699
4534
3403
1886
409
-751
-1434
-2615
-3910
-4333
-4563
-4283
-4674
-5371
-5109
-4254
-3177
-2356
-1782
-1020
448
1690
2520
3376
4156
5063
5847
6322
6980
7672
8073
7855
7670
7859
7774
7436
6420
5285
4225
2946
1231
-691
-2356
-4529
-6436
-8351
-10265
-11587
-13129
-14656
-16110
-16393
-16799
-17663
-17458
-18128
-17610
-16148
-16165
-15033
-13050
-12262
-10713
-9062
-8374
-5605
-2919
-2636
-1010
499
1725
4626
5380
5518
7355
8732
9861
11274
11750
12696
14342
14047
13771
14147
14214
14451
13729
12125
11540
11281
10381
8835
6809
5163
3817
2503
826
-661
-1774
-2571
-3627
-4433
-4587
-4698
-4198
-4115
-4058
-3094
-1985
-955
34
367
1121
2580
3484
4301
4991
5397
5955
6393
6401
6557
6701
6702
6427
6173
6006
5638
4959
3920
2825
1713
421
-1564
-3553
-5285
-7260
-8957
-10508
-12196
-13301
-14675
-15911
-16658
-16721
-16299
-16758
-16317
-16174
-15514
-13969
-13488
-12585
-10734
-9355
-8045
-6432
-5567
-3388
-697
-201
526
1982
2919
5412
6529
6036
6972
7962
8612
9115
9210
9318
10726
10670
10113
10571
10920
11566
11317
9792
8984
9059
8423
7209
5463
4146
3426
2864
1882
935
311
34
-281
-758
-617
-729
-450
-423
-613
38
918
1669
2136
2138
2070
2716
3290
3543
3565
3426
3415
3367
3080
2882
2839
2747
2205
1438
998
583
108
-766
-1956
-3047
-3824
-4977
-6050
-6773
-7939
-8732
-9395
-10290
-10535
-10688
-11297
-11510
-11695
-11260
-11360
-11446
-11032
-10874
-9806
-9057
-8708
-7675
-6363
-5650
-4416
-3507
-2704
-580
306
209
1421
2296
3571
5160
4419
4274
5260
5655
6112
6650
6441
7268
8320
7850
8300
8804
9009
9344
8806
8207
8884
9134
8499
7634
6483
6082
6075
5592
5015
4666
4088
3695
3004
2465
2179
1837
1649
1085
751
616
555
218
-59
-572
-873
-685
-881
-1092
-1276
-1574
-1697
-1643
-2017
-2107
-2135
-2144
-2000
-2023
-2028
-1851
-1692
-1680
-1672
-1974
-2102
-2229
-2486
-2921
-3291
-3909
-4562
-5171
-5837
-6261
-6738
-7052
-7696
-8179
-7919
-8186
-8286
-8219
-8962
-8500
-8068
-8502
-7792
-7208
-7075
-6056
-5666
-5405
-3415
-2717
-2978
-2060
-1950
-945
760
386
705
2397
3451
4797
5700
5717
7257
9086
9515
10556
11649
12513
13693
13483
12745
13287
13689
13465
12851
11682
11205
11098
9981
8303
6734
5352
4323
2949
1365
259
-718
-1642
-2892
-3896
-4262
-4678
-5298
-6132
-6941
-7327
-7288
-7278
-7254
-6722
-6167
-5411
-4345
-3595
-2737
-1798
-1040
-223
629
1440
2334
2946
3107
3277
3258
3292
3389
3182
2766
2113
1234
395
-502
-1751
-2795
-3816
-5116
-6205
-7599
-8870
-9171
-10239
-11069
-11565
-12542
-12159
-11825
-12198
-11599
-10964
-10690
-9436
-8501
-7514
-4989
-3469
-2889
-1203
58
1851
3966
4289
5374
7464
8940
10207
11340
11947
13461
14638
14270
14699
15139
15475
15798
14889
13948
13959
13335
12091
10492
8664
7709
6686
4923
3196
1599
2
-1389
-3179
-4817
-5744
-6720
-7633
-8383
-8805
-8746
-8452
-8274
-7957
-7465
-6772
-5796
-4965
-4144
-3121
-2156
-1258
-145
778
1862
2908
3421
3958
4557
4956
5272
5488
5304
5139
4512
3523
2626
1553
394
-844
-2215
-3628
-4924
-6476
-7937
-9107
-10242
-11288
-12382
-13520
-13841
-13911
-14546
-14509
-14508
-14132
-12747
-12129
-11499
-9825
-8674
-7277
-5336
-4209
-1988
786
1854
3242
5150
6541
9007
10427
10385
11521
12788
13391
14075
13869
13558
14428
14183
13548
13832
13818
13731
13226
11587
10536
10271
9155
7666
5981
4220
3224
2235
690
-619
-1902
-3208
-4317
-5479
-6310
-6700
-7102
-7440
-7559
-7287
-6708
-6189
-5759
-5105
-4377
-3443
-2458
-1722
-737
141
638
1262
1797
2201
2730
2993
2916
2974
2876
2448
1943
1161
479
146
-510
-1438
-2406
-3304
-3917
-4611
-5615
-6539
-7296
-8079
-8847
-9536
-9879
-10179
-10666
-11012
-11278
-10724
-10254
-10301
-9883
-9576
-8718
-7328
-6619
-5749
-4099
-2823
-1407
209
1306
3283
5350
5814
6587
7939
8905
10317
10644
10159
11007
11961
12037
12052
11609
11201
11716
11284
10607
10815
10674
10256
9541
8117
7450
7630
6908
5768
4452
3009
2387
1647
159
-1082
-2280
-3309
-3945
-4775
-5303
-5353
-5542
-5999
-6285
-6317
-5843
-5213
-5224
-5204
-4989
-4499
-3580
-2936
-2753
-2328
-1900
-1538
-970
-853
-598
-22
-65
-68
117
-137
-71
-38
-445
-390
-397
-774
-956
-1429
-2089
-2358
-3009
-3650
-3928
-4536
-4981
-5097
-5353
-5367
-5452
-5765
-5677
-5559
-5105
-4809
-4952
-4834
-4806
-4378
-3610
-3232
-2606
-1522
-861
9
1103
1933
3299
4458
4607
5344
6541
7222
8286
8430
8031
8787
9413
9527
9618
9145
8844
9394
9091
8521
8625
8398
8092
7660
6509
5969
6058
5221
4036
2834
1713
1293
716
-674
-1633
-2297
-3029
-3500
-4408
-5405
-5807
-6151
-6756
-7089
-7168
-7127
-6850
-6864
-6865
-6357
-5770
-5212
-4805
-4461
-3941
-3260
-2618
-2196
-1833
-1639
-1320
-1051
-1026
-981
-945
-825
-750
-817
-800
-655
-439
-307
-300
-176
-133
-90
-146
-378
-569
-913
-1301
-1657
-1979
-2279
-2538
-3019
-3563
-3886
-3823
-3970
-4350
-4454
-4690
-4428
-4109
-4178
-3690
-2704
-1881
-844
22
809
2444
3571
3849
4771
5921
6908
8023
7884
7456
8170
8668
8467
8158
7664
7672
8279
7631
6830
6810
6624
6475
5911
4890
4804
5122
4538
3614
2816
2043
1729
1042
-487
-1467
-2132
-2900
-3446
-4278
-5223
-5717
-6404
-7399
-7987
-8339
-8546
-8319
-8371
-8419
-7859
-7393
-6876
-6226
-5526
-4586
-3768
-3126
-2394
-1647
-870
-79
370
796
1398
1856
2310
2592
2453
2472
2488
2374
2626
2708
2318
2110
1807
1464
1450
999
417
167
-356
-846
-1234
-1907
-2394
-2678
-3282
-3791
-3673
-4010
-4420
-4351
-4660
-4323
-3577
-3410
-2661
-1555
-1056
-129
883
1498
2967
4254
4348
5027
5998
6315
7030
7119
6577
7358
8190
8036
7894
7351
6751
6950
6457
5529
5646
5496
4912
4501
3526
2953
3172
2436
1283
732
69
-312
-632
-1827
-2890
-3559
-4706
-5594
-6139
-6732
-6767
-6895
-7451
-7501
-7171
-7083
-6862
-6759
-6811
-6158
-5380
-4837
-4116
-3499
-2944
-2188
-1564
-1079
-298
335
915
1579
1934
2394
2929
3135
3237
3343
3362
3444
3397
3204
3089
2884
2373
1963
1604
1283
1204
853
463
197
-177
-484
-747
-1055
-1169
-1231
-1554
-1785
-1891
-1854
-1691
-1911
-2170
-2245
-2225
-1826
-1503
-1279
-699
-234
-80
307
914
1675
2622
2876
2892
3741
4689
5295
5506
5113
5085
5719
5795
5341
5020
4728
4660
4541
3871
3659
3975
3827
3436
2866
2304
2363
2326
1329
361
-80
-420
-548
-1135
-2143
-2638
-3094
-4016
-4821
-5519
-5965
-5993
-6402
-7227
-7521
-7535
-7583
-7559
-7913
-8001
-7350
-6597
-6129
-5612
-5099
-4449
-3478
-2946
-2604
-1903
-1116
-256
663
1386
2105
3019
3472
3608
4089
4528
5074
5441
5102
4872
4987
4901
4593
4220
3636
3323
3250
2806
2269
1732
1084
594
188
-360
-784
-1323
-2163
-2707
-2887
-3233
-3578
-3800
-4081
-3930
-3632
-3593
-3378
-3024
-2741
-2408
-1969
-1503
-618
360
815
1404
2263
3068
3808
4089
3899
4130
4755
4913
4895
4756
4515
4565
4287
3609
3332
3304
2980
2517
1821
1084
664
-29
-1004
-1576
-1829
-2123
-2632
-3584
-4610
-5075
-5460
-6099
-6531
-6776
-6824
-6688
-6833
-7058
-6888
-6520
-6206
-5836
-5431
-4767
-3668
-2820
-2252
-1561
-806
27
977
1690
2110
2826
3513
3976
4470
4733
5094
5558
5774
5713
5646
5736
5841
5822
5451
5015
4827
4545
4141
3701
3062
2487
1936
1343
914
707
494
114
-426
-953
-1365
-1925
-2648
-3238
-3583
-3545
-3426
-3616
-3777
-3746
-3500
-3157
-3004
-2773
-2222
-1689
-1376
-996
-398
623
1684
2102
2277
2547
2917
3222
3248
3069
3090
3403
3343
2936
2560
2202
2063
1859
1306
966
969
777
270
-352
-772
-729
-805
-1482
-2262
-2670
-2800
-2844
-3032
-3293
-3230
-3025
-3124
-3335
-3622
-3875
-3820
-3798
-3865
-3679
-3263
-2977
-2794
-2664
-2439
-1841
-1208
-851
-517
-52
416
841
1024
1091
1557
2184
2563
2810
2972
3183
3516
3708
3765
3967
4240
4368
4405
4403
4337
4342
4207
3822
3651
3608
3454
3215
2912
2664
2510
2220
1618
1098
674
238
-114
-628
-1095
-1304
-1688
-2161
-2466
-2904
-3233
-3467
-3795
-3922
-3932
-3918
-3706
-3380
-3057
-2696
-2492
-2340
-1987
-1794
-1671
-1357
-1029
-689
-469
-464
-426
-33
345
533
660
686
805
830
631
408
429
518
469
365
263
384
649
601
334
111
12
-45
-363
-959
-1457
-1656
-1807
-1918
-1957
-2145
-2337
-2534
-2829
-2921
-2831
-2733
-2584
-2381
-2161
-1647
-1008
-583
-77
623
1238
1749
2067
2143
2433
2918
3325
3809
4320
4767
5174
5287
5121
4998
5014
5018
4870
4563
4123
3704
3316
2936
2691
2466
2104
1699
1187
638
41
-610
-1146
-1561
-1914
-2365
-2751
-3045
-3296
-3512
-3981
-4536
-5012
-5257
-5339
-5421
-5429
-5474
-5341
-5131
-4815
-4265
-3619
-2944
-2404
-2006
-1524
-867
-250
-41
-119
55
471
892
1023
853
660
721
807
784
774
701
611
285
-155
-441
-513
-510
-783
-1144
-1192
-946
-711
-672
-705
-555
-201
199
481
624
788
1030
1155
1263
1505
1700
1931
2070
2150
2402
2823
3177
3308
3434
3493
3516
3605
3684
3817
3962
3974
3842
3723
3448
3091
2806
2474
2279
2152
1869
1520
1146
591
-23
-432
-715
-988
-1174
-1536
-1952
-2172
-2413
-2549
-2540
-2604
-2565
-2353
-2166
-1889
-1626
-1584
-1602
-1484
-1396
-1327
-1206
-1264
-1370
-1434
-1553
-1659
-1766
-1882
-2043
-2154
-2349
-2465
-2480
-2596
-2747
-2983
-3174
-3284
-3310
-3418
-3604
-3662
-3534
-3127
-2553
-2180
-1983
-1778
-1626
-1457
-1210
-863
-404
99
430
732
1185
1716
2309
2852
3288
3746
4211
4509
4765
5040
5260
5645
6061
6306
6447
6519
6492
6395
6225
5843
5429
4935
4318
3707
3084
2566
2189
1731
1159
667
197
-338
-843
-1260
-1593
-1753
-1950
-2375
-2856
-3217
-3355
-3308
-3218
-3227
-3191
-3149
-3155
-3077
-3016
-2951
-2878
-2786
-2618
-2332
-2074
-1965
-1965
-2021
-1994
-1864
-1691
-1593
-1417
-1209
-1018
-804
-647
-487
-294
-268
-406
-537
-680
-747
-833
-962
-1019
-994
-1079
-1296
-1504
-1624
-1673
-1745
-1884
-2055
-2141
-2190
-2211
-2137
-1900
-1628
-1408
-1154
-846
-439
22
537
1017
1467
1972
2449
2859
3138
3438
3763
4062
4404
4641
4785
4981
5107
5281
5457
5440
5163
4800
4519
4345
4279
4149
4013
3832
3528
3120
2677
2262
1854
1376
873
444
62
-240
-549
-939
-1402
-1836
-2055
-2139
-2324
-2689
-3185
-3607
-3809
-3752
-3495
-3250
-3116
-3108
-3076
-2884
-2693
-2620
-2714
-2855
-2979
-2964
-2884
-2751
-2629
-2650
-2613
-2543
-2416
-2283
-2225
-2239
-2279
-2345
-2395
-2456
-2480
-2465
-2468
-2425
-2244
-1866
-1464
-1060
-795
-693
-579
-311
50
406
798
1251
1799
2289
2621
2826
3016
3192
3366
3509
3673
3935
4138
4246
4321
4410
4521
4626
4595
4414
4272
4117
3899
3737
3628
3533
3477
3260
2955
2769
2601
2373
2095
1707
1297
890
325
-259
-639
-874
-1107
-1295
-1490
-1644
-1760
-1989
-2252
-2377
-2342
-2189
-2009
-1959
-1942
-1840
-1677
-1565
-1542
-1563
-1471
-1244
-1053
-926
-820
-791
-893
-1074
-1263
-1383
-1416
-1556
-1871
-2178
-2367
-2467
-2564
-2725
-2888
-2951
-3053
-3201
-3313
-3387
-3369
-3257
-3188
-3161
-3029
-2840
-2535
-2182
-2009
-1823
-1458
-959
-367
134
582
1134
1711
2184
2510
2803
3154
3586
3973
4253
4521
4775
5132
5495
5702
5694
5607
5578
5421
5132
4706
4267
3856
3383
2988
2712
2443
2033
1464
854
245
-259
-676
-1049
-1374
-1639
-1909
-2212
-2516
-2852
-3161
-3348
-3411
-3378
-3257
-3087
-2921
-2830
-2708
-2537
-2294
-2050
-1806
-1536
-1275
-968
-702
-438
-183
-27
54
80
112
226
367
408
366
270
166
92
-73
-228
-418
-709
-1069
-1510
-1955
-2338
-2662
-2944
-3159
-3313
-3463
-3627
-3784
-3962
-4035
-3984
-3964
-3983
-3936
-3724
-3288
-2865
-2561
-2154
-1621
-979
-321
242
769
1357
2044
2651
3155
3630
4118
4711
5194
5483
5638
5733
5853
5990
6032
5935
5798
5507
5107
4739
4318
3844
3305
2689
2120
1609
1141
611
84
-399
-811
-1196
-1672
-2093
-2421
-2667
-2801
-2904
-3103
-3332
-3468
-3488
-3422
-3317
-3214
-3154
-3043
-2865
-2658
-2353
-1971
-1587
-1231
-846
-476
-189
6
204
488
704
766
814
874
926
973
914
831
736
592
414
183
-57
-217
-398
-698
-996
-1214
-1371
-1495
-1661
-1883
-1985
-2026
-2027
-1994
-1874
-1717
-1586
-1461
-1453
-1344
-1123
-859
-516
-184
105
349
558
775
1066
1394
1697
2008
2316
2623
2940
3218
3467
3683
3849
3842
3788
3838
3945
4106
4117
3949
3689
3467
3271
2988
2680
2351
2078
1819
1553
1281
940
525
-19
-578
-1032
-1446
-1844
-2213
-2508
-2693
-2854
-2967
-3001
-2910
-2714
-2548
-2499
-2569
-2555
-2385
-2227
-2076
-1847
-1528
-1170
-901
-691
-482
-328
-216
-149
-22
177
352
545
747
916
979
921
784
689
670
602
541
461
362
370
427
380
199
-110
-414
-572
-651
-677
-675
-632
-615
-669
-843
-1048
-1133
-1144
-1075
-972
-785
-499
-152
145
329
490
600
706
828
882
947
1117
1368
1684
1995
2288
2519
2725
2900
2963
2865
2636
2412
2199
2090
2060
2098
2113
2055
1968
1749
1457
1175
890
667
527
322
59
-207
-497
-864
-1295
-1711
-2107
-2402
-2606
-2726
-2725
-2668
-2642
-2635
-2648
-2635
-2596
-2537
-2450
-2326
-2171
-2008
-1733
-1412
-1116
-848
-611
-365
-110
141
308
344
312
320
393
362
259
212
167
93
-58
-235
-393
-556
-706
-791
-749
-647
-595
-665
-870
-1047
-1058
-975
-846
-705
-528
-432
-399
-315
-190
-48
65
151
217
396
711
1027
1197
1140
1014
1010
1135
1270
1387
1575
1768
1794
1654
1471
1355
1236
1089
917
671
470
286
171
127
57
-25
-136
-223
-159
-128
-253
-452
-709
-947
-1153
-1286
-1311
-1330
-1354
-1294
-1172
-1060
-979
-918
-905
-853
-810
-868
-912
-880
-717
-621
-621
-675
-679
-533
-388
-217
-39
86
134
119
95
115
175
153
43
-21
-5
66
143
147
175
221
253
229
158
93
34
88
195
255
351
506
610
690
709
678
782
943
1136
1311
1461
1603
1700
1784
1914
2040
2078
2079
2045
1962
1839
1733
1656
1532
1349
1107
874
729
590
474
363
291
151
-46
-210
-322
-394
-608
-860
-1118
-1330
-1463
-1561
-1637
-1604
-1480
-1315
-1234
-1224
-1178
-1157
-1166
-1267
-1318
-1250
-1083
-945
-925
-928
-939
-901
-814
-737
-696
-686
-757
-760
-702
-602
-431
-348
-271
-208
-72
49
86
120
120
136
105
48
-41
-140
-167
-122
-16
114
259
379
424
494
535
485
419
411
531
708
853
995
1112
1182
1281
1323
1315
1374
1426
1434
1439
1442
1462
1468
1395
1320
1232
1130
1102
1140
1233
1311
1224
948
622
374
201
-1
-171
-325
-494
-726
-960
-1104
-1182
-1198
-1202
-1296
-1481
-1595
-1660
-1725
-1777
-1795
-1757
-1626
-1471
-1432
-1396
-1318
-1228
-1177
-1167
-1154
-1117
-1059
-1008
-894
-727
-579
-466
-389
-300
-196
-59
96
160
115
47
-30
-163
-275
-269
-188
-69
33
66
67
65
143
214
199
137
126
216
340
487
611
755
940
1094
1185
1285
1425
1479
1433
1296
1189
1187
1232
1318
1412
1547
1682
1723
1673
1588
1456
1256
1017
785
572
392
282
270
230
129
75
6
-142
-400
-630
-783
-960
-1156
-1316
-1398
-1441
-1356
-1268
-1261
-1329
-1508
-1685
-1871
-1962
-1907
-1780
-1672
-1591
-1568
-1618
-1600
-1520
-1437
-1380
-1331
-1289
-1265
-1180
-1051
-927
-846
-828
-830
-811
-661
-487
-357
-261
-184
-64
14
58
138
244
330
428
496
546
684
862
1082
1308
1469
1591
1667
1663
1601
1573
1579
1670
1790
1848
1903
1953
1973
1984
1926
1799
1687
1633
1650
1708
1717
1670
1570
1446
1314
1167
1096
1088
1073
990
896
809
656
464
219
22
-102
-235
-375
-540
-643
-689
-713
-762
-833
-908
-972
-1046
-1161
-1256
-1302
-1298
-1296
-1345
-1411
-1424
-1398
-1440
-1517
-1590
-1615
-1579
-1581
-1548
-1475
-1415
-1382
-1397
-1461
-1494
-1449
-1368
-1281
-1169
-1080
-1043
-1018
-993
-929
-866
-811
-780
-746
-664
-523
-344
-187
-47
60
153
298
475
634
768
899
1040
1191
1389
1606
1782
1890
1894
1821
1750
1717
1694
1685
1697
1709
1762
1827
1882
1875
1838
1795
1649
1490
1385
1360
1349
1302
1209
1064
953
931
901
776
628
500
353
206
83
-13
-142
-269
-347
-449
-518
-588
-707
-855
-999
-1091
-1130
-1142
-1216
-1346
-1486
-1641
-1813
-1997
-2137
-2171
-2206
-2322
-2430
-2501
-2558
-2535
-2442
-2383
-2319
-2246
-2140
-2033
-1941
-1838
-1722
-1566
-1422
-1304
-1149
-926
-713
-577
-466
-291
-33
197
361
527
685
839
990
1121
1259
1401
1501
1631
1792
1952
2085
2157
2137
2026
1948
1941
1976
1973
1920
1855
1794
1726
1611
1468
1372
1380
1405
1462
1520
1553
1598
1620
1586
1480
1401
1357
1275
1197
1120
1027
914
770
631
526
493
521
541
516
358
133
-62
-226
-353
-521
-698
-812
-925
-1065
-1223
-1379
-1566
-1790
-1971
-2118
-2249
-2389
-2519
-2598
-2675
-2829
-3033
-3214
-3327
-3329
-3255
-3198
-3186
-3141
-3010
-2771
-2492
-2230
-1993
-1745
-1474
-1239
-997
-767
-517
-275
-87
104
307
575
842
1035
1143
1259
1430
1627
1779
1887
1997
2183
2450
2642
2709
2669
2564
2451
2362
2272
2182
2060
1918
1780
1637
1514
1453
1437
1417
1380
1384
1432
1455
1502
1521
1509
1512
1451
1402
1429
1454
1429
1322
1178
1042
928
827
717
586
412
246
75
-124
-323
-507
-660
-803
-995
-1213
-1343
-1430
-1520
-1654
-1838
-1993
-2098
-2167
-2245
-2404
-2600
-2742
-2881
-2998
-3064
-3056
-2941
-2771
-2594
-2440
-2254
-2035
-1897
-1819
-1768
-1676
-1506
-1311
-1120
-999
-865
-721
-569
-412
-200
43
307
561
734
851
931
1014
1118
1212
1286
1369
1431
1540
1666
1787
1911
2039
2157
2207
2185
2181
2148
2040
1918
1805
1745
1679
1570
1479
1451
1493
1519
1479
1399
1334
1258
1166
1112
1096
1102
1077
982
807
628
455
282
105
-58
-175
-229
-218
-240
-273
-327
-387
-417
-466
-530
-672
-849
-1016
-1181
-1326
-1485
-1600
-1715
-1856
-1961
-1999
-1961
-1893
-1912
-1973
-2009
-2001
-2020
-2086
-2133
-2171
-2136
-2086
-2063
-2061
-2029
-1947
-1819
-1678
-1519
-1357
-1201
-1055
-900
-651
-368
-82
101
152
103
42
103
243
414
619
859
1193
1538
1783
1869
1776
1684
1682
1770
1903
2005
2070
2127
2216
2297
2314
2295
2246
2120
1967
1777
1520
1266
1055
924
906
947
1012
1043
994
833
612
456
362
305
236
92
-115
-324
-440
-479
-488
-433
-407
-425
-502
-637
-772
-877
-949
-996
-1089
-1199
-1282
-1354
-1385
-1410
-1384
-1264
-1103
-1012
-1051
-1167
-1241
-1259
-1249
-1213
-1216
-1251
-1219
-1173
-1183
-1233
-1303
-1281
-1200
-1160
-1149
-1099
-1037
-978
-925
-891
-844
-701
-429
-71
261
463
581
685
788
888
1024
1159
1297
1482
1666
1821
1939
1998
2061
2100
2129
2136
2152
2144
2099
2064
2042
2028
1931
1849
1832
1796
1704
1551
1380
1242
1088
978
922
825
691
532
402
334
270
247
300
369
379
308
135
-158
-498
-775
-937
-967
-926
-892
-896
-937
-985
-1056
-1088
-1109
-1165
-1248
-1348
-1446
-1569
-1637
-1558
-1428
-1307
-1216
-1204
-1241
-1312
-1391
-1447
-1417
-1291
-1089
-954
-959
-1051
-1157
-1174
-1108
-985
-895
-847
-780
-690
-620
-557
-487
-420
-283
-71
148
372
526
610
634
642
717
877
1053
1227
1423
1600
1762
1835
1799
1677
1581
1527
1473
1479
1474
1473
1486
1482
1505
1538
1525
1478
1384
1238
1075
954
876
797
750
696
507
228
-10
-134
-188
-231
-219
-178
-152
-204
-320
-406
-424
-439
-528
-680
-824
-909
-1056
-1168
-1239
-1359
-1467
-1548
-1562
-1480
-1306
-1180
-1164
-1197
-1285
-1315
-1259
-1197
-1116
-1072
-1083
-1128
-1148
-1067
-985
-959
-961
-938
-930
-954
-961
-973
-947
-861
-797
-730
-657
-625
-552
-442
-283
-67
179
430
613
758
852
870
901
989
1079
1163
1258
1394
1464
1428
1382
1391
1452
1551
1595
1473
1288
1182
1153
1155
1172
1204
1172
1078
965
864
866
916
903
857
794
668
491
219
-28
-195
-300
-383
-499
-582
-568
-559
-686
-858
-1040
-1234
-1344
-1334
-1264
-1270
-1385
-1531
-1606
-1608
-1562
-1508
-1435
-1347
-1284
-1269
-1360
-1425
-1413
-1365
-1308
-1263
-1219
-1172
-1099
-1069
-1074
-1107
-1185
-1171
-1062
-872
-630
-451
-304
-165
-70
24
110
196
298
356
423
524
652
810
968
1086
1169
1254
1278
1218
1148
1135
1125
1122
1180
1248
1298
1345
1369
1316
1251
1205
1206
1261
1308
1279
1186
1071
987
879
772
670
590
520
437
381
308
249
223
228
231
229
211
138
48
-63
-172
-288
-487
-734
-924
-980
-934
-903
-902
-894
-878
-821
-716
-665
-686
-717
-752
-783
-829
-843
-821
-853
-913
-955
-962
-950
-924
-811
-656
-581
-562
-564
-549
-482
-383
-221
-58
42
121
127
123
146
134
133
192
264
350
491
624
760
858
905
882
831
865
937
1003
1047
1080
1099
1127
1179
1200
1161
1086
1030
973
904
885
859
800
727
679
691
728
742
735
765
852
925
923
874
782
649
505
422
356
263
208
182
108
16
-90
-146
-200
-303
-404
-439
-449
-543
-656
-804
-944
-1073
-1147
-1194
-1245
-1234
-1190
-1146
-1131
-1152
-1189
-1206
-1174
-1094
-1092
-1150
-1183
-1152
-1061
-936
-758
-609
-464
-286
-154
-85
-51
-7
44
54
72
110
164
269
378
529
724
905
1009
1035
1077
1093
1086
1047
961
888
873
940
1032
1103
1127
1064
921
753
603
515
470
451
453
457
439
359
225
135
126
166
211
199
119
7
-63
-104
-145
-160
-139
-75
-39
-7
11
-27
-128
-227
-303
-389
-475
-544
-600
-634
-609
-587
-553
-529
-537
-580
-630
-743
-946
-1139
-1263
-1339
-1404
-1498
-1592
-1611
-1547
-1441
-1314
-1176
-1109
-1088
-1094
-1155
-1243
-1300
-1297
-1299
-1240
-1133
-973
-721
-469
-201
41
179
234
226
194
254
365
473
596
802
1031
1169
1277
1297
1270
1282
1329
1404
1413
1355
1259
1143
1014
894
844
870
892
904
908
877
822
699
590
497
422
356
288
242
171
152
140
90
14
-77
-115
-107
-67
-44
-53
-37
8
9
-61
-156
-263
-312
-339
-353
-348
-368
-409
-498
-634
-775
-849
-847
-828
-810
-861
-916
-912
-901
-909
-940
-948
-932
-900
-852
-765
-683
-637
-606
-575
-555
-527
-473
-434
-428
-427
-369
-235
-65
72
139
170
198
247
352
482
620
741
785
796
798
785
810
929
1102
1248
1307
1273
1187
1105
1100
1138
1175
1195
1203
1210
1203
1191
1127
1068
1017
979
981
956
918
875
835
762
649
534
423
311
222
174
135
82
-29
-214
-378
-496
-592
-675
-728
-742
-752
-768
-835
-938
-1043
-1136
-1209
-1253
-1230
-1133
-1015
-929
-963
-1043
-1097
-1133
-1127
-1095
-1021
-902
-806
-736
-710
-755
-788
-783
-762
-695
-546
-408
-310
-233
-181
-157
-148
-118
-74
13
111
225
349
423
482
536
584
649
715
769
816
861
850
807
770
749
744
751
753
726
702
707
731
746
726
675
632
599
608
612
600
613
625
592
570
528
454
430
433
438
443
444
391
282
198
148
114
85
30
-13
-60
-113
-152
-181
-249
-318
-342
-367
-436
-563
-708
-822
-884
-897
-899
-922
-963
-994
-1013
-1046
-1076
-1092
-1098
-1094
-1081
-1044
-974
-889
-810
-766
-741
-671
-569
-432
-316
-267
-237
-227
-215
-185
-156
-78
17
90
131
171
212
235
274
344
410
454
494
513
523
557
617
633
619
575
543
559
580
594
568
555
559
555
549
548
567
580
578
549
498
476
488
486
463
457
451
471
512
512
492
436
363
295
226
152
103
61
1
-56
-101
-151
-215
-267
-356
-486
-592
-655
-696
-720
-779
-833
-869
-886
-917
-966
-974
-949
-928
-952
-963
-931
-896
-860
-837
-856
-871
-852
-809
-760
-686
-557
-393
-226
-167
-178
-134
-23
98
173
213
270
349
425
494
551
636
681
690
671
653
657
651
648
668
696
696
673
640
615
607
633
636
602
574
561
566
558
518
488
473
474
467
447
428
418
425
450
482
476
434
363
299
258
222
165
94
55
33
-3
-66
-113
-122
-121
-129
-166
-213
-262
-346
-441
-529
-621
-723
-799
-810
-758
-698
-685
-714
-759
-787
-810
-843
-871
-862
-830
-795
-744
-687
-651
-647
-626
-594
-554
-506
-471
-411
-349
-296
-264
-214
-159
-144
-109
-58
-3
55
114
153
178
199
259
348
388
378
390
424
405
361
352
377
450
527
556
556
563
601
641
673
670
618
569
539
547
583
645
687
691
679
665
671
681
698
706
706
691
649
584
496
425
405
411
397
334
243
148
50
-47
-139
-227
-298
-363
-430
-490
-540
-553
-555
-574
-610
-650
-701
-737
-737
-723
-724
-750
-782
-798
-793
-772
-735
-697
-658
-662
-672
-667
-635
-586
-567
-569
-557
-504
-446
-377
-314
-275
-238
-233
-224
-171
-100
-24
1
-4
-5
25
100
172
232
284
316
326
305
277
284
321
361
382
403
460
525
572
601
597
586
590
620
634
629
640
669
692
689
661
627
596
565
533
521
526
502
445
370
306
260
227
194
169
162
146
111
59
-2
-81
-177
-270
-353
-412
-441
-446
-442
-442
-460
-505
-532
-537
-551
-558
-562
-555
-538
-552
-581
-610
-626
-607
-576
-532
-501
-505
-510
-493
-465
-440
-400
-351
-319
-305
-297
-260
-216
-182
-158
-124
-65
-4
44
99
147
184
209
220
231
255
294
322
322
301
281
275
288
308
311
317
349
394
425
428
417
414
405
387
370
374
386
369
348
324
312
333
344
321
271
234
231
248
272
267
239
205
184
163
126
96
54
2
-43
-77
-97
-105
-121
-155
-199
-232
-247
-255
-266
-279
-281
-276
-265
-265
-286
-306
-321
-329
-332
-335
-328
-315
-301
-294
-278
-251
-215
-184
-188
-205
-203
-170
-128
-105
-82
-61
-43
-9
13
27
49
66
84
102
