SAMPLES:	6076
BITSPERSAMPLE:	16
CHANNELS:	1
SAMPLERATE:	16000
NORMALIZED:	FALSE
431
318
275
293
164
214
342
199
94
20
41
-33
-22
165
86
-12
11
118
-161
-158
-61
-44
-35
-139
-178
-321
-378
-333
-224
-317
-252
-351
-461
-368
-428
-415
-595
-516
-454
-579
-472
-584
-643
-698
-664
-607
-771
-623
-666
-798
-648
-660
-600
-704
-909
-635
-604
-646
-676
-712
-674
-803
-514
-332
-363
-235
-189
-68
-67
-70
-9
21
-59
-18
115
-21
-250
-17
-9
-52
269
440
257
-23
260
175
53
320
414
248
-108
129
-95
-2
263
115
187
-58
80
-199
-170
-30
-199
-158
-157
-299
-266
-357
-287
-443
-176
38
-340
82
-315
71
-88
-66
164
-64
379
-252
-117
12
-5
115
18
432
-20
-121
108
251
491
543
673
446
370
107
248
399
327
374
150
320
47
123
574
370
543
641
711
661
585
624
388
350
389
464
524
276
427
716
787
900
920
875
635
837
994
1008
984
821
695
648
684
870
700
818
958
899
864
743
872
632
823
607
619
680
382
670
523
542
466
-9
200
176
552
856
440
590
-7
-102
183
198
349
174
-90
-215
-376
-461
-316
-504
-273
-201
-176
-64
-421
-222
-331
-599
-203
-597
-795
-715
-553
-775
-899
-508
-866
-832
-539
-306
-593
-798
-533
-667
-506
-574
-684
-875
-1161
-978
-672
-365
-389
-617
-630
-652
-745
-273
-199
-223
-276
-429
-246
-694
-506
-644
-523
-209
-511
-260
-737
-636
-492
-570
-195
-368
-342
-328
-448
-352
-678
-590
-461
-690
-657
-704
-582
-347
-237
-149
-289
-457
-495
-668
-216
-353
-450
-99
-598
-628
-954
-713
-160
-464
235
18
-447
-80
-227
-148
-113
-159
-369
-454
134
-196
-533
-115
-290
-468
-255
-62
-281
-338
-188
3
-160
-306
-380
-591
-267
-571
-183
121
-345
-153
-280
-477
-372
-75
-17
78
268
-99
-255
-214
-242
-329
225
619
-177
-170
-109
-218
107
424
899
159
-134
437
772
618
537
663
215
-345
-276
307
189
306
764
301
228
168
218
346
628
814
100
284
51
-49
498
515
759
526
874
1146
810
1143
936
666
681
776
1265
1154
907
787
728
845
623
769
535
225
610
331
755
463
121
512
-118
606
101
48
-136
-298
282
-174
205
442
168
-509
80
-46
-188
516
785
749
127
356
541
296
480
-65
-226
-155
-100
299
205
63
-502
-36
461
-123
165
41
-36
87
241
523
185
636
589
799
832
342
181
-228
-77
34
227
515
195
193
56
-119
106
-575
-195
79
503
219
214
712
-594
298
865
911
894
809
866
-76
599
744
255
515
302
-146
-697
-401
-226
-174
196
173
176
-512
-633
-509
-503
-310
-10
511
18
-181
-426
-644
-532
-562
98
-253
-6
-354
-587
106
-576
-187
-442
-374
-183
-423
-370
-1132
-1069
-705
-595
-193
-123
-261
-890
-1374
-599
-441
240
616
-204
-134
-47
-169
-212
86
325
-65
-311
43
-152
-647
-456
6
272
371
208
-218
-324
-231
-23
-454
-904
-550
-701
-258
141
53
-298
-658
-97
-393
-39
-185
-308
-150
-376
40
-114
132
-535
-790
-448
-843
-494
-198
-420
-948
-888
-313
-788
-590
-371
-249
-89
251
293
-344
-69
-160
-130
-222
-16
27
230
843
334
141
-101
-33
288
-85
36
-454
-389
-90
83
645
-149
-52
233
103
13
-195
212
-125
-89
819
522
326
579
617
290
80
177
-354
-487
-369
149
247
268
720
350
651
646
370
136
-72
319
-94
34
-275
-446
-68
-184
163
-104
-78
185
119
157
118
260
-207
74
537
359
429
273
506
152
251
586
-20
87
-94
-130
107
-154
-32
299
478
415
407
62
-265
-307
-269
-175
84
275
-2
-160
-71
-257
-129
297
150
-218
-381
-254
-75
251
251
-34
-342
-276
-251
-104
-262
-784
-518
-562
-289
64
58
-267
-887
-695
-633
-537
-102
-166
-43
-472
-654
-338
-605
-420
-372
-21
-308
-797
-501
-398
-365
-162
-147
-313
-7
225
273
263
451
475
367
469
434
937
372
198
455
109
207
153
342
121
46
151
232
299
230
-43
503
394
44
297
216
478
-249
469
127
-487
204
-278
-210
-455
-25
133
-331
87
-10
-491
117
177
-240
51
-187
82
23
-8
-3
-105
-195
-99
-324
-341
-147
-480
121
-198
180
185
296
900
674
1163
628
631
255
193
729
654
948
521
393
330
310
262
415
265
322
225
1
154
244
271
-199
172
76
422
306
219
241
-674
-109
-264
-380
-12
-15
-120
-272
-84
-146
102
-47
-151
-502
-400
-523
-874
-753
-762
-154
-582
-302
-581
-922
-698
-776
-275
-615
-519
-238
-448
-279
16
-100
177
80
-285
-321
-362
-125
-360
-211
11
265
463
327
283
229
309
519
505
286
493
444
213
191
259
244
133
390
561
265
-75
-246
-437
-302
-107
-275
-50
-396
-595
-700
-948
-528
-642
-493
-504
-653
-567
-788
-677
-307
-574
-410
-140
-258
-280
-422
-539
-379
-23
-93
111
-217
-470
-219
52
192
-57
348
336
335
575
413
133
197
624
645
658
813
809
583
381
442
525
582
554
423
276
390
347
562
610
771
868
675
1102
669
667
535
575
514
-70
5
-153
33
133
275
472
484
506
603
623
633
724
680
323
104
120
-174
6
134
-148
-352
-442
-332
-632
-582
-257
-467
-495
-308
-166
-222
-239
-85
-185
-264
-235
-256
-265
-222
-113
-166
-353
-342
-175
93
330
318
122
17
-66
-99
55
94
-21
-240
-302
-178
-48
114
355
362
694
529
603
929
647
874
684
446
213
-92
-316
-541
-685
-946
-1195
-1269
-1168
-902
-746
-607
-435
-502
-549
-564
-665
-605
-454
-421
-516
-601
-421
-221
-323
-130
-13
-136
-103
-157
64
106
252
348
245
321
410
569
497
395
353
199
108
181
185
199
140
210
120
101
389
415
532
401
165
139
17
114
254
258
340
243
142
74
52
175
149
61
47
-32
107
239
272
302
126
129
-88
-125
-127
-273
-246
-364
-277
-250
-272
-159
10
167
51
-182
-415
-840
-985
-1088
-1333
-1495
-1827
-1883
-1785
-1732
-1680
-1709
-1663
-1572
-1180
-689
-279
130
699
1390
2062
2558
2831
2834
2523
2285
1729
1087
516
74
-16
-125
-157
-112
91
492
1019
1492
1859
2015
2094
2009
1737
1327
1047
914
633
471
148
-139
-339
-525
-527
-456
-194
-114
-142
-22
120
237
274
208
64
167
175
77
-90
-174
-305
-510
-527
-628
-774
-879
-977
-837
-677
-607
-632
-846
-865
-841
-762
-765
-953
-984
-1349
-1687
-1919
-2227
-2507
-3117
-3611
-3978
-4184
-4661
-5043
-5182
-5453
-5080
-3888
-2977
-1996
-1381
-547
1471
3499
5571
6041
5770
6077
6262
6363
5584
3567
1596
536
-310
-1288
-2446
-2921
-2592
-1781
-892
-439
804
2103
2964
3300
3469
4211
3839
2804
1593
400
-73
-833
-1949
-2816
-2940
-2278
-1822
-1349
-673
153
1296
1901
2719
3243
3336
3290
2710
2504
2110
1449
773
298
54
-37
-85
-14
136
471
1018
1093
1248
1287
1205
1072
935
844
654
490
136
-141
-22
263
179
-263
-673
-842
-1023
-1334
-1726
-2184
-2297
-2397
-2514
-2577
-2568
-2461
-2492
-2259
-2066
-2127
-2483
-2883
-3245
-3885
-4580
-5477
-6111
-7082
-7787
-9105
-9029
-6785
-6064
-4285
-4229
-2597
1647
5030
8613
8754
9354
11099
12033
12887
10742
6449
3574
2052
868
-1608
-4701
-6049
-5802
-4616
-3942
-2991
-795
1118
2478
3232
4689
6872
5722
3730
2020
1584
2716
389
-2587
-4659
-4192
-2313
-2784
-2851
-2535
-672
1316
2076
3327
3882
4407
4067
3388
3441
2793
931
-1104
-2411
-2518
-2738
-3676
-4302
-4393
-2765
-1217
-472
-142
-142
611
1051
987
470
-374
-562
-490
-430
-144
-13
122
353
823
1207
1041
612
-137
-540
-709
-971
-1640
-2651
-2941
-2543
-1938
-1579
-1635
-1584
-928
-312
-422
-1234
-1813
-1951
-2079
-2636
-3875
-5126
-6020
-6583
-5315
-4100
-3593
-2734
-2406
1306
5384
8859
11058
10927
12806
14419
15553
14698
10509
6665
4629
3229
1026
-2809
-6282
-7458
-6858
-5601
-4845
-3578
-1708
-182
1673
3489
5504
5989
4100
2939
2127
2580
1513
-2018
-4103
-4973
-4019
-4047
-4934
-4357
-3102
-704
938
2323
3841
4673
5070
4883
5103
4632
2704
198
-1543
-2196
-2777
-4214
-5687
-6059
-4789
-2941
-2140
-1743
-797
960
2797
3596
3379
3296
3397
3517
3077
2460
1928
1357
972
472
419
393
216
-314
-698
-441
-466
-932
-1522
-1617
-1158
-742
-826
-1364
-1336
-797
-548
-684
-1404
-2036
-2523
-3069
-3728
-4598
-5819
-6685
-7828
-7021
-4702
-4479
-2919
-3024
-266
4659
7539
10882
10318
11295
13118
13536
13581
9768
5258
2946
1526
-211
-3770
-7604
-9201
-8723
-7912
-7931
-7584
-5654
-3347
-1406
516
2195
3985
2978
2019
1615
1412
1521
-2140
-5049
-6350
-5750
-4504
-5674
-5753
-5081
-2908
-278
915
2318
2891
3674
4203
4256
3933
2254
83
-1606
-2489
-3195
-4255
-5622
-6307
-6018
-4802
-3996
-3662
-2811
-1439
607
2097
2540
2791
3050
3637
3491
2505
1744
1021
955
704
327
-38
-423
-445
-593
-193
133
-148
-481
-760
-366
234
178
45
25
862
1502
1367
985
322
228
-277
-1246
-2177
-3769
-4532
-5812
-6007
-3558
-3549
-2273
-1993
-487
4919
7616
11116
11694
11762
14424
14860
15242
12757
7682
4878
3083
1092
-2292
-6982
-9363
-8909
-8019
-7643
-7446
-5563
-2799
-925
1286
2706
4443
3988
2333
2602
2311
2804
21
-3767
-4534
-4385
-3383
-4961
-6411
-5719
-4232
-1716
-774
443
1807
2658
3594
3590
3699
2838
882
-835
-1842
-2505
-3592
-5250
-6316
-5969
-4820
-3625
-3088
-2089
-83
2011
3707
3984
4044
4606
5136
5412
4366
3457
2611
1991
1795
1032
332
-507
-868
-797
-343
216
18
-224
-334
-82
58
-303
-685
-876
-255
330
149
-274
-875
-1057
-1355
-2541
-4067
-5570
-6690
-7540
-8523
-9240
-7234
-6118
-5083
-3785
-2886
2437
5692
8391
9482
9245
12314
13090
12928
10595
6116
3523
1915
-24
-3141
-6912
-9133
-8870
-8117
-8071
-7757
-6527
-3809
-1700
837
3464
5355
6424
5182
5602
5412
4656
2486
-1697
-2702
-3020
-2882
-3984
-5471
-4098
-2617
-488
494
1154
2731
3508
4424
4658
4537
3539
1677
-64
-939
-1741
-3366
-4979
-6089
-5463
-4232
-3459
-2938
-1997
51
1960
3723
4719
5553
6974
7207
7064
5887
4486
3356
1781
938
-52
-928
-1800
-2517
-2380
-2045
-1758
-1959
-2162
-1367
-325
204
79
-423
-402
12
145
-120
-805
-1538
-2267
-2671
-3221
-3985
-4881
-5972
-6322
-7096
-7728
-8524
-6640
-5047
-4634
-3183
-2879
2442
5812
8206
10220
9241
12252
12798
12675
11680
6870
3703
1615
272
-1872
-5573
-8324
-8486
-6720
-6246
-5439
-4412
-2045
414
2034
4705
6303
7433
5840
5266
5712
5266
3836
-719
-2180
-1712
-1432
-2470
-4947
-4162
-2707
-924
31
595
2531
3329
4326
4582
4875
4254
2118
240
-774
-1061
-3116
-5428
-7115
-6928
-5404
-5029
-4353
-3409
-1067
1788
3477
4880
5415
6588
6954
6530
5833
4380
3470
1823
803
-24
-1125
-2310
-3446
-3414
-3269
-2805
-2819
-2653
-1661
-768
103
-17
-175
8
-246
-453
-1231
-2314
-3334
-3996
-4552
-4962
-5573
-6673
-7293
-7865
-7880
-8262
-9337
-9524
-6400
-4935
-4498
-3499
-3058
2847
6339
8952
10552
9238
12217
12968
13309
12281
6755
4256
3428
2652
219
-4251
-6413
-5726
-3877
-4283
-4373
-2948
-336
1860
2987
5629
7404
7766
6049
5751
6934
6453
3790
-1300
-2520
-1210
-1377
-3310
-5856
-4542
-2365
-867
-179
181
1974
2775
3383
3543
3473
2540
129
-1553
-2478
-3248
-5599
-7849
-8454
-7745
-6180
-5961
-5207
-3425
-893
1683
2825
3896
4450
5482
5932
5594
4868
3174
1864
624
247
-275
-1830
-3013
-2872
-1751
-1217
-1393
-1549
-729
589
1199
1322
827
807
511
-57
-282
-1054
-2004
-3182
-3900
-3912
-4572
-5689
-7061
-7196
-6704
-7097
-8049
-8939
-6018
-5149
-4541
-3742
-2686
3020
5348
7852
8877
9312
12738
12814
12915
11217
7321
5511
3651
2210
-1074
-4676
-6514
-6349
-5170
-5664
-4981
-4035
-1355
606
2135
4653
5885
6747
5632
5837
6082
4745
2409
-1117
-1681
-1209
-1989
-3824
-5286
-4066
-2650
-1338
-746
400
2419
3428
4646
5100
5414
4468
2462
861
-191
-1359
-3835
-5765
-6769
-6352
-5715
-5956
-5041
-3379
-992
1004
1826
3105
4294
5416
5447
4789
4159
3060
1936
475
-453
-1120
-1977
-2757
-2696
-1703
-1046
-770
-850
-236
985
1523
1594
1088
1068
1230
650
-194
-1070
-1710
-2476
-3343
-3835
-4417
-5034
-6059
-6636
-6924
-7216
-7961
-7940
-5591
-5722
-4583
-3918
-1415
3805
5435
8535
8945
10103
12828
12286
12704
10814
8022
6596
4781
3107
-691
-4060
-5963
-5487
-4571
-5423
-4758
-3904
-1237
718
2165
4251
5286
6067
5316
5454
5334
3705
1130
-2229
-3067
-2880
-3892
-5506
-6278
-4999
-3499
-2216
-1478
17
1846
2990
4044
4091
3528
2222
847
-163
-728
-2038
-4178
-5544
-6254
-5930
-5655
-5736
-4422
-2687
-487
1101
1691
2823
3538
4387
4510
4371
4071
3191
2379
1367
547
-298
-1085
-1289
-493
292
596
562
493
967
1572
1711
1895
1746
1635
1496
420
-496
-1406
-2074
-2477
-3106
-3382
-4056
-4839
-5777
-6304
-6394
-7506
-8881
-8788
-6409
-5297
-4659
-4463
-2784
2140
5307
8152
8962
9486
12187
13016
13830
11852
7333
5383
4546
3772
-200
-5228
-7334
-6631
-5509
-6761
-6610
-4693
-2256
-565
614
3478
5301
4755
3306
3000
4560
3961
54
-3766
-4344
-2671
-3564
-6170
-7071
-5238
-2580
-1461
-882
672
2804
4218
4748
5059
4732
3413
1382
-82
-436
-1635
-3791
-5684
-5976
-5250
-5273
-6222
-6067
-4164
-1908
-342
83
1160
2784
3967
4157
3670
3548
3280
2742
2380
2269
1869
684
-183
100
711
687
35
-227
539
1533
1637
1381
1091
1322
1775
1615
1209
388
-520
-1310
-1900
-2310
-3400
-4572
-5525
-5574
-5645
-6828
-7665
-9691
-7735
-5281
-5610
-3393
-3208
1012
5688
7268
11002
10595
12398
14256
13291
14577
10643
6661
4437
2071
1219
-3449
-7068
-8236
-7346
-5812
-6778
-5770
-3788
-1263
646
1212
3698
4735
3982
3056
2175
2754
1285
-2235
-4806
-5156
-3893
-4765
-6208
-5805
-3601
-1199
-669
337
1852
3627
4711
4705
4880
4199
3283
1799
707
-55
-2052
-3854
-4846
-4847
-4643
-4992
-5039
-3902
-1788
-82
935
1911
2973
3988
4602
5071
5166
4549
3654
3015
2795
2060
759
-596
-666
259
185
-407
-876
-307
620
716
691
696
1163
1261
827
582
134
-495
-1513
-2577
-2783
-3185
-4231
-5457
-6343
-6373
-6966
-8186
-8869
-9363
-7100
-4994
-4853
-2691
-1583
2119
6136
7609
10732
10735
12006
13762
12760
12763
8835
5273
3835
1389
-382
-4861
-7472
-7450
-7008
-6229
-7247
-5525
-2934
-893
1072
1977
4371
5249
4279
3783
3513
3466
1395
-1958
-3438
-3304
-3421
-4879
-5932
-4606
-2249
-840
-204
964
3080
4541
5087
5143
4910
4499
2791
1248
108
-1287
-2939
-5079
-5514
-5300
-5260
-5051
-4850
-3043
-955
477
1601
2631
4051
5233
5530
5220
4901
4252
3637
3302
2605
1913
896
296
602
681
244
-342
-171
619
1002
808
591
743
1376
1514
1112
437
-559
-1295
-2025
-2401
-2650
-3720
-4841
-5757
-6022
-5999
-6945
-7848
-8288
-8101
-7364
-6159
-5491
-4887
-3015
-955
2654
5539
7289
9265
9659
11453
12500
11540
10294
6679
4739
3848
1693
-952
-4971
-6569
-6301
-6058
-6213
-6784
-5159
-2776
-723
742
1552
2911
3365
3027
2866
2441
1487
-487
-2319
-3004
-3208
-3842
-5142
-5276
-3784
-2166
-962
-240
869
2447
3486
4214
4221
3569
2744
1580
591
-551
-1989
-3621
-4683
-4592
-4297
-4129
-4166
-3540
-1914
-236
1122
2046
3153
4346
4912
4822
4135
3615
3374
2988
2391
1626
963
585
412
206
-73
-290
-188
187
429
453
498
493
494
401
-68
-519
-885
-1301
-1766
-2347
-2739
-2956
-3445
-3750
-3980
-4115
-4462
-5081
-5216
-5776
-5893
-6742
-6032
-4046
-4127
-2587
-1518
1267
5704
7209
9560
10231
11168
13615
12974
12611
9755
6517
5323
3004
975
-3018
-5788
-6291
-6560
-6552
-7617
-6545
-4168
-2438
-671
627
2869
4017
2956
2256
2311
2577
876
-2131
-3475
-2897
-2400
-3735
-5086
-4033
-1822
-519
-235
551
2747
4458
4942
4943
4874
4938
4038
2157
608
-640
-2169
-3950
-5082
-5156
-4821
-4755
-4770
-3893
-2396
-1051
105
1192
2489
3571
4149
4486
4368
3967
3264
2581
2215
1704
1178
586
360
244
-377
-778
-754
-443
-377
-687
-773
-685
-974
-1299
-1372
-1416
-1529
-2019
-2647
-2878
-2691
-2917
-3490
-4174
-4682
-4679
-5436
-6076
-6257
-6683
-6417
-6845
-5462
-3581
-3337
-1682
-667
2756
6585
8150
10355
10538
12230
13907
13142
12668
9382
6386
4277
1659
-339
-3967
-6563
-7404
-7276
-6692
-7168
-6365
-4547
-2299
-33
1192
2563
3173
2960
2747
2389
2047
674
-1473
-2945
-3211
-3178
-3970
-4587
-3924
-2257
-623
436
1558
3188
4569
5374
5579
5151
4801
3604
1619
-232
-1928
-3286
-4845
-5993
-6285
-5860
-5356
-4829
-3304
-1379
569
1791
2347
3572
4723
5334
5176
4567
4476
4266
3507
2274
1342
950
573
125
-457
-738
-704
-656
-447
6
487
576
177
-114
-70
-340
-1301
-2192
-2624
-2745
-3050
-3755
-4005
-4044
-3925
-3873
-4163
-4117
-4470
-4511
-4821
-4961
-4936
-4851
-2836
-2136
-1206
-51
1196
5301
7746
9902
10996
10733
13010
13043
12432
10524
6525
4569
2200
37
-3112
-6497
-7724
-7967
-7373
-7648
-7178
-5314
-3555
-1639
-269
1427
2698
2479
2038
1777
1890
752
-1570
-3269
-3417
-2786
-3286
-3989
-3457
-1528
466
1460
2498
4061
5244
5440
4987
4286
3354
1949
56
-1640
-2728
-3731
-5221
-6309
-6255
-5318
-4295
-3784
-2735
-1016
795
2089
2451
3040
4079
4648
4389
3561
2943
2786
2694
2140
1477
1105
672
634
498
234
386
275
256
179
66
155
-43
-327
-563
-708
-1136
-1753
-2399
-2813
-2793
-2923
-3160
-3401
-3502
-3240
-2936
-3030
-3206
-3626
-3923
-4379
-4943
-5421
-4664
-2898
-2475
-1723
-907
1718
5560
7339
9071
9782
10690
12320
11463
10463
7815
4398
2485
280
-1579
-4796
-7673
-8541
-7996
-6876
-6898
-6084
-4243
-2058
175
1378
2693
3274
2601
2068
1974
1902
694
-1527
-2965
-2486
-1455
-1438
-1766
-864
1242
3049
3937
4652
5599
6035
5647
4687
3569
2508
844
-873
-2161
-2963
-3607
-4537
-4849
-4346
-3030
-1700
-1020
-179
899
1911
2583
2613
2625
2860
2904
2485
1905
1448
1268
1354
1211
1176
1178
1077
1172
1027
876
691
39
-452
-1054
-1506
-1678
-2168
-2473
-2952
-3456
-3781
-3951
-3648
-3410
-3183
-3116
-2776
-2314
-2212
-2119
-2287
-2344
-2606
-3353
-3699
-4306
-4562
-5122
-4725
-3091
-3067
-2001
-981
1698
5708
7240
9197
9804
10333
11471
10187
9066
6077
2591
659
-1493
-3023
-5922
-8142
-8187
-7277
-6046
-5733
-4540
-2334
-386
1007
1813
2714
3020
2265
1449
1199
1066
-17
-1743
-2701
-1988
-840
-453
-264
926
2720
3812
4105
3983
4292
4012
2940
1904
817
174
-1176
-2597
-3091
-3140
-2904
-3280
-3096
-1960
-598
524
706
1323
2110
2524
2350
1544
1323
1262
1145
770
739
1195
1615
1882
1819
2239
2721
2737
2322
1639
1333
919
197
-712
-1424
-1744
-2371
-2980
-3438
-3379
-2884
-2594
-2174
-1861
-1265
-659
-649
-721
-585
-213
-355
-1105
-1932
-2457
-2788
-3548
-4428
-5559
-6119
-6212
-5974
-4509
-4242
-3514
-2139
-104
3535
5617
7530
8477
8818
9934
9406
8679
6539
3166
1106
-635
-1793
-3787
-6059
-6741
-6035
-4640
-4019
-3185
-1680
82
1614
2374
3111
3459
2760
1755
1297
1294
656
-826
-1926
-1397
-200
409
414
833
2111
3107
3368
3005
2814
2580
1875
1266
305
-588
-1525
-2528
-2468
-2144
-1988
-2143
-2018
-1232
-253
395
424
715
1032
1233
1114
503
100
-169
-187
60
489
1068
1406
1908
2669
3602
3987
3632
3158
2609
1955
952
-147
-1092
-1734
-2354
-2860
-2871
-2549
-1985
-1384
-716
46
772
1122
1127
1299
1502
1347
410
-571
-909
-1277
-1962
-2922
-3763
-4184
-4602
-5364
-6247
-6685
-6948
-6702
-5395
-4126
-2552
-1018
987
4338
6957
9060
9675
9489
9929
9490
8496
6225
3024
460
-1441
-2965
-4827
-6535
-7021
-6262
-4775
-3374
-1961
-317
1011
1925
2511
3084
3341
2336
693
-283
-845
-1486
-2746
-3868
-3436
-2220
-1198
-786
-237
1010
2259
2961
3161
3367
3356
2706
1696
900
150
-651
-1725
-2374
-2227
-1760
-1365
-1341
-804
-20
920
1242
901
829
739
964
689
188
96
246
525
631
796
1068
1360
1492
1672
1910
1974
1769
1257
738
160
-515
-1202
-1887
-2225
-2175
-1924
-1503
-994
-319
318
679
773
871
932
743
521
-75
-687
-1286
-1935
-2175
-2632
-3165
-3662
-3747
-3874
-4048
-4273
-4632
-4682
-5073
-4997
-4537
-3093
-1663
-832
176
1709
4535
6535
7797
8201
7995
8076
7102
5576
3391
522
-1736
-3055
-3499
-3916
-4564
-4579
-3466
-1861
-748
195
850
1168
1177
786
493
100
-1077
-2374
-2717
-2348
-1886
-1870
-1746
-430
1299
2519
3048
3370
4022
4194
3716
2952
2309
1480
121
-868
-1412
-1442
-1475
-1904
-1679
-892
227
1229
1594
1959
2405
2738
2662
2235
1530
816
100
-537
-583
-452
-179
110
696
1632
2272
2623
2565
2686
2756
2512
2256
1629
1177
412
-595
-1073
-1562
-1874
-2128
-2148
-1734
-1496
-1340
-1317
-1153
-1097
-1444
-1818
-2208
-2400
-2815
-3260
-3094
-2695
-2548
-2635
-2622
-2145
-1610
-1876
-2479
-2722
-2638
-2555
-3100
-3990
-4286
-4584
-4323
-3055
-2235
-1053
-165
954
3218
4897
6439
6940
6580
6383
5441
4277
2382
-171
-1952
-2767
-2853
-2973
-3130
-2498
-1175
-189
225
722
1495
1806
1122
368
173
342
-192
-1140
-1206
-436
630
901
851
1625
2575
3033
2706
2284
1970
1280
412
-155
-225
-532
-1055
-1289
-526
821
1723
2288
2576
3118
3556
3425
3011
2207
1482
961
378
-70
-459
-383
-99
259
944
1648
2271
2572
2810
2906
2740
2487
2061
1526
1071
733
489
138
-375
-821
-1134
-1329
-1580
-1982
-2199
-2410
-2868
-3430
-3774
-3837
-3691
-3479
-3207
-2495
-1589
-731
-175
59
399
825
1049
896
377
-99
-889
-1553
-2371
-3043
-3310
-4048
-4329
-4400
-4037
-3889
-4121
-3732
-2485
-1417
-1301
-1145
-219
1991
3551
4002
3930
3795
4311
4202
3468
1996
213
-758
-933
-742
-1060
-1242
-756
221
1168
1105
1127
1411
1449
1089
221
-179
-260
-825
-1797
-2220
-1748
-1132
-946
-883
-164
678
774
439
438
936
1088
523
23
162
613
710
648
948
1728
2525
2878
3113
3393
3513
3090
2290
1736
1409
1074
403
-240
-375
79
807
1125
1383
1840
2534
2959
2670
2035
1517
1313
995
366
-267
-721
-1148
-1712
-2223
-2464
-2736
-3291
-3818
-3706
-3134
-2686
-2459
-2206
-1637
-940
-330
183
675
1115
1208
1215
1263
1118
683
-17
-527
-934
-1707
-2554
-3121
-3344
-3274
-3301
-3329
-3132
-3131
-3306
-3614
-3935
-4178
-4547
-4477
-3366
-2162
-1627
-1269
-583
1705
3991
5289
5843
5622
5628
5307
4606
3147
1090
-500
-1066
-747
-941
-1421
-1269
-577
498
776
662
1039
1201
874
33
-721
-1308
-2176
-3129
-3252
-2366
-1370
-949
-471
802
2248
3010
2578
2189
2488
2578
2127
949
143
-211
-453
-446
-90
878
1620
2080
2258
2637
3015
2762
2389
1869
1450
993
462
-131
-765
-714
-418
-200
48
330
790
948
1039
916
525
303
173
-24
-360
-492
-657
-927
-941
-802
-741
-914
-955
-743
-541
-286
-203
-204
-88
185
419
402
520
698
954
958
811
828
523
125
-587
-1422
-2122
-2607
-2654
-2600
-2436
-2338
-2297
-2449
-2700
-2862
-3042
-3154
-3500
-3776
-4029
-4133
-3443
-2420
-1485
-507
558
2460
4324
5481
6288
5954
5612
5122
4448
3377
1183
-535
-1167
-614
-331
-1050
-1505
-996
301
1051
779
472
308
-11
-500
-940
-882
-1085
-1614
-1393
-395
987
1690
1712
2140
3017
3689
3351
2278
1458
1058
847
617
555
733
916
1299
1823
2563
3045
2550
2032
1457
694
-52
-1468
-2707
-3537
-3960
-3799
-3550
-2835
-2124
-1277
-124
1015
1942
2124
2044
1760
1349
747
-212
-960
-1322
-1373
-1235
-902
-370
231
736
1056
1191
1193
1021
753
447
125
-261
-723
-1136
-1255
-1012
-675
-345
-134
-63
30
32
-184
-645
-1146
-1625
-1968
-2182
-2493
-2746
-2824
-2704
-2339
-2020
-1848
-1945
-2384
-2675
-2940
-3094
-3285
-3821
-4007
-4072
-3445
-2218
-1177
154
1169
2661
4177
5210
6035
5447
4607
3773
3366
3029
1424
-101
-859
-485
283
326
54
-30
632
1753
2340
1957
1001
170
-137
-329
-764
-1281
-1739
-1315
-20
1380
2246
2369
2572
2981
3511
3523
2637
1450
521
196
-184
-851
-1374
-1530
-1319
-995
-560
-118
39
7
-30
32
159
40
-634
-1190
-1074
-643
-176
-91
26
494
849
1097
963
781
604
206
247
377
542
646
462
519
731
1012
945
668
471
255
61
-480
-1295
-2077
-2647
-2939
-3169
-3337
-3379
-2978
-2201
-1476
-880
-604
-400
-103
123
90
-387
-891
-1085
-1047
-1097
-1436
-1510
-1182
-758
-462
-311
1
170
85
-282
-859
-1297
-1652
-2051
-2463
-2793
-2931
-2845
-2477
-1907
-1392
-781
-87
606
1356
1757
2033
2179
1894
1492
888
529
270
-132
-315
-275
308
1046
1751
2431
3034
3586
3856
3973
3906
3562
2892
2130
1486
1010
644
240
-29
-131
-88
-31
-52
-54
-186
-240
-248
-445
-660
-1024
-1310
-1397
-1304
-1163
-1144
-878
-527
-274
-87
163
553
882
1231
1515
1744
1942
2092
2234
2450
2694
2784
2775
2700
2508
2041
1449
895
472
80
-409
-813
-995
-943
-866
-972
-1121
-1119
-966
-889
-1212
-1562
-1757
-1851
-1908
-2030
-1926
-1752
-1646
-1616
-1578
-1377
-1221
-1132
-1061
-991
-834
-662
-312
149
640
1154
1467
1673
1965
2253
2232
1941
1652
1461
1290
1053
765
556
543
631
607
455
229
-9
-179
-281
-362
-407
-517
-678
-648
-608
-861
-1270
-1478
-1434
-1347
-1336
-1368
-1241
-938
-699
-601
-434
-178
23
214
365
460
387
160
3
-26
1
-203
-468
-536
-491
-309
-170
-206
-266
-239
-207
-316
-487
-472
-279
22
315
585
786
925
1094
1116
1041
1022
1167
1346
1250
922
680
561
346
10
-256
-259
-156
-69
-66
-99
-226
-484
-814
-1245
-1503
-1628
-1670
-1583
-1379
-1050
-868
-877
-913
-804
-586
-518
-607
-673
-696
-814
-1023
-1133
-1155
-1205
-1158
-886
-336
293
792
1204
1682
2125
2368
2258
1929
1684
1444
1265
1057
902
821
686
663
827
1136
1246
1180
1218
1253
1258
1130
951
805
588
391
270
154
-49
-223
-252
-228
-356
-686
-1106
-1335
-1273
-1187
-1085
-946
-722
-372
-153
-60
-22
-41
-43
-191
-488
-802
-1046
-1255
-1540
-1774
-1812
-1681
-1601
-1514
-1267
-891
-544
-382
-177
166
566
927
1144
1278
1388
1307
1173
1048
821
608
435
461
584
638
592
376
257
180
-146
-591
-912
-989
-967
-1070
-1333
-1472
-1443
-1509
-1815
-2184
-2327
-2241
-2056
-1882
-1623
-1387
-1336
-1460
-1536
-1384
-1214
-1110
-1022
-790
-386
-89
34
73
163
354
537
692
993
1295
1638
1899
1994
2145
2198
2310
2346
2217
2122
2084
2090
2086
2139
2147
1972
1717
1447
1200
954
640
394
256
227
197
5
-128
-88
25
102
106
88
103
142
193
216
242
198
173
241
395
542
598
662
675
657
380
141
8
-142
-251
-461
-580
-597
-546
-549
-591
-590
-555
-581
-729
-760
-704
-719
-814
-908
-871
-746
-637
-598
-548
-406
-181
24
288
650
941
1050
1031
1075
1040
938
822
426
-262
-1003
-1590
-2004
-2076
-1931
-1832
-1650
-1265
-660
-241
-58
-46
-185
-253
-377
-454
-540
-646
-626
-534
-404
-357
-361
-336
-229
-226
-233
-154
-141
-173
-325
-209
56
229
385
289
376
529
536
522
406
546
715
742
786
807
887
928
982
1103
1216
1400
1523
1613
1800
2042
2095
1849
1682
1297
818
301
-276
-768
-1097
-964
-854
-805
-753
-601
-564
-714
-554
-556
-725
-756
-754
-642
-565
-349
-60
67
469
782
893
986
746
688
345
-21
127
107
189
221
126
196
167
3
-95
-119
-113
-397
-614
-595
-875
-1024
-1055
-1178
-1169
-929
-818
-967
-684
-350
-280
-107
11
27
-90
-314
-434
-633
-696
-467
-529
-437
-412
-381
-55
-18
355
363
65
149
-155
-349
-226
-194
-445
-729
-727
-603
-390
-374
-261
-140
160
523
357
574
356
-25
127
-329
-604
-591
-453
-449
-239
282
116
181
544
816
740
686
726
527
858
896
760
1007
1301
1193
823
1022
1014
955
531
69
-3
-108
217
26
-147
-363
-592
-541
-824
-553
-70
184
499
894
837
588
597
464
301
-29
-94
-83
33
245
70
354
612
521
320
64
103
186
53
-237
-545
-644
-616
-791
-766
-860
-1150
-1090
-975
-806
-712
-620
-324
-195
-300
-341
-607
-840
-654
-517
-259
111
282
537
880
1048
966
599
380
230
-171
-418
-708
-953
-919
-914
-721
-493
-319
-55
-167
-314
-167
-159
-222
-316
-259
-187
-227
-97
-155
-183
-115
-249
-466
-505
-513
-430
-158
64
234
227
373
337
143
214
244
244
65
-46
32
139
352
542
762
864
895
915
834
771
783
885
968
998
1168
1336
1303
1321
1358
1307
1086
707
427
185
-24
-139
-241
-218
-132
-135
18
152
79
-4
-118
-51
131
170
158
111
97
183
175
15
-194
-355
-487
-749
-930
-971
-954
-819
-627
-455
-418
-473
-543
-615
-676
-790
-896
-873
-799
-619
-331
-174
-3
159
200
304
339
279
107
81
154
94
251
405
433
450
356
227
33
-158
-381
-661
-824
-924
-1016
-937
-814
-731
-587
-516
-456
-414
-434
-330
-202
-123
-64
-89
-92
-48
-5
94
69
76
256
204
110
103
187
346
365
460
503
441
391
224
77
-12
4
13
39
151
190
359
497
556
670
747
792
759
783
833
740
721
686
632
661
576
495
506
545
534
458
350
212
-21
-178
-205
-290
-317
-423
-512
-572
-697
-674
-804
-880
-778
-803
-982
-1158
-1103
-1003
-890
-769
-671
-444
-217
-179
-196
-84
6
-62
6
139
194
282
270
224
183
157
135
86
214
364
355
311
269
211
160
95
-5
-96
-227
-307
-366
-406
-367
-412
-469
-458
-394
-253
-167
-40
36
-13
21
-8
15
49
-58
-76
-74
-45
-11
-19
115
222
318
432
379
162
36
-22
-198
-376
-526
-474
-337
-166
-23
-115
-43
44
-18
53
121
137
124
187
274
244
355
540
593
661
723
655
546
518
562
560
520
536
586
592
468
323
232
53
-123
-270
-401
-472
-517
-495
-480
-499
-544
-652
-672
-618
-721
-711
-515
-346
-156
7
197
271
262
298
225
140
60
-13
-119
-229
-179
-100
-54
37
154
162
90
100
92
12
21
26
24
18
-37
-111
-143
-24
63
87
134
164
175
200
264
303
316
298
398
480
395
338
305
321
284
285
291
161
120
74
-11
-83
-148
-172
-179
-115
-94
-134
-101
-24
48
92
89
92
83
55
24
-17
-35
-116
-166
-199
-249
-202
-147
-80
-1
98
125
85
123
219
249
175
198
239
204
111
21
64
119
139
166
210
231
177
79
-11
-85
-166
-255
-354
-411
-465
-547
-624
-617
-545
-479
-422
-415
-386
-351
-383
-446
-387
-284
-256
-222
-167
13
96
135
210
190
249
213
165
131
15
7
-19
-76
-133
-221
-247
-240
-255
-237
-259
-305
-253
-205
-125
-75
-47
73
192
291
316
318
384
463
530
632
714
745
745
687
580
415
267
164
38
-69
-125
-183
-194
-135
-36
43
63
28
-29
-67
-151
-261
-298
-267
-262
-240
-170
-120
-13
102
160
183
248
278
250
291
300
274
274
288
217
99
67
-3
-113
-138
-128
-159
-183
-185
-181
-203
-220
-195
-171
-160
-162
-182
-226
-217
-217
-237
-234
-236
-194
-225
-269
-293
-336
-311
-285
-278
-241
-183
-103
-25
5
73
122
79
54
31
-33
-155
-198
-156
-165
-168
-162
-140
-72
-7
15
16
5
-3
-60
-151
-213
-289
-275
-239
-203
-139
-105
-32
30
120
229
286
320
372
424
410
357
303
298
280
238
187
125
92
40
5
-13
-43
-30
-13
-34
-47
-67
-104
-125
-136
-146
-179
-201
-204
-186
-131
-104
-81
-38
9
60
107
168
254
343
365
356
368
339
267
229
198
101
-10
-106
-219
-310
-349
-388
-380
-310
-266
-230
-188
-133
-73
-43
-28
-17
-6
-42
-103
-129
-124
-122
-106
-78
-56
18
69
101
163
203
225
216
221
211
139
64
6
-10
-43
-119
-155
-178
-191
-181
-166
-137
-97
-54
-40
-22
19
46
78
124
147
140
110
89
84
88
85
67
68
82
85
70
58
64
82
93
94
115
111
103
95
83
88
38
12
-1
-31
-65
-93
-60
-30
21
65
72
84
74
41
3
-11
-55
-104
-122
-123
-107
-78
-31
13
76
113
120
149
164
173
177
164
134
99
33
-51
-108
-127
-162
-212
-208
-197
-174
-143
-122
-85
-68
-63
-63
-70
-73
-82
-86
-76
-62
-44
-52
-40
19
47
90
167
250
339
425
492
507
515
529
517
465
406
328
237
146
50
-21
-107
-175
-242
-285
-314
-331
-319
-309
-244
-203
-165
-132
-112
-48
-16
5
25
54
88
110
132
179
222
259
294
303
364
371
337
322
285
256
183
105
27
-54
-118
-199
-243
-256
-272
-290
-278
-273
-269
-268
-275
-256
-233
-203
-178
-151
-102
-40
23
94
167
235
283
304
338
348
339
330
294
258
202
123
52
-22
-100
-177
-237
-267
-294
-315
-313
-314
-285
-257
-236
-195
-173
-145
-112
-68
-44
-40
-25
-9
22
55
89
117
164
208
245
286
322
374
405
435
440
429
391
316
264
192
116
18
-68
-118
-171
-212
-264
-292
-309
-325
-327
-315
-279
-260
-250
-229
-198
-180
-173
-161
-131
-107
-105
-94
-86
-50
-13
6
41
92
148
170
177
184
190
174
143
126
117
101
51
21
-4
-33
-70
-123
-145
-174
-217
-268
-299
-301
-305
-305
-296
-258
-225
-203
-182
-135
-59
6
63
117
190
252
278
290
313
325
314
293
263
241
198
137
72
30
-15
-98
-146
-165
-172
-184
-198
-214
-228
-250
-304
-334
-347
-342
-353
-357
-329
-293
-243
-204
-142
-55
32
116
210
311
386
425
420
425
419
390
349
306
284
229
165
96
27
-27
-92
-139
-161
-181
-200
-219
-249
-257
-280
-299
-293
-294
-280
-299
-315
-315
-319
-298
-279
-232
-159
-91
-26
31
86
139
177
204
234
251
275
270
248
225
178
130
63
19
-2
-26
-56
-88
-112
-135
-159
-191
-222
-244
-243
-240
-227
-197
-190
-177
-159
-131
-93
-61
-34
0
42
75
107
133
152
157
157
161
167
193
204
201
198
186
166
141
121
100
79
53
21
-12
-37
-76
-114
-142
-177
-198
-216
-228
-238
-243
-228
-205
-161
-125
-92
-47
4
45
64
80
100
135
160
187
205
217
224
225
221
226
246
242
247
255
255
256
239
223
191
155
