98
127
148
153
150
140
130
120
111
102
97
95
90
90
98
98
82
64
62
74
85
97
105
108
96
80
75
62
54
46
36
28
14
-10
-25
-38
-48
-41
-38
-33
-17
-13
-26
-44
-60
-71
-84
-108
-125
-132
-135
-129
-126
-124
-111
-101
-102
-106
-109
-119
-124
-121
-113
-101
-93
-88
-87
-99
-107
-95
-72
-46
-25
-23
-38
-47
-49
-43
-36
-30
-17
-5
11
29
41
46
38
24
12
-3
-7
-1
8
15
18
24
30
35
32
31
35
43
65
77
69
70
62
51
51
48
50
63
76
95
118
128
131
121
89
61
49
51
71
87
97
100
86
65
50
39
30
33
42
48
58
64
60
52
28
1
-19
-29
-22
-12
-10
-19
-36
-68
-92
-108
-109
-82
-60
-49
-50
-70
-85
-104
-129
-130
-121
-108
-89
-78
-67
-56
-59
-65
-78
-90
-83
-63
-42
-19
-8
-9
-10
-16
-26
-32
-36
-29
-6
20
31
37
33
29
33
22
8
4
10
25
48
69
77
65
39
9
-17
-27
-5
34
63
78
66
45
30
9
6
5
2
15
32
43
55
62
62
44
16
5
28
59
88
104
90
66
38
9
-1
-1
-3
11
36
60
73
77
78
81
89
82
83
66
39
11
-17
-31
-57
-71
-90
-101
-91
-55
-12
-2
-14
-44
-76
-60
-51
-55
-43
-32
5
17
13
-6
-19
-8
-8
-26
-37
-51
-52
-26
4
29
48
51
-8
-40
-43
-44
-21
-40
-78
-113
-161
-201
-230
-259
-284
-285
-234
-159
-105
-94
-141
-174
-150
-92
-17
35
66
115
111
106
97
30
25
64
67
35
-13
-67
-67
-69
-78
-34
18
77
75
29
24
66
135
161
155
133
127
150
195
295
321
353
332
267
277
225
169
137
170
243
335
367
323
281
187
67
-44
-130
-182
-248
-316
-313
-250
-139
-114
-180
-285
-365
-413
-425
-403
-453
-527
-584
-580
-448
-242
-69
17
60
144
209
261
222
74
-59
-77
2
67
106
90
79
70
93
110
155
274
333
321
284
220
208
193
170
167
94
42
13
-55
-28
73
182
298
262
67
-131
-223
-289
-376
-449
-400
-190
71
121
-8
-116
-84
-4
-1
-67
-197
-247
-276
-357
-322
-159
59
199
224
258
325
481
575
489
391
192
97
115
159
304
328
364
463
548
590
490
366
151
-33
-214
-403
-457
-475
-418
-378
-322
-140
-11
72
197
-5
-221
-329
-471
-529
-602
-747
-846
-693
-493
-360
-37
400
553
596
442
94
289
278
-181
-389
-488
6
544
340
61
-193
369
963
795
621
136
565
795
506
116
-683
-338
-166
-267
-479
-1161
-975
-866
-578
-653
-1241
-1249
-1590
-1507
-1580
-1917
-1740
-1640
-1290
-956
-898
-704
-573
-550
-479
-442
-257
30
206
366
478
833
1237
1347
1424
1242
1247
1470
1411
1384
1348
1484
1749
1951
2155
2235
2376
2604
2529
2388
2098
1616
1358
1134
1009
893
768
849
941
958
865
642
574
613
525
303
32
-146
-249
-393
-586
-835
-975
-1158
-1437
-1680
-1960
-1995
-1893
-1811
-2027
-2691
-3253
-3569
-3859
-4102
-4776
-5322
-3544
-2536
-1456
-1288
-2577
-945
-83
-73
-934
-2252
-1253
-442
-464
-1243
-1819
301
1396
1049
788
533
2168
3374
2061
1567
2082
3082
4053
2804
2256
2838
3619
3723
2448
2137
2296
2371
1512
-400
-926
-837
-1318
-1867
-2622
-2329
-1168
-1044
-1171
-1161
-810
92
-5
-97
-4
-140
184
78
237
752
1033
1424
1940
2626
3238
3126
2945
2822
3025
3551
3126
3032
3244
3241
3644
3584
3373
3384
2900
2236
1395
369
-749
-1749
-2734
-3461
-3963
-4664
-5269
-5888
-6481
-7307
-7544
-6314
-5264
-4384
-4300
-5111
-3897
-2633
-2320
-3016
-3930
-3105
-2048
-1525
-1900
-2044
-282
1060
795
290
452
1996
3352
2950
2476
3337
4642
5431
4514
3409
3536
3895
3550
2427
1619
1474
1522
824
-401
-843
-478
-760
-1788
-2804
-3163
-2685
-2656
-3311
-3484
-3167
-2259
-1530
-1416
-669
80
959
1626
1733
2015
2275
2610
2632
2504
2669
2780
2817
2982
3319
3884
4391
4670
4941
5270
5441
5433
4905
4383
3642
2639
2010
1050
-6
-1022
-1999
-2650
-3111
-3794
-4756
-5745
-6592
-7427
-8304
-9214
-8582
-7265
-6593
-6060
-6773
-6153
-4045
-2897
-2989
-3549
-3056
-1909
-1210
-1728
-2413
-1284
279
512
-26
-118
1400
3330
3750
3409
4461
6327
7707
7333
5584
5072
5503
5258
3964
2472
1901
2121
1797
501
-484
-355
-114
-660
-1776
-2557
-2289
-2024
-2579
-3326
-3850
-3591
-2798
-2254
-1760
-1106
-109
973
1805
2439
2755
3052
3415
3558
3558
3543
3379
3225
3337
3457
3782
4231
4631
5129
5496
5953
6204
6082
5769
5212
4388
3376
2218
843
-571
-2020
-3254
-4463
-5702
-6743
-7830
-8565
-9130
-9714
-10051
-10321
-9300
-8493
-8051
-7819
-8448
-7084
-5358
-4465
-4130
-4106
-3137
-1769
-1152
-1438
-1113
490
1652
1727
1223
1541
3186
4419
4511
4655
5920
7176
7957
7332
6627
7536
8026
7314
5748
4432
4205
3846
2308
348
-693
-1101
-1956
-3317
-4506
-4294
-3447
-3555
-4219
-4358
-3675
-2958
-2952
-3355
-3044
-1861
-834
-372
129
785
1475
1830
1992
2567
3177
3573
3759
3980
4741
5472
5672
5749
5871
6173
6471
6243
5945
5778
5431
5079
4236
3118
2162
950
-570
-2129
-3618
-4902
-5881
-7056
-8338
-9504
-10421
-11175
-11309
-10272
-9599
-8896
-8548
-8383
-6550
-5238
-5008
-5152
-5237
-4423
-3546
-3345
-3605
-2894
-1403
-780
-544
-190
1263
3353
4510
4908
5810
7547
8767
9013
8370
7995
8358
8157
7009
5735
5075
4527
3488
1882
436
-28
-427
-1271
-2058
-2362
-2015
-1862
-2216
-2584
-2533
-2208
-2133
-2370
-2357
-2030
-1623
-1325
-1245
-566
202
499
930
1564
2521
3493
3965
4346
4920
5628
5972
5896
5844
5966
6169
6133
5794
5374
5013
4439
3609
2803
1940
1098
242
-848
-1789
-2650
-3907
-5277
-6841
-8482
-9988
-11186
-12211
-12663
-11653
-11159
-10634
-10087
-9831
-7751
-5970
-5430
-5235
-4771
-3705
-2725
-2493
-3136
-2664
-1500
-1383
-1285
-816
735
2831
4024
4355
5358
7344
8565
9151
8965
8888
9668
9431
8037
6909
6230
5444
4169
2200
618
419
197
-638
-1431
-1754
-1351
-1060
-1495
-1879
-1536
-1048
-890
-1197
-1404
-1174
-1024
-1094
-1161
-648
-26
357
680
1248
2347
3355
4043
4471
5113
6070
6518
6601
6336
6211
6185
5640
4848
3888
3085
2231
1404
714
167
-248
-690
-1164
-1792
-2499
-3377
-4486
-5717
-7081
-8417
-9823
-10828
-10930
-11263
-11483
-11685
-11679
-10194
-8393
-7225
-6436
-5346
-3998
-2776
-2159
-2206
-1753
-1001
-797
-997
-1188
-455
667
1316
1541
2390
4251
5995
7193
7692
8453
9944
10796
10480
10013
9682
9144
8147
6241
4164
3040
1838
3
-1710
-2662
-2690
-2464
-2735
-3077
-2581
-1584
-855
-755
-944
-599
-168
-223
-470
-552
-409
-448
-644
-693
-156
639
1023
1028
1548
2737
3926
4840
5196
5561
6303
6767
6610
5871
4967
3969
2729
1387
294
-568
-1529
-2437
-3344
-3947
-4330
-4857
-5280
-5954
-6688
-7507
-8320
-8383
-8818
-9325
-9829
-10251
-9497
-8523
-7937
-7561
-6857
-5703
-4417
-3391
-2841
-1937
-867
-324
-42
283
1245
2181
2521
2482
2809
3952
4908
5343
5593
6395
7683
8640
8763
8686
8861
8728
8127
7003
5703
4726
3573
1766
53
-1110
-1783
-2186
-2807
-3385
-3236
-2824
-2409
-1980
-1581
-779
-148
99
245
439
617
550
316
82
156
276
72
-257
-183
517
1412
2324
3015
3682
4452
5023
5523
5701
5695
5513
4938
4186
3404
2494
1271
-18
-1203
-2070
-2936
-4032
-4917
-5953
-6851
-7793
-8694
-9366
-9411
-9014
-9273
-9202
-9353
-9050
-7779
-6950
-6331
-5713
-4721
-3714
-3172
-2995
-2953
-2293
-1705
-1493
-1264
-757
234
751
903
1239
2516
4255
5245
5814
6411
7516
8716
9025
8644
8523
8687
8455
7687
6571
5698
5112
3922
2206
815
272
-102
-871
-1775
-2044
-1638
-1379
-1450
-1494
-917
-107
240
337
743
1627
1990
1531
1184
1269
1352
964
267
-141
355
900
1006
1088
1460
2136
2528
2731
3062
3559
3846
3672
3405
3064
2677
1902
780
-106
-795
-1469
-2407
-3325
-4086
-4681
-5344
-6381
-7303
-8108
-8790
-8918
-9037
-9116
-9144
-9374
-8940
-8025
-7304
-6780
-5959
-4788
-3548
-2524
-2119
-1426
-346
123
-85
-333
305
1332
1818
1797
2176
3394
4532
4970
5106
5846
7052
7794
7847
7929
8628
9075
8524
7425
6490
6119
5543
4072
2415
1435
806
-153
-1386
-2234
-2461
-2565
-2955
-3203
-2651
-1712
-1170
-946
-421
509
1301
1444
1337
1600
1914
1638
995
737
954
948
384
-112
180
972
1352
1368
1724
2564
3259
3405
3419
3591
3630
3124
2152
1392
886
156
-937
-2097
-2863
-3516
-4443
-5599
-6526
-7227
-8065
-8948
-9413
-9425
-9334
-9444
-9694
-9050
-7734
-6699
-5961
-5015
-3611
-2206
-1337
-1075
-646
28
174
-263
-519
164
875
862
706
1017
2184
3178
3529
4033
5080
6456
7339
7696
8223
9162
9434
8838
8211
7728
7378
6510
4925
3497
2636
1787
589
-749
-1871
-2441
-2856
-3186
-3137
-2637
-1808
-1225
-832
-127
808
1365
1415
1315
1505
1849
1793
1384
927
682
380
-152
-328
-70
200
204
234
667
1339
1709
1631
1630
1817
2109
1938
1376
1117
760
281
-331
-1138
-1858
-2704
-4036
-5561
-6833
-7894
-8687
-9360
-9691
-9952
-10300
-10269
-10093
-9293
-7954
-6885
-6033
-4914
-3437
-2212
-1370
-1018
-600
291
802
899
1021
1381
1707
1568
1290
1361
2068
2794
3148
3720
4896
6320
7327
7951
8509
9412
9922
9651
9214
8718
8351
7603
6227
4853
3759
2612
1150
-487
-1854
-2533
-2948
-3378
-3688
-3668
-3100
-2532
-2171
-1661
-877
-152
292
677
1099
1676
1856
1376
913
785
851
493
-133
-463
-536
-407
-486
-519
-214
255
619
900
1385
1840
1958
1642
1191
955
810
470
-222
-1051
-1923
-2876
-3987
-5118
-5952
-6814
-7725
-8460
-8678
-8791
-8946
-9048
-9112
-8208
-6983
-6116
-5146
-3881
-2453
-1368
-653
-115
681
1625
1948
1770
1719
2111
2288
2124
1995
2334
3316
3988
4312
4794
5686
6820
7551
8118
8841
9685
10156
10006
9759
9586
9278
8306
6789
5169
3702
2335
622
-1087
-2341
-3284
-3953
-4428
-4639
-4447
-4030
-3800
-3577
-2978
-2010
-1069
-643
-329
39
378
533
244
15
158
243
-31
-373
-473
-522
-654
-827
-673
-90
558
1021
1284
1711
2117
2208
2069
2078
2127
1850
1291
604
15
-695
-1770
-3107
-4383
-5471
-6625
-7876
-8883
-9273
-9575
-9943
-10096
-10065
-9315
-8378
-7849
-7281
-6210
-4764
-3551
-2471
-1403
-42
1307
1684
1471
1590
2208
2389
1959
1707
2086
3035
3533
3520
4161
5492
6651
7285
7822
8702
9767
10073
9518
9132
9047
8736
7646
6109
4932
4123
3137
1517
-183
-1127
-1755
-2688
-3529
-4003
-3945
-3639
-3661
-3585
-3027
-2150
-1504
-1227
-689
19
506
623
644
982
1450
1564
1073
610
532
448
165
57
255
558
875
867
961
1371
1596
1473
1190
1189
1323
1252
964
528
85
-661
-1833
-3043
-4219
-5371
-6643
-8109
-9250
-9499
-9515
-9664
-9701
-9625
-9019
-8222
-7682
-7185
-6111
-4457
-3097
-2049
-1075
-68
893
1276
1437
1963
2937
3575
3408
3259
3505
4100
4410
4141
4152
4947
5962
6700
7347
8067
8953
9440
9370
9301
9545
9677
8927
7688
6477
5328
4147
2424
449
-1051
-2182
-3263
-4182
-4716
-4864
-4876
-5039
-4973
-4612
-4063
-3379
-3037
-2543
-1627
-875
-270
227
565
744
700
459
261
358
519
393
3
-115
-134
-178
16
58
202
447
510
514
563
548
310
-134
-523
-506
-608
-1187
-1828
-2556
-3158
-3799
-4752
-5913
-6954
-7546
-8295
-8923
-9323
-9428
-8868
-8158
-7434
-6648
-5317
-3733
-2425
-1118
116
1599
3056
3802
4021
4307
4890
5099
4864
4636
4720
5170
5227
4868
4870
5428
6001
6308
6489
6849
7654
8202
8216
8253
8393
8193
7448
6461
5327
4295
3235
1640
-65
-1319
-2318
-3253
-4106
-4850
-5305
-5434
-5620
-5670
-5285
-4649
-3822
-3202
-2515
-1454
-597
-47
363
792
1355
1680
1607
1479
1473
1523
1329
770
446
282
-43
-220
-264
-111
194
307
328
551
903
1093
971
759
669
514
189
-521
-1515
-2515
-3809
-5219
-6491
-7419
-7901
-8732
-9700
-10377
-10486
-9831
-9095
-8604
-7972
-6481
-4758
-3255
-1695
-267
1251
2600
3394
3977
4753
5458
5489
5041
4694
4751
4928
4587
3913
3635
4095
4760
5189
5432
5772
6444
6909
7071
7366
7884
8075
7542
6570
5687
5107
4140
2463
602
-975
-2182
-3284
-4386
-5252
-5673
-5819
-5955
-5988
-5418
-4430
-3635
-2885
-2074
-1116
-56
532
693
996
1537
1912
1981
2049
2022
1853
1520
960
469
204
-204
-659
-643
-425
-168
30
104
327
567
654
634
848
1044
953
593
-74
-773
-1632
-2784
-4128
-5405
-6437
-7197
-7847
-8613
-9097
-9357
-9494
-9095
-8353
-7629
-6771
-5270
-3495
-1893
-286
1137
2473
3775
4582
4946
5398
6008
6014
5573
5143
5076
5289
4934
4160
3578
3640
3967
4065
4180
4691
5686
6312
6311
6431
6948
7262
6804
5966
5290
4885
4155
2585
821
-548
-1681
-3082
-4588
-5557
-5926
-6124
-6616
-6942
-6608
-5770
-5231
-5058
-4219
-3001
-1694
-717
-218
470
1254
1594
1369
1284
1493
1439
933
104
-444
-463
-580
-1160
-1445
-1081
-467
84
347
668
1158
1457
1310
1086
1115
1055
717
71
-725
-1506
-2337
-3428
-4753
-5854
-6784
-7437
-7857
-8223
-8375
-8444
-8046
-7072
-6184
-5399
-4255
-2507
-770
686
2054
3297
4715
5646
5720
5629
5962
6216
5708
4966
4581
4755
4783
4051
3254
3198
3694
3839
3731
4127
5150
6081
6214
6187
6694
7261
6996
6003
5221
4756
4191
2921
1149
-252
-1331
-2675
-4352
-5459
-5994
-6326
-6736
-7010
-6573
-5620
-4714
-4352
-3693
-2434
-1141
-98
690
1488
2147
2432
2142
1798
1661
1236
501
-391
-892
-1079
-1504
-2178
-2556
-2252
-1786
-1453
-1097
-366
607
1215
1488
1838
2373
2695
2379
1671
1100
595
-216
-1370
-2616
-3729
-4799
-6011
-6903
-7369
-7758
-8015
-8137
-7584
-6400
-5248
-4395
-3305
-1664
-242
899
1929
2936
4101
4814
4877
4766
5069
5264
4729
4001
3495
3457
3377
2829
2357
2509
3151
3553
3817
4317
5207
6120
6564
6805
7154
7437
7055
6205
5387
4618
3697
2238
318
-1363
-2658
-4074
-5522
-6592
-7284
-7647
-7849
-7833
-7349
-6535
-5603
-4639
-3476
-2144
-884
12
498
930
1155
1226
1063
660
239
-336
-802
-1335
-1787
-1961
-2040
-1990
-1772
-1315
-820
-212
544
1243
1793
2107
2247
2208
2059
1826
1488
1231
1013
668
98
-607
-1414
-2347
-3411
-4432
-5154
-5328
-5268
-5450
-5410
-5106
-4475
-3515
-2757
-2065
-1071
216
1379
2406
3376
4186
5045
5489
5448
5437
5561
5523
4951
4285
3893
3857
3696
3029
2437
2324
2639
2926
3113
3553
4252
4893
5121
5221
5443
5502
5000
3936
2844
1912
933
-441
-2013
-3283
-4178
-5017
-5907
-6547
-6824
-6853
-6901
-6938
-6680
-6121
-5542
-5184
-4681
-3883
-3080
-2512
-2251
-1970
-1385
-793
-681
-728
-471
-364
-477
-577
-538
-108
377
623
854
1415
2098
2533
2769
2987
3313
3476
3256
2991
2882
2718
2408
2037
1773
1642
1488
992
364
-123
-625
-1240
-1927
-2509
-2840
-3077
-3502
-3872
-3939
-3647
-3135
-2855
-2821
-2455
-1708
-989
-409
154
887
1734
2321
2425
2500
3043
3559
3464
3166
3000
3079
3168
2804
2325
2159
2311
2281
2049
2076
2513
3040
3193
3207
3347
3548
3311
2342
1451
929
581
-34
-1080
-1861
-2345
-2962
-3898
-4742
-5171
-5340
-5611
-6165
-6421
-6292
-6074
-6018
-5978
-5350
-4417
-3731
-3299
-2862
-2073
-1157
-638
-277
314
867
1121
1137
1096
1276
1484
1452
1407
1603
1881
1950
2007
2430
3102
3655
3860
3954
4234
4493
4385
4050
3951
3987
3764
3183
2453
1906
1260
347
-724
-1604
-2023
-2356
-3005
-3711
-3952
-3983
-3888
-3916
-4036
-3767
-3146
-2401
-1859
-1102
-74
844
1617
2107
2436
2715
2878
2667
2297
2228
2288
2383
2154
1597
1135
869
746
610
569
668
945
1315
1547
1854
2286
2562
2486
2113
1703
1410
1181
465
-671
-1618
-2325
-3145
-4180
-5305
-6221
-6787
-7257
-7501
-7404
-6964
-6450
-6130
-5741
-4976
-4004
-3214
-2641
-1917
-952
16
729
1037
1176
1248
1317
1327
1544
2057
2308
2341
2514
2955
3609
4149
4578
4999
5453
5821
6058
6326
6560
6673
6398
5970
5658
5340
4884
4104
3326
2719
1945
1007
-194
-1493
-2678
-3701
-4472
-5199
-5783
-6175
-6417
-6348
-5958
-5584
-5161
-4309
-3241
-2310
-1435
-660
78
961
1551
1757
1911
2152
1986
1351
783
458
471
266
-326
-693
-529
-84
129
291
769
1694
2476
2637
2693
3032
3260
2908
2191
1658
1384
827
-326
-1719
-2659
-3404
-4560
-5870
-6769
-7135
-7423
-7949
-8221
-7811
-7036
-6392
-5901
-4991
-3545
-2130
-1157
-385
669
1833
2676
3320
4047
4760
5075
5166
5242
5489
5874
5886
5598
5365
5404
5514
5519
5442
5533
5762
5880
5900
5875
5825
5623
5141
4596
4181
3675
2928
2064
1319
685
-220
-1387
-2528
-3490
-4327
-5182
-5825
-6311
-6759
-7157
-7519
-7429
-6898
-6448
-6260
-5789
-4708
-3672
-2968
-2342
-1654
-748
-24
367
802
1510
2016
1965
1731
1641
1833
1791
1270
744
564
650
493
110
25
299
622
653
688
924
1078
787
89
-479
-907
-1316
-1997
-2759
-3190
-3535
-4060
-4648
-4954
-5024
-5145
-5455
-5468
-4708
-3696
-2891
-2206
-1390
-283
750
1457
1956
2572
3308
3792
4088
4447
4992
5422
5646
5824
6051
6409
6542
6464
6408
6406
6284
5893
5463
5157
4935
4681
4410
4089
3780
3517
3032
2469
2025
1572
1043
456
-68
-503
-1007
-1723
-2442
-3082
-3782
-4397
-4953
-5351
-5541
-5961
-6512
-6798
-6750
-6361
-5893
-5657
-5385
-4790
-4082
-3577
-3081
-2420
-1741
-1027
-426
48
584
1114
1215
968
796
761
759
476
-222
-840
-1000
-1071
-1209
-1234
-965
-561
-378
-345
-243
-35
109
56
37
201
394
398
101
-233
-427
-556
-887
-1269
-1454
-1591
-1582
-1645
-1723
-1454
-987
-447
79
777
1647
2403
2835
3071
3545
4155
4596
4801
5043
5470
5792
5883
5778
5623
5540
5216
4606
4184
4019
3715
3206
2620
2183
1983
1658
1096
593
471
469
319
108
-38
-96
-286
-646
-1025
-1236
-1500
-1977
-2425
-2808
-3317
-3938
-4628
-5295
-5557
-5770
-6061
-6138
-6119
-5894
-5526
-5244
-4998
-4456
-3801
-3445
-2987
-2339
-1600
-797
-305
-88
242
726
895
763
652
578
456
53
-390
-588
-505
-401
-434
-262
181
768
1150
1284
1583
2072
2355
2195
2055
2185
2290
2158
1729
1374
1350
1409
1184
757
476
307
228
89
119
417
596
651
716
1012
1492
1897
2010
2001
2179
2449
2467
2258
2106
2089
1999
1615
1298
1228
1289
1246
942
781
932
1157
1212
1149
1328
1583
1598
1451
1293
1350
1426
1225
884
691
504
114
-367
-846
-1197
-1572
-2109
-2694
-3113
-3337
-3777
-4280
-4625
-4817
-4897
-4875
-4885
-4940
-4998
-5206
-5320
-5192
-4976
-4752
-4516
-4265
-4050
-3755
-3407
-3138
-2685
-2071
-1394
-687
107
733
1137
1631
2028
2311
2474
2407
2379
2567
2841
3132
3289
3374
3633
3862
3974
4043
4097
4175
4127
4112
4263
4381
4435
4115
3536
3133
3086
2944
2449
1887
1352
855
290
-254
-600
-829
-1129
-1541
-1841
-1846
-1697
-1559
-1510
-1325
-1054
-767
-589
-480
-165
90
272
274
163
201
171
74
32
15
-34
-178
-243
-149
54
204
200
145
191
268
196
99
-42
-96
-42
-56
-134
-234
-362
-651
-1070
-1406
-1610
-1867
-2363
-2843
-3126
-3449
-3744
-4016
-4139
-4087
-4304
-4674
-4897
-4961
-4678
-4405
-4282
-3933
-3383
-2855
-2376
-1719
-817
136
907
1596
2361
3229
3986
4338
4581
4910
5123
5080
4793
4591
4527
4472
4205
3905
3870
3984
4044
3865
3734
3810
3751
3397
2832
2462
2325
2014
1520
1018
602
157
-469
-1199
-1695
-2017
-2373
-2716
-3094
-3218
-3121
-3132
-3153
-2887
-2331
-1734
-1338
-1151
-895
-618
-562
-624
-653
-583
-539
-619
-642
-630
-578
-558
-561
-469
-226
-12
110
241
387
686
953
998
972
904
755
502
221
72
-3
-215
-497
-721
-876
-876
-885
-918
-965
-1175
-1350
-1533
-1734
-1844
-1918
-1972
-2030
-1955
-1850
-1721
-1725
-1885
-1808
-1645
-1451
-1322
-1289
-1065
-643
-130
232
593
1143
1653
2074
2548
3001
3405
3700
3679
3584
3717
3922
3970
3708
3283
3007
2835
2528
2106
1738
1433
1064
527
176
116
113
-66
-552
-842
-753
-584
-447
-318
-195
-54
-23
-103
6
162
75
-214
-571
-674
-628
-768
-1063
-1234
-1106
-997
-1060
-1233
-1333
-1351
-1495
-1651
-1616
-1427
-1222
-1067
-906
-670
-439
-341
-363
-506
-677
-837
-1034
-1199
-1422
-1608
-1854
-2096
-2146
-2068
-1899
-1768
-1614
-1387
-1023
-661
-405
-58
355
696
968
1307
1702
2057
2333
2454
2588
2799
2860
2670
2460
2355
2240
2128
1839
1554
1488
1292
872
417
157
56
-76
-330
-568
-625
-596
-757
-1013
-1095
-1104
-1189
-1395
-1623
-1577
-1358
-1293
-1317
-1182
-972
-853
-877
-870
-553
-83
153
189
421
920
1352
1452
1466
1658
2019
2167
2026
1938
2012
2075
1916
1667
1477
1477
1357
994
622
361
61
-410
-700
-699
-619
-712
-1034
-1328
-1404
-1441
-1628
-1901
-2161
-2394
-2673
-2956
-3130
-3118
-3040
-3073
-3104
-2950
-2698
-2562
-2401
-2089
-1624
-1198
-1038
-981
-737
-282
184
632
1149
1643
1984
2188
2307
2470
2737
2965
3103
3209
3258
3330
3342
3312
3303
3287
3188
2955
2802
2763
2666
2341
1938
1575
1275
892
326
-284
-940
-1546
-2044
-2470
-2791
-3019
-3216
-3449
-3720
-3825
-3708
-3451
-3150
-2918
-2697
-2466
-2209
-1908
-1499
-989
-509
-13
408
788
1153
1459
1673
1792
1992
2181
2322
2356
2333
2366
2424
2432
2324
2306
2247
2126
1921
1645
1451
1300
1123
851
564
272
-30
-296
-542
-869
-1320
-1885
-2496
-2913
-3109
-3359
-3657
-3820
-3822
-3706
-3582
-3436
-3245
-3004
-2648
-2209
-1740
-1237
-753
-340
58
428
756
898
932
1039
1191
1314
1320
1340
1475
1700
1906
1988
2000
2079
2260
2489
2646
2713
2691
2623
2544
2488
2309
2007
1635
1280
1106
942
711
287
-235
-699
-1102
-1433
-1712
-1884
-1936
-1893
-1725
-1529
-1420
-1428
-1427
-1289
-1089
-912
-820
-781
-653
-506
-287
-85
61
200
329
498
622
827
1003
1161
1296
1343
1394
1506
1602
1562
1581
1603
1543
1383
1119
801
520
266
-83
-341
-540
-734
-916
-1078
-1174
-1216
-1276
-1391
-1451
-1505
-1624
-1766
-1802
-1743
-1599
-1536
-1559
-1575
-1595
-1640
-1634
-1551
-1496
-1401
-1255
-1033
-770
-533
-382
-186
71
336
570
695
781
827
832
855
925
974
971
897
831
756
607
452
334
307
313
280
142
-57
-215
-266
-248
-258
-253
-200
-129
-137
-204
-200
-104
42
115
98
92
81
-82
-243
-305
-291
-247
-225
-84
39
124
232
387
596
839
1066
1209
1378
1640
1899
2064
2141
2141
2124
2044
1950
1788
1616
1450
1249
1026
849
725
572
365
72
-142
-267
-391
-587
-782
-870
-920
-971
-1001
-978
-878
-873
-996
-1132
-1235
-1241
-1254
-1302
-1301
-1271
-1306
-1369
-1356
-1265
-1139
-1044
-1002
-949
-828
-707
-572
-405
-240
-153
-169
-245
-287
-251
-246
-227
-230
-228
-168
-99
-13
38
78
128
235
427
607
698
732
768
816
804
745
651
493
287
36
-162
-310
-430
-553
-635
-664
-639
-534
-364
-98
206
486
703
891
1044
1199
1412
1585
1622
1474
1178
826
577
504
481
498
478
332
192
164
283
425
510
453
295
216
276
447
583
635
647
660
630
578
496
316
4
-346
-625
-822
-934
-994
-988
-987
-991
-1007
-1071
-1138
-1223
-1313
-1405
-1469
-1427
-1331
-1267
-1199
-1158
-1134
-1045
-909
-669
-449
-340
-312
-329
-267
-139
43
236
396
542
685
750
828
851
685
474
236
61
-1
-27
-162
-347
-440
-471
-507
-543
-509
-407
-240
-97
4
42
42
78
123
192
264
391
574
763
915
1010
1060
1039
975
900
977
1138
1237
1303
1346
1377
1404
1425
1514
1654
1730
1738
1702
1734
1699
1593
1555
1590
1656
1581
1363
1130
897
591
268
-49
-379
-701
-1020
-1309
-1501
-1692
-1955
-2246
-2398
-2397
-2403
-2456
-2512
-2427
-2286
-2194
-2143
-2073
-1976
-1853
-1767
-1734
-1730
-1742
-1775
-1867
-1855
-1708
-1428
-1154
-954
-751
-558
-341
-118
60
273
569
827
1026
1136
1121
1034
964
930
885
821
791
845
896
920
827
656
482
342
297
319
421
551
726
830
845
883
975
1078
1173
1199
1135
1078
1001
921
770
586
426
326
284
306
382
472
537
477
402
350
415
544
637
688
750
809
848
891
840
786
695
583
480
283
101
-76
-221
-345
-518
-728
-903
-1035
-1147
-1193
-1220
-1265
-1288
-1300
-1287
-1343
-1430
-1437
-1377
-1220
-1066
-958
-885
-828
-788
-829
-954
-1070
-1138
-1187
-1224
-1244
-1237
-1194
-1144
-1063
-980
-972
-964
-897
-754
-607
-513
-397
-272
-176
-50
128
312
487
677
843
965
1102
1199
1246
1267
1257
1305
1372
1499
1656
1780
1865
1902
1916
1895
1905
1886
1860
1871
1923
1936
1798
1575
1384
1272
1156
978
768
637
511
367
208
62
-43
-127
-173
-219
-240
-277
-343
-458
-606
-811
-1019
-1173
-1253
-1289
-1328
-1403
-1566
-1664
-1685
-1625
-1528
-1416
-1314
-1267
-1166
-1046
-883
-728
-546
-348
-213
-142
-204
-309
-419
-517
-546
-517
-526
-662
-913
-1151
-1233
-1226
-1200
-1208
-1219
-1202
-1204
-1241
-1204
-1072
-943
-869
-850
-804
-732
-659
-602
-588
-547
-419
-311
-191
-5
186
428
734
1043
1313
1535
1722
1905
2054
2142
2193
2245
2347
2417
2440
2455
2481
2498
2471
2365
2195
2026
1883
1834
1861
1846
1799
1706
1608
1512
1371
1202
931
613
299
10
-243
-483
-662
-804
-932
-1052
-1161
-1258
-1391
-1520
-1611
-1664
-1693
-1691
-1654
-1613
-1576
-1493
-1333
-1142
-1016
-1017
-1028
-1040
-1067
-1118
-1156
-1090
-937
-774
-680
-638
-655
-686
-683
-674
-726
-841
-924
-928
-856
-750
-662
-645
-667
-682
-680
-673
-671
-661
-560
-416
-334
-288
-212
-87
100
303
488
668
720
726
817
940
1087
1238
1366
1467
1536
1541
1532
1604
1702
1761
1746
1745
1726
1692
1729
1821
1950
2019
1922
1738
1562
1430
1336
1264
1200
1091
1000
943
909
863
753
560
267
31
-128
-290
-397
-498
-636
-811
-1021
-1237
-1453
-1629
-1730
-1751
-1679
-1622
-1616
-1623
-1617
-1589
-1565
-1538
-1523
-1565
-1666
-1764
-1808
-1759
-1682
-1620
-1537
-1417
-1300
-1234
-1218
-1192
-1113
-1027
-923
-782
-685
-627
-619
-538
-272
131
521
770
837
781
684
687
778
839
907
925
936
944
932
934
911
907
921
922
965
1047
1107
1150
1176
1165
1127
1077
979
859
768
656
582
575
564
480
299
187
246
370
507
494
324
147
22
50
189
327
410
464
517
580
713
898
964
896
809
765
773
798
857
907
939
960
909
817
641
423
209
17
-135
-266
-379
-557
-810
-1087
-1360
-1612
-1863
-2132
-2345
-2527
-2667
-2758
-2751
-2655
-2530
-2387
-2289
-2154
-1995
-1839
-1667
-1587
-1565
-1516
-1429
-1222
-1029
-816
-577
-356
-132
75
273
425
597
754
895
1086
1255
1332
1419
1506
1592
1741
1903
2012
2029
1969
1864
1730
1642
1582
1492
1376
1220
988
713
483
314
216
187
222
265
322
312
218
80
-68
-174
-262
-310
-327
-370
-375
-279
-166
-65
-7
29
59
168
272
300
343
367
344
276
177
53
-5
-1
61
151
206
233
240
268
294
295
253
217
220
179
88
-61
-284
-534
-747
-901
-981
-1009
-964
-878
-830
-821
-907
-1091
-1265
-1382
-1432
-1399
-1364
-1324
-1246
-1182
-1104
-968
-782
-640
-491
-308
-182
-101
-59
-3
140
316
505
661
811
1004
1207
1412
1498
1445
1303
1203
1169
1174
1215
1231
1203
1097
939
744
507
258
112
67
75
130
157
143
113
64
35
38
52
63
-45
-194
-245
-246
-261
-262
-264
-252
-184
-152
-148
-178
-254
-332
-463
-606
-672
-646
-548
-407
-226
-72
79
178
247
273
229
198
189
227
235
173
47
-73
-101
-95
-72
-97
-169
-278
-435
-557
-629
-690
-774
-831
-882
-923
-994
-1085
-1112
-1090
-1065
-977
-837
-688
-499
-297
-123
40
144
170
218
271
302
323
303
282
292
336
453
607
806
950
1030
1014
935
831
738
662
560
537
520
423
239
62
-32
-41
-7
2
0
-7
-25
5
31
58
75
27
-34
-74
-111
-143
-118
-38
11
32
40
29
13
-8
-54
-132
-182
-165
-132
-123
-107
-58
56
219
355
411
436
455
458
437
425
437
445
429
353
235
108
49
37
2
-95
-236
-356
-420
-419
-444
-508
-623
-685
-674
-679
-678
-662
-588
-468
-313
-167
-32
79
181
248
275
247
179
127
90
96
120
135
99
81
127
146
142
167
230
283
302
291
221
139
101
81
37
21
-22
-84
-116
-84
-6
12
-2
-63
-90
-106
-138
-153
-176
-178
-189
-220
-286
-305
-306
-346
-352
-343
-333
-356
-412
-447
-435
-341
-227
-86
1
48
99
135
179
197
208
202
219
244
317
353
396
488
590
693
721
709
656
557
458
421
370
282
188
87
-13
-114
-229
-323
-319
-309
-345
-409
-437
-441
-423
-390
-367
-311
-203
-98
-35
-12
-9
-21
-67
-136
-230
-271
-227
-116
-27
46
115
135
137
103
82
40
3
-16
-29
-12
-1
24
19
-2
-63
-135
-156
-138
-99
-91
-109
-107
-70
-30
-11
-52
-91
-97
-73
-54
-76
-123
-165
-144
-67
69
190
219
205
166
156
181
202
226
274
297
321
400
487
564
634
703
739
740
720
714
704
648
593
531
467
404
340
277
221
182
125
49
-52
-175
-293
-377
-467
-556
-654
-734
-803
-869
-906
-896
-850
-788
-678
-582
-535
-528
-510
-468
-456
-461
-464
-493
-495
-482
-434
-333
-222
-121
-54
6
52
139
274
378
394
333
236
132
62
42
62
100
160
202
216
204
140
63
-40
-124
-162
-179
-197
-247
-280
-304
-318
-345
-366
-387
-396
-377
-347
-279
-194
-143
-143
-166
-172
-130
-41
113
293
461
615
725
805
865
894
898
893
882
858
799
731
661
609
609
629
632
605
545
459
351
234
142
45
-45
-120
-177
-227
-246
-257
-287
-325
-380
-408
-419
-430
-445
-456
-470
-485
-496
-499
-506
-494
-459
-401
-344
-315
-285
-260
-224
-184
-151
-112
-48
16
85
156
195
191
165
136
111
93
76
70
48
3
-29
-30
-20
-13
-26
-44
-59
-99
-140
-177
-217
-256
-277
-286
-299
-299
-266
-202
-145
-104
-82
-54
-31
-20
12
86
184
288
375
458
519
561
606
649
