8
-1
-2
6
17
29
38
43
43
39
33
30
24
18
15
16
29
38
30
11
-8
-19
-31
-45
-45
-30
-14
1
1
-2
4
15
23
27
29
33
31
35
44
56
63
44
35
17
4
-6
-19
-21
-32
-31
-25
-23
-25
-30
-34
-38
-37
-47
-60
-59
-70
-66
-62
-65
-64
-55
-41
-25
-21
-16
-4
3
19
40
44
43
38
27
13
-1
-8
2
19
14
37
48
42
52
39
38
48
27
20
-3
-56
-80
-74
-62
-67
-90
-120
-124
-140
-184
-215
-254
-292
-300
-325
-339
-346
-327
-275
-266
-289
-283
-260
-208
-175
-160
-116
-82
-30
27
78
115
153
196
213
204
198
190
200
196
186
209
231
226
230
253
276
296
275
222
157
127
78
78
76
57
131
120
112
130
113
147
111
30
1
-70
-84
-145
-130
-77
-17
68
10
-4
-19
-27
-8
-164
-215
-254
-239
-148
-203
-136
-95
-45
-40
-154
-221
-329
-317
-330
-399
-300
-257
-122
-3
2
117
143
109
33
-69
-20
5
110
158
201
343
416
530
463
345
379
318
285
122
-9
103
198
297
286
252
225
166
153
-65
-229
-240
-274
-174
-283
-351
-194
-100
-75
-159
-247
-285
-292
-312
-384
-303
-239
-54
111
59
77
254
420
532
264
129
313
233
448
463
415
630
573
612
558
254
222
327
500
168
152
-29
-208
75
-286
-266
-217
-573
-376
-510
-470
-642
-806
-527
-871
-758
-899
-1010
-804
-923
-614
-620
-536
-434
-541
-37
-309
-399
-162
-346
-147
-87
-38
259
417
534
592
733
618
586
814
587
540
594
516
697
632
634
862
909
908
706
592
438
210
278
193
15
113
210
436
530
462
467
554
606
340
231
17
-191
-17
-55
-68
-66
51
358
340
292
-129
-246
-168
-728
-909
-1140
-1240
-671
-730
-709
-731
-605
-277
-628
-1072
-1917
-2010
-1913
-2640
-2812
-3231
-2245
-984
-810
-500
-1045
-485
121
-377
-733
-1561
-1110
-40
126
460
568
1708
2774
2947
2643
1880
2173
2288
1821
1679
1064
1665
2496
2352
2503
2323
2354
2476
1577
534
-11
-160
-91
-353
-717
-850
-323
-28
-242
-494
-1194
-1138
-1280
-1886
-1971
-2272
-1529
-826
-409
138
558
1251
1642
1613
1131
899
994
948
1111
963
1078
1798
2006
2419
2523
2397
2604
2217
1512
843
41
-245
-462
-1123
-1557
-1838
-1502
-1326
-1531
-2184
-2887
-3048
-3748
-4823
-6159
-7272
-7286
-7423
-7558
-7826
-7347
-4668
-3523
-1919
-2020
-2077
77
366
427
-193
-679
839
2101
2656
2717
3722
5629
6604
7057
5484
5099
5483
5022
4280
3136
2656
3933
4485
4693
4917
4929
5719
5263
3496
2060
531
-356
-1283
-3045
-4082
-3892
-3218
-2534
-1737
-1667
-941
115
-328
-217
-693
-1378
-776
-1281
-1259
-622
-178
834
1541
1436
1820
2226
2079
2303
1835
1204
1338
1096
873
1281
939
775
1105
402
448
41
-1151
-1721
-3022
-4156
-5512
-7305
-8917
-9694
-9828
-10620
-10075
-10833
-8894
-5990
-5465
-2768
-3325
-2169
492
-12
472
-28
-412
1255
1644
1525
1607
3279
4637
6232
6378
5862
6967
7844
7869
7288
6313
5938
6777
6314
5750
5550
5153
5947
5233
3681
3169
1710
1253
-56
-2088
-3372
-3901
-4311
-4334
-3730
-3851
-2375
-1172
-1002
442
504
893
1363
408
-154
-397
-879
-676
-303
-513
601
1421
2197
3579
3741
3863
3941
2976
2281
1625
591
80
-519
-1610
-1765
-2280
-3005
-3968
-5764
-7130
-8342
-9869
-11456
-12596
-12844
-11009
-10018
-8768
-7559
-6016
-2909
-1067
-767
-579
-689
342
663
339
-183
363
2082
2994
4019
4552
5779
7609
8447
8200
8124
7825
8073
7616
6662
6143
5867
5900
5634
4633
4341
3726
3139
2470
786
-432
-1455
-2268
-2827
-3162
-3543
-3360
-2612
-2177
-1244
-442
131
974
1068
943
946
904
922
817
164
-36
327
678
1532
1818
2163
2949
3176
3468
3505
3042
2569
1657
343
-913
-2208
-4038
-5485
-6911
-8134
-9178
-10423
-11332
-10766
-9562
-9114
-8297
-8160
-6503
-3864
-3029
-2620
-2418
-1944
-396
-174
-840
-850
171
1323
2052
2013
2380
4293
5720
6325
6263
6367
7163
7836
7202
6573
6189
6112
5995
4898
3708
3320
2843
2275
1419
29
-732
-1088
-1620
-1837
-1752
-1974
-1731
-1439
-1373
-602
121
261
641
580
596
1266
1575
1651
1750
1247
1226
1506
1573
1968
2117
1958
2297
2468
2814
3398
3230
2805
2276
1230
250
-1278
-3361
-4835
-6384
-7997
-9608
-11282
-11287
-10028
-9481
-8912
-8827
-7709
-4668
-3076
-2726
-2397
-2135
-777
97
-1081
-1632
-827
-1
716
396
150
2189
4273
5264
5513
5760
7135
8495
8358
7316
6690
6534
6245
4871
2874
1939
1569
954
155
-1251
-1822
-1358
-1501
-1632
-1472
-1645
-1069
-750
-1263
-877
-489
-367
40
-378
-610
48
534
1076
1470
1253
1503
2053
2329
2870
3014
2801
2957
2804
2948
3295
3159
2902
2356
1652
963
-133
-1826
-3154
-4497
-5997
-7287
-9432
-9984
-8898
-8530
-7615
-7809
-7543
-4720
-2720
-2077
-1666
-1673
-680
860
174
-854
-217
268
940
678
-390
748
2836
3707
3864
3952
5058
7261
7962
7295
7021
7009
7106
5991
3577
1987
1098
-71
-1673
-3254
-4286
-3805
-3600
-3982
-3380
-2709
-1716
-875
-1075
-817
-210
-128
-274
-655
-973
-768
-697
-707
-90
203
669
1063
1267
2380
3240
3447
3714
3786
4187
4895
4636
4111
3731
3027
2494
1298
-580
-1835
-3150
-4333
-5533
-7440
-8618
-8138
-7563
-6975
-6591
-6976
-5253
-2754
-1956
-1398
-1491
-1133
557
729
-516
-767
-103
443
595
-556
-736
1269
2505
2552
2444
3127
5409
7116
6925
6653
7387
8130
8004
6376
4390
3755
2591
346
-1812
-3491
-4053
-4270
-5304
-5666
-4743
-3656
-2782
-2304
-1848
-807
-283
-410
-643
-902
-910
-1440
-2060
-1968
-1655
-1527
-1246
-920
-39
1343
1978
2582
3690
4462
5139
5510
5515
5710
5578
4691
3718
2726
1389
-83
-1795
-3235
-4470
-6004
-7306
-7587
-7134
-6809
-6689
-6679
-5241
-2941
-1986
-1608
-1185
-259
1092
1104
49
-208
369
272
-410
-1213
-1085
360
986
881
1422
2964
4960
6138
6370
6926
8027
8573
8291
7337
6273
5600
4036
2006
331
-1189
-2537
-3812
-5157
-5827
-5694
-5713
-5492
-4812
-4193
-3386
-2734
-2172
-1473
-1183
-1363
-1748
-1851
-1839
-2068
-2635
-2767
-2393
-1794
-955
-349
680
2296
3523
4491
5383
6014
6707
6996
6331
5471
4553
3432
2417
831
-947
-2399
-3665
-4592
-5352
-6230
-6762
-6445
-6330
-5808
-5110
-4576
-3150
-2107
-1664
-855
31
794
1178
858
228
434
509
-99
-516
-860
-377
395
859
1538
2854
4423
5673
6501
7215
8199
8782
8461
7661
6585
5666
4457
2632
777
-879
-2339
-3620
-4669
-5467
-5749
-5931
-5883
-5453
-4897
-4092
-3424
-2892
-2183
-1943
-1809
-1686
-1792
-2020
-2406
-3016
-3097
-2731
-2579
-2166
-1499
-473
1035
2225
3320
4712
5928
6755
7050
6899
6857
6584
5420
4102
2605
1221
31
-1539
-3003
-3922
-4731
-5461
-5560
-5488
-5158
-4448
-4225
-3327
-1979
-1190
-561
-65
342
822
850
86
-302
-378
-979
-1587
-2261
-2340
-1622
-1168
-947
-170
1326
2959
4363
5171
6113
7322
7992
7911
7402
6764
5989
4723
2916
1059
-371
-1763
-3167
-4439
-5250
-5595
-5576
-5245
-4891
-4159
-3427
-2901
-2144
-1531
-1358
-1304
-1508
-1811
-1917
-2298
-2916
-2944
-2893
-2707
-2304
-1845
-854
502
1613
2587
3712
4857
5955
6579
6753
6911
6728
6253
5365
4257
3340
1995
478
-941
-2092
-2982
-3833
-4865
-5313
-4944
-4821
-4554
-4239
-3666
-2353
-1619
-1454
-990
-291
221
214
-395
-893
-625
-768
-1453
-2083
-2203
-1686
-1188
-955
-575
608
2037
3060
3918
4770
5798
6661
6829
6466
6100
5588
4625
3464
1974
550
-729
-1986
-3038
-3813
-4406
-4939
-4971
-4657
-4362
-3870
-3447
-2952
-2125
-1630
-1497
-1034
-643
-524
-341
-633
-655
-273
-394
-515
-418
-274
180
571
840
1568
2376
2971
3643
4216
5045
5617
5526
5375
5036
4671
3897
2359
896
-287
-1661
-3110
-4598
-5822
-5969
-6083
-6496
-6196
-5553
-4274
-2814
-2134
-1420
-122
930
1486
1532
1068
946
907
123
-854
-1588
-1909
-1979
-2115
-2333
-1941
-841
252
1206
2125
3289
4671
5773
6225
6351
6450
6260
5607
4496
3126
1803
379
-1152
-2717
-3896
-4768
-5445
-5748
-5771
-5428
-4570
-3661
-2666
-1399
-365
588
1584
2065
2363
2468
1977
1516
906
-37
-770
-1397
-1974
-2123
-2112
-1772
-833
226
1375
2673
3939
5304
6313
6783
6918
6637
6021
4862
3130
1307
-474
-2326
-4092
-5779
-7010
-7409
-7448
-7305
-6688
-5703
-4226
-2493
-1159
-9
1177
2117
2708
2745
2226
1643
1021
68
-1176
-2376
-3270
-3694
-3962
-4208
-4017
-3177
-1902
-492
838
2246
3951
5608
6768
7427
7746
7764
7402
6407
4876
3217
1549
-258
-2077
-3739
-5005
-5752
-6027
-6003
-5532
-4577
-3338
-1874
-359
953
2119
3089
3628
3811
3578
2858
1987
960
-250
-1385
-2415
-3169
-3499
-3515
-3270
-2576
-1557
-271
1144
2474
3722
4846
5732
6194
6190
5852
5100
4067
2733
1114
-482
-1978
-3463
-4728
-5679
-6299
-6347
-6174
-5791
-4939
-3857
-2587
-1303
-256
769
1741
2302
2401
2216
1803
1292
448
-742
-1887
-2774
-3425
-4089
-4554
-4497
-3938
-3020
-2046
-967
519
2200
3612
4707
5529
6160
6607
6428
5717
4818
3760
2556
1158
-336
-1639
-2581
-3339
-3871
-4048
-3924
-3436
-2675
-1814
-891
80
993
1830
2571
2896
2963
2901
2627
2184
1475
607
-109
-675
-1292
-1873
-2236
-2240
-1949
-1605
-1133
-433
509
1483
2211
2922
3591
4063
4254
4035
3559
3031
2187
1041
-105
-1295
-2388
-3341
-4298
-4823
-4977
-5042
-4846
-4371
-3608
-2602
-1704
-986
-156
599
1051
1154
999
788
469
-154
-998
-1801
-2318
-2780
-3244
-3517
-3440
-3000
-2318
-1625
-751
469
1727
2877
3880
4718
5505
6042
6105
5850
5387
4676
3709
2515
1176
-10
-1132
-2221
-3073
-3588
-3811
-3705
-3362
-2773
-1855
-835
119
1110
2032
2764
3205
3285
3137
2806
2167
1205
157
-830
-1695
-2531
-3229
-3609
-3559
-3166
-2615
-1845
-725
541
1810
2939
3884
4739
5351
5490
5296
4804
3983
2931
1610
163
-1185
-2494
-3720
-4648
-5335
-5726
-5795
-5618
-5074
-4240
-3386
-2491
-1503
-516
270
749
949
1028
919
444
-336
-1146
-1840
-2536
-3252
-3836
-4039
-3783
-3287
-2658
-1727
-425
1064
2511
3831
5083
6284
7145
7531
7543
7276
6720
5783
4491
3053
1663
245
-1148
-2342
-3244
-3798
-4045
-4054
-3721
-3054
-2246
-1374
-444
431
1234
1805
2093
2153
1972
1527
861
59
-800
-1637
-2424
-3065
-3491
-3665
-3544
-3133
-2411
-1441
-303
992
2329
3653
4803
5670
6276
6620
6568
6054
5157
3986
2695
1206
-490
-2164
-3623
-4768
-5728
-6504
-6907
-6792
-6280
-5645
-4928
-4008
-2841
-1701
-859
-269
230
656
732
384
-206
-794
-1315
-1956
-2678
-3184
-3283
-3069
-2656
-2060
-1137
215
1726
3185
4589
5979
7268
8230
8738
8825
8618
8029
6971
5547
3892
2165
399
-1364
-2990
-4315
-5293
-5926
-6174
-6061
-5557
-4743
-3749
-2612
-1447
-344
600
1338
1809
1987
1879
1508
943
217
-577
-1346
-1960
-2372
-2585
-2494
-2075
-1341
-346
806
2096
3516
4894
6016
6877
7436
7674
7501
6760
5588
4174
2526
641
-1420
-3470
-5214
-6571
-7742
-8612
-9024
-8893
-8281
-7451
-6502
-5297
-3864
-2452
-1300
-405
326
924
1164
977
522
24
-445
-1017
-1623
-2062
-2131
-1859
-1365
-690
304
1634
3140
4623
5974
7221
8343
9093
9385
9226
8681
7779
6485
4804
2919
1009
-906
-2729
-4363
-5711
-6636
-7154
-7309
-7066
-6466
-5573
-4462
-3247
-2040
-870
128
923
1480
1748
1771
1568
1165
644
69
-491
-927
-1215
-1296
-1129
-711
-38
838
1822
2913
4004
5024
5865
6431
6721
6732
6369
5655
4600
3264
1779
151
-1596
-3291
-4838
-6142
-7141
-7909
-8379
-8450
-8151
-7560
-6753
-5842
-4785
-3641
-2547
-1621
-841
-195
307
585
631
539
440
334
196
43
10
197
549
1005
1546
2242
3095
3997
4828
5563
6220
6770
7063
7043
6758
6251
5519
4545
3332
1999
671
-652
-1948
-3151
-4170
-4948
-5471
-5790
-5860
-5663
-5239
-4655
-3957
-3190
-2362
-1545
-791
-142
385
795
1082
1227
1263
1231
1154
1069
977
915
924
1034
1228
1499
1844
2275
2740
3179
3557
3844
4038
4116
3993
3663
3157
2462
1605
602
-514
-1677
-2817
-3931
-4928
-5777
-6450
-6890
-7101
-7086
-6851
-6419
-5805
-5025
-4130
-3194
-2271
-1367
-535
196
784
1246
1576
1822
1956
1967
1935
1947
1976
2025
2107
2281
2573
2936
3309
3700
4134
4592
4960
5160
5244
5196
4975
4531
3866
3023
2098
1066
-87
-1267
-2382
-3378
-4234
-4963
-5495
-5785
-5820
-5648
-5274
-4721
-4011
-3210
-2377
-1525
-702
54
697
1205
1587
1847
1973
1993
1943
1848
1729
1608
1526
1516
1561
1686
1888
2146
2458
2749
3009
3233
3378
3372
3224
2901
2432
1814
1024
85
-923
-1976
-3045
-4104
-5046
-5834
-6438
-6846
-7033
-6973
-6648
-6121
-5481
-4694
-3764
-2780
-1834
-935
-103
658
1308
1811
2133
2374
2529
2576
2536
2497
2463
2458
2504
2584
2728
2986
3294
3612
3949
4277
4528
4686
4734
4627
4348
3882
3254
2470
1585
593
-486
-1569
-2573
-3499
-4317
-4962
-5414
-5642
-5641
-5459
-5103
-4538
-3826
-3063
-2272
-1445
-632
123
772
1284
1681
1987
2158
2192
2176
2117
2013
1894
1794
1746
1765
1833
1936
2071
2255
2435
2562
2630
2657
2595
2416
2130
1703
1146
493
-275
-1123
-1973
-2808
-3617
-4340
-4939
-5430
-5756
-5904
-5871
-5673
-5293
-4787
-4185
-3469
-2692
-1923
-1166
-422
253
851
1370
1784
2112
2391
2571
2658
2720
2783
2772
2739
2728
2738
2773
2843
2891
2944
3024
3082
3064
3002
2902
2722
2464
2129
1688
1187
664
86
-534
-1146
-1727
-2302
-2806
-3223
-3565
-3790
-3868
-3847
-3720
-3452
-3076
-2620
-2063
-1447
-822
-197
416
965
1455
1896
2230
2441
2573
2602
2525
2397
2219
1972
1709
1464
1227
1018
855
719
630
607
604
594
606
627
591
477
303
39
-295
-695
-1198
-1775
-2350
-2921
-3499
-4010
-4417
-4700
-4822
-4784
-4639
-4333
-3828
-3207
-2528
-1767
-956
-131
674
1400
1976
2467
2863
3087
3151
3119
3018
2828
2596
2331
2066
1883
1772
1688
1663
1742
1905
2096
2312
2502
2649
2758
2780
2660
2425
2088
1610
1012
330
-416
-1184
-1917
-2612
-3240
-3726
-4044
-4215
-4216
-4051
-3743
-3295
-2708
-2066
-1394
-707
-47
551
1066
1465
1730
1891
1957
1902
1764
1577
1353
1123
916
739
606
559
564
607
700
840
993
1144
1277
1360
1365
1305
1134
839
468
24
-507
-1096
-1710
-2311
-2852
-3335
-3766
-4095
-4266
-4292
-4191
-3979
-3656
-3224
-2696
-2128
-1562
-977
-364
213
718
1153
1522
1831
2060
2198
2257
2303
2338
2334
2303
2284
2300
2347
2405
2463
2527
2617
2709
2762
2774
2754
2677
2520
2285
1970
1603
1189
713
179
-361
-897
-1416
-1908
-2358
-2756
-3065
-3275
-3400
-3440
-3381
-3228
-3007
-2713
-2365
-1991
-1586
-1156
-732
-325
60
402
699
961
1165
1304
1399
1472
1500
1510
1513
1487
1461
1432
1384
1339
1307
1276
1225
1172
1109
1018
909
767
587
374
139
-151
-495
-865
-1251
-1649
-2021
-2390
-2737
-3023
-3231
-3377
-3444
-3416
-3315
-3123
-2832
-2468
-2046
-1571
-1055
-523
2
510
975
1397
1755
2054
2284
2466
2582
2625
2618
2586
2530
2472
2412
2350
2298
2268
2249
2221
2196
2167
2116
2053
1961
1812
1627
1391
1080
692
266
-199
-697
-1210
-1717
-2216
-2671
-3056
-3368
-3589
-3691
-3687
-3580
-3358
-3045
-2648
-2181
-1677
-1165
-649
-154
294
686
1015
1265
1445
1559
1616
1615
1586
1540
1461
1376
1305
1235
1179
1155
1142
1139
1140
1141
1132
1112
1067
971
821
618
347
24
-336
-745
-1191
-1647
-2093
-2514
-2894
-3215
-3457
-3593
-3614
-3533
-3359
-3098
-2742
-2296
-1791
-1261
-710
-153
386
872
1307
1695
2029
2293
2480
2598
2661
2677
2645
2585
2525
2463
2401
2348
2299
2263
2225
2183
2122
2047
1944
1797
1607
1381
1107
768
378
-48
-513
-993
-1475
-1944
-2382
-2775
-3106
-3362
-3541
-3645
-3667
-3592
-3423
-3185
-2882
-2530
-2125
-1684
-1228
-766
-310
129
546
917
1239
1512
1730
1908
2050
2154
2220
2259
2264
2246
2208
2148
2066
1959
1835
1700
1546
1376
1193
993
775
528
255
-31
-317
-617
-921
-1229
-1536
-1822
-2091
-2343
-2556
-2734
-2889
-3004
-3065
-3045
-2951
-2795
-2590
-2327
-1989
-1593
-1165
-718
-242
245
723
1181
1598
1974
2296
2552
2732
2855
2941
2961
2916
2820
2688
2525
2342
2141
1930
1730
1531
1321
1117
920
730
545
357
166
-27
-232
-461
-726
-1009
-1300
-1594
-1885
-2170
-2439
-2674
-2862
-2993
-3066
-3065
-2992
-2857
-2644
-2351
-1997
-1597
-1158
-695
-223
238
673
1072
1427
1727
1956
2124
2237
2288
2281
2222
2121
1997
1857
1698
1535
1382
1227
1089
978
887
808
721
605
462
303
132
-63
-289
-539
-810
-1095
-1378
-1649
-1898
-2124
-2315
-2455
-2528
-2536
-2478
-2351
-2131
-1838
-1502
-1138
-764
-380
2
365
694
990
1247
1455
1608
1704
1757
1773
1751
1693
1612
1542
1482
1420
1365
1323
1289
1253
1213
1155
1088
1012
915
784
620
432
213
-27
-284
-558
-823
-1077
-1311
-1515
-1666
-1772
-1835
-1855
-1827
-1741
-1611
-1444
-1261
-1063
-866
-679
-511
-356
-220
-108
-23
32
61
69
66
67
77
106
164
249
351
481
635
801
962
1110
1241
1333
1382
1377
1327
1232
1100
923
717
493
264
39
-183
-378
-530
-633
-695
-720
-700
-641
-553
-444
-328
-216
-121
-63
-48
-57
-100
-190
-314
-467
-624
-784
-938
-1076
-1172
-1211
-1192
-1129
-1018
-858
-652
-406
-136
139
415
680
909
1106
1265
1374
1424
1412
1355
1255
1116
951
775
615
492
399
327
282
271
287
321
376
442
506
550
556
515
439
336
204
37
-167
-402
-667
-935
-1197
-1436
-1645
-1818
-1944
-2017
-2028
-1977
-1869
-1720
-1533
-1309
-1042
-763
-489
-218
35
270
482
652
791
910
1002
1067
1109
1135
1154
1169
1183
1200
1217
1230
1245
1251
1259
1267
1259
1235
1199
1145
1061
938
781
598
401
192
-36
-276
-519
-756
-978
-1184
-1363
-1513
-1624
-1695
-1733
-1727
-1683
-1601
-1491
-1356
-1211
-1052
-882
-698
-505
-310
-112
79
254
414
551
669
765
836
891
953
1017
1063
1096
1119
1139
1148
1143
1127
1110
1085
1051
992
903
799
672
529
370
197
17
-175
-375
-582
-773
-942
-1096
-1227
-1335
-1415
-1466
-1482
-1466
-1418
-1343
-1253
-1153
-1028
-893
-762
-628
-486
-341
-208
-88
17
113
212
306
394
485
581
681
779
881
985
1091
1182
1256
1316
1359
1373
1361
1332
1282
1211
1113
979
819
647
466
281
94
-85
-245
-396
-528
-634
-716
-776
-819
-849
-868
-872
-862
-851
-843
-828
-809
-791
-787
-793
-792
-792
-790
-775
-747
-704
-635
-543
-441
-327
-201
-64
90
248
402
556
702
820
916
987
1034
1060
1045
995
922
839
739
625
510
403
303
211
131
62
11
-25
-57
-78
-83
-80
-76
-72
-72
-75
-93
-121
-164
-226
-296
-363
-436
-515
-582
-635
-677
-702
-707
-691
-657
-606
-530
-428
-317
-204
-91
27
152
276
372
437
484
506
512
509
490
461
411
348
283
237
208
203
218
231
255
289
327
370
410
449
481
494
486
458
413
347
273
185
85
-30
-154
-268
-362
-445
-526
-612
-688
-748
-786
-805
-803
-781
-752
-726
-702
-673
-641
-608
-591
-587
-584
-582
-576
-567
-541
-503
-459
-406
-331
-237
-129
2
144
295
445
590
720
848
968
1061
1131
1165
1168
1144
1102
1048
977
900
812
719
624
534
468
417
381
343
294
246
198
151
104
43
-43
-147
-264
-394
-531
-674
-824
-970
-1095
-1194
-1266
-1311
-1319
-1299
-1246
-1157
-1037
-880
-692
-487
-274
-69
120
292
441
569
675
756
793
789
765
726
685
644
611
580
555
548
550
558
579
608
631
638
628
613
579
524
443
331
193
34
-139
-322
-507
-680
-837
-974
-1092
-1190
-1254
-1275
-1256
-1207
-1136
-1042
-926
-796
-662
-528
-402
-296
-207
-125
-51
15
81
147
204
247
285
329
388
458
548
647
744
839
921
989
1054
1114
1157
1163
1139
1084
997
893
785
672
544
409
271
120
-18
-146
-261
-355
-425
-473
-511
-530
-534
-538
-544
-566
-593
-615
-639
-662
-692
-727
-759
-786
-807
-809
-788
-751
-706
-650
-572
-485
-386
-267
-132
4
130
252
367
466
546
602
642
671
683
671
641
603
560
515
475
437
395
353
316
295
285
279
270
247
225
199
169
129
75
5
-66
-138
-212
-278
-340
-402
-455
-497
-536
-567
-584
-582
-563
-541
-514
-471
-406
-324
-232
-141
-63
17
90
150
204
250
285
316
347
385
424
463
498
520
533
544
552
561
573
580
578
565
551
529
491
437
370
294
216
132
43
-40
-118
-189
-255
-320
-385
-446
-499
-543
-573
-581
-583
-589
-595
-599
-603
-602
-592
-584
-581
-580
-577
-565
-532
-475
-410
-354
-308
-266
-226
-177
-121
-60
12
89
165
237
301
357
401
433
462
487
508
521
524
523
514
499
486
475
471
475
466
444
415
376
329
275
215
157
99
48
1
-53
-107
-156
-200
-236
-267
-296
-326
-360
-388
-399
-401
-403
-404
-395
-372
-339
-306
-277
-244
-208
-171
-133
-88
-36
20
78
135
190
241
296
334
361
376
381
388
391
393
389
372
344
311
279
247
213
183
144
98
52
10
-22
-59
-103
-151
-202
-250
-297
-343
-387
-428
-456
-481
-510
-545
-580
-600
-595
-573
-534
-491
-448
-409
-363
-300
-231
-159
-95
-33
24
89
159
229
298
349
385
411
435
468
497
523
540
544
545
545
548
550
542
