1206
1417
1317
1147
1251
1204
970
844
755
610
548
510
448
599
696
472
390
486
476
353
310
178
-125
-241
-303
-328
-205
-161
-253
-224
-397
-665
-793
-839
-882
-1050
-981
-1103
-1346
-1479
-1597
-1843
-1908
-1997
-1971
-2058
-1739
-897
-839
-773
-1177
-766
165
-21
-896
-1455
-773
368
331
118
542
1017
1514
1162
1123
1430
1481
839
-12
-27
449
769
686
229
392
1151
1353
1016
423
158
-96
-940
-1476
-1561
-1626
-1789
-2538
-2673
-2060
-1663
-1575
-1707
-1574
-1025
-506
349
505
552
1014
1344
2161
2369
2670
2883
2553
2650
2773
3000
3190
2365
2304
2832
3168
3305
2877
2965
2994
2696
2348
1736
1187
431
-480
-907
-1016
-1366
-1925
-2666
-3044
-3276
-3499
-3759
-4378
-5000
-5032
-5096
-5523
-6153
-4370
-3315
-3253
-2763
-2861
86
1364
161
-848
-291
1502
2268
457
544
1569
2621
2949
2149
3257
4612
4637
3164
2696
3627
4211
3145
1263
474
1334
1684
718
11
-33
103
-319
-1662
-1382
-1192
-1949
-3295
-4349
-3522
-2558
-2817
-3722
-3943
-2965
-2069
-1981
-1928
-1356
-639
-31
299
1053
1662
2664
3117
2249
3621
4903
5931
5911
4576
4515
5052
4643
3911
2740
2561
2578
1366
1455
1698
1891
1383
637
613
842
624
-695
-2221
-2981
-3234
-3809
-4513
-5005
-5061
-4652
-4733
-4403
-3991
-3874
-3657
-4648
-5104
-5178
-4988
-5486
-5416
-3369
-2916
-1803
-1441
45
2492
2644
1726
2071
2642
3842
2603
634
1436
1626
1820
833
1272
2787
3626
2975
2565
3163
3997
3682
2064
1175
1470
1614
708
-503
-629
-574
-640
-1572
-1927
-1180
-1101
-1873
-2854
-2552
-1541
-1640
-2756
-3247
-2613
-1695
-1617
-1717
-1080
-70
750
1038
1603
2932
3884
4463
4705
5254
5812
6029
5519
4864
4278
4151
3752
2987
2438
2027
1728
1242
940
778
1104
946
337
-230
-461
-732
-1585
-2697
-3452
-3708
-4223
-4780
-5007
-4975
-4479
-4070
-3984
-3496
-3122
-2678
-2806
-3436
-3739
-4365
-4866
-5194
-3832
-3411
-2487
-1754
-1089
1496
2798
2579
2736
3021
4107
3968
1908
1828
1696
1734
966
401
1165
2422
2475
2295
2916
3983
4632
3952
3212
3093
2973
2270
1113
74
-558
-955
-1705
-2505
-2231
-1747
-1544
-1872
-2058
-1481
-1388
-1831
-2492
-2813
-2656
-2823
-2961
-2348
-1247
-491
-65
249
1602
2782
3155
3476
3702
4195
4380
4009
3745
3321
2908
2631
1841
1313
1006
913
924
433
50
125
599
652
-24
-611
-827
-1316
-2360
-3429
-3905
-4073
-4614
-5196
-5395
-5011
-4718
-4714
-4571
-4417
-4194
-4129
-4879
-5029
-5214
-5179
-3835
-4362
-3681
-2904
-1737
548
694
998
2397
3544
4190
3728
3327
4170
3704
2860
2142
2534
3336
3306
2455
2996
4345
4492
4076
3683
4304
4654
3657
2901
2884
2768
1821
174
-807
-755
-1045
-2240
-3090
-3200
-2761
-2610
-3021
-2692
-2485
-2077
-1856
-1673
-1181
-592
-356
-534
-247
659
1823
2260
2573
2909
3782
4544
4957
4982
4848
4517
4178
3671
3403
3090
2443
1873
1600
1512
1018
639
296
80
-273
-701
-1331
-2064
-2839
-3685
-4456
-4999
-5482
-5831
-6062
-6007
-5718
-5383
-5239
-5155
-5566
-5996
-6169
-5897
-4352
-4541
-3891
-3154
-1875
645
1138
970
1791
2780
3630
3359
2855
3917
3639
2922
2195
2573
3545
3522
2280
2857
4411
4846
4487
3841
4480
4731
3467
2854
3067
2673
1363
-233
-432
-265
-901
-2362
-2896
-2881
-2697
-3044
-3356
-2747
-2924
-3205
-3318
-2222
-1423
-1394
-947
-756
125
1319
1795
2329
2615
2654
3076
3390
3791
3695
3433
3684
3781
3774
3654
3237
2736
2184
1713
1420
994
460
-30
-779
-1200
-1292
-1711
-2514
-3556
-4067
-3914
-3922
-4415
-4935
-5161
-5052
-5637
-6715
-6892
-6884
-7283
-7793
-8018
-5858
-4877
-4528
-3564
-2837
232
1884
1514
2166
3867
5195
5290
4363
5195
5712
4876
3763
3604
4681
5424
4062
3322
4916
5537
5218
4237
4298
5150
4214
2817
3013
3093
2350
515
-675
-627
-675
-2078
-3413
-3485
-3115
-3252
-4084
-3655
-3368
-3554
-3780
-3434
-2738
-2332
-1961
-1720
-1011
210
913
1324
1880
2288
2758
3200
3555
3848
3921
3878
3840
3579
3418
3084
2486
2042
1682
1530
1137
629
386
45
-579
-1299
-2005
-2820
-3546
-4495
-5089
-5118
-5309
-5759
-5990
-5957
-5676
-6091
-6740
-6912
-7117
-7354
-7281
-6014
-5868
-5092
-4695
-3736
-1228
60
445
1275
2945
4489
5078
4843
5361
5218
4758
3838
3430
3747
4072
2978
2669
3381
4067
4797
4395
4397
4733
4585
4598
4818
4093
2981
1609
698
-141
-829
-1841
-2780
-3497
-3566
-3549
-3488
-2905
-3333
-3428
-3058
-2376
-2042
-1990
-1985
-1793
-1260
-437
215
860
1567
1809
2428
3247
3992
4561
4715
4670
5000
5081
4844
4335
3560
3050
2577
2015
1340
583
114
-493
-1439
-2249
-2572
-2986
-3664
-4472
-4934
-4696
-4898
-5287
-5670
-5602
-5542
-6009
-6438
-6377
-6310
-6085
-5171
-5211
-4507
-3833
-3225
-1340
-379
100
1147
2379
3826
4390
4680
5765
6193
6245
5934
6022
6520
6268
4934
4488
4676
4529
4401
3967
4003
4136
3689
3809
4288
4019
2982
1891
1546
1025
-91
-1685
-2619
-3259
-3822
-4481
-4709
-4186
-4394
-4775
-4313
-3329
-2159
-1990
-2184
-1381
-927
-359
151
478
919
1147
1204
1802
2371
2514
2354
2625
3347
3421
3392
3378
3094
2980
2856
2488
2361
1762
779
-141
-1045
-1814
-2730
-3836
-4692
-5482
-5938
-6620
-6934
-7262
-7618
-7409
-7124
-7039
-7169
-7281
-7155
-7108
-6166
-4985
-4827
-3835
-3361
-2057
-258
488
870
1932
3257
4149
4116
4527
5564
6008
6113
5734
6342
7261
6861
5586
5514
5723
5927
5466
4613
4643
4345
3425
3028
3104
3083
2299
1433
1319
1163
494
-948
-1949
-2583
-3327
-4597
-5360
-5379
-5605
-5823
-5675
-4589
-3059
-2346
-1805
-1010
-18
1306
1728
2029
2772
3138
3312
3435
3733
4049
3662
3657
3912
4008
4119
3835
3475
3569
3357
2690
2234
1773
1347
606
-455
-1230
-1924
-2736
-3710
-4757
-5522
-6180
-6701
-7353
-7825
-7477
-7104
-7205
-7455
-7088
-6796
-6526
-5482
-5535
-4926
-3933
-3282
-1462
-167
450
1335
2451
3866
4646
4759
5455
6021
6227
5779
5393
5816
6140
5074
4370
4654
4936
5158
4367
3875
4402
4264
3588
3041
2619
2107
991
-85
-861
-1261
-2088
-3152
-4126
-4331
-4362
-4811
-4892
-5112
-5018
-4822
-5006
-4954
-4364
-3816
-2996
-2320
-1423
-216
473
960
1580
2232
3022
3518
3467
3468
3438
3624
3435
3234
3350
3418
3347
3155
2856
2536
2243
1687
1112
446
-300
-1184
-2212
-3116
-4136
-4976
-5575
-6205
-6581
-7103
-7337
-7541
-7630
-7842
-7995
-7966
-7251
-6012
-5820
-5035
-4124
-2720
-1140
-336
311
1528
3098
4081
4365
4802
5662
6119
6210
6106
6453
7450
8005
7380
7467
7879
7951
7549
6472
6164
6303
5883
5268
4847
4555
3884
2869
2044
1539
843
-247
-1219
-1948
-2058
-2766
-3514
-3900
-4459
-4496
-4501
-4308
-3931
-3493
-3161
-3022
-2470
-1847
-1243
-851
-632
-294
110
688
1096
1347
1614
1986
2244
2229
2117
2229
2290
2211
2144
2114
2173
2186
1899
1480
1076
551
-110
-868
-1513
-2412
-3433
-4346
-5165
-5602
-6287
-7098
-7370
-7567
-7794
-7956
-8292
-8030
-6880
-6825
-6640
-5961
-5003
-3336
-2738
-2495
-1399
190
1455
1736
1980
3074
4096
4729
5111
5544
6557
7545
7007
6895
7630
7920
7931
7205
6859
7321
7349
6647
6074
5715
5264
4219
3030
2258
1663
612
-802
-2070
-2480
-2807
-3717
-4317
-4829
-4736
-4546
-4908
-4778
-4146
-3551
-3198
-2913
-2073
-907
-309
-170
118
801
1366
1427
1561
1955
2205
2302
2196
1923
2134
2121
1898
1947
1782
1763
1775
1524
1289
900
378
-242
-885
-1522
-2425
-3464
-4339
-5133
-5830
-6432
-7035
-7349
-7697
-8048
-7800
-7723
-7874
-7174
-6776
-6528
-5827
-5372
-4150
-2846
-2186
-1497
-306
1275
2412
2973
3887
4888
5693
6324
6355
6682
7516
7393
7032
7443
7728
8120
7947
7341
7460
7645
7199
6469
5789
5179
4383
3344
2313
1240
397
-396
-1625
-2473
-2816
-3372
-3773
-4350
-4926
-4688
-4474
-4488
-4256
-3985
-3276
-2513
-1933
-1221
-731
-356
9
203
673
971
933
946
933
1225
1611
1245
694
734
683
584
306
-29
66
79
-37
-334
-751
-959
-1438
-1974
-2622
-3384
-4088
-4843
-5579
-6238
-6699
-7105
-7487
-7956
-8146
-8002
-8069
-7393
-6662
-6412
-5557
-4783
-3519
-2040
-1348
-852
19
1293
2446
2944
3442
4202
4917
5560
5775
5917
6717
7053
6759
7173
7593
8021
8110
7527
7529
7988
7898
7415
6865
6412
5967
5217
4292
3535
2711
1654
357
-708
-1339
-2260
-3032
-3610
-4126
-4251
-4097
-4052
-3706
-3102
-2610
-2069
-1477
-876
-449
-108
253
590
995
1366
1524
1725
1869
1832
1839
1754
1512
1344
1345
1389
1308
1211
1414
1685
1567
1065
430
-38
-509
-1224
-2067
-2936
-3698
-4392
-5158
-5775
-6179
-6610
-7213
-7763
-7954
-7826
-7814
-7860
-7037
-6466
-6121
-5319
-4645
-3313
-2078
-1868
-1515
-383
953
1672
1593
1963
2794
3779
4234
4123
4612
5705
5996
5777
6293
6942
7518
7216
6550
6922
7472
7225
6676
6185
5960
5594
4689
3598
2826
2072
850
-550
-1416
-1883
-2857
-3763
-4420
-4740
-4587
-4611
-4831
-4576
-3872
-3398
-3064
-2147
-1358
-892
-377
-11
433
923
1205
1066
1028
1153
1225
1249
1072
772
752
1074
1135
612
325
386
385
321
-120
-526
-509
-746
-1571
-2503
-3336
-4107
-4913
-5632
-6036
-6024
-6179
-6761
-7046
-6798
-6563
-6948
-7155
-6298
-5682
-5234
-4823
-4169
-2431
-1304
-1209
-905
370
1850
2221
1988
2459
3550
4366
4461
4325
4931
6056
6081
5729
6374
7330
7953
7768
7651
8393
8991
8784
8366
7915
7507
6750
5511
4463
3723
2706
1347
13
-584
-961
-2059
-3038
-3725
-4064
-3907
-3807
-4086
-3845
-3646
-3251
-2740
-2273
-1373
-914
-472
4
296
638
1048
1109
1075
995
1156
1249
873
555
554
744
893
733
740
1264
1376
1020
420
139
72
-652
-1839
-2868
-3542
-4070
-4863
-5681
-6059
-6354
-6842
-7426
-7771
-7488
-7352
-7671
-7831
-6929
-6007
-6088
-5842
-5332
-3987
-2458
-1940
-1511
-273
1555
2586
2497
2864
3868
4622
4945
4849
5070
5782
5890
5337
5602
6196
6729
6762
6336
6736
7399
7399
7014
6575
6316
6029
5261
4151
3155
2187
1032
-112
-1215
-1691
-2296
-2902
-3320
-3936
-4095
-4034
-4121
-4222
-4420
-4204
-3607
-3053
-2363
-1669
-1030
-501
162
862
1559
1902
1933
1710
1675
1940
1508
883
861
884
815
782
825
1088
1254
1055
718
604
698
385
-379
-912
-1441
-2047
-2874
-3871
-4547
-4893
-5276
-5706
-6161
-6248
-5962
-5958
-6165
-6248
-6058
-5233
-5109
-5416
-4687
-3781
-2493
-1526
-1292
-377
1345
2632
3012
3225
4125
4980
5218
5284
5759
6559
7191
6785
6163
6903
7519
7503
7010
6893
7818
8285
7669
7094
7019
6935
6259
4999
4204
3939
3187
1744
298
-391
-734
-2012
-3453
-4409
-4893
-5063
-5678
-6382
-6212
-5783
-5480
-5244
-4873
-3657
-2593
-2100
-1578
-780
-40
461
394
389
860
1158
1012
443
102
219
181
51
-11
-128
89
116
1
-90
-278
-458
-957
-1663
-2034
-2349
-2908
-3621
-4214
-4421
-4567
-5070
-5704
-6132
-6322
-6293
-6578
-6661
-6334
-6173
-5725
-5271
-5008
-4225
-3638
-3001
-1800
-872
50
1131
1968
2889
3732
4499
5150
5440
5707
5796
5835
6120
6386
6261
6360
6364
6334
6729
6640
6346
6197
6062
6101
5837
5188
4699
4262
3528
2598
1745
1243
757
-120
-900
-1724
-2348
-3055
-4143
-4721
-4875
-5217
-5626
-5761
-5566
-4877
-4293
-3694
-2723
-1897
-1142
-463
247
1163
1696
1822
1865
1804
1729
1477
1197
1134
959
762
753
658
749
806
519
273
86
-12
-88
-333
-711
-1230
-1779
-2109
-2449
-2786
-3124
-3457
-3626
-3901
-4227
-4410
-4747
-5327
-5632
-5880
-5903
-5385
-5636
-5651
-4796
-3845
-2584
-1706
-1155
-26
1306
2389
3193
3948
5153
5962
6162
6457
6744
6977
7132
6578
6485
7039
7000
6706
6149
5610
5597
5326
4840
4622
4206
3810
3233
2548
2003
1409
586
-279
-1200
-1929
-2688
-3781
-4582
-5425
-6059
-6183
-6502
-6965
-6986
-6805
-6383
-6166
-5718
-4702
-3820
-2980
-2289
-1518
-392
460
962
1647
2326
2823
2660
2273
2212
2258
2022
1636
1245
931
678
161
2
-31
-114
-235
-448
-312
-136
-495
-1009
-1320
-1447
-1502
-1834
-2276
-2717
-3350
-3948
-4286
-4639
-4900
-5318
-5847
-5942
-5355
-4696
-4575
-4236
-3536
-2295
-965
-45
824
1869
3236
4362
5083
6256
7375
7870
8016
8045
8268
8349
7793
6855
6435
6336
6066
5375
4646
4335
4364
4202
3946
3832
3575
3337
2955
2619
2225
1713
1146
422
-338
-1059
-2087
-3328
-4377
-5223
-5686
-5941
-6263
-6644
-6691
-6233
-5628
-5037
-4420
-3488
-2569
-1688
-573
358
1333
1904
2047
2485
2970
3144
2882
2477
2347
1973
1284
620
82
-287
-524
-714
-597
-195
-138
-355
-475
-219
135
164
40
-103
-393
-870
-1554
-2103
-2775
-3454
-4067
-4660
-4886
-5262
-5781
-6301
-6478
-6568
-5976
-4844
-4299
-3449
-2514
-1430
-18
999
1761
2770
4056
5300
5956
6375
6725
6803
6745
6415
5920
5548
5158
4255
3780
3681
3492
3350
2845
2395
2554
2826
2904
2770
2562
2426
2299
1975
1186
324
-587
-1406
-2448
-3267
-3854
-4596
-5414
-6451
-6970
-6829
-6547
-6655
-6688
-6274
-5448
-4623
-4004
-3184
-2185
-1136
-322
431
1218
1649
1594
1404
1464
1780
1915
1682
1414
1396
1404
1259
1052
972
1213
1505
1673
1750
1963
2133
2102
1965
1731
1462
1067
442
-194
-589
-893
-1377
-2069
-2676
-3020
-3121
-3273
-3354
-3289
-2994
-2649
-2418
-2091
-1628
-599
-87
178
936
1684
2696
3210
3176
3409
4024
4398
4056
3672
3818
3833
3555
3249
3063
3004
2819
2217
1796
2144
2262
1969
1606
1452
1720
1855
1522
1109
619
216
-89
-491
-969
-1545
-2123
-2656
-3185
-3613
-3885
-4441
-4813
-5089
-5208
-4862
-4405
-4321
-4233
-3597
-2755
-2140
-1949
-1668
-1035
-542
-453
-663
-587
-87
-306
-502
-371
-87
285
226
235
765
1213
1265
1257
1377
1680
1694
1613
1597
1729
1900
1858
1526
1364
1168
696
386
136
-89
-283
-523
-775
-840
-794
-797
-920
-939
-704
-305
31
219
46
-14
-58
-131
126
-427
-856
-772
-788
-522
-471
-635
-374
161
570
872
1287
1824
2056
2077
2237
2400
2590
2822
2462
2187
2268
2082
1962
1631
1155
959
773
455
78
-453
-800
-836
-915
-1004
-1022
-975
-796
-850
-833
-624
-639
-745
-1288
-1717
-1704
-1868
-2431
-3000
-3308
-3341
-3351
-3536
-3385
-2984
-2576
-2179
-1837
-1115
-211
285
681
1127
1593
1971
2108
2188
2489
2654
2637
2539
2424
2578
2629
2574
2521
2464
2615
2620
2533
2671
2786
2891
2876
2742
2688
2739
2598
2373
2167
1976
1789
1372
962
683
456
180
-411
-1167
-1724
-2187
-2709
-3348
-3495
-3504
-3821
-4002
-4044
-3493
-2823
-2422
-2183
-1718
-892
-337
-259
-92
212
433
463
291
212
308
274
-139
-233
-101
-49
-120
-374
-476
-154
94
102
42
62
314
585
598
461
400
312
-11
-656
-901
-1031
-1385
-2099
-3059
-3521
-3463
-3571
-4136
-4453
-4143
-3528
-3273
-3137
-2508
-1569
-879
-434
-40
856
1643
1735
1818
2102
2687
2917
2701
2807
3257
3445
3396
3350
3597
3880
3942
3986
4135
4502
4697
4542
4420
4536
4528
4324
3947
3499
3082
2592
1934
1169
458
-141
-730
-1366
-2004
-2503
-2715
-2979
-3263
-3547
-3741
-3932
-4033
-4175
-4314
-3727
-3685
-4269
-4443
-4363
-3861
-3500
-3605
-3393
-2736
-2062
-1743
-1651
-975
-260
128
402
720
1272
1942
2050
1795
1993
1978
1784
1547
1322
1399
1403
1097
733
388
200
23
-102
-281
-487
-695
-926
-1175
-1398
-1244
-1334
-1408
-1646
-2025
-2063
-2053
-2206
-2364
-2400
-2229
-2020
-2049
-1889
-1447
-1005
-627
-350
85
813
1335
1652
2130
2864
3586
3941
3982
4377
4772
4959
5122
4979
4965
4830
4566
4287
3898
3617
3317
2762
2161
1572
1036
623
79
-375
-488
-538
-735
-889
-967
-889
-1021
-1489
-2065
-2430
-2479
-2665
-3103
-3570
-3912
-4133
-4447
-4806
-5122
-5067
-4701
-5133
-5272
-4881
-4280
-3458
-3027
-2695
-1965
-939
-212
219
655
1392
1771
2028
2352
2544
2731
2669
2209
1937
1975
1648
1344
1091
904
893
826
793
857
863
1020
1281
1494
1599
1553
1429
1328
1049
788
590
154
-23
-269
-517
-661
-869
-977
-931
-796
-573
-366
-265
138
559
999
1568
2044
2483
2959
3327
3559
3829
4117
4088
3682
3304
2930
2495
2171
1812
1467
1476
1286
1054
1036
976
855
716
612
445
128
-157
-460
-806
-966
-1219
-1494
-1791
-2126
-2500
-2952
-3449
-3850
-4122
-4120
-3952
-3730
-3537
-3283
-2915
-2560
-2201
-1964
-1889
-2012
-2334
-2310
-2064
-2469
-2729
-2924
-2987
-2785
-2678
-2540
-2202
-1592
-1070
-719
-121
750
1270
1731
2267
2679
3108
3274
2985
3017
3067
2664
2226
1642
1158
799
454
261
145
-26
-78
80
214
301
357
411
597
696
865
1045
1228
1542
1505
1547
1719
1776
1409
784
442
374
309
49
-134
-183
-32
-80
-154
103
405
483
386
382
768
1086
864
717
845
1009
1007
808
678
672
535
346
39
-349
-577
-903
-1073
-1015
-1188
-1375
-1551
-1751
-1825
-1843
-1938
-2132
-2215
-2053
-1814
-1616
-1512
-1519
-1328
-918
-635
-632
-719
-930
-1130
-1420
-1716
-1656
-1603
-1788
-2060
-2311
-1891
-1418
-1808
-1803
-1557
-1138
-567
-504
-323
479
1209
1611
1817
2299
3069
3209
3126
3107
3208
3424
3240
2696
2689
2870
2719
2563
2226
2057
2142
2059
1899
1827
1819
1988
2063
2123
2248
2187
2050
1797
1369
1236
1058
582
90
-539
-909
-1126
-1678
-2388
-2948
-3283
-3316
-3411
-3446
-3200
-2951
-2568
-2177
-1729
-1050
-531
-246
100
383
582
592
357
189
119
-175
-545
-971
-1310
-1553
-1908
-2067
-2033
-1998
-2074
-2065
-1946
-1685
-1495
-1178
-767
-436
-33
184
365
538
562
511
517
556
482
225
117
139
108
-18
-193
-355
-340
-311
-405
-256
-46
141
405
573
813
948
1124
1258
704
457
417
386
349
260
338
606
1050
1214
1290
1617
2055
2250
2383
2546
2638
2573
2461
2210
2076
2025
1686
1445
1265
1087
984
956
951
859
724
621
549
490
343
106
35
95
-120
-382
-611
-887
-1158
-1578
-1922
-2013
-2151
-2472
-2753
-2799
-2742
-2856
-2952
-2933
-2846
-2662
-2533
-2444
-2183
-1957
-1913
-1813
-1457
-995
-794
-758
-658
-500
-477
-534
-695
-690
-467
-491
-379
-102
40
231
561
873
1240
1605
1932
2280
2481
2577
2624
2753
2907
2860
2683
2502
2141
1714
1429
1242
1108
967
719
575
589
552
497
465
600
702
675
586
499
520
410
155
-213
-343
-682
-1512
-1978
-2300
-2302
-2276
-2458
-2364
-1922
-1416
-1099
-971
-639
-106
251
655
1015
1427
1765
1750
1420
1324
1343
1264
1101
687
345
213
111
-187
-578
-774
-803
-929
-1172
-1386
-1394
-1250
-1230
-1402
-1318
-1127
-1008
-1118
-1378
-1331
-1218
-1494
-1974
-2231
-2394
-2554
-3050
-3517
-3550
-3318
-2997
-2745
-2188
-1443
-897
-522
-65
559
1148
1467
1633
1950
2348
2529
2611
2701
2820
2837
2602
2414
2383
2347
2167
2084
2150
2326
2335
2161
2065
2027
2060
2020
2002
2182
2412
2597
2724
2623
2349
1848
1347
887
489
134
-395
-992
-1522
-1884
-2113
-2205
-2266
-2147
-1841
-1559
-1377
-1269
-1161
-1119
-1135
-1155
-1311
-1367
-1627
-2011
-2176
-2179
-2029
-2116
-2315
-2302
-1920
-1478
-1227
-1137
-921
-585
-237
146
370
590
832
853
901
1184
1327
1342
1244
969
701
541
366
96
-165
-342
-427
-601
-944
-1346
-1570
-1527
-1382
-1308
-1258
-1301
-1395
-1357
-1162
-927
-802
-848
-955
-919
-679
-483
-394
-270
-134
11
95
189
378
593
682
761
1006
1307
1554
1669
1755
1947
2141
2127
2070
2112
2229
2391
2435
2305
1980
1564
1115
778
530
341
39
-263
-465
-535
-326
-228
-259
-335
-353
-311
-335
-438
-463
-374
-354
-385
-442
-427
-227
-136
-100
0
168
277
259
310
499
694
595
338
99
64
77
-83
-209
-373
-612
-796
-937
-971
-819
-691
-627
-518
-432
-294
-214
-174
-73
72
252
400
499
594
622
585
558
497
395
301
192
125
160
241
266
227
208
248
331
299
213
167
354
569
659
671
559
434
284
94
58
147
145
40
-199
-400
-558
-720
-835
-807
-678
-548
-500
-455
-334
-257
-284
-273
-203
-153
-187
-263
-233
-194
-299
-531
-669
-691
-703
-710
-730
-737
-703
-605
-494
-431
-356
-290
-186
-41
42
98
169
224
229
174
20
-86
-69
-75
-97
-70
-26
-108
-213
-253
-209
-21
57
68
41
30
117
216
374
490
531
527
475
570
787
827
734
666
615
655
730
774
799
778
740
758
767
729
656
427
170
-94
-385
-676
-920
-1107
-1247
-1357
-1479
-1525
-1563
-1522
-1350
-1170
-924
-768
-663
-465
-287
-72
114
223
357
539
587
595
679
761
795
738
712
809
936
1040
1154
1157
1075
968
869
828
789
777
742
576
386
209
90
4
-156
-389
-629
-873
-1063
-1146
-1172
-1155
-1178
-1189
-1144
-1028
-812
-567
-253
217
685
1110
1454
1694
1920
2043
2061
2100
2085
2014
1878
1617
1355
1149
844
578
406
292
275
218
198
220
175
26
-126
-190
-277
-416
-600
-740
-794
-856
-909
-997
-1043
-1109
-1303
-1429
-1533
-1563
-1505
-1490
-1460
-1392
-1312
-1238
-1086
-849
-611
-395
-190
-12
188
414
509
498
495
495
473
425
340
279
244
186
124
111
65
0
-97
-153
-119
-94
-67
-137
-223
-287
-370
-406
-431
-480
-539
-616
-650
-658
-665
-752
-842
-887
-878
-778
-691
-570
-434
-320
-141
107
408
708
920
1137
1386
1626
1784
1852
1955
2053
2079
2037
1993
1957
1906
1819
1677
1577
1506
1378
1172
852
554
334
63
-202
-460
-710
-946
-1218
-1516
-1713
-1820
-1877
-1937
-2048
-2048
-1960
-1926
-1868
-1811
-1716
-1589
-1554
-1479
-1313
-1121
-944
-825
-721
-530
-372
-292
-218
-136
-15
121
164
193
237
298
371
413
511
622
687
707
675
601
543
416
253
126
42
35
-8
-145
-254
-373
-532
-655
-747
-786
-746
-725
-722
-614
-465
-310
-225
-186
-84
75
231
351
465
634
795
841
893
927
893
849
775
740
790
782
674
629
650
712
712
704
883
1146
1316
1395
1413
1493
1526
1411
1210
1006
844
675
465
228
65
-104
-317
-619
-908
-1063
-1179
-1340
-1459
-1494
-1492
-1509
-1587
-1653
-1626
-1537
-1464
-1348
-1179
-962
-788
-713
-697
-652
-571
-573
-596
-591
-541
-435
-402
-408
-374
-325
-264
-190
-101
15
148
244
352
491
616
744
814
860
841
690
578
574
587
563
462
320
264
204
118
99
156
293
411
473
561
695
811
892
993
1131
1267
1340
1386
1450
1484
1443
1284
1100
977
827
662
518
436
423
376
274
187
135
130
144
145
158
185
175
165
162
144
142
79
1
-22
-14
-4
-37
-134
-259
-429
-622
-767
-867
-930
-966
-1034
-1112
-1166
-1194
-1145
-1092
-1018
-891
-800
-766
-735
-669
-590
-565
-632
-692
-765
-879
-1030
-1157
-1166
-1117
-1072
-1049
-1048
-1038
-984
-928
-815
-607
-416
-254
-133
-1
165
275
313
383
504
629
717
765
773
722
606
479
425
447
513
568
663
796
909
1005
1090
1203
1319
1410
1460
1500
1531
1532
1498
1399
1272
1098
911
748
604
460
302
186
58
-115
-333
-527
-673
-778
-841
-835
-784
-749
-738
-753
-754
-758
-787
-827
-851
-851
-833
-833
-827
-844
-921
-1010
-1029
-960
-807
-598
-417
-231
-90
-27
36
150
247
314
342
352
370
318
220
127
0
-138
-301
-479
-588
-653
-680
-692
-689
-648
-591
-556
-513
-442
-340
-179
-53
48
115
113
93
47
-17
-53
-16
13
3
29
112
195
200
211
339
555
765
914
1071
1314
1568
1734
1829
1935
2010
1988
1873
1732
1646
1579
1475
1304
1138
1000
829
657
553
525
487
391
278
138
-28
-233
-408
-505
-561
-635
-732
-852
-1029
-1218
-1446
-1692
-1908
-2124
-2305
-2442
-2517
-2491
-2413
-2325
-2240
-2132
-1985
-1793
-1598
-1425
-1251
-1086
-899
-683
-453
-246
-84
44
136
233
330
399
420
428
455
492
545
616
741
870
955
1006
1071
1145
1174
1143
1045
942
818
650
508
467
477
412
307
215
122
2
-167
-291
-310
-277
-248
-225
-187
-150
-157
-163
-77
65
138
143
168
253
367
458
551
692
858
933
966
1051
1127
1174
1172
1173
1224
1261
1288
1339
1350
1307
1204
1059
961
848
678
526
384
225
83
-68
-214
-343
-479
-609
-748
-892
-1054
-1241
-1385
-1498
-1652
-1813
-1928
-1995
-2049
-2131
-2177
-2157
-2148
-2221
-2266
-2208
-2052
-1834
-1623
-1355
-1060
-759
-501
-273
-42
170
331
457
598
684
744
795
890
1034
1146
1218
1260
1309
1363
1365
1342
1332
1345
1372
1395
1409
1424
1424
1379
1311
1200
1089
955
781
631
508
389
271
166
37
-103
-210
-287
-323
-362
-385
-357
-305
-175
-43
24
46
52
44
41
49
-10
-106
-204
-296
-365
-444
-488
-509
-518
-476
-408
-312
-202
-102
-32
72
182
260
336
347
327
280
161
10
-198
-447
-698
-893
-1041
-1164
-1269
-1391
-1485
-1511
-1437
-1345
-1267
-1165
-1081
-1023
-952
-879
-765
-581
-431
-327
-234
-165
-124
-126
-138
-177
-245
-306
-346
-352
-282
-163
-57
60
213
402
590
771
969
1179
1343
1458
1553
1675
1790
1836
1807
1697
1540
1386
1264
1141
1026
892
753
624
532
521
544
558
543
515
555
618
614
550
497
476
449
430
328
228
162
56
-56
-158
-251
-376
-540
-682
-784
-866
-896
-877
-817
-704
-608
-523
-433
-387
-408
-465
-516
-507
-453
-411
-358
-320
-338
-371
-415
-476
-537
-634
-692
-745
-838
-942
-972
-918
-845
-707
-544
-346
-174
-81
-71
-94
-67
-4
82
126
96
17
-73
-128
-145
-133
-108
-96
-83
-72
-35
31
96
148
199
289
398
512
609
650
687
743
813
861
869
825
739
629
510
393
272
172
105
52
27
39
43
41
56
99
132
196
262
316
357
386
394
339
255
164
76
-8
-79
-169
-236
-283
-293
-259
-236
-220
-216
-235
-252
-199
-131
-101
-107
-116
-131
-203
-274
-351
-411
-447
-470
-488
-506
-518
-509
-498
-521
-584
-600
-539
-473
-430
-419
-364
-308
-246
-188
-196
-240
-304
-320
-314
-248
-153
-51
41
91
147
173
193
203
229
296
360
418
472
525
583
643
678
690
716
717
714
704
676
647
594
559
548
584
618
631
623
581
514
398
303
227
176
155
139
113
102
81
50
10
-48
-126
-213
-305
-403
-458
-504
-534
-555
-570
-568
-527
-444
-375
-325
-316
-342
-371
-393
-415
-403
-400
-429
-418
-379
-303
-243
-249
-263
-279
-294
-297
-323
-326
-292
-254
-220
-195
-186
-188
-174
-161
-143
