182
135
125
120
26
78
31
33
4
64
81
55
60
-3
-59
24
-132
-105
-31
-149
-47
-84
-90
-177
-124
-121
-145
34
-93
-158
-124
-166
-135
-47
35
40
-26
25
31
-26
18
-31
38
15
176
164
48
177
70
61
42
208
64
0
95
-41
-51
-4
9
-11
107
29
-117
-19
-41
-59
-34
-41
-118
-60
64
-95
12
-70
-141
-82
-57
-61
-33
58
33
66
-60
-60
233
117
112
131
34
67
67
107
37
152
146
122
37
83
97
-131
-108
3
-88
-73
22
-139
-22
-28
-153
-84
-167
-211
-138
-118
-118
-31
-10
-101
55
4
-56
-7
-116
-7
-35
-3
56
50
118
66
194
40
8
161
118
154
56
120
111
142
167
-45
-110
39
52
-16
-15
-133
-189
-164
49
-96
-132
-4
-82
-153
-144
-39
-222
-40
26
-141
-187
65
45
-84
47
-14
14
-37
103
62
38
123
35
132
127
321
164
-56
51
-20
186
15
196
166
-32
148
52
-6
-121
26
-100
-160
15
-31
-83
-150
-42
-271
-165
-30
-134
-138
-192
-98
-213
25
-54
-73
175
23
101
88
13
-26
-1
-39
-148
26
112
47
-6
70
23
122
222
118
16
55
89
-81
184
-41
11
109
-15
7
-169
-60
-294
-76
-160
-141
131
94
207
-55
-78
-77
-7
-75
-28
-43
18
359
45
87
116
131
104
11
79
20
406
26
78
42
-199
260
60
-115
-253
100
-142
19
209
-125
64
54
193
-115
-7
66
-115
-185
-209
-44
-198
35
11
-323
-6
230
314
108
-81
-80
-83
51
-69
-46
7
183
297
-106
131
271
151
76
-212
-207
56
188
-49
-192
-91
-71
-75
-14
-221
-89
-39
61
-50
-238
114
-55
-184
-182
-140
-212
-42
-58
-215
8
-21
65
167
90
293
185
40
28
188
99
-4
89
-184
-48
184
297
161
196
321
99
185
225
-194
-109
121
-207
-266
102
-274
-209
140
-177
-332
75
258
-193
272
-109
-231
399
218
-24
-440
153
-395
-186
48
-633
-94
100
394
-131
346
312
-142
263
-150
21
-158
105
114
-49
185
181
435
-309
239
361
50
251
264
-142
-130
699
-113
-180
-283
-197
-39
154
122
-216
244
212
190
-205
-290
-129
-77
-279
-346
-37
-170
-62
199
-259
-268
214
11
106
1
-154
200
166
-128
-160
-107
-626
-2
185
-232
249
509
272
157
254
29
-30
-268
-38
-197
-174
-67
-5
-109
-160
13
-108
150
-106
609
303
87
473
249
-79
-196
-8
-407
-147
-224
-69
135
52
120
18
-95
122
505
182
122
218
18
-53
264
-52
-221
-438
-500
-24
59
123
-10
559
-181
31
459
-88
-241
-305
67
-672
-210
-83
-426
-410
-491
-28
-280
-94
438
142
-120
269
373
-455
-337
109
-538
-244
360
291
247
253
397
-2
-312
194
158
-240
-72
650
43
186
616
107
47
202
126
-441
-19
95
-134
153
71
-310
-299
-251
-226
-69
-204
-348
96
222
220
-13
-62
-266
-181
81
-157
-77
-279
-33
-182
-292
368
122
-489
152
447
-24
575
519
-395
41
413
-99
65
133
-75
459
373
-250
98
602
-72
115
389
-326
278
345
-2
238
93
-5
-148
-232
-793
-456
-277
-412
31
30
-172
-62
281
-116
-74
25
-409
-248
389
130
-317
-94
9
-423
-116
27
-442
70
204
-236
-187
-140
-21
-40
-194
-101
32
443
175
5
349
10
259
474
60
-77
595
233
45
548
-140
181
263
297
-148
-402
-10
-450
39
-267
-77
-337
-466
10
-367
-29
56
-80
-342
31
-107
27
65
-189
-201
-402
-37
34
-33
-129
-120
-211
-160
19
-95
147
37
-218
311
180
-46
260
404
-25
73
516
-319
360
450
-251
234
316
409
260
280
384
92
-120
21
-3
92
58
-253
-268
-269
-222
-313
-287
-247
-519
14
-205
-230
-105
100
92
-429
-115
-440
15
149
0
-59
64
-5
177
966
-2
-136
305
-30
279
299
-234
213
363
-45
556
582
-352
309
782
-365
96
328
-290
-24
135
-591
-281
240
13
102
348
-365
-334
22
-720
-291
-451
-470
-672
-317
-312
-453
121
-221
30
-179
-368
-382
-32
106
89
-5
10
463
277
569
353
-216
259
438
369
239
555
480
65
351
17
197
-147
-15
-66
-323
95
-177
301
-228
-13
-195
-241
-25
-349
91
-1142
-215
255
-342
-14
-336
-478
-901
-60
-86
-346
-74
-395
-57
-366
-38
86
51
149
254
542
-110
1
91
-35
40
496
510
80
641
228
172
624
-30
77
182
239
-203
-58
-297
-587
-194
-586
-118
-372
-580
-881
-335
-316
-584
-300
-1092
-617
-573
-240
-373
-710
-803
-1122
-595
-281
88
-207
-261
-209
-316
-321
130
28
-66
674
409
453
519
282
-133
532
690
600
591
370
366
546
656
354
740
432
580
150
258
455
192
59
-1
554
150
-187
56
-200
-568
-88
174
-450
-302
247
-193
-698
-133
-399
-747
-306
-473
-560
-49
95
-29
16
-326
-582
-297
47
-59
37
-270
-773
262
331
232
218
292
709
215
1055
118
177
667
770
926
135
729
17
286
945
845
422
731
1095
766
803
708
404
471
591
548
1071
701
394
810
918
160
443
221
-607
-229
152
-125
-325
346
-44
-490
-150
-32
-612
-533
-15
-480
-606
-120
-278
-847
-104
-123
-329
-674
-828
-757
-516
144
-117
-269
-162
534
292
-236
-198
-375
-124
569
337
-225
218
-26
-262
9
47
-22
11
227
-2
284
497
-329
-198
-325
-549
-274
-147
-183
-404
98
-176
-140
-66
-339
-42
325
249
-3
139
-237
-308
-89
34
-390
235
371
108
237
331
-196
-46
341
-492
335
142
-226
-749
103
-12
-454
144
233
311
188
53
-482
106
-64
-26
131
65
-282
-202
-73
-307
-12
-221
-662
-442
97
-254
-428
-428
-630
-410
-39
385
-200
203
261
96
196
-261
10
59
455
52
901
227
-14
548
-20
308
470
916
313
1232
580
174
1005
205
179
428
609
-227
142
186
191
17
179
57
-256
-253
-260
145
-343
185
-258
25
29
-340
-250
-540
-233
-460
-397
239
-264
-299
-315
148
91
59
362
-371
388
102
437
526
321
891
681
981
189
246
424
1
398
530
912
503
468
789
329
571
571
473
468
-101
-166
-156
-86
-514
-250
-100
-291
4
-254
-632
-758
-722
-430
-339
128
-19
-515
-76
-170
-89
-121
126
-272
-480
203
-196
-85
129
90
72
-166
183
-454
-233
65
162
266
252
124
-235
645
-175
-182
-162
-446
-487
-190
-506
-1352
-284
-919
-887
-993
-1069
-1234
-1167
-1023
-1274
-916
-1215
-610
-961
-1335
-1406
-362
-433
-556
-165
-915
-668
-609
-46
-269
-570
-906
-1094
-601
-340
-253
-756
-352
-150
168
-16
-234
-235
-295
320
7
50
22
505
990
691
310
837
846
399
925
120
-438
98
-43
-141
47
331
-12
-558
-141
-1047
-1063
-722
-769
-600
-1242
-467
-336
-321
-143
-586
53
-477
-671
-71
-147
-424
190
196
-786
188
349
-49
-117
-38
-139
-22
385
-211
-585
-368
-430
-791
-189
-74
-523
-16
77
-442
-173
-102
-271
214
217
-626
-309
-199
-297
-222
-362
-642
-176
450
8
545
398
186
169
139
-250
-354
314
-45
-111
37
151
-210
99
252
-247
117
-246
-157
-38
59
-216
-114
22
50
-47
-205
189
431
443
192
714
303
336
1002
626
64
291
227
-227
77
999
1241
845
902
370
602
791
1202
903
556
1098
1123
1024
789
885
515
732
1155
1157
1307
924
973
838
1073
765
728
612
14
444
493
426
1027
1057
276
150
-151
-125
345
851
495
319
367
716
679
292
181
-680
-756
-71
-166
-273
-19
-464
-545
329
32
-68
288
324
-424
-129
326
-392
289
569
214
-351
-105
235
-171
112
241
-166
-153
-498
49
-174
-30
193
-11
-155
-261
330
-395
-560
-175
281
390
224
-230
-772
-488
-565
-358
-576
-999
-853
-723
-524
-707
-842
-1488
-1205
-802
-674
-396
-862
-569
175
722
515
191
327
-30
175
945
666
402
221
-775
-339
723
1210
979
247
19
132
1702
1644
491
571
29
152
978
1085
299
155
482
-45
166
307
106
728
288
631
321
-47
-153
545
214
-372
345
3
-497
-257
-310
-492
334
428
257
82
-252
-496
-146
-452
-163
-359
-779
-614
-693
-935
-497
-294
-938
-307
-617
-578
-827
-616
-1023
-978
-669
-1630
-867
-1852
-1733
-1309
-1755
-1265
-1352
-958
-908
-876
-36
-197
-314
45
705
195
-430
393
-371
-180
954
1187
607
341
1038
358
421
1126
844
387
644
504
128
-148
-230
-579
102
957
-187
473
263
451
579
251
326
-471
-69
287
-493
-833
-1054
-849
-654
92
574
238
468
-171
-243
-371
-535
-1002
-384
-253
91
273
-441
-115
250
423
111
162
-125
91
567
290
-34
203
89
587
574
428
-14
363
479
-104
-531
-768
-116
-6
720
247
-768
-1167
383
877
764
1506
178
47
314
888
531
581
1150
-46
947
883
50
-771
-377
443
574
731
396
-87
292
568
824
-32
-303
-85
-352
88
-1037
-1515
-1518
-388
-15
373
849
426
-198
-64
435
250
387
-54
-304
-737
-635
-382
190
398
723
585
-496
241
406
127
-866
-436
-874
-1073
538
238
-406
-540
443
621
787
919
-168
-230
897
1059
224
-319
-515
-743
-232
-72
-550
-14
562
-415
-245
-304
-256
544
23
-189
-1198
-309
-900
-153
392
-267
478
339
498
60
314
-343
235
60
807
1302
951
898
368
919
911
1129
178
-92
982
-190
-570
-445
-800
-673
-814
399
-325
-235
-336
-890
-821
-1410
-806
-1153
-586
-1489
-1163
-580
-762
-665
-1270
-1101
-1020
84
-233
-554
-836
-504
-282
-270
-199
290
1711
1102
1229
174
-730
-383
261
788
58
994
638
-22
650
702
433
1416
2216
958
779
621
-577
114
796
272
502
342
144
-28
477
339
308
950
351
458
-357
-482
-461
-478
196
-88
84
-145
594
-210
228
723
-255
115
-362
218
-456
-302
219
-158
-72
-518
11
-287
-236
294
-361
-628
58
612
655
-131
270
-346
-1136
-224
-774
-209
-511
-196
282
17
502
292
273
-528
235
574
-346
362
335
-442
-478
164
-698
-1238
-467
-698
-1398
-965
-61
-356
10
333
-582
-895
-220
-1019
-1794
-1406
-993
-1050
-901
-152
-1488
-2095
-794
43
-227
544
598
-2243
-1493
188
-868
-662
160
-875
-420
1477
922
-483
10
745
264
558
757
-267
-863
120
172
-329
281
192
-44
867
698
-68
-198
-272
-160
-84
-205
25
478
164
-107
-496
-535
302
329
-117
684
243
-923
-599
-43
-84
-539
-23
164
-737
275
838
107
436
1301
751
-528
944
834
346
60
-306
-367
-760
841
891
458
201
1021
215
-1120
1224
1285
573
1139
939
-436
-831
172
48
24
1076
731
230
-19
-211
-367
-9
1170
674
208
400
398
-185
-73
206
192
473
648
772
78
383
451
679
682
379
-172
-785
-49
-571
-487
-283
-127
-91
512
877
133
548
912
644
97
699
-114
-17
544
1140
412
-45
225
-976
-131
-41
445
-200
-204
360
236
812
897
1390
715
757
1053
229
131
575
507
-267
-6
95
-599
-251
217
-157
-26
627
1050
1004
813
381
-671
-609
-165
-489
-480
-80
-351
-193
921
1375
1332
648
186
-349
-48
-4
-367
-1073
-1461
-1356
-1337
-495
-403
-172
630
687
-118
243
453
-295
-72
126
-252
-212
61
-480
-839
93
172
130
372
542
694
282
78
-547
-431
-412
-462
-323
-468
-430
-253
415
459
537
560
339
290
693
560
507
389
-275
-297
-867
-405
-541
-546
114
69
368
-147
454
-256
-673
618
495
402
310
233
-641
-508
-194
-957
-526
-276
-241
-77
59
-5
-100
434
186
268
-137
-454
-564
-781
-443
-613
-511
-876
-412
-46
-98
-67
-707
-956
-1451
-1135
-1146
-1177
-1005
-1373
-1058
-1393
-1173
-1355
-966
-526
-414
306
187
306
-171
-234
-658
-563
-487
-1047
-823
-661
62
43
122
506
497
603
506
273
-128
-47
106
264
592
905
1091
1041
1211
1239
1216
1079
1431
1748
1923
1943
1253
599
330
465
265
-169
-22
-234
-411
-131
6
-62
-113
204
176
427
413
-135
-306
-182
-98
-156
-245
-346
-237
142
230
-83
-160
-182
78
174
275
529
262
343
152
36
289
405
432
553
620
306
219
177
78
-32
-95
-506
-913
-892
-794
-530
-561
-723
-900
-647
-452
-673
-813
-1021
-1064
-1160
-1186
-1194
-1120
-1083
-845
-418
-58
-2
-339
-406
-356
-54
283
383
412
363
599
504
618
725
553
663
501
455
233
249
562
663
881
876
807
796
854
800
647
616
672
667
414
288
190
152
145
231
293
336
254
196
298
370
762
743
495
242
263
273
123
325
486
532
324
412
499
606
844
745
406
23
-179
-260
-365
-393
-311
-448
-419
-742
-1409
-2060
-2514
-2553
-2848
-3029
-3361
-3380
-3189
-3053
-2897
-3196
-3253
-3402
-3539
-3501
-3726
-3739
-3777
-3784
-3518
-2877
-2062
-1227
-116
894
2218
3625
4861
5815
6461
7126
7202
6755
5874
4928
4195
3347
2748
2016
1525
1455
1612
2199
2897
3517
3966
4338
4441
4465
4267
3961
3320
2736
2054
1126
332
-618
-1309
-1825
-2001
-1768
-1373
-911
-568
-204
118
353
255
-301
-936
-1586
-1876
-2347
-2946
-3168
-3361
-3530
-3627
-3398
-3195
-2919
-2605
-2347
-2054
-1970
-1580
-1508
-1607
-1443
-1695
-2110
-2400
-2830
-3368
-3619
-3710
-4312
-4978
-5310
-5894
-6412
-7280
-8042
-8486
-7710
-6046
-4467
-2671
-1468
1115
4741
8572
11032
11044
11225
11873
13004
12707
9968
6871
4350
3199
1855
32
-1289
-2097
-1616
-831
497
2552
4818
6467
6878
7281
7744
7656
5985
3058
509
-1099
-1790
-2594
-3834
-4723
-4626
-3514
-1908
-253
1172
2502
3592
4823
5752
5924
5411
3982
2655
1650
788
-611
-2485
-4249
-5338
-5307
-4877
-4329
-3725
-2655
-1255
-150
683
1312
1833
2463
2972
3221
3090
2690
1995
967
83
-1090
-2341
-3805
-5179
-5880
-6292
-6638
-7088
-7552
-7445
-7052
-6907
-7013
-7354
-7258
-7371
-7489
-7684
-8603
-9820
-10298
-8709
-7569
-6649
-5904
-5011
-1061
3689
8166
9765
10158
11809
13942
16086
14330
10793
7378
4818
3455
444
-2534
-4441
-5327
-4802
-4283
-2412
378
2875
3971
4694
6942
9202
10054
8066
5150
3341
2478
1543
-565
-2920
-3730
-3089
-1804
-76
1625
3533
5325
6761
8133
9628
10454
9600
7901
6304
5488
4924
3454
1320
-637
-952
-134
629
690
595
1268
2238
3704
4306
4242
4057
3699
3861
3736
3398
2382
1009
342
35
-337
-1690
-3604
-5319
-6572
-7392
-8959
-10923
-12420
-13222
-13454
-13959
-14454
-14545
-14323
-13550
-13059
-13092
-13224
-13666
-14100
-14995
-15821
-16662
-15620
-13599
-12869
-11458
-10855
-7089
-1182
4008
7028
6887
8906
11489
14032
13051
8119
4303
1294
-543
-3290
-7219
-9373
-10209
-9500
-8169
-6320
-2944
378
2469
3771
6349
9086
10238
8764
5784
4328
3977
2879
347
-2720
-3778
-2849
-1507
56
1328
3318
5552
7402
9101
10501
11725
11263
9419
7783
6843
6102
4468
2425
698
54
1012
1958
2248
2771
4381
6383
8046
8824
8581
8532
8136
7949
7469
6151
4798
3263
2258
1765
1254
514
-69
-198
247
726
167
-894
-1619
-2363
-2825
-3485
-4478
-5139
-5589
-5580
-5225
-4782
-4669
-4628
-4633
-4366
-4321
-5219
-6454
-7326
-5304
-4155
-3530
-2895
-2754
2068
7513
12819
14407
14220
16960
19052
21277
18771
13811
10495
7375
5145
1259
-2651
-4656
-5867
-6134
-6056
-4322
-1174
1123
1597
2299
5246
7678
7760
4907
1952
1393
1249
-362
-3518
-5982
-6338
-5899
-5858
-5594
-4420
-2745
-1751
-1218
-115
1825
2981
1730
-368
-1410
-1707
-2473
-4659
-7527
-9013
-8825
-7966
-7701
-7984
-7310
-5519
-3424
-1499
-344
496
1220
1654
2260
2381
1882
817
-189
-646
-933
-1311
-2197
-2819
-2769
-2457
-2307
-2943
-3642
-3712
-3780
-3877
-4438
-5153
-5418
-5571
-5162
-4524
-4051
-3548
-3090
-2360
-1758
-2042
-2524
-3453
-4090
-5348
-5331
-4134
-4119
-2351
-1996
341
5388
10241
14528
14923
16723
19279
21451
21608
16660
12552
8952
5938
2791
-2645
-6791
-9716
-10864
-10408
-9440
-6990
-4206
-2266
-528
3044
6942
8551
7625
5093
3930
3663
2339
-399
-3977
-6038
-6845
-7203
-6737
-5916
-4426
-2871
-1353
896
3348
4938
4504
3047
2584
2463
1392
-1386
-4860
-7143
-7947
-8155
-8574
-8672
-8347
-6545
-4105
-1659
862
2677
4487
5410
6230
7015
6449
4996
2999
1691
724
-672
-2380
-4237
-4914
-4776
-4510
-4523
-4754
-4095
-3194
-2367
-1863
-1629
-1396
-1096
-876
-831
-830
-1149
-1384
-1695
-2291
-2905
-3732
-4764
-5450
-6528
-7457
-8421
-6641
-4204
-3929
-1949
-812
3533
9561
13839
16680
16108
18423
20786
21536
19603
13442
9524
5811
2223
-1470
-6375
-9136
-10872
-11175
-10134
-8191
-4544
-1551
-86
1650
5503
9188
9307
6656
3793
3053
2724
189
-3592
-6581
-7325
-6815
-6622
-5759
-3894
-1948
-188
1289
3695
6102
6621
4891
2743
2509
2151
-2
-3635
-6822
-7816
-7562
-7214
-7431
-7223
-5642
-2882
-17
2092
4032
5885
7585
8858
9385
9154
8041
6290
4428
2714
924
-1063
-2979
-4525
-5118
-5141
-4826
-4334
-3826
-2398
-842
421
1508
1998
2232
2157
1870
1275
334
-820
-1884
-2644
-3325
-4089
-4830
-5750
-6104
-6656
-7242
-8060
-7509
-4939
-4763
-3165
-1950
155
5651
9645
13200
12945
13272
15442
15735
15500
10518
5624
2668
-486
-2856
-6903
-9869
-10833
-10933
-9935
-8433
-5469
-2126
-397
501
3473
7280
8353
6604
3635
2835
3027
1290
-1897
-5208
-5792
-4796
-4247
-3320
-1807
289
2076
3139
4983
7187
7777
6260
3746
2833
2362
345
-2849
-6088
-7681
-7865
-7764
-7626
-7102
-5752
-3152
-683
1566
3696
5162
6701
7549
8089
7873
6466
4771
2610
862
-882
-2861
-4346
-5629
-5812
-5120
-4403
-3421
-2769
-1792
-445
641
1454
1498
1237
865
522
84
-551
-1262
-2127
-2557
-2856
-3083
-3552
-4324
-4843
-5394
-6125
-7209
-8491
-9956
-8080
-6496
-6371
-5104
-4882
-37
5652
9712
11469
10402
13145
15284
16072
13283
7186
4548
1496
-1585
-5194
-9443
-10978
-11972
-12235
-10838
-7778
-3802
-1199
114
2891
7902
10952
10155
7486
6050
6661
5746
2342
-1409
-2724
-2221
-2321
-2510
-1372
947
2480
3078
4028
6306
7982
7081
4525
2967
3403
2745
-334
-4159
-6238
-6468
-6607
-7379
-7650
-6539
-4508
-2022
50
2481
5029
6754
7678
8204
9048
8667
6737
4036
1965
860
-871
-2586
-3904
-4300
-3391
-2690
-2027
-1413
-1054
-188
157
203
156
-614
-1080
-1310
-1485
-1633
-2447
-2753
-2452
-2098
-1842
-2344
-2824
-2868
-3643
-4341
-5886
-7558
-9273
-9167
-6767
-6923
-6079
-5746
-3294
3091
7741
10914
10256
11234
14664
15971
15413
9845
5573
3039
-663
-3752
-8351
-11124
-12320
-13140
-11972
-9181
-4944
-1458
8
2019
6727
11204
11727
9195
7157
7469
7401
4630
625
-2283
-3041
-3537
-4078
-3139
-1016
830
1599
2767
5658
8386
8076
5448
3406
3587
3331
137
-3740
-5930
-6551
-6899
-7922
-8319
-7288
-5588
-3410
-1473
1039
3632
4921
5192
5767
7188
6836
4563
2194
677
212
-1473
-4033
-5778
-6447
-6068
-6139
-6325
-5813
-5059
-4004
-3178
-2495
-1365
-1041
-1097
-634
-186
77
-751
-1605
-1061
-269
-137
-1106
-2355
-2479
-2758
-3423
-4957
-6762
-8378
-9838
-11402
-10960
-8813
-8938
-7680
-6498
-3014
3909
8964
12632
12809
14169
17577
18765
18074
12308
7072
3957
725
-1947
-6545
-9723
-10637
-10106
-7995
-4882
-690
2767
4678
7085
11725
15538
15064
11528
8476
7921
7221
3298
-1946
-5486
-5767
-5137
-5388
-4596
-2560
-384
898
2346
5166
7600
6992
4143
2756
3285
2572
-1279
-6309
-8943
-9151
-8983
-9844
-10609
-9074
-6156
-3045
-594
2084
4747
5843
6278
6693
7529
7020
4683
2503
917
-47
-1910
-4386
-6048
-6675
-6206
-5854
-5648
-4965
-3748
-2527
-1478
-620
-280
35
345
1365
2013
1070
310
405
1071
1716
972
105
-232
-677
-1467
-3187
-4963
-6582
-8197
-10210
-12142
-13489
-11212
-9803
-9324
-7140
-5252
1160
8043
13043
14910
14159
17049
19503
19559
15374
8170
4768
2014
-728
-4457
-8571
-9469
-8960
-7163
-4416
-383
4313
6554
7482
10527
14934
16217
12573
7797
5731
5000
2380
-2791
-7028
-8184
-7609
-7044
-6422
-4027
-912
881
2306
4799
7785
8060
4564
996
235
-141
-3405
-8653
-12068
-12051
-11098
-10500
-9866
-8060
-5038
-2105
585
3431
6104
7183
6762
6495
7227
7063
4163
1084
-236
-501
-1140
-2976
-4057
-4076
-3616
-2964
-2935
-2621
-1869
-1390
-641
146
351
372
218
1174
2643
2744
2198
1969
2956
3944
3447
2348
1434
686
-114
-2224
-5077
-7032
-9438
-10935
-12722
-14093
-15436
-13787
-9389
-8038
-5531
-4425
-179
7661
13130
16017
14313
15296
18332
19087
16645
9348
5181
2595
192
-1699
-5051
-6117
-5974
-4944
-2529
1401
5761
7794
7383
8165
11574
12977
9883
4389
928
120
-1508
-5126
-8899
-9930
-8601
-6886
-5105
-2495
624
2058
2637
4224
6892
7437
3656
-860
-2590
-2387
-4313
-8943
-12538
-12886
-11274
-9649
-8779
-7265
-4714
-2046
362
2736
5132
5935
5104
4349
4818
5111
3049
281
-883
-470
99
-837
-1973
-2023
-1388
-540
-591
-849
-900
-1166
-812
-219
186
209
-237
845
2789
3676
3411
2907
3373
3683
2541
549
-1137
-2345
-3514
-5940
-7980
-9163
-10019
-11206
-12317
-12792
-13239
-14259
-13248
-8834
-7070
-4688
-4056
-1924
5721
11757
15404
13351
12637
16330
18407
17816
11132
5675
3851
2236
799
-2969
-5115
-5102
-4509
-3563
-1435
2475
4379
3127
2311
5251
8688
6810
1183
-2605
-2195
-748
-2816
-6994
-8399
-6356
-3686
-2356
-995
1844
3608
2914
2785
4597
5668
2318
-3770
-6666
-5863
-5949
-9353
-13215
-13152
-9502
-6280
-4943
-3614
-843
2356
3770
4820
6672
7246
5454
3241
3924
5465
4609
1814
188
1637
3649
3441
1865
1658
3066
3826
2576
1255
1039
787
117
-509
-262
60
-177
-46
815
2240
2632
1968
1904
2241
2518
1312
-902
-2071
-2967
-3814
-4982
-6350
-7216
-7883
-8772
-9160
-10081
-10912
-12660
-13847
-9295
-7305
-5615
-5328
-4457
3551
10510
16171
15355
13851
17789
20424
21068
14771
8018
4920
2176
490
-3859
-7319
-8368
-8305
-7197
-4559
20
2981
2323
1580
4680
8558
7713
2142
-2525
-2941
-1596
-2797
-6560
-8471
-7186
-4311
-2103
-315
2170
3522
3096
2786
4278
5485
2717
-2279
-5259
-4673
-4099
-5696
-7982
-8522
-6019
-2694
-240
1031
2128
3770
5394
6838
7964
7460
4854
3074
3504
4360
3663
1898
1628
2661
4324
5495
5284
4624
4048
4151
3878
2366
293
-1946
-3229
-3065
-2866
-3249
-3518
-2637
-554
1082
1529
1728
1958
2340
2508
1886
825
-987
-2691
-3458
-3916
-5264
-7520
-9318
-9319
-9077
-9350
-10614
-12199
-12790
-12569
-7551
-5606
-4571
-2893
-1468
5690
12002
17645
17551
15312
17519
18799
19114
13168
5459
49
-3553
-3799
-6113
-9767
-12032
-10976
-7531
-3195
983
2948
2413
1881
4173
6485
4991
252
-4271
-5818
-5142
-4737
-5589
-6137
-5098
-1782
2157
5435
8006
8005
6808
6175
6510
5939
1126
-4457
-7645
-7737
-7026
-7544
-8349
-8577
-6344
-2426
1133
2651
2419
1860
2078
3337
4280
2960
-124
-1019
666
2927
3971
4312
5651
7397
9802
11326
11132
9670
7460
5653
3675
1070
-2544
-6606
-8341
-7510
-6608
-6500
-6490
-4665
-1137
1362
2590
2647
2336
2196
1559
476
-1490
-4290
-6618
-7382
-7108
-6918
-8172
-8958
-8313
-6700
-5993
-6758
-7988
-8559
-9415
-11080
-7137
-5755
-4562
-4059
-3884
3608
10272
16592
16009
13544
15945
18164
19573
13489
5943
327
-2065
-1079
-3374
-7082
-9393
-7814
-4672
-507
3048
3514
1709
799
2943
4604
2616
-2258
-5987
-6441
-4257
-2698
-2927
-2322
-1259
932
3770
6625
8056
4954
697
-716
169
-836
-6208
-10981
-11444
-8731
-6766
-6220
-5590
-3871
-915
1734
3856
4685
3971
1504
53
1339
2157
626
-1490
144
4174
7221
9046
10252
12047
13376
14212
13634
11054
7021
2364
-945
-3304
-5779
-9631
-12472
-11423
-8470
-6249
-5422
-3542
-233
2526
3792
3872
3363
2135
900
179
-778
-2677
-4279
-4768
-3660
-2478
-2314
-2746
-3273
-2589
-2224
-3513
-5576
-7932
-9118
-10256
-12023
-12711
-15003
-10625
-6511
-3725
143
1293
8457
14464
20859
22249
18215
17921
17336
18064
13095
4916
-1268
-4160
-2484
-4036
-7501
-8554
-5721
-3141
-1837
-20
1935
1499
-287
-971
-1061
-1007
-3058
-6459
-8590
-6736
-2912
-1405
-1136
-606
2345
5959
7954
7706
4769
2700
1723
144
-1825
-4115
-5672
-6900
-7100
-5360
-2605
-1141
-1229
-828
959
3189
3266
1396
-1026
-1811
-409
457
223
231
2519
5335
7684
10102
11115
10916
10203
9863
8235
4957
1316
-2526
-5149
-6704
-7685
-8981
-9670
-8117
-6352
-4706
-2625
-885
421
1327
1978
1784
979
578
589
-115
-870
-1136
-1170
-884
-781
-684
-1101
-1327
-1343
-1830
-2720
-3436
-4718
-6393
-7840
-8511
-9465
-10399
-12037
-12241
-6715
-3955
-1242
-578
727
7375
13294
19374
17071
13235
12763
14158
14819
7767
-207
-6782
-7208
-4934
-6739
-10588
-11213
-7379
-4208
-1809
319
2005
1652
1167
847
1197
1549
-85
-3691
-5638
-1700
2300
2710
703
777
4194
6768
7618
5167
2000
719
296
-215
-2206
-4045
-5004
-5040
-3113
-977
233
530
761
1541
2444
3304
3106
1255
-1204
-1826
-957
-7
56
-370
1198
3665
6719
8579
8535
8709
8827
8630
6551
4286
2415
22
-2636
-4850
-5599
-6402
-6916
-6986
-6513
-5050
-3211
-1911
-1669
-1227
-82
1261
1585
1713
1554
1464
1908
2162
1593
339
-149
-773
-1227
-1798
-2736
-3577
-4033
-3708
-4521
-5859
-6415
-6460
-6406
-6852
-7499
-8368
-8634
-9808
-6477
-2960
-1438
192
-1030
2742
7798
14085
15182
9588
7591
8120
11091
8026
1040
-5277
-7741
-3679
-1447
-3112
-5612
-3877
503
4069
5376
4417
1959
1060
873
-1543
-3866
-5801
-6959
-8297
-7235
-3618
-939
1280
2611
4014
6306
9350
9829
6257
2433
884
802
-580
-3080
-5148
-5297
-2697
257
1619
2142
3247
4574
5277
5029
3352
948
-1358
-2210
-2434
-3750
-4655
-4290
-2277
-326
1663
3977
5718
7256
7864
8144
7798
7031
4887
2169
666
353
110
-2018
-3352
-2797
-1246
-85
-628
-1605
-1934
-1026
-510
-1510
-3126
-3238
-2154
-1253
-938
-1154
-1257
-666
894
1342
957
655
435
484
68
-37
-548
-1327
-1128
-846
-1369
-2376
-3335
-4179
-5148
-6313
-7982
-10064
-11745
-10936
-7617
-5372
-2971
-2096
-379
4795
11184
15985
13610
10002
8990
10484
11194
6445
-319
-4962
-3927
-1160
-1852
-4907
-5648
-3099
994
2903
1564
-1148
-2364
-1049
-2058
-4245
-6938
-8533
-7972
-6271
-3498
-2328
-908
1792
4568
7071
8684
9181
8266
6383
4517
3097
2158
1316
-531
-2186
-2208
-542
621
174
-61
122
607
140
-1162
-2380
-3691
-4476
-5403
-5564
-4443
-3385
-2210
-726
1946
5017
6652
7535
8091
8669
9242
8541
6928
5524
4172
3017
1607
-78
-1432
-2501
-3864
-6050
-7521
-7792
-7613
-7826
-8294
-7225
-4901
-2451
-614
801
2905
5337
6728
7308
7663
7471
6648
4999
3666
2456
973
89
-819
-1006
-672
-510
-216
-278
-410
-1096
-2416
-3496
-5000
-7314
-9900
-11776
-12799
-12964
-11743
-10072
-6955
-3349
-100
3090
5793
10114
13296
13585
11487
8527
6392
4083
1694
-1842
-5560
-6911
-5706
-3737
-2457
-2058
-1080
689
1987
2310
552
-1575
-3520
-5040
-5285
-5320
-5242
-4806
-2765
549
3845
6251
7466
8350
8833
8610
6690
3354
349
-2277
-4353
-5421
-5853
-5597
-4982
-3471
-1055
1386
3016
2873
2372
2316
2090
698
-1852
-3912
-4619
-4238
-3584
-3036
-1798
474
2869
4691
5612
6610
6931
5932
4523
2681
1201
-376
-1879
-2935
-3460
-2790
-2178
-2050
-1667
-947
-94
34
-943
-1748
-2159
-1966
-1769
-1781
-884
829
3233
5448
6888
7727
8178
8254
7575
5918
3480
705
-1264
-2864
-4430
-5874
-6093
-5053
-4265
-3732
-3302
-2819
-2281
-1380
-1603
-2533
-3039
-3164
-3580
-4315
-4075
-3377
-2431
-1467
-482
673
1852
2525
2607
2669
2723
2882
2494
2302
1861
1122
492
-316
-760
-1112
-1015
-972
-1177
-1260
-1246
-575
243
553
1042
1505
2090
2597
2422
2268
2525
2988
3302
3221
2729
2654
2569
2193
1726
1086
951
1128
1389
1617
1813
1987
1945
1561
1043
619
97
-376
-963
-1620
-2068
-2310
-2253
-2065
-1840
-1678
-1520
-1590
-1555
-1193
-943
-857
-1167
-1251
-1118
-1001
-845
-846
-743
-696
-464
-123
-93
-281
-391
-310
-86
106
-114
-239
-102
317
622
552
576
483
370
210
-132
-405
-521
-667
-904
-1246
-1538
-1638
-1666
-1548
-1650
-1764
-1444
-865
-466
-591
-596
-361
-36
158
272
719
1310
1655
1725
1775
2042
2369
2302
2192
2139
2062
1855
1403
985
721
661
307
30
-388
-983
-1275
-1710
-1765
-1696
-1865
-1861
-1743
-1467
-1077
-659
-215
93
156
339
707
1163
1391
1281
1281
1438
1703
1798
1597
1396
1456
1668
1659
1386
929
716
559
149
-253
-588
-1057
-1775
-2642
-3354
-3909
-4496
-4784
-4888
-4621
-4267
-4008
-3726
-3403
-2814
-2137
-1389
-915
-430
143
750
1497
1984
2173
2113
2287
2750
2807
2408
2184
2205
2423
2458
2263
2197
1893
1414
931
651
488
151
-290
-698
-869
-1008
-942
-605
-218
-149
-117
140
419
430
56
-191
-131
97
145
-97
-388
-387
-320
-251
-73
227
460
314
107
107
234
240
207
264
273
71
-207
-250
-71
281
534
771
1230
1689
1995
1922
1735
1658
1532
1133
689
276
18
-195
-527
-586
-519
-259
-151
-203
-3
125
8
-400
-665
-592
-658
-923
-1019
-778
-585
-778
-1187
-1392
-1488
-1783
-2365
-2790
-2965
-3016
-3145
-3381
-3368
-3254
-3017
-2747
-2433
-2115
-2014
-1896
-1669
-1270
-887
-773
-526
-190
251
532
437
659
907
1285
1707
1813
1839
1581
1482
1426
1233
953
472
205
22
18
63
103
283
537
812
836
663
480
392
318
140
-221
-379
-316
-342
-334
-222
109
471
635
685
550
361
-19
-476
-769
-1014
-977
-932
-816
-383
77
565
952
1265
1535
1790
2181
2449
2506
2328
2030
1781
1441
1226
1042
632
507
595
748
616
158
-93
-396
-660
-724
-869
-1044
-1063
-989
-668
-55
421
375
249
492
1088
1584
1499
985
549
664
1114
1227
1355
1378
1310
1695
2073
2381
2461
2776
2409
1956
2089
1597
793
130
-347
-495
-258
-39
-58
187
1030
1260
1539
1215
805
1124
816
566
203
100
-76
169
72
-589
-645
-739
-574
-620
-673
-1089
-1278
-1223
-1742
-2266
-2514
-2728
-2945
-2907
-3171
-3146
-2710
-2286
-1566
-921
-780
-509
76
339
324
195
159
168
207
213
-293
-742
-505
-466
-584
-579
-489
-457
-515
24
178
252
372
279
375
387
689
661
653
1082
1439
1425
1292
1534
1908
2321
2296
2115
2070
2028
2044
1504
748
380
70
-259
-779
-1108
-1408
-1636
-1540
-1682
-1455
-1016
-635
-289
-92
325
864
1350
1539
1441
1115
1064
1100
930
767
367
110
-165
-249
-430
-715
-908
-1270
-1473
-1650
-1903
-2183
-2240
-2331
-2188
-2248
-2322
-2032
-1866
-1456
-805
-1
622
1199
1327
1383
1357
1281
905
460
454
372
600
327
275
544
973
1465
1402
1201
832
490
-72
-977
-1923
-2510
-2835
-3028
-3161
-3043
-2566
-1942
-1286
-627
79
321
326
223
36
-123
-97
-315
-680
-539
-201
87
179
265
340
633
773
698
459
146
-94
-447
-609
-502
109
660
931
1402
1968
2452
2886
3117
2880
2606
2306
1839
1348
800
479
258
215
79
-12
63
192
511
398
131
-294
-469
-766
-1448
-2032
-2464
-2602
-2545
-2214
-1714
-999
-430
217
609
837
1013
769
374
-173
-751
-1765
-2633
-3095
-3457
-3235
-2963
-2434
-1751
-1208
-350
149
602
1022
1414
1462
1119
1010
904
650
201
529
797
1221
1749
1911
1940
1981
2034
1344
602
-194
-665
-1029
-1639
-2045
-2165
-2294
-2253
-1947
-1868
-1869
-1646
-1804
-2211
-1836
-1633
-1831
-2053
-1984
-1753
-1334
-725
-683
-466
-81
313
453
335
342
153
-84
-404
-567
-569
-521
-532
-417
-1
452
976
1350
1748
2040
2349
2715
2862
3045
3091
3046
3034
3012
2818
2638
2821
2924
2803
2738
2423
2271
2162
1634
1199
798
454
15
-86
-46
27
365
316
437
663
860
915
657
623
580
586
539
437
495
418
465
597
706
880
935
794
785
780
558
119
-504
-796
-893
-938
-1072
-1239
-1101
-866
-690
-607
-600
-500
-307
-341
-557
-715
-979
-1325
-1548
-1584
-1515
-1516
-1646
-1491
-1196
-1089
-963
-1067
-1047
-819
-682
-699
-964
-1172
-1193
-1073
-760
-326
0
336
695
935
1174
1180
1002
842
511
115
-272
-751
-1133
-1363
-1464
-1379
-1258
-1137
-1015
-922
-702
-521
-598
-819
-896
-740
-558
-674
-986
-987
-781
-454
-242
-113
131
278
400
347
291
294
193
241
306
491
716
759
912
1104
1261
1278
1272
1152
1006
755
356
176
-18
-46
130
457
864
1111
1326
1602
1914
2057
2078
2048
2014
1930
1642
1288
914
725
603
571
564
506
468
377
368
387
407
430
366
231
-12
-239
-334
-425
-452
-615
-607
-502
-506
-422
-409
-327
-361
-371
-445
-572
-629
-693
-642
-767
-648
-430
-210
127
415
618
717
865
920
846
671
527
435
229
-170
-655
-886
-764
-681
-760
-812
-681
-455
-281
-364
-390
-286
-216
-189
-419
-540
-707
-1040
-1322
-1542
-1711
-1830
-1935
-2055
-1985
-1769
-1658
-1484
-1196
-856
-435
-251
-53
106
260
488
486
548
589
511
404
482
695
781
805
926
1241
1506
1591
1435
1091
1056
982
636
379
176
80
-109
-307
-448
-604
-605
-594
-657
-600
-548
-640
-719
-774
-750
-872
-990
-905
-880
-875
-861
-846
-816
-798
-726
-699
-650
-702
-1116
-1497
-1678
-1774
-1948
-2159
-2063
-1753
-1382
-1137
-921
-421
114
514
816
1158
1544
1777
1889
1942
1939
1938
1919
1699
1594
1602
1442
1249
1208
1336
1291
1178
943
817
727
559
419
39
-18
-54
-70
18
56
202
255
363
424
428
396
449
311
118
-59
-220
-439
-615
-483
-428
-392
-610
-770
-830
-751
-692
-883
-1067
-1112
-1125
-1139
-980
-831
-574
-303
-113
63
249
335
461
625
929
1055
969
988
963
1038
1219
1205
1118
1161
1090
959
673
474
275
-44
-192
-628
-655
-724
-568
-356
-300
65
51
340
409
669
485
536
537
136
-82
-100
-267
-610
-519
-696
-581
-686
-568
-729
-851
-481
-375
-452
-617
-701
-865
-1160
-960
-862
-1085
-1082
-1027
-989
-962
-449
70
346
526
636
679
626
579
655
513
394
511
369
348
505
673
533
538
813
762
529
418
202
-203
-331
-315
-313
-322
-354
-456
-615
-463
-110
-231
-285
-318
-410
-504
-346
-164
-317
-216
-348
-211
-44
114
108
106
222
56
69
-205
-411
-515
-265
-179
-290
-152
-9
90
135
271
232
419
577
680
715
879
984
870
1004
1065
1031
849
880
743
693
882
895
875
694
664
546
685
819
780
733
534
147
-246
-445
-713
-822
-947
-985
-1152
-1330
-1209
-986
-935
-757
-553
-636
-472
-296
-144
-18
290
492
608
853
917
975
984
929
814
778
905
970
862
674
546
561
633
747
515
238
203
83
-72
-158
-339
-667
-859
-1103
-1149
-1046
-905
-757
-684
-580
-509
-380
-405
-367
-322
-233
-190
-357
-415
-452
-474
-682
-910
-961
-1101
-1291
-1429
-1575
-1681
-1607
-1486
-1383
-1188
-1010
-916
-802
-381
-132
42
295
419
592
668
830
935
1028
1098
1100
1131
1197
1353
1424
1490
1653
1801
1776
1804
1748
1663
1706
1523
1283
1105
884
597
461
282
42
-112
-279
-364
-303
-199
-12
91
185
309
383
464
592
706
585
598
536
514
497
551
441
432
635
597
658
613
692
646
696
704
724
787
741
660
450
466
386
168
-64
-161
-259
-477
-701
-933
-1144
-1280
-1426
-1534
-1518
-1345
-1300
-1320
-1207
-1123
-1079
-1113
-1077
-1139
-1251
-1422
-1604
-1674
-1697
-1662
-1703
-1643
-1486
-1366
-1319
-1251
-1163
-1085
-1039
-990
-938
-867
-768
-729
-618
-485
-380
-275
-172
-50
95
207
308
399
529
580
647
712
793
936
961
1008
995
1021
1021
943
847
810
778
657
558
574
647
654
627
605
545
513
427
256
200
262
336
261
173
200
230
155
49
-24
-141
-228
-356
-522
-656
-675
-654
-597
-457
-388
-298
-211
-78
48
102
181
228
319
374
315
289
261
346
382
280
255
209
137
111
15
-51
-142
-230
-254
-264
-190
-150
-56
20
111
265
344
444
503
523
456
329
284
292
372
350
349
441
508
523
506
452
447
453
417
346
253
225
192
75
-26
-74
-103
-145
-189
-230
-287
-262
-171
-38
46
142
213
179
106
20
-98
-240
-327
-421
-566
-715
-808
-883
-998
-1114
-1142
-1137
-1077
-1012
-1050
-1096
-1074
-1027
-1072
-1096
-998
-847
-704
-567
-429
-207
-35
108
143
77
68
-16
-105
-207
-278
-319
-323
-302
-274
-233
-200
-201
-172
-182
-155
-67
-6
85
103
129
198
268
314
328
322
283
201
81
-32
-140
-181
-217
-224
-207
-184
-136
-173
-120
-31
61
145
276
433
570
720
797
833
882
970
996
968
967
978
978
977
1030
1052
1104
1198
1168
1099
1022
985
934
785
668
567
450
382
268
158
124
177
255
329
453
536
608
642
602
572
492
409
298
100
-106
-320
-494
-660
-809
-927
-1044
-1085
-1124
-1204
-1209
-1207
-1180
-1132
-1153
-1154
-1111
-1091
-1070
-1044
-1023
-939
-804
-674
-568
-465
-364
-260
-177
-184
-201
-263
-357
-403
-498
-598
-624
-570
-521
-492
-408
-315
-215
-117
-64
-36
7
43
84
96
131
167
162
200
243
250
257
259
223
202
183
132
75
40
33
-4
-53
-47
-58
-49
19
68
80
146
233
273
331
405
457
483
545
591
589
621
648
621
578
544
526
451
366
316
211
129
78
4
-82
-96
-81
-98
-86
-39
41
119
199
246
295
324
380
414
388
344
291
249
123
31
-53
-130
-162
-177
-201
-230
-257
-271
-279
-349
-365
-415
-497
-519
-510
-535
-549
-442
-347
-266
-131
1
122
239
341
384
383
425
426
371
307
273
242
179
164
145
107
98
101
78
61
58
25
-14
-51
-94
-134
-170
-228
-290
-371
-408
-405
-397
-380
-380
-346
-305
-304
-287
-280
-293
-283
-295
-305
-293
-250
-228
-215
-205
-183
-161
-151
-125
-129
-148
-161
-169
-205
-232
-264
-319
-365
-378
-377
-368
-311
-267
-231
-174
-142
-113
-89
-66
-48
-45
-16
20
75
168
270
351
444
566
654
722
817
876
899
906
884
862
830
803
756
681
640
595
556
527
510
489
463
471
467
437
418
365
307
261
225
212
228
288
335
384
445
520
584
640
669
659
626
588
516
402
326
239
152
87
39
-2
-33
-3
3
-7
-24
-37
-57
-119
-176
-245
-322
-382
-451
-508
-535
-541
-531
-536
-504
-451
-413
-378
-355
-332
-314
-310
-288
-302
-323
-329
-346
-379
-406
-396
-392
-368
-360
-353
-334
-323
-280
-269
-284
-269
-258
-290
-328
-345
-367
-383
-380
-398
-441
-460
-473
-479
-463
-414
-365
-323
-268
-195
-138
-66
31
109
178
259
311
324
341
342
312
284
262
217
159
99
38
-27
-70
-84
-112
-153
-194
-234
-284
-324
-349
-377
-372
-365
-370
-378
-386
-358
-328
-291
-233
-180
-110
-58
-13
30
59
84
97
89
48
8
-29
-60
-83
-87
-93
-91
-82
-74
-68
-41
1
3
11
23
32
45
61
89
116
149
184
192
188
214
231
246
273
291
263
217
197
171
154
158
145
116
115
120
125
140
176
201
232
264
277
276
254
263
267
260
248
204
142
88
25
-42
-83
-123
-187
-244
-274
-313
-337
-343
-346
-329
-300
-259
-246
-250
-231
-219
-218
-199
-182
-191
-199
-190
-203
-215
-201
-211
-234
-241
-255
-285
-306
-326
-360
-405
-424
-429
-459
-485
-494
-500
-500
-466
-435
-398
-343
-292
-239
-201
-153
-108
-66
-25
12
24
25
37
47
58
65
69
81
91
99
128
158
190
217
237
258
272
315
356
387
412
428
442
452
463
469
465
471
480
474
485
502
513
517
519
516
493
461
425
397
357
315
275
251
247
254
254
256
255
253
251
230
210
192
176
152
127
120
104
74
62
57
47
31
17
7
-13
-17
-25
-41
-64
-89
-113
-140
-154
-171
-200
-217
-229
-235
-238
-246
-239
-233
-225
-218
-218
-208
-194
-182
-175
-153
-127
-101
-60
-27
-9
4
7
-1
-30
-48
-61
-84
-90
-103
-123
-133
-132
-115
-107
-107
-101
-102
-100
-102
-109
-111
-93
-77
-76
-66
-61
-55
-37
-8
18
32
43
52
41
31
29
22
24
14
4
-18
-45
-62
-74
-74
-68
-67
-60
-50
-45
-37
-45
-57
-55
-42
-34
-41
-41
-37
-27
-24
-20
-25
-28
-23
-35
-55
-74
-87
-93
-95
-103
-116
-126
-130
-132
-116
-96
-73
-42
-14
11
29
47
61
73
90
98
72
34
18
14
17
39
72
93
123
155
168
170
186
194
178
166
167
164
160
172
191
203
211
225
229
230
231
220
210
196
175
144
115
92
77
69
60
36
14
-8
-44
-93
-130
-153
-193
-219
-229
-244
-255
-254
-242
-244
-247
-251
-262
-272
-274
-274
-277
-284
-277
-276
-293
-314
-344
-377
-414
-440
-455
-443
-412
-374
-342
-308
-284
-276
-273
-274
-287
-310
-316
-304
-293
-287
-281
-278
-293
-300
-294
-289
-287
-266
-222
-176
-137
-88
-54
-38
-10
11
23
35
61
78
90
116
141
166
189
201
204
202
213
217
206
208
213
226
250
284
322
354
393
416
412
392
345
293
257
250
247
251
273
291
295
298
298
273
241
231
220
197
187
191
198
205
213
218
199
169
130
92
63
46
32
23
20
19
15
13
5
-7
-14
-25
-34
-44
-61
-77
-96
-107
-116
-129
-138
-150
-165
-192
-221
-238
-246
-232
-193
-147
-104
-79
-62
-64
-85
-105
-128
-146
-146
-131
-107
-81
-55
-43
-46
-47
-57
-70
-80
-77
-61
-32
12
51
71
79
81
78
60
38
19
7
9
25
52
75
93
101
91
77
66
62
61
63
80
107
138
171
190
205
204
178
140
93
52
12
-8
2
32
76
110
128
125
119
115
91
61
39
24
28
45
67
78
81
71
40
-4
-55
-101
-129
-133
-114
-93
-70
-29
8
23
22
-4
-35
-72
-96
-109
-109
-82
-49
-5
31
53
47
5
-37
-74
-99
-100
-83
-44
7
62
112
144
156
144
118
82
59
53
53
60
82
108
146
168
176
173
157
149
138
131
142
164
195
232
263
278
264
220
159
94
35
-11
-24
-12
26
73
107
129
124
112
81
36
-16
-62
-77
-68
-53
-29
-7
0
-9
-36
-80
-135
-182
-212
-221
-209
-190
-169
-161
-156
-157
-181
-203
-235
-266
-292
-306
-306
-301
-283
-265
-252
-249
-255
-262
-268
-266
-254
-244
-230
-197
-164
-133
-111
-103
-116
-139
-156
-177
-190
-198
-193
-170
-146
-115
-90
-79
-78
-89
-103
-121
-127
-118
-94
-54
-5
44
81
98
98
90
77
72
70
72
77
91
112
130
150
161
167
164
151
143
134
144
165
181
190
186
180
181
167
148
113
75
47
35
42
52
72
93
111
119
119
107
76
33
3
-15
-18
-10
2
21
28
30
29
21
0
-33
-69
-98
-123
-127
-114
-87
-63
-39
-24
-25
-27
-43
-61
-85
-104
-112
-106
-91
-77
-59
-38
-25
-28
-43
-61
-71
-62
-34
-11
12
35
45
55
64
67
52
32
23
28
43
69
97
123
146
153
147
130
116
101
85
79
81
101
124
137
146
150
146
135
112
78
49
31
26
39
52
61
77
96
108
104
84
58
33
16
2
-4
5
16
34
38
25
1
-35
-60
-84
-99
-99
-97
-95
-95
-89
-79
-80
-86
-96
-108
-109
-111
-110
-112
-110
-99
-82
-62
-51
-51
-65
-87
-103
-111
