7
8
10
13
11
8
8
4
3
2
0
-7
-10
-11
-12
-11
-7
-11
-12
-9
-7
-10
-11
-12
-14
-12
-10
-10
-11
-5
-4
-3
0
2
1
-3
-2
-3
-4
-1
4
5
5
9
12
12
11
10
14
16
18
14
12
15
19
17
16
17
18
14
10
7
2
-1
-1
-6
-9
-9
-6
-8
-11
-11
-13
-14
-15
-15
-18
-19
-17
-15
-15
-13
-15
-15
-12
-10
-11
-9
-7
-4
-4
-3
-1
-1
1
2
1
4
4
3
5
7
7
9
14
18
16
17
23
25
20
20
18
17
19
20
16
14
18
17
13
10
11
5
0
-1
-5
-10
-5
-4
-9
-10
-6
-7
-11
-7
-9
-16
-15
-9
-9
-8
-6
-6
-6
-5
-2
-5
-6
-4
-7
-7
-2
-1
0
3
6
5
6
11
12
10
11
14
15
16
16
14
16
19
19
17
17
17
15
17
17
9
5
8
6
4
5
4
-2
-6
-7
-9
-9
-5
-8
-12
-10
-6
-8
-9
-6
-6
-10
-6
-2
-6
-6
-4
-2
-6
-5
-5
-8
-11
-7
-6
-8
-2
-1
-4
-4
-3
0
1
4
4
-3
-3
-1
-1
-2
-2
0
-1
-2
-1
-5
-6
-6
-7
-6
-7
-9
-12
-14
-13
-11
-8
-7
-12
-13
-13
-10
-4
-3
-4
-8
-7
-4
-4
-4
-2
-3
-2
-1
2
-2
-2
0
0
-2
1
3
-3
-7
-6
-5
-3
4
3
-5
-10
-5
-3
-4
1
-2
-8
-11
-8
-8
-12
-12
-11
-16
-14
-14
-19
-22
-18
-13
-15
-11
-9
-14
-13
-11
-8
-4
-2
-1
-2
0
6
8
11
12
11
11
9
9
12
15
18
13
12
13
13
12
10
8
10
11
10
2
-2
-3
-4
2
3
-1
-10
-13
-11
-14
-13
-12
-14
-18
-20
-22
-25
-25
-23
-24
-24
-23
-22
-25
-27
-22
-20
-15
-11
-9
-12
-16
-13
-7
-2
5
7
3
3
6
13
17
22
25
20
20
25
27
25
25
29
27
26
28
24
20
20
22
24
22
20
14
8
9
9
10
9
6
0
-8
-11
-13
-15
-14
-19
-22
-27
-31
-29
-29
-30
-31
-28
-27
-31
-32
-32
-31
-25
-18
-12
-16
-19
-17
-15
-7
3
6
6
8
12
13
17
26
29
31
34
37
39
39
42
45
44
44
45
46
45
42
40
40
42
41
34
25
19
21
21
20
20
11
1
-7
-6
-10
-18
-19
-21
-27
-36
-39
-35
-34
-33
-35
-38
-38
-40
-40
-37
-35
-31
-30
-25
-23
-25
-26
-21
-11
-3
0
5
10
11
17
28
33
33
33
35
37
43
45
47
52
51
48
44
44
46
41
42
46
45
38
33
31
25
20
22
22
16
7
1
0
-4
-8
-10
-10
-14
-26
-31
-34
-31
-30
-35
-35
-38
-40
-46
-45
-39
-41
-44
-37
-30
-33
-41
-36
-27
-21
-14
-9
-9
-9
-6
1
8
16
22
25
25
23
22
30
40
45
41
38
43
45
43
43
47
50
43
40
38
31
22
17
22
23
16
8
0
-1
-5
-8
-5
-7
-16
-26
-28
-27
-30
-32
-34
-38
-42
-48
-46
-45
-43
-44
-42
-38
-41
-43
-40
-36
-33
-30
-23
-20
-20
-21
-17
-10
-2
-2
-1
4
4
2
4
16
21
18
17
19
21
21
25
33
30
27
27
28
28
25
24
22
24
24
19
14
13
14
14
14
12
4
-7
-8
-7
-10
-14
-13
-17
-25
-34
-36
-33
-29
-30
-33
-37
-39
-37
-36
-34
-35
-36
-32
-31
-33
-35
-29
-24
-22
-22
-19
-14
-9
-7
-3
4
15
16
12
11
13
15
22
27
29
25
25
29
32
34
34
36
44
45
40
35
35
35
35
35
32
26
21
18
15
9
6
8
7
-2
-11
-17
-18
-16
-21
-28
-33
-34
-36
-40
-39
-38
-41
-45
-44
-44
-49
-47
-41
-37
-35
-32
-29
-27
-26
-23
-17
-8
-3
-4
-3
0
5
8
14
18
22
26
25
30
37
40
42
47
48
47
48
55
55
53
54
53
50
44
41
43
44
42
35
29
23
14
7
4
3
-3
-12
-18
-25
-34
-39
-37
-36
-42
-46
-49
-47
-46
-47
-45
-40
-39
-37
-38
-37
-34
-32
-27
-21
-19
-20
-20
-11
-6
-8
-3
5
8
11
15
21
27
33
36
40
43
44
44
51
55
53
50
54
53
49
45
43
45
41
35
29
23
20
13
9
7
-4
-12
-18
-22
-29
-37
-37
-34
-36
-40
-42
-39
-38
-38
-39
-37
-34
-37
-35
-29
-27
-27
-27
-22
-22
-28
-26
-19
-10
-7
-7
-5
-5
-3
0
3
10
15
18
21
20
23
25
33
45
45
44
45
46
43
41
42
46
48
47
45
37
28
20
14
12
7
-1
-4
-1
-2
-6
-7
-3
-4
-14
-18
-17
-16
-14
-12
-12
-12
-15
-17
-14
-12
-14
-15
-12
-14
-19
-21
-14
-7
-7
-6
-7
-10
-13
-16
-13
-8
-3
2
5
4
3
2
10
23
32
33
38
46
48
48
47
46
44
38
31
24
18
12
9
7
0
-9
-17
-18
-17
-21
-22
-17
-14
-16
-19
-19
-19
-21
-21
-22
-26
-29
-31
-27
-19
-16
-20
-24
-33
-53
-67
-71
-70
-67
-62
-56
-56
-62
-71
-79
-79
-72
-66
-57
-46
-36
-26
-12
7
14
6
5
3
1
4
14
24
25
27
22
12
2
-10
-26
-33
-30
-25
-22
-7
5
5
5
6
-3
-21
-31
-27
-20
-8
6
12
8
-1
-13
-27
-35
-37
-40
-35
-27
-24
-28
-29
-30
-43
-58
-70
-81
-91
-92
-79
-60
-38
-16
-2
5
6
6
14
26
37
45
50
59
65
65
61
54
47
35
28
31
34
41
53
62
64
56
46
33
25
21
18
19
21
22
14
7
10
12
8
8
10
13
18
31
42
41
35
23
6
-15
-33
-43
-44
-30
-11
-2
6
7
0
-10
-14
-9
-5
11
39
63
80
96
103
95
76
55
33
24
38
61
91
121
137
133
117
102
82
58
39
29
19
17
32
52
58
55
39
13
-18
-42
-54
-54
-27
13
47
70
79
66
34
-2
-35
-63
-80
-76
-61
-39
-11
21
36
35
28
8
-21
-39
-42
-31
-8
28
59
76
81
73
55
35
23
16
18
47
92
135
176
203
197
160
107
55
9
-22
-32
-34
-45
-59
-74
-89
-95
-97
-107
-113
-105
-93
-86
-79
-67
-63
-62
-61
-71
-84
-102
-121
-129
-122
-94
-54
-18
0
-5
-18
-23
-16
-5
6
13
23
36
35
21
-1
-25
-29
-5
31
71
99
110
112
106
90
64
40
22
5
-17
-35
-55
-90
-131
-152
-154
-151
-146
-157
-186
-208
-208
-201
-190
-166
-143
-127
-115
-111
-128
-157
-158
-125
-79
-7
68
99
94
77
50
27
28
36
24
18
38
60
64
58
44
16
7
33
56
52
51
56
56
77
108
97
67
46
-1
-68
-112
-132
-151
-167
-165
-156
-147
-129
-103
-86
-70
-36
-13
-11
-5
-3
-26
-53
-74
-109
-134
-121
-86
-57
-42
-42
-43
-32
1
50
102
157
193
199
204
217
219
212
197
150
67
-9
-54
-75
-84
-85
-65
-14
41
73
83
80
56
17
-11
-10
9
20
28
31
5
-21
-17
-2
-4
-21
-36
-37
-25
-1
32
68
86
80
69
51
18
-18
-32
-24
-20
-24
-7
30
49
52
72
86
78
68
79
107
123
123
98
45
-28
-78
-67
-27
-10
-11
4
34
57
75
118
160
154
123
114
121
118
95
56
34
22
1
5
24
-12
-84
-115
-99
-69
-36
15
64
90
110
144
156
137
115
92
50
-1
-51
-105
-141
-159
-188
-211
-205
-206
-220
-196
-123
-48
12
71
94
57
34
69
85
70
68
50
8
-3
36
65
84
110
127
138
171
204
224
230
204
110
-30
-125
-180
-220
-228
-205
-183
-185
-198
-188
-129
-30
48
67
73
112
122
82
22
-54
-131
-197
-239
-258
-295
-336
-371
-401
-402
-369
-310
-247
-163
-108
-90
-36
23
73
132
169
128
45
24
80
138
136
105
27
-75
-134
-155
-93
20
57
14
-54
-90
-67
-10
24
-22
-56
-55
-23
70
212
324
293
165
78
52
20
-33
-30
14
26
-38
-123
-135
-129
-93
-34
0
10
-29
-36
51
148
187
203
238
252
210
156
75
-52
-151
-155
-63
11
-30
-112
-83
-7
17
48
138
222
255
282
277
227
172
116
55
-22
-112
-163
-154
-98
-68
-109
-130
-75
6
58
60
67
112
157
170
176
202
209
165
68
-35
-109
-130
-131
-129
-77
-9
44
43
-16
-85
-130
-115
-127
-207
-228
-155
-92
-128
-208
-237
-187
-57
129
299
286
153
44
19
70
91
149
184
170
198
233
268
200
59
-38
-110
-102
-111
-93
-108
-196
-236
-214
-143
-173
-138
28
199
338
314
270
211
98
-22
-168
-160
-110
-54
-33
-128
-209
-359
-411
-396
-429
-419
-354
-164
-35
50
147
197
166
36
18
14
-25
-27
-54
13
31
-14
-45
-88
-87
-141
-177
-205
-239
-247
-248
-178
-159
-159
-86
-16
-1
-23
4
57
154
225
205
134
10
-42
-40
-37
-5
-45
-74
-50
-7
34
7
-47
-88
-105
-51
59
161
200
209
211
188
179
158
135
83
67
53
41
84
96
72
-12
-70
-19
86
253
283
187
150
190
236
168
113
101
143
230
301
339
277
187
94
6
-39
-72
-60
-69
-109
-110
-111
-55
-37
-47
-49
-30
3
-5
46
75
58
45
16
21
36
42
30
3
12
35
45
52
75
88
51
-8
-62
-108
-135
-113
19
181
243
247
239
252
228
151
74
-31
-92
-127
-145
-218
-386
-466
-435
-347
-262
-177
-70
-42
-32
-22
1
26
-6
3
29
45
10
-45
-45
-69
-88
-117
-134
-140
-181
-182
-175
-113
4
83
83
26
92
179
176
86
12
18
28
97
149
151
108
28
-23
-66
-127
-130
-79
-15
-17
-32
-54
-99
-101
-99
-61
-24
35
107
137
108
28
19
52
74
115
175
174
68
-11
-85
-197
-256
-265
-225
-150
-40
126
228
220
114
-31
-184
-251
-204
-119
-22
41
74
88
160
230
165
28
-15
-2
-1
-22
-8
-27
-103
-122
-80
-64
-125
-180
-132
-81
-49
21
107
162
165
136
127
181
227
199
74
-36
-126
-230
-348
-431
-434
-366
-284
-240
-273
-338
-358
-364
-317
-289
-284
-248
-196
-135
-139
-186
-189
-207
-269
-332
-350
-350
-299
-210
-199
-158
-99
22
155
255
332
397
484
510
467
380
338
440
580
672
693
689
721
720
694
619
579
585
607
630
648
666
651
650
681
686
678
603
490
410
320
286
317
377
400
403
391
325
265
232
220
236
185
111
101
82
41
10
24
0
-53
-72
-94
-103
-131
-159
-181
-177
-128
-102
-99
-98
-53
-32
-93
-197
-289
-310
-273
-215
-179
-195
-217
-213
-202
-235
-314
-388
-408
-375
-336
-348
-408
-503
-566
-534
-462
-441
-491
-538
-498
-412
-405
-481
-602
-704
-762
-806
-856
-879
-889
-853
-805
-733
-632
-570
-554
-518
-450
-399
-409
-452
-420
-348
-318
-328
-300
-214
-73
37
122
108
-3
-33
71
252
425
492
490
502
608
718
805
837
854
863
882
899
833
839
906
948
953
927
909
876
807
740
643
480
315
251
265
260
275
301
294
272
242
213
162
110
21
-67
-129
-142
-116
-152
-256
-297
-252
-164
-84
-73
-109
-199
-239
-232
-169
-105
-71
-46
-20
-36
-92
-77
-2
97
161
181
164
109
59
59
36
-35
-99
-118
-131
-171
-273
-367
-425
-472
-500
-527
-569
-598
-630
-617
-652
-843
-1053
-1191
-1234
-1193
-1143
-1159
-1231
-1353
-1397
-1366
-1310
-1309
-1330
-1286
-1269
-1374
-1551
-1798
-1874
-1481
-676
9
66
-319
-616
-517
-266
-7
96
-51
-181
209
1194
1813
1558
1022
845
1100
1235
1220
1248
1120
1012
1348
1888
1959
1672
1708
2098
2096
1563
1115
977
949
956
977
868
443
227
632
932
598
-87
-452
-389
-425
-565
-638
-791
-956
-834
-400
-104
-258
-374
-204
-141
-416
-758
-700
-410
-75
276
561
647
592
744
950
877
589
486
752
1047
1142
1121
1114
1216
1297
1445
1516
1414
1262
1139
1206
1176
933
772
774
832
793
642
545
506
470
319
72
-218
-496
-683
-799
-874
-1047
-1252
-1369
-1422
-1558
-1813
-2016
-2098
-2091
-2146
-2255
-2327
-2401
-2408
-2247
-2086
-2117
-2351
-2535
-2506
-2425
-2414
-2484
-2419
-1917
-935
54
438
-9
-532
-524
-148
336
625
591
403
642
1658
2523
2369
1714
1435
1738
1980
1966
1831
1552
1351
1693
2310
2385
1923
1721
2060
2248
1800
1228
902
745
707
765
702
156
-297
-95
319
266
-320
-844
-1000
-1127
-1207
-1204
-1357
-1592
-1584
-1124
-602
-520
-630
-594
-570
-767
-1038
-1089
-873
-601
-262
165
409
447
484
661
826
671
448
537
797
1057
1283
1523
1656
1621
1675
1849
1886
1641
1342
1292
1306
1163
1005
913
826
700
609
555
426
191
-65
-252
-428
-752
-1099
-1235
-1231
-1300
-1437
-1577
-1727
-1925
-2100
-2223
-2470
-2777
-2985
-3005
-2882
-2754
-2667
-2672
-2726
-2697
-2698
-2735
-2857
-3014
-3053
-2918
-2220
-1026
-22
317
-18
-436
-625
-640
-184
369
512
467
840
1897
2845
2866
2446
2068
1820
1893
2186
2492
2398
1959
2108
2680
2803
2629
2525
2457
2200
1691
1365
1067
684
670
844
789
315
-64
131
369
149
-339
-838
-1123
-1260
-1324
-1274
-1496
-1945
-1962
-1537
-998
-756
-874
-897
-1030
-1356
-1415
-1323
-1058
-706
-240
444
756
699
732
839
901
753
590
740
994
1267
1611
1877
1987
1985
2043
2310
2347
2109
1938
1876
1875
1759
1565
1479
1301
1155
1168
1144
990
628
297
160
-86
-512
-880
-1039
-1061
-1165
-1331
-1476
-1717
-2000
-2165
-2295
-2505
-2799
-3003
-3005
-3001
-3037
-2956
-2865
-2785
-2840
-3026
-3266
-3650
-3959
-3920
-3073
-1429
-210
-124
-803
-1199
-1011
-570
91
433
131
-241
538
2510
3553
2909
1882
1542
2080
2664
3081
3068
2482
2008
2661
3750
3804
3214
3052
3442
3452
2760
2307
2109
1871
1798
1793
1534
636
178
774
1217
627
-599
-1250
-1247
-1353
-1411
-1492
-1973
-2643
-2645
-1861
-1345
-1579
-1957
-1798
-1714
-2123
-2334
-2134
-1760
-1530
-1109
-424
-228
-381
-253
211
455
115
73
562
1033
1269
1431
1726
1777
1691
2005
2540
2632
2352
2278
2537
2720
2569
2460
2478
2257
2052
2008
1976
1827
1427
1159
981
564
35
-308
-330
-369
-630
-821
-986
-1292
-1719
-2112
-2322
-2662
-3042
-3109
-3032
-3148
-3398
-3457
-3316
-3408
-3727
-3902
-3876
-3951
-4152
-4278
-4426
-4369
-3540
-1895
-542
-485
-1285
-1732
-1483
-830
-144
296
163
-94
741
2529
3611
3173
2163
1766
2127
2590
2866
2853
2492
2323
3014
3852
3929
3382
3189
3557
3616
3141
2504
2035
1868
1965
2178
1943
1137
592
758
1092
719
-244
-988
-1371
-1536
-1556
-1660
-2118
-2636
-2582
-1979
-1528
-1763
-2220
-2430
-2539
-2606
-2597
-2521
-2332
-1959
-1212
-470
-215
-346
-401
-162
61
52
74
321
718
1119
1550
1934
2029
2068
2371
2708
2667
2363
2222
2424
2608
2528
2331
2080
1836
1826
1987
2027
1649
1051
678
470
216
-188
-567
-740
-776
-855
-1038
-1348
-1874
-2348
-2605
-2844
-3156
-3505
-3651
-3642
-3715
-3806
-3940
-4004
-4071
-4278
-4516
-4843
-5189
-5234
-4267
-2385
-1049
-1022
-1826
-2256
-1983
-1373
-550
-30
-230
-650
79
2169
3494
3151
2302
2020
2497
2958
3315
3423
3045
2747
3409
4422
4488
3924
3846
4322
4434
3779
3234
2979
2672
2675
2793
2533
1494
736
1155
1648
1128
-134
-1022
-1262
-1464
-1479
-1494
-2099
-2951
-3093
-2165
-1339
-1557
-2188
-2343
-2367
-2686
-2850
-2787
-2582
-2313
-1648
-604
-258
-631
-829
-565
-175
-190
-152
257
632
1040
1530
2037
2119
1855
1964
2451
2702
2548
2492
2716
2959
3001
2966
2889
2537
2288
2414
2580
2465
1965
1548
1435
1151
675
177
-133
-263
-402
-444
-540
-964
-1600
-2122
-2409
-2742
-3220
-3459
-3468
-3499
-3657
-3825
-3893
-4096
-4448
-4564
-4665
-4881
-5159
-5266
-4806
-3456
-1845
-976
-1145
-1950
-2381
-2273
-1517
-463
2
-366
-435
842
2883
3685
3189
2369
1933
2280
2927
3612
3575
2936
2909
3910
4734
4674
4265
4154
4175
3884
3407
3120
2688
2328
2504
2690
2299
1391
1046
1469
1454
665
-412
-1148
-1608
-1963
-1822
-1782
-2473
-3177
-2991
-2099
-1724
-2186
-2673
-2989
-3404
-3603
-3242
-2849
-2708
-2458
-1624
-731
-705
-1033
-977
-741
-551
-573
-356
163
606
1166
1783
2074
1877
1663
2026
2567
2624
2278
2134
2407
2773
3061
3122
2850
2335
2187
2583
2890
2629
1980
1525
1436
1270
1022
708
342
55
-241
-373
-578
-1121
-1726
-2202
-2519
-2870
-3197
-3198
-3102
-3161
-3553
-3980
-4257
-4587
-4859
-5086
-5310
-5610
-5495
-4047
-2142
-1323
-1915
-3016
-3317
-3120
-2400
-1283
-703
-1178
-1545
-43
2239
2970
2142
1226
1112
1572
2143
2855
2860
2315
2296
3610
4856
4729
4122
3875
3998
3750
3164
2924
2619
2381
2606
2831
2534
1538
1166
1797
2097
1235
-209
-1059
-1300
-1326
-1108
-1185
-1886
-2755
-2718
-1663
-1130
-1730
-2636
-3027
-3146
-3297
-3083
-2781
-2570
-2284
-1535
-465
-222
-721
-1014
-837
-472
-410
-306
149
692
1298
1855
2271
2161
1798
1874
2369
2696
2467
2267
2558
3044
3336
3317
3127
2764
2442
2531
2731
2592
2024
1570
1579
1549
1249
805
402
123
-141
-333
-549
-941
-1510
-2009
-2351
-2721
-3104
-3337
-3219
-3049
-3257
-3824
-4377
-4731
-5071
-5462
-5757
-5373
-3834
-2108
-1322
-1759
-2848
-3512
-3409
-2514
-1527
-1418
-1911
-1531
523
2580
2880
1968
950
827
1543
2451
2958
2486
1898
2427
3959
4838
4505
4015
4004
4268
4158
3704
3327
2698
2449
2931
3272
2745
1656
1403
2115
2372
1564
286
-640
-1154
-1259
-926
-1016
-1871
-2750
-2419
-1206
-733
-1417
-2365
-3020
-3412
-3494
-3240
-3079
-3001
-2574
-1628
-645
-576
-1026
-1342
-1354
-1020
-759
-702
-510
38
954
1886
2321
2179
1779
1621
1775
1971
1915
1666
1666
2021
2380
2395
2134
1983
2063
2135
1964
1661
1411
1265
1279
1120
816
371
78
223
210
-47
-585
-1220
-1695
-2126
-2447
-2577
-2872
-3169
-3139
-2766
-2756
-3331
-4206
-5033
-5890
-6496
-5155
-1639
1953
3249
2632
2022
1670
641
-570
-1767
-3339
-4714
-3824
222
3881
3994
2769
2340
2522
1696
-17
-874
-919
-795
621
3617
5872
6174
5061
4161
3341
1353
-973
-2232
-2590
-1944
-712
635
1125
670
591
852
91
-1936
-3690
-3943
-3089
-1737
93
1403
1725
1679
2144
2336
1270
-734
-2098
-2749
-3109
-2463
-1199
-192
496
1333
2307
2225
900
25
-136
-125
67
838
1882
2351
2449
2792
2708
1589
65
-671
-797
-1000
-905
-146
716
1125
1340
1246
477
-858
-1649
-1447
-1224
-1257
-994
-514
0
212
180
-232
-1418
-2485
-2584
-2101
-1720
-1594
-1377
-993
-856
-1019
-989
-1440
-2080
-2158
-1483
-435
-307
-394
-752
-1426
-2890
-3576
-1015
3496
6967
7151
5781
4387
2652
348
-1626
-3156
-5360
-5901
-2077
4127
6813
4865
2543
1508
-49
-2601
-3821
-2966
-1602
-167
2825
5929
6434
4125
742
-1894
-3632
-4829
-5089
-4351
-2359
513
2132
1641
-141
-1893
-2884
-3162
-3006
-2476
-1558
282
2981
5081
5296
3733
1535
84
-212
69
347
344
620
1042
1286
985
87
-746
-645
507
2140
3227
3645
3926
3661
3034
2121
955
-379
-1457
-1436
-521
211
289
130
-70
-489
-1105
-1637
-1857
-1713
-1132
-368
32
-232
-754
-1099
-1151
-1186
-1443
-1761
-1836
-1364
-834
-780
-1068
-1634
-1893
-1838
-1713
-1345
-1354
-1202
-852
-511
188
333
194
15
-137
151
233
-167
-660
-1427
-2322
-3091
-4222
-1689
3968
8203
8841
5896
3563
1420
-2006
-3897
-4099
-5328
-5279
-1152
5239
8157
4234
270
-1194
-2865
-4607
-4978
-2976
66
1963
4014
6299
5401
2201
-2277
-5384
-5144
-4112
-3011
-1464
518
2993
3069
713
-1495
-3725
-4549
-3402
-1432
543
1556
2842
4542
4624
3534
1614
-627
-1363
-223
1725
2941
2606
2157
1477
-161
-1530
-2427
-2340
-1022
1456
4180
5481
4999
3922
2401
505
-999
-1944
-2158
-1774
-616
1148
1919
1209
-83
-1485
-2461
-3058
-2804
-1620
-332
938
1764
1655
668
-997
-2237
-2679
-2845
-2465
-1694
-560
529
717
-43
-1458
-2823
-3134
-2797
-2099
-946
-362
52
577
581
359
-334
-1268
-1357
-1011
-454
31
-212
-998
-1801
-2985
-4543
-2020
3886
8543
9795
6959
4631
1853
-2227
-3813
-4408
-5126
-4802
-565
6421
9240
5707
1139
-1102
-2937
-4568
-4820
-2673
913
3084
5279
7194
6082
2628
-2422
-5321
-4658
-3335
-1773
-295
1681
3507
2552
-231
-3113
-5363
-5769
-3836
-770
1593
2399
2693
3212
2907
1716
-164
-1870
-1817
-8
2378
3625
2891
1249
-880
-2771
-3701
-3996
-3197
-1077
2024
5260
6673
5800
3854
1143
-912
-1830
-1809
-1058
-386
910
2480
3079
1869
-458
-2269
-3077
-2979
-1963
-345
1245
2511
2966
2432
788
-1494
-2854
-2844
-1951
-864
49
673
1383
1538
369
-1529
-3575
-4233
-3627
-2440
-959
151
139
-831
-1197
-1529
-2064
-2431
-2512
-1438
169
781
484
-399
-2784
-4482
-6167
-6523
-47
6845
10449
10012
5856
3344
-1063
-5502
-6065
-6182
-6118
-3036
4128
10540
10232
3736
-761
-2520
-4641
-5030
-3749
356
4554
5987
7838
7614
4117
-805
-6061
-6685
-3711
-1118
958
2319
3531
3511
397
-3084
-5529
-6962
-5187
-1083
2438
4150
3499
2558
1771
90
-1196
-2504
-2876
-929
2000
4519
4573
2173
-770
-3758
-5579
-5678
-4665
-2106
1440
5348
7915
7298
4716
1281
-1511
-2510
-2003
-382
839
1763
2862
3512
2443
-191
-2609
-3803
-3223
-1611
525
2530
3521
3604
2759
1174
-1033
-3083
-3408
-2226
-525
840
1347
1161
633
-535
-2444
-4334
-5498
-4903
-3314
-1119
197
-173
-1212
-2801
-3102
-2594
-2481
-2524
-2328
-1503
-10
228
-1063
-3206
-5516
-7719
-6363
1291
8825
12052
9223
4689
1881
-2253
-5108
-5744
-5688
-4831
-792
7119
12310
9957
2830
-1785
-3244
-4066
-3654
-1513
2991
6340
7343
8171
6615
2683
-2573
-6481
-5472
-1725
1405
2761
2951
2963
1339
-2276
-5422
-7090
-6932
-3912
516
3754
4511
2907
934
-705
-1953
-2413
-2440
-1356
1210
3847
4981
3514
326
-3036
-5775
-6339
-5104
-2842
29
3073
5997
7144
5757
2907
69
-1868
-1736
211
2445
3836
3601
3279
2828
1264
-672
-2532
-2804
-1672
90
1949
3073
3543
3057
2085
684
-1194
-2519
-2327
-866
664
1477
1204
377
-353
-1253
-2157
-3180
-4147
-4098
-3288
-1636
-702
-787
-1665
-3074
-3447
-3381
-2577
-1941
-1991
-1597
-596
-128
-803
-2386
-3999
-5257
-6551
-7782
-5119
2914
10199
12545
8753
3596
-140
-4580
-6314
-5021
-3361
-2065
1307
8029
11803
7898
107
-3940
-4196
-3595
-1949
1407
5935
7998
7372
6575
4271
717
-3497
-6071
-3924
730
4121
4396
2671
929
-1251
-3999
-5687
-5615
-3848
-263
3258
4301
2745
-98
-1821
-2630
-2603
-1206
176
1369
2504
3472
3197
554
-3053
-5601
-6456
-5453
-3366
-727
1859
3713
4599
3871
1685
-261
-1080
-755
558
2440
3779
3471
2119
1006
328
-854
-1812
-1936
-936
693
2026
3169
3340
2752
1954
905
43
-740
-717
110
981
1611
1663
1167
198
-740
-1568
-1921
-2041
-2005
-1316
-706
-142
-612
-2025
-2875
-3240
-2786
-2058
-1455
-969
-1002
-997
-1296
-1872
-2570
-3207
-3607
-4429
-5518
-6399
-5109
909
7998
10817
7904
2041
-2111
-4267
-4293
-2600
-1403
-1074
695
5121
8009
5554
-438
-4326
-4059
-2447
17
2849
5363
6531
5798
4883
3418
916
-1632
-3238
-1959
1535
3961
3532
1206
-1190
-2912
-4206
-4510
-3241
-1256
972
2707
2464
442
-1996
-2987
-2036
-228
1664
2479
2091
1347
690
-299
-2130
-4020
-4946
-4695
-3571
-1808
-141
1037
1584
1535
1225
676
430
1006
1750
2399
2602
2175
1747
1011
394
-19
-466
-515
-296
354
1062
1675
2218
2226
1753
1283
1284
1322
1005
652
749
1140
1435
1698
1472
496
-736
-1682
-1717
-1366
-1089
-977
-1152
-1471
-2159
-2989
-3480
-3378
-3022
-2484
-1332
-311
-506
-1689
-3169
-3767
-3680
-4197
-4312
-4707
-5461
-5487
-3787
2026
7258
7459
3414
-1425
-3408
-3431
-2337
-534
752
537
1319
4211
5442
3069
-2066
-4281
-2252
274
2972
4624
5362
5233
3988
3530
3094
1807
310
-632
138
2403
3737
2661
350
-2042
-2882
-2653
-1852
-505
137
789
1038
34
-1331
-2216
-1324
605
2137
2837
2129
357
-1359
-2272
-2544
-2629
-2862
-2942
-2896
-2759
-2031
-1289
-822
-376
108
859
1501
2040
2510
2063
1059
262
-63
317
787
1295
1661
1168
604
160
-89
-30
316
1167
1978
2518
2748
2673
2149
1458
961
784
1038
1345
1765
1786
1035
-50
-1032
-1302
-991
-748
-674
-933
-1573
-2123
-2496
-2363
-1713
-1450
-1259
-775
-710
-1284
-2390
-3287
-3676
-3933
-4331
-4433
-4656
-5400
-5975
-4420
1188
6403
6891
3070
-1554
-3506
-3539
-2112
205
1077
326
776
3191
4300
1754
-2707
-4105
-2101
861
3791
5463
5727
4532
2909
2675
2941
2648
1757
1012
1799
3723
4585
3083
104
-2418
-2739
-1451
413
1460
1108
551
-70
-836
-1285
-1020
287
1731
2634
2777
1481
-535
-2042
-2579
-2213
-1716
-1698
-2220
-2991
-3218
-2656
-2111
-1538
-873
-225
579
1340
1936
1882
838
-203
-473
-88
696
1302
1633
1539
798
111
-294
-406
-162
393
1564
2637
2847
2629
2328
2121
1841
1461
1404
1691
2048
2199
1942
1132
70
-906
-1217
-613
57
72
-779
-1623
-2155
-2273
-1916
-1679
-1309
-1154
-1126
-1430
-2237
-3283
-4054
-4567
-4816
-4320
-4145
-4342
-5243
-6479
-6577
-4593
2
4594
5533
2645
-1068
-3053
-2611
-899
788
1252
-9
-219
1400
2335
724
-2304
-3254
-1276
1512
3832
4924
4565
3524
2758
2807
3482
3617
3206
2750
2740
3506
3518
2034
-223
-1961
-1959
-459
1148
1628
636
-767
-1345
-1159
-645
134
769
1284
1362
794
-156
-1459
-2310
-2517
-2405
-2145
-2101
-2524
-3287
-3727
-3205
-2098
-1274
-714
-164
355
785
870
644
64
-370
99
1251
2417
2652
1901
822
286
625
1182
1472
1499
1826
2293
2587
2674
2686
2891
2926
2891
2870
2777
2645
2432
2125
1505
779
295
321
762
1118
1100
317
-963
-2208
-2762
-2392
-1546
-847
-924
-1168
-1758
-2683
-3367
-4364
-4677
-4320
-3773
-3246
-3388
-4368
-5433
-6501
-7171
-6431
-4250
768
5276
5557
2386
-1687
-3234
-2485
-1044
467
424
-1242
-1130
1059
2411
1035
-2046
-2386
-172
2109
3895
4595
4411
3687
2931
3245
4060
4165
3683
2551
1660
2066
2401
1984
593
-943
-978
-56
830
797
-442
-1348
-1072
-444
364
849
797
246
-770
-1401
-1899
-2493
-2461
-1960
-1412
-1006
-1166
-1893
-3135
-4034
-3551
-2339
-850
463
808
380
-284
-407
-46
-70
127
1032
2085
2664
2180
1303
755
648
1063
1533
1854
2074
2186
2384
2709
3062
3422
3346
2861
2457
2302
2405
2442
2256
2061
1796
1540
1438
1325
1026
410
-339
-946
-1194
-1130
-1062
-1061
-1077
-837
-1074
-1846
-2622
-3314
-3486
-3787
-3789
-3404
-3038
-2734
-2966
-3997
-5631
-6719
-7144
-6529
-5146
-1539
3687
6316
4734
149
-3212
-3817
-2242
655
2818
2198
-82
-458
958
1661
-260
-1843
-614
1932
3998
4522
4132
3079
2052
1809
3027
4568
5027
4179
2479
1756
1908
2071
1355
-356
-1666
-1606
-393
722
718
-368
-1237
-1699
-1544
-938
-755
-1038
-1874
-2376
-2080
-1635
-1229
-872
-860
-1032
-1356
-2108
-2978
-3599
-3083
-1675
-535
-80
-444
-1231
-1651
-1259
-109
1096
1747
2211
2451
2285
1907
1406
1048
1067
1558
2350
2833
2727
2372
2155
2115
2101
2114
2207
2267
2314
2429
2437
2372
2213
1916
1690
1469
1178
633
-225
-660
-531
-251
-249
-767
-1472
-2018
-2161
-2071
-2093
-2439
-2796
-3103
-3330
-3195
-3090
-2990
-3351
-3946
-3932
-3950
-4202
-4525
-4959
-5059
-4801
-4816
-3665
-486
3337
5312
3315
-162
-1979
-1817
39
2098
2444
901
-766
2
2345
2437
673
-253
646
2229
2741
2875
3295
3635
4164
5048
5513
5097
3570
1579
500
582
1567
2177
1338
-79
-1069
-1053
-436
-526
-1514
-2534
-2778
-2077
-1454
-1484
-1828
-2237
-2119
-1512
-1064
-1117
-1463
-1603
-1429
-1296
-1223
-1347
-1928
-2290
-2013
-1506
-1206
-1168
-887
-323
285
1081
1627
1733
1726
1727
1739
1598
1638
2204
2759
3004
3037
2894
2557
2150
1997
2167
2479
2807
3095
3201
3028
2442
1663
1228
1334
1732
1929
1612
1079
361
-448
-854
-701
-397
-384
-752
-1217
-1678
-2309
-2690
-2887
-3023
-3261
-3740
-3880
-3814
-3378
-2799
-2911
-3414
-4121
-4728
-4518
-4129
-3778
-3400
-3731
-4053
-4137
-3944
-1324
2763
5091
3785
-330
-2593
-1318
1271
3777
4160
1755
-986
-1666
579
2599
1832
1044
2043
3865
4686
3844
2838
2259
1931
2550
3852
4327
3584
1642
-28
-179
700
1769
1455
-440
-2061
-2305
-1375
-359
-599
-1554
-2351
-2726
-2484
-2323
-2135
-1713
-1441
-1388
-1667
-1886
-1583
-981
-500
-239
-342
-649
-1182
-1818
-1793
-1324
-629
73
536
974
1242
1485
1778
1584
1082
895
1205
1981
2699
3177
3538
3645
3520
3293
2954
2688
2560
2466
2593
2868
2920
2492
1631
941
810
1085
1595
1699
1246
522
-99
-241
-99
144
294
-92
-953
-1678
-2132
-2374
-2478
-2600
-2772
-3237
-3899
-4171
-4124
-3908
-3516
-3168
-3049
-3415
-3835
-3969
-3615
-2769
-2086
-2379
-3491
-4257
-4336
-3910
-3568
-2374
1255
4852
5047
1429
-2433
-2776
-152
2786
4504
3625
514
-1117
1083
4925
5542
2356
-91
314
1680
2574
3171
3606
3387
2380
2087
2444
2202
1460
529
283
1118
2313
2549
762
-1938
-3039
-2058
-583
-92
-1001
-2269
-3140
-3363
-2962
-2477
-1942
-1279
-783
-738
-1189
-1747
-1767
-1404
-852
-129
269
177
-639
-1377
-1300
-668
169
738
709
162
-201
260
1456
2281
2413
2303
2418
2910
3407
3812
3814
3541
3320
3173
2973
2686
2324
2142
2155
2090
2149
2025
1798
1600
1475
1591
1727
1514
903
398
187
217
110
-248
-787
-1365
-1660
-1850
-2081
-2441
-2852
-3285
-3452
-3460
-3218
-3017
-3408
-3444
-3410
-3341
-3290
-3523
-3675
-3448
-2890
-2230
-1748
-2254
-2862
-3552
-3984
-3705
-3581
-2893
-104
3776
4991
1974
-2007
-2400
426
3192
4683
3992
588
-2216
-556
4018
5711
2419
-306
700
2142
2082
1623
2184
2835
2429
2561
3334
2951
1520
17
-567
215
1447
1924
406
-2275
-3244
-2085
-621
-246
-868
-1595
-2052
-2379
-2113
-1672
-1555
-1500
-1546
-1697
-2151
-2280
-1603
-758
-408
-379
-639
-1355
-2203
-2310
-1171
175
966
1089
398
-638
-1073
-23
2129
3608
3668
2864
2045
1871
2184
2727
3293
3475
3261
2885
2474
2283
2241
2379
2731
2845
2533
2093
1826
1994
2088
1911
1592
1021
592
373
306
256
22
-242
-602
-1156
-1572
-1751
-1775
-1908
-2222
-2407
-2616
-2851
-3053
-3302
-3466
-3664
-3643
-3443
-3147
-2836
-2730
-2673
-2770
-3054
-3249
-3369
-3133
-2645
-2352
-2335
-2904
-4133
-3907
-552
3563
4439
888
-2270
-1306
1715
3897
3853
1981
-787
-1677
1568
5774
5547
1616
-478
1089
3014
3035
2909
3225
2864
1939
2054
2754
2247
826
2
436
1409
2252
1997
127
-1739
-1626
180
1192
370
-1293
-2535
-2958
-2460
-1461
-1092
-1606
-2240
-2499
-2647
-2881
-2787
-2089
-1246
-579
-107
-358
-1291
-2292
-2251
-1097
369
1286
1249
267
-844
-679
813
2393
2532
1526
913
1310
2415
3344
3630
3474
3059
2661
2561
2657
2951
3307
3430
3330
2958
2468
2134
1926
1756
1647
1574
1597
1531
1246
910
407
-202
-907
-1520
-1695
-1592
-1406
-1461
-1877
-2418
-2899
-3148
-3031
-2750
-2518
-2547
-2906
-3383
-3604
-3458
-2947
-2717
-3124
-3320
-3382
-3119
-2878
-3020
-3030
-3130
-3264
-3095
-2735
-2704
-2854
-2836
-563
3214
4357
2125
-920
-1091
1471
3653
4671
4373
1539
-703
1005
5082
6478
2727
-357
871
2820
2803
2105
2329
2798
2126
1930
2942
2674
1265
286
407
1381
1967
1824
390
-1923
-2351
-491
855
128
-1947
-3538
-4016
-3958
-2900
-1860
-2014
-2874
-3590
-3654
-3352
-2816
-1908
-972
-654
-528
-819
-1516
-1809
-1172
100
617
90
-491
-418
339
1542
2552
2741
1872
871
1032
2234
3648
4399
4344
3828
3287
3039
3328
3737
3776
3623
3389
3464
3527
3419
3283
2804
1973
1082
570
611
742
425
-78
-631
-1093
-1447
-1690
-1658
-1631
-1750
-1940
-2122
-2229
-2349
-2624
-2900
-3120
-3395
-3627
-3926
-4185
-4107
-3801
-3445
-3559
-3889
-4143
-3944
-3257
-2639
-2075
-1649
-1906
-2508
-2913
-2536
-1488
-870
-1545
-1499
1263
4368
4338
696
-1630
337
3626
5265
4991
2877
-377
-1215
2692
7655
6964
1727
-518
1548
3358
2702
2160
2917
2612
747
548
1606
1645
651
171
959
1504
1174
88
-1895
-3339
-2405
-281
151
-1721
-3806
-4237
-3797
-2978
-1970
-1922
-3042
-4082
-3777
-2694
-2354
-2524
-2185
-1534
-887
-286
-4
-59
-302
126
809
790
365
461
1163
1788
2123
2360
2376
1801
1514
2409
3848
4631
4337
3894
4033
4392
4521
4335
3972
3515
3324
3390
3158
2445
1646
1162
996
840
720
725
339
-260
-595
-550
-550
-905
-1275
-1373
-1531
-1948
-2294
-2405
-2443
-2817
-3251
-3596
-3881
-4092
-4167
-4153
-3969
-3814
-3681
-3471
-3380
-3210
-3029
-2739
-2370
-1838
-1534
-1607
-1801
-1937
-1719
-1561
-1459
-1410
-1513
-1723
-1402
1127
4049
4154
1168
-859
1096
4520
5687
4510
2783
601
50
2573
5863
5275
702
-1199
1478
3731
2731
1130
1023
1156
61
255
1908
1836
148
-973
-287
731
646
-44
-1251
-2535
-2284
-823
-594
-2147
-3817
-3622
-2685
-2429
-2452
-2719
-3182
-3294
-2466
-1328
-1023
-1379
-1099
-366
-152
-159
-151
112
178
336
843
1119
890
923
1806
2827
3254
2970
2570
2271
2355
3042
3933
4211
3687
3300
3361
3484
3229
3064
3170
3185
2938
2590
2346
1919
1580
1467
1295
789
129
-230
-272
-223
-215
-432
-1148
-1873
-2173
-2092
-2061
-2219
-2275
-2387
-2664
-3071
-3215
-3070
-2999
-3095
-3221
-3154
-3014
-2982
-2937
-2785
-2478
-2354
-2669
-2870
-2495
-1650
-1052
-1159
-1473
-1518
-1356
-1099
-622
-266
-74
-253
-359
-416
53
2112
3799
3057
607
-244
1864
4168
4088
3220
2053
52
-201
2159
4850
3560
-448
-886
1591
2119
530
-58
1084
1125
-675
-621
679
569
-373
-768
-286
-474
-1478
-1747
-1695
-1740
-1110
-635
-1368
-2851
-3746
-2880
-1826
-1437
-1116
-1292
-1827
-2252
-2163
-1622
-1214
-786
64
412
94
-140
103
942
1572
1854
1737
1060
659
1354
2477
2982
2640
2249
2502
2523
2275
2468
3213
3825
3680
3246
2813
2292
1906
2237
3029
3245
2568
1511
757
465
716
1278
1292
439
-555
-846
-501
-417
-768
-1100
-1369
-1449
-1365
-1243
-1275
-1648
-2018
-2285
-2563
-2783
-2780
-2601
-2473
-2525
-2597
-2616
-2742
-2746
-2539
-2116
-1886
-1948
-1741
-1266
-702
-480
-685
-1012
-1116
-898
-301
223
42
-316
-640
-534
-327
-556
-1014
-1250
269
2891
3848
1863
-669
-337
1963
3547
3392
2562
608
-1328
-308
3151
4570
1253
-2062
-1057
1370
1127
-251
-94
808
98
-694
213
622
-727
-1888
-1012
539
539
-452
-1093
-1247
-1010
-242
78
-606
-1839
-2126
-1265
-642
-671
-1065
-1475
-1598
-1344
-857
-544
-749
-953
-624
-231
203
525
945
1222
1111
1056
1283
1610
1800
1894
1895
1949
1931
2018
2109
1881
1753
1926
2314
2461
2380
2407
2446
2129
1714
1704
1990
2204
1973
1536
879
220
165
568
881
632
163
-214
-668
-1237
-1328
-879
-506
-643
-1161
-1590
-2010
-2331
-2358
-2198
-2080
-2047
-2057
-2222
-2422
-2305
-1924
-1719
-1850
-1949
-1809
-1653
-1823
-1975
-1759
-1284
-847
-1056
-1553
-1649
-1052
-252
-51
-333
-728
-857
-821
-664
-318
-319
-421
-680
-615
675
2140
2432
1096
-267
329
1588
2183
2033
1636
556
-382
645
2632
2487
-373
-1789
30
1651
629
-906
-790
30
-297
-257
647
733
-566
-1338
-290
1082
1048
198
-349
-614
-696
-544
-208
-106
-595
-1179
-1314
-1087
-833
-982
-1277
-1121
-729
-605
-884
-1208
-816
69
838
1354
1177
736
460
716
1406
1847
1891
1793
1699
1658
1819
1974
1964
1640
1257
1440
1933
2287
2253
1948
1740
1648
1643
1816
2056
2049
1650
1134
921
983
1040
760
231
-288
-600
-674
-673
-687
-846
-1131
-1363
-1428
-1196
-1038
-1098
-1209
-1313
-1319
-1339
-1463
-1556
-1531
-1425
-1392
-1673
-2059
-2296
-2418
-2347
-2057
-1662
-1457
-1744
-2065
-1955
-1426
-779
-535
-707
-922
-937
-585
-179
116
57
-462
-1122
-1291
-941
-498
448
1571
1897
967
-144
165
1303
1888
1979
2006
1112
32
486
2188
2615
537
-879
213
1184
248
-772
-127
1054
452
-385
123
843
585
-55
383
1410
1275
156
-492
-277
219
186
-228
-414
-801
-1401
-1743
-1524
-840
-567
-740
-811
-864
-883
-782
-516
106
588
724
728
470
543
861
1109
1212
1058
1051
1243
1219
986
895
1103
1624
1792
1447
1276
1488
2038
2465
2589
2564
2241
1768
1439
1416
1583
1617
1265
766
267
-28
-3
106
160
-28
-407
-700
-738
-682
-592
-583
-627
-822
-1279
-1587
-1649
-1511
-1400
-1442
-1539
-1752
-2075
-2180
-2096
-2046
-2146
-2329
-2353
-2344
-2316
-2113
-1767
-1500
-1468
-1468
-1265
-1060
-1045
-1038
-802
-551
-469
-660
-672
-576
-562
-608
-807
-872
-892
-953
-890
-376
540
1277
955
357
542
1080
1443
1263
1368
1411
890
756
1229
1323
389
-447
129
945
333
-532
-571
78
232
72
686
1180
671
-274
-386
542
1353
1154
553
246
145
133
-136
-92
56
-359
-971
-1253
-939
-738
-1092
-1145
-534
-137
-434
-967
-874
-99
357
520
489
308
239
384
1060
1625
1405
773
506
841
1420
1707
1738
1692
1483
1536
1773
1931
1806
1502
1576
1925
2066
1859
1578
1456
1457
1384
1260
1121
869
594
436
466
494
307
-49
-169
-19
51
-212
-775
-1130
-1204
-1128
-1065
-1213
-1458
-1769
-2026
-2018
-1728
-1497
-1607
-1997
-2211
-2093
-2018
-2092
-2151
-2029
-1846
-1756
-1699
-1705
-1884
-2025
-1883
-1477
-1203
-1300
-1524
-1510
-1188
-832
-593
-548
-600
-699
-694
-601
-494
-74
666
1355
1536
1246
1047
848
725
904
1376
1610
1205
973
1111
1109
693
413
820
1188
1029
941
1047
1073
800
749
1190
1367
1042
561
342
408
587
677
539
186
-144
-205
-222
-205
-240
-513
-826
-950
-702
-392
-369
-442
-489
-692
-951
-1016
-678
-170
39
154
207
218
270
399
758
1027
909
675
673
1007
1460
1620
1446
1130
936
1202
1692
2028
2092
1863
1675
1618
1675
1871
1927
1784
1510
1262
1219
1192
970
627
362
347
368
261
48
-92
-123
-183
-284
-503
-757
-979
-1093
-1057
-1112
-1306
-1558
-1719
-1661
-1532
-1506
-1692
-2113
-2501
-2628
-2486
-2237
-2124
-2195
-2296
-2310
-2141
-1930
-1760
-1652
-1521
-1356
-1161
-948
-774
-638
-635
-592
-581
-637
-625
-584
-399
-288
-363
-527
-611
-164
676
1324
1397
1146
959
863
985
1408
1886
1750
1221
1144
1350
1267
754
380
432
359
362
595
621
346
56
283
577
417
193
218
369
477
573
575
245
-311
-457
-141
97
21
-297
-550
-640
-655
-610
-601
-614
-592
-621
-745
-836
-861
-695
-445
-196
47
100
83
91
249
608
870
907
863
891
1059
1276
1429
1575
1641
1639
1758
1836
1780
1635
1566
1737
1863
1832
1675
1321
1042
979
1086
1184
906
513
325
260
225
30
-135
-135
-177
-339
-581
-789
-842
-865
-882
-916
-1071
-1256
-1418
-1500
-1479
-1526
-1728
-1969
-2079
-1982
-1768
-1700
-1816
-1986
-2000
-1784
-1517
-1364
-1386
-1449
-1380
-1099
-698
-409
-390
-543
-574
-404
-116
73
59
-27
-158
-206
-161
-66
51
44
161
522
919
1131
1012
1011
1031
1013
1063
1066
1027
682
570
853
1008
789
338
40
-173
-298
118
713
722
171
-169
118
405
357
249
275
281
211
184
136
28
-127
-124
-3
29
-15
-140
-199
-87
38
83
8
-127
-273
-410
-388
-186
-58
-63
-52
165
466
548
529
593
759
886
863
858
1033
1189
1209
1135
1017
940
829
837
1040
1139
992
779
732
885
920
819
753
600
509
459
551
642
403
52
-158
-153
-67
-92
-221
-360
-485
-518
-488
-510
-667
-829
-836
-786
-760
-782
-785
-820
-898
-942
-944
-978
-1102
-1124
-1078
-1153
-1292
-1327
-1118
-882
-802
-880
-980
-972
-736
-386
-134
-51
-112
-205
-344
-343
-152
21
-23
-270
-427
-382
-309
-326
-516
-703
-687
-421
-35
264
439
494
309
16
25
323
548
267
-39
161
418
314
-38
-178
-77
-128
-90
244
418
276
124
348
660
620
427
367
470
642
849
961
879
660
549
575
562
523
452
475
591
538
314
51
-22
30
-64
-218
-293
-392
-509
-499
-288
-1
-46
-290
-460
-470
-319
-264
-214
-101
-10
39
26
5
45
112
190
332
325
303
358
501
646
504
289
127
70
120
204
401
507
435
359
376
434
372
244
269
358
409
377
377
377
250
41
-183
-246
-224
-197
-136
-86
-83
-173
-373
-490
-463
-487
-574
-739
-863
-897
-918
-886
-923
-1085
-1222
-1231
-1072
-907
-882
-922
-927
-845
-711
-675
-816
-949
-997
-936
-799
-759
-764
-843
-984
-1021
-980
-641
-137
184
224
73
88
169
341
621
836
726
381
449
822
1037
883
606
499
445
679
1222
1419
1129
816
1074
1488
1451
1280
1268
1352
1258
1108
1104
1071
906
806
815
651
275
-136
-270
-112
-22
-156
-560
-941
-1051
-984
-904
-950
-1124
-1268
-1267
-1104
-824
-750
-849
-941
-978
-924
-1003
-1059
-904
-671
-409
-232
-194
-292
-502
-517
-133
324
600
648
621
712
811
955
1119
1111
969
847
881
1069
1188
1178
1170
1009
827
733
798
1043
1181
1157
1037
912
869
881
857
801
646
365
77
-113
-69
4
-136
-470
-821
-979
-987
-1006
-1088
-1247
-1409
-1431
-1354
-1260
-1273
-1442
-1597
-1698
-1664
-1489
-1285
-1168
-1279
-1452
-1492
-1367
-1245
-1212
-1157
-1073
-959
-934
-929
-714
-294
143
445
545
728
858
837
991
1239
1519
1356
1104
1346
1628
1631
1396
1280
1354
1329
1513
1962
2050
1731
1494
1661
1853
1717
1598
1620
1503
1237
1095
1053
939
665
458
331
11
-326
-549
-605
-556
-702
-995
-1341
-1582
-1640
-1724
-1806
-1857
-1999
-2090
-1997
-1752
-1520
-1601
-1771
-1809
-1750
-1609
-1487
-1334
-1130
-953
-745
-460
-335
-298
-195
80
515
686
680
711
907
1243
1435
1452
1384
1328
1412
1609
1785
1850
1771
1686
1720
1742
1652
1526
1465
1465
1373
1216
1195
1248
1169
956
730
554
314
12
-169
-234
-277
-465
-803
-1149
-1376
-1452
-1478
-1593
-1796
-1962
-2052
-2045
-2031
-2041
-2042
-2059
-2049
-2046
-2052
-1950
-1795
-1686
-1631
-1608
-1435
-1207
-1030
-884
-844
-780
-737
-655
-470
-258
200
661
965
1076
1090
1262
1327
1510
1819
2031
1977
1797
2082
2377
2192
1834
1679
1752
1636
1609
1906
1943
1567
1311
1609
1869
1569
1142
960
859
612
537
582
410
-17
-396
-502
-654
-935
-1158
-1268
-1359
-1567
-1843
-2067
-2148
-2143
-2143
-2214
-2313
-2439
-2472
-2195
-1797
-1556
-1659
-1784
-1614
-1278
-1033
-950
-846
-684
-490
-286
-10
260
367
426
590
958
1258
1374
1451
1596
1798
1929
2038
2131
2179
2126
2100
2100
2033
1935
1792
1781
1779
1639
1455
1279
1175
1038
841
746
664
506
316
141
51
-115
-344
-535
-729
-1014
-1317
-1436
-1390
-1435
-1686
-1986
-2174
-2245
-2278
-2307
-2284
-2229
-2136
-1985
-1824
-1699
-1665
-1660
-1558
-1352
-1140
-1017
-960
-834
-634
-463
-322
-184
-19
101
193
315
404
578
978
1567
2028
2065
1878
1736
1656
1777
2064
2261
2064
1667
1703
1954
1918
1592
1324
1293
1193
1164
1351
1301
983
814
1014
1139
747
258
62
-10
-126
-254
-371
-568
-833
-916
-851
-1033
-1446
-1795
-1822
-1560
-1477
-1673
-1960
-2076
-1937
-1819
-1799
-1848
-1942
-1893
-1640
-1329
-1144
-1209
-1243
-1050
-779
-511
-393
-379
-278
-62
309
658
802
832
865
1080
1404
1551
1562
1638
1771
1916
1922
1860
1837
1753
1683
1634
1607
1505
1339
1306
1369
1284
1019
767
695
739
679
508
311
136
7
-82
-211
-416
-657
-852
-925
-991
-1128
-1271
-1349
-1377
-1459
-1603
-1701
-1771
-1807
-1746
-1612
-1505
-1507
-1542
-1468
-1296
-1152
-1057
-946
-780
-589
-448
-356
-266
-146
6
121
223
280
297
367
460
538
588
735
1096
1465
1597
1461
1387
1357
1376
1516
1632
1535
1146
1090
1432
1552
1240
805
609
491
403
643
814
503
105
117
374
234
-203
-395
-402
-447
-466
-465
-578
-787
-861
-709
-738
-1056
-1296
-1319
-1210
-1181
-1309
-1446
-1552
-1468
-1291
-1236
-1286
-1434
-1513
-1342
-1006
-669
-526
-546
-460
-289
-143
-36
55
264
512
652
728
753
791
897
1028
1175
1234
1154
1176
1353
1573
1654
1548
1448
1400
1358
1362
1375
1283
1123
961
948
939
742
557
471
452
349
138
61
54
0
-64
-151
-235
-427
-628
-666
-643
-664
-798
-946
-1021
-1062
-1093
-1151
-1240
-1316
-1364
-1354
-1289
-1219
-1137
-1017
-885
-806
-783
-761
-694
-577
-407
-233
-127
-98
-139
-146
-101
-59
-36
-44
-29
-9
-60
-51
139
561
911
997
892
805
785
755
931
1116
1066
751
638
963
1074
761
403
283
252
145
244
398
231
-6
112
435
337
-61
-158
15
76
-57
-126
-150
-246
-311
-259
-301
-579
-835
-870
-746
-742
-965
-1169
-1215
-1111
-1007
-987
-1027
-1113
-1126
-929
-656
-561
-623
-653
-470
-258
-182
-144
-109
-22
79
219
387
443
421
457
611
791
861
825
859
1029
1199
1286
1258
1236
1208
1141
1108
1116
1107
956
811
773
804
725
504
389
370
352
313
340
427
378
250
166
146
108
11
-10
-47
-146
-233
-302
-363
-519
-667
-706
-731
-798
-878
-916
-906
-912
-916
-838
-762
-720
-696
-642
-528
-468
-472
-488
-459
-406
-375
-355
-363
-381
-414
-374
-316
-307
-320
-384
-371
-210
169
518
606
493
394
378
327
410
527
469
213
218
638
837
586
265
207
242
210
374
536
376
191
388
803
781
406
244
303
273
127
86
68
-37
-109
-65
-136
-428
-642
-565
-407
-558
-900
-1044
-956
-804
-769
-822
-881
-1004
-1088
-984
-798
-746
-821
-850
-689
-533
-509
-469
-335
-116
-31
-53
-16
95
226
306
382
447
459
479
638
889
1001
921
803
806
811
724
676
685
719
717
728
764
727
648
642
695
667
525
495
619
688
644
564
536
456
302
231
225
176
38
-57
-55
-91
-227
-355
-376
-352
-379
-487
-607
-681
-707
-681
-615
-570
-609
-669
-630
-528
-505
-575
-590
-509
-482
-558
-620
-598
-534
-480
-426
-404
-472
-563
-574
-478
-374
-362
-406
-382
-181
76
191
157
116
104
34
34
175
242
160
194
589
878
708
426
325
360
385
536
782
726
498
597
973
1074
815
679
714
619
389
310
372
300
164
166
185
0
-195
-205
-158
-288
-596
-761
-711
-635
-648
-748
-845
-909
-961
-930
-845
-823
-864
-871
-772
-689
-673
-607
-410
-157
8
77
140
202
202
153
134
218
365
496
639
774
805
742
706
735
756
707
690
797
923
998
1018
1054
1065
1066
1148
1234
1252
1180
1101
1089
1066
1008
936
853
780
707
638
547
397
205
46
-17
-55
-154
-320
-447
-478
-454
-448
-475
-526
-637
-768
-823
-784
-746
-785
-831
-830
-819
-814
-804
-787
-785
-794
-779
-753
-749
-740
-695
-627
-600
-638
-681
-689
-674
-658
-611
-508
-351
-189
-46
72
115
127
173
279
408
439
426
451
530
613
599
553
455
344
325
433
581
604
535
477
474
485
471
445
404
296
158
48
-7
-41
-135
-250
-360
-476
-582
-658
-745
-852
-985
-1077
-1067
-1081
-1170
-1275
-1321
-1285
-1230
-1144
-1023
-957
-974
-985
-937
-864
-797
-682
-506
-351
-234
-144
-39
88
164
216
244
255
298
406
588
753
840
849
861
931
1025
1109
1132
1125
1119
1163
1271
1349
1340
1244
1199
1193
1172
1158
1070
956
808
709
707
650
519
320
143
43
-28
-73
-174
-313
-419
-484
-510
-553
-568
-565
-566
-563
-580
-611
-648
-652
-616
-591
-608
-640
-628
-578
-508
-428
-335
-236
-197
-201
-193
-168
-131
-93
-30
32
44
2
-24
-14
-25
-43
-37
-23
-55
-95
-86
-11
114
242
329
312
245
179
147
118
90
94
70
26
-3
7
15
-51
-166
-268
-317
-302
-219
-132
-102
-107
-106
-84
-50
-39
-30
-37
-83
-145
-165
-168
-195
-195
-188
-187
-231
-303
-309
-307
-322
-326
-320
-314
-345
-364
-317
-225
-144
-82
-29
-6
9
70
161
213
218
204
223
295
359
381
387
399
435
472
473
461
458
466
551
679
756
787
778
792
804
829
872
837
779
716
730
775
735
688
602
486
393
310
303
279
178
67
-37
-86
-115
-137
-149
-207
-284
-358
-408
-401
-388
-387
-405
-455
-480
-490
-498
-503
-523
-506
-468
-460
-480
-512
-531
-522
-488
-437
-395
-379
-350
-322
-303
-294
-303
-271
-224
-170
-128
-111
-65
-27
-16
-28
-9
60
116
165
198
225
220
199
191
173
141
87
66
93
79
19
-60
-97
-101
-124
-144
-207
-276
-305
-273
-222
-213
-235
-250
-266
-303
-357
-423
-463
-497
-511
-514
-564
-616
-651
-662
-686
-747
-789
-778
-723
-671
-635
-608
-564
-485
-386
-285
-196
-106
-46
17
92
154
217
259
322
398
445
499
559
618
686
724
736
761
818
915
1000
1055
1083
1097
1125
1142
1127
1069
987
918
853
798
748
688
613
511
415
354
287
229
173
111
56
-17
-99
-182
-252
-314
-365
-420
-484
-555
-607
-608
-603
-626
-688
-735
-709
-644
-576
-528
-491
-467
-433
-382
-346
-339
-347
-323
-259
-158
-53
36
98
163
265
352
416
464
510
567
617
684
787
884
928
922
904
909
898
864
819
717
639
577
545
540
429
275
112
-28
-113
-204
-270
-383
-528
-630
-705
-759
-860
-954
-1016
-1105
-1199
-1288
-1347
-1375
-1408
-1427
-1456
-1521
-1557
-1522
-1450
-1385
-1374
-1341
-1255
-1152
-1037
-951
-857
-755
-665
-553
-433
-307
-175
-43
54
109
138
204
329
431
512
581
668
755
825
921
1002
1052
1091
1124
1149
1169
1169
1156
1154
1145
1115
1086
1059
1018
942
835
733
631
534
470
403
327
259
191
145
109
37
-49
-115
-180
-232
-264
-282
-313
-361
-397
-419
-432
-431
-417
-410
-405
-403
-384
-320
-261
-222
-216
-225
-216
-167
-88
-34
-17
-7
23
88
181
258
319
394
467
534
588
630
677
742
813
856
892
929
976
1017
1041
1049
1035
1034
1010
964
943
916
886
824
750
690
608
516
422
331
241
128
10
-102
-222
-369
-519
-633
-727
-807
-888
-978
-1065
-1146
-1200
-1248
-1325
-1415
-1492
-1545
-1542
-1514
-1506
-1517
-1516
-1471
-1414
-1354
-1300
-1247
-1177
-1104
-1000
-879
-757
-653
-556
-417
-257
-120
-8
92
194
304
423
539
642
737
830
927
1029
1094
1146
1212
1249
1276
1300
1324
1350
1339
1282
1209
1132
1052
973
877
751
620
476
338
229
131
32
-84
-215
-338
-464
-553
-606
-676
-756
-827
-879
-911
-944
-974
-979
-993
-1034
-1064
-1059
-1034
-1002
-957
-909
-855
-787
-702
-593
-470
-353
-235
-125
-13
109
225
319
391
451
508
577
673
778
868
944
1021
1095
1154
1189
1224
1282
1325
1340
1337
1306
1244
1174
1114
1054
1009
939
821
686
558
457
364
263
142
4
-131
-232
-322
-433
-535
-641
-735
-825
-914
-973
-1021
-1052
-1087
-1134
-1177
-1218
-1256
-1263
-1237
-1216
-1195
-1187
-1183
-1157
-1090
-984
-893
-817
-735
-656
-557
-455
-366
-271
-152
-29
78
175
257
327
372
430
515
597
664
720
778
834
879
904
930
953
942
928
890
848
809
763
732
691
622
552
487
404
315
204
87
-9
-103
-187
-281
-384
-498
-591
-639
-665
-663
-697
-759
-808
-835
-821
-780
-767
-779
-817
-875
-901
-857
-753
-648
-577
-535
-495
-443
-367
-258
-163
-94
-33
7
29
80
181
312
397
407
398
416
465
533
595
626
637
633
648
664
660
675
684
690
712
705
669
597
510
465
449
408
359
316
279
242
167
75
-10
-61
-62
-66
-89
-135
-223
-308
-367
-396
-411
-443
-480
-487
-482
-481
-483
-496
-502
-481
-431
-423
-458
-487
-463
-380
-306
-274
-303
-334
-274
-160
-60
-5
-17
-29
0
78
188
283
336
335
317
310
362
447
516
552
505
427
384
395
445
500
524
467
383
326
316
340
341
333
300
266
245
215
198
179
137
89
28
-18
-56
-104
-172
-248
-318
-381
-409
-410
-397
-425
-504
-534
-532
-523
-476
-465
-486
-514
-532
-511
-453
-402
-378
-368
-368
-351
-319
-268
-219
-159
-112
-77
-52
-25
48
123
199
253
279
294
291
297
333
392
457
531
589
639
620
572
586
638
702
723
686
624
599
587
609
608
563
499
428
411
365
318
266
246
223
106
-67
-235
-334
-341
-269
-206
-244
-381
-503
-581
-568
-491
-402
-336
-374
-453
-510
-508
-494
-459
-406
-409
-472
-536
-494
-388
-290
-249
-274
-342
-387
-349
-224
-105
-46
20
74
116
188
246
252
244
280
357
403
370
335
355
430
489
548
559
492
431
414
467
571
656
655
572
459
383
373
409
406
343
278
196
118
64
-18
-136
-174
-169
-188
-260
-338
-409
-483
-533
-584
-607
-642
-686
-713
-758
-791
-765
-709
-660
-661
-646
-627
-636
-662
-653
-575
-492
-414
-375
-393
-405
-351
-241
-147
-70
-67
-86
-70
-22
24
73
148
209
306
364
383
422
450
461
494
577
668
704
718
720
677
622
593
612
640
631
592
570
569
492
357
240
178
136
126
112
50
-37
-123
-176
-242
-316
-358
-388
-410
-430
-462
-503
-539
-564
-606
-627
-621
-608
-599
-596
-625
-661
-645
-631
-610
-534
-475
-454
-458
-431
-313
-159
-55
-19
-34
-64
-50
38
178
327
407
449
446
411
386
436
531
586
627
657
681
716
738
719
703
661
621
574
580
640
677
682
594
461
358
304
288
316
285
179
27
-116
-213
-253
-268
-331
-446
-610
-681
-692
-696
-676
-688
-759
-823
-877
-927
-887
-777
-689
-663
-693
-718
-684
-615
-517
-436
-348
-304
-291
-259
-251
-183
-86
29
150
238
304
350
400
457
552
704
857
979
1046
1061
1069
1085
1120
1131
1155
1167
1143
1074
1015
992
912
835
772
741
673
552
456
404
383
308
228
156
41
-115
-240
-302
-329
-355
-405
-523
-674
-807
-867
-836
-807
-860
-959
-1057
-1121
-1118
-1046
-952
-874
-838
-869
-892
-869
-807
-733
-649
-586
-562
-495
-378
-297
-223
-123
-80
-32
67
170
255
302
340
390
461
509
552
591
585
590
639
735
796
803
757
711
704
765
855
840
760
644
557
531
544
534
462
350
255
181
99
79
57
-55
-161
-193
-209
-248
-334
-447
-572
-632
-608
-528
-501
-557
-644
-787
-873
-864
-784
-696
-676
-685
-691
-695
-666
-610
-560
-506
-470
-394
-313
-251
-156
-63
5
59
89
100
139
201
307
423
457
422
394
440
531
615
675
655
598
638
714
716
701
672
640
668
699
686
632
545
463
416
408
393
373
297
216
162
97
45
-30
-110
-166
-197
-264
-326
-393
-499
-573
-589
-584
-594
-625
-716
-819
-859
-821
-776
-713
-637
-635
-673
-727
-717
-642
-552
-493
-487
-488
-465
-377
-281
-176
-119
-91
-31
13
51
91
115
143
217
295
350
391
443
474
470
467
451
428
447
496
530
501
430
382
360
315
306
317
267
186
105
71
93
101
110
76
-52
-178
-238
-264
-271
-261
-274
-306
-354
-394
-424
-455
-484
-533
-589
-601
-603
-596
-607
-633
-651
-647
-583
-528
-460
-409
-361
-312
-259
-229
-228
-179
-137
-105
-30
45
107
223
334
398
394
362
370
426
518
574
570
575
595
609
622
590
549
562
618
662
683
658
593
505
429
399
384
351
272
223
184
120
70
70
61
35
-3
-36
-64
-109
-156
-233
-317
-392
-439
-480
-499
-463
-413
-399
-395
-414
-464
-494
-483
-438
-383
-345
-317
-301
-260
-173
-109
-30
4
-29
-52
-5
102
220
319
341
355
371
357
385
470
545
596
658
669
644
631
602
567
549
568
566
545
537
541
529
482
443
420
401
366
318
259
222
190
165
120
15
-84
-140
-191
-211
-216
-236
-260
-314
-368
-417
-451
-462
-462
-469
-480
-470
-486
-474
-445
-411
-370
-388
-419
-420
-405
-366
-303
-228
-178
-123
-103
-105
-70
-41
-7
48
104
130
178
224
254
286
317
355
394
426
414
413
424
414
410
401
389
391
376
356
343
329
308
283
248
196
165
153
183
197
184
142
56
0
-45
-60
-89
-129
-150
-174
-201
-263
-324
-353
-350
-326
-347
-402
-458
-472
-446
-425
-409
-422
-440
-466
-449
-379
-317
-255
-209
-185
-151
-112
-103
-102
-65
-48
-28
22
42
71
96
105
120
151
169
171
189
224
259
293
301
262
193
137
131
164
207
208
187
177
165
131
91
49
10
-7
-3
-17
-26
-39
-86
-140
-165
-158
-177
-210
-262
-303
-336
-341
-359
-408
-460
-497
-518
-540
-542
-547
-516
-485
-462
-456
-459
-445
-434
-377
-302
-255
-232
-219
-214
-193
-146
-111
-93
-59
0
72
142
199
230
235
234
255
253
233
247
288
327
356
401
411
384
338
298
291
329
400
450
449
394
334
274
223
245
254
223
220
200
170
144
90
26
-21
-65
-121
-163
-205
-226
-224
-214
-228
-272
-293
-321
-383
-436
-449
-414
-389
-385
-381
-391
-380
-333
-284
-264
-257
-280
-314
-297
-212
-98
-31
4
16
10
9
34
70
152
258
335
383
401
424
436
475
513
510
511
516
522
537
548
558
554
525
482
485
502
449
372
295
235
223
232
241
251
256
219
128
23
-60
-124
-142
-132
-128
-149
-211
-304
-378
-398
-421
-446
-452
-478
-525
-567
-596
-624
-629
-610
-572
-526
-532
-531
-492
-450
-439
-443
-404
-341
-254
-189
-155
-131
-116
-63
-20
26
107
154
154
156
173
198
207
210
239
287
335
356
350
335
311
283
294
317
365
428
456
461
455
438
393
338
281
225
175
166
186
187
160
95
23
-20
-51
-106
-173
-228
-268
-271
-245
-225
-226
-271
-327
-376
-380
-354
-327
-294
-296
-320
-327
-309
-261
-206
-164
-126
-122
-118
-76
-36
-19
6
16
28
82
164
230
251
238
195
187
221
298
404
460
471
443
409
424
440
423
405
406
400
406
439
439
391
338
288
247
245
239
205
176
131
57
-7
-47
-46
-56
-88
-128
-192
-264
-314
-348
-379
-402
-410
-404
-385
-386
-427
-472
-487
-456
-404
-374
-387
-401
-393
-374
-350
-308
-284
-278
-268
-245
-209
-174
-145
-111
-57
-15
16
30
52
99
153
208
222
234
269
298
335
367
389
374
340
331
315
325
364
381
363
293
223
171
146
152
156
129
102
78
39
11
-9
-63
-114
-141
-161
-162
-150
-155
-191
-215
-230
-236
-254
-308
-349
-356
-330
-310
-310
-298
-336
-380
-391
-370
-305
-253
-228
-229
-222
-180
-119
-51
-2
19
43
68
96
144
207
226
220
233
230
217
227
241
263
294
309
300
280
264
228
207
216
246
286
273
214
142
108
91
102
144
164
143
79
22
-20
-38
-21
-20
-36
-66
-125
-160
-187
-208
-241
-258
-244
-239
-230
-237
-260
-268
-272
-261
-242
-221
-196
-173
-146
-120
-104
-101
-93
-72
-27
-6
-9
5
17
41
59
65
89
124
176
224
213
163
123
128
173
220
257
264
261
259
234
219
214
210
206
213
212
197
183
158
135
132
90
39
2
-41
-53
-65
-73
-65
-60
-69
-75
-110
-155
-170
-190
-197
-195
-197
-205
-211
-215
-235
-266
-288
-287
-267
-248
-224
-198
-169
-146
-117
-84
-59
-24
0
30
64
99
124
152
152
143
145
169
223
267
292
290
274
267
272
270
275
277
268
257
248
245
231
210
195
179
162
144
131
106
80
76
63
37
8
-35
-63
-89
-100
-112
-125
-135
-158
-187
-230
-260
-261
-273
-299
-307
-312
-315
-296
-268
-243
-232
-246
-261
-271
-266
-229
-201
-194
-200
-206
-209
-182
-122
-58
-14
7
10
16
34
58
77
75
88
107
117
131
164
203
226
247
235
198
184
200
216
243
257
233
194
146
113
106
120
132
133
120
98
75
50
28
27
18
-6
-45
-85
-107
-115
-129
-138
-133
-130
-122
-134
-163
-185
-190
-196
-182
-152
-133
-112
-108
-118
-117
-105
-92
-72
-45
-19
-1
18
35
42
40
38
43
72
126
162
174
171
182
193
194
194
189
187
193
201
196
182
136
121
132
141
152
147
115
72
43
34
32
30
24
-6
-68
-131
-154
-150
-113
-78
-76
-121
-206
-257
-264
-231
-193
-157
-147
-188
-216
-217
-223
-227
-223
-224
-219
-207
-194
-171
-156
-138
-124
-120
-114
-103
-91
-58
-23
-14
12
42
42
40
41
54
75
115
157
155
146
146
158
179
199
207
204
188
164
173
191
191
183
165
140
119
127
153
164
152
124
99
81
73
66
66
74
69
53
50
34
1
-20
-36
-56
-70
-82
-89
-93
-80
-66
-71
-87
-95
-108
-129
-137
-128
-106
-86
-79
-86
-94
-102
-110
-101
-91
-77
-49
-29
-19
-19
-24
-29
-18
11
35
67
80
69
64
71
78
96
109
104
106
105
103
107
108
116
128
128
109
91
84
68
60
54
65
65
76
96
89
46
-7
-44
-67
-60
-38
-18
-23
-62
-108
-143
-158
-152
-136
-133
-141
-165
-183
-189
-198
-213
-226
-229
-223
-208
-194
-194
-213
-225
-209
-178
-149
-120
-110
-118
-111
-89
-73
-65
-54
-51
-41
-32
-6
33
70
94
104
107
111
130
154
181
201
217
231
234
237
254
259
241
232
213
198
199
210
210
201
197
183
160
132
100
73
64
59
51
39
18
-17
-60
-86
-98
-122
-138
-140
-153
-159
-177
-196
-208
-227
-233
-231
-227
-231
-231
-230
-233
-229
-226
-216
-209
-199
-184
-166
-138
-99
-78
-68
-50
-36
-22
4
35
56
79
102
123
139
158
175
180
181
171
166
171
196
234
261
269
255
227
199
187
181
187
200
200
184
160
127
90
67
52
48
39
16
-19
-54
-80
-106
-114
-119
-130
-136
-142
-163
-191
-212
-229
-238
-233
-221
-212
-211
-213
-220
-214
-190
-169
-157
-144
-139
-135
-123
-104
-81
-57
-27
-7
3
11
18
29
58
95
122
149
168
187
205
218
230
232
231
234
242
267
287
288
272
234
192
169
173
188
193
181
151
115
84
58
39
27
20
3
-22
-51
-84
-116
-129
-134
-152
-178
-206
-231
-241
-231
-212
-193
-195
-224
-258
-283
-291
-276
-236
-193
-172
-168
-174
-186
-187
-154
-109
-82
-64
-56
-47
-16
24
60
80
79
77
83
103
132
162
190
209
224
224
210
196
193
209
227
245
254
255
248
234
206
182
171
160
144
131
105
72
41
18
0
-18
-33
-67
-92
-113
-133
-140
-149
-172
-202
-220
-221
-214
-203
-200
-218
-235
-242
-227
-197
-181
-173
-166
-163
-165
-171
-159
-143
-122
-94
-71
-55
-48
-44
-34
-9
24
61
99
114
110
114
126
138
169
207
228
222
209
192
174
172
175
174
173
168
155
132
110
87
64
52
47
43
33
15
-15
-42
-63
-81
-98
-121
-145
-163
-174
-183
-201
-221
-244
-263
-261
-252
-250
-251
-255
-260
-266
-250
-230
-214
-198
-181
-176
-172
-157
-135
-97
-58
-25
-3
14
23
35
61
87
106
123
141
153
160
170
185
205
226
240
248
254
254
258
266
270
270
268
257
233
212
203
196
191
171
134
96
70
52
37
30
21
-3
-26
-43
-65
-78
-90
-109
-130
-149
-159
-159
-153
-145
-144
-149
-163
-176
-172
-161
-152
-136
-116
-108
-102
-88
-70
-57
-33
-13
-7
2
9
21
45
75
111
149
174
190
199
208
215
217
223
227
225
225
222
214
205
199
195
196
185
158
137
125
110
101
97
89
79
63
37
8
-20
-36
-36
-44
-65
-100
-141
-171
-193
-203
-204
-204
-215
-230
-241
-247
-243
-244
-247
-245
-237
-231
-220
-201
-172
-150
-138
-134
-131
-121
-97
-66
-43
-29
-22
-16
-1
26
66
92
106
112
113
116
130
154
169
187
206
216
221
225
218
207
204
204
215
221
222
207
187
166
147
136
124
114
98
83
65
48
34
14
-3
-17
-33
-50
-58
-64
-75
-93
-113
-136
-146
-147
-153
-157
-153
-152
-152
-157
-160
-162
-165
-161
-151
-137
-122
-111
-111
-110
-102
-92
-78
-56
-40
-26
-12
-6
-5
7
34
67
91
102
111
117
118
128
141
147
147
143
146
147
148
154
156
145
134
131
125
118
105
96
87
72
59
48
36
18
-6
-28
-42
-46
-41
-39
-55
-69
-88
-119
-143
-157
-165
-161
-153
-150
-150
-155
-170
-181
-178
-175
-177
-177
-178
-173
-163
-153
-145
-150
-154
-153
-145
-119
-98
-81
-65
-54
-44
-37
-25
-12
0
8
7
7
20
48
73
87
91
89
93
107
119
128
139
143
133
124
118
115
120
121
113
106
89
74
63
63
67
70
69
57
44
23
6
-13
-29
-42
-56
-66
-74
-84
-94
-96
-96
-95
-98
-107
-107
-105
-100
-94
-88
-81
-79
-74
-69
-65
-52
-45
-42
-31
-24
-18
-8
8
26
44
58
69
74
80
92
97
107
116
119
125
137
153
160
161
162
164
171
174
168
159
151
143
138
137
134
126
109
90
70
55
46
37
20
-1
-16
-30
-36
-40
-43
-44
-60
-83
-102
-121
-129
-132
-132
-132
-145
-155
-164
-170
-170
-165
-156
-148
-152
-157
-156
-150
-139
-127
-115
-101
-88
-75
-66
-53
-40
-27
-14
-7
-5
4
14
23
32
43
52
59
65
74
87
99
108
109
110
106
107
116
122
128
128
119
107
102
107
110
113
110
101
89
80
68
53
44
35
28
26
23
10
-2
-14
-22
-30
-37
-45
-56
-63
-70
-77
-78
-77
-79
-85
-87
-92
-97
-98
-97
-94
-93
-95
-95
-96
-87
-77
-69
-60
-50
-37
-26
-23
-16
-6
0
5
19
29
35
37
37
44
55
64
68
71
68
67
70
86
101
108
103
94
90
85
88
92
91
87
78
71
63
55
50
44
30
18
9
5
1
-9
-23
-37
-48
-52
-54
-55
-57
-61
-65
-75
-82
-85
-82
-85
-88
-87
-83
-79
-76
-75
-80
-85
-83
-74
-64
-57
-52
-55
-50
-38
-19
-1
10
19
24
25
32
43
52
58
61
62
65
69
76
79
79
78
80
80
84
87
85
77
67
60
57
57
51
45
37
28
19
10
1
-13
-21
-28
-34
-37
-39
-48
-54
-57
-61
-60
-60
-63
-68
-72
-74
-70
-64
-61
-59
-60
-64
-70
-71
-64
-55
-42
-29
-23
-22
-21
-17
-9
4
15
24
30
35
39
45
48
55
64
71
72
75
79
82
85
87
89
89
86
80
76
70
61
53
46
43
42
43
41
27
15
4
-7
-14
-17
-21
-27
-36
-44
-50
-54
-57
-60
-68
-74
-79
-79
-73
-68
-70
-74
-79
-80
-78
-74
-71
-71
-70
-66
-54
-41
-30
-27
-27
-28
-28
-21
-10
2
9
12
12
14
18
25
29
31
33
34
33
35
42
48
53
53
53
52
52
50
47
44
40
37
39
38
34
29
22
16
10
7
6
6
0
-8
-16
-19
-17
-15
-17
-23
-32
-37
-41
-39
-35
-34
-36
-39
-39
-40
-36
-35
-31
-31
-31
-29
-24
-20
-17
-17
-15
-15
-12
-8
-3
2
5
7
11
15
20
23
26
28
31
33
34
37
41
43
45
50
50
49
46
42
37
31
31
31
32
31
27
18
11
5
3
4
2
-3
-11
-20
-25
-26
-29
-29
-31
-38
-45
-47
-45
-41
-38
-41
-45
-46
-46
-47
-44
-43
-43
-42
-39
-36
-32
-25
-20
-18
-17
-18
-18
-13
-5
1
8
15
19
23
29
35
39
43
43
46
51
57
61
62
61
57
56
54
55
56
54
53
53
52
51
51
50
44
36
28
23
23
23
21
16
10
2
-4
-8
-11
-15
-24
-29
-36
-43
-47
-48
-49
-54
-61
-68
-72
-70
-70
-70
-71
-72
-71
-71
-68
-63
-59
-56
-53
-49
-43
-36
-26
-18
-10
-9
-5
-4
0
3
6
12
20
27
32
35
36
34
31
29
29
29
30
32
33
36
39
43
44
43
40
36
32
28
26
24
20
18
18
14
10
7
0
-6
-13
-17
-19
-18
-19
-22
-27
-30
-34
-33
-31
-29
-30
-32
-32
-33
-33
-31
-28
-27
-26
-25
-24
-20
-15
-10
-7
-8
-9
-10
-10
-8
-8
-6
-4
0
5
12
16
18
21
21
23
26
29
33
34
37
40
42
46
49
48
46
43
38
34
30
28
29
31
32
32
33
32
29
24
22
20
20
20
21
18
14
9
7
7
10
12
9
2
-4
-10
-14
-16
-17
-18
-20
-21
-24
-26
-26
-25
-26
-27
-29
-32
-36
-37
-37
-35
-31
-28
-25
-25
-29
-33
-38
-38
-37
-34
-31
-27
-25
-22
-19
-14
-8
-4
-3
-3
-4
-1
4
11
15
17
20
22
25
28
32
31
29
25
24
22
23
23
22
18
15
13
12
13
14
13
8
0
-6
-8
-9
-8
-8
-9
-15
-23
-26
-30
-34
-37
-40
-43
-46
-48
-51
-52
-51
-48
-45
-41
-35
-33
-33
-36
-35
-32
-26
-19
-14
-10
-6
-5
-3
2
8
13
15
12
8
9
13
20
28
31
31
29
30
32
36
41
44
44
44
44
45
45
47
46
42
40
39
38
38
36
31
20
11
6
3
4
7
5
2
1
-3
-4
-2
-4
-6
-9
-11
-13
-14
-14
-12
-10
-8
-10
-12
-16
-22
-26
-26
-25
-17
-10
-8
-10
-13
-13
-8
-2
5
12
16
15
13
13
17
20
23
23
18
13
7
7
8
9
10
8
3
0
-3
-2
0
3
3
3
3
2
4
5
2
0
-2
-7
-5
-3
-3
-3
-8
-16
-24
-24
-20
-14
-9
-10
-15
-19
-22
-18
-13
-10
-10
-12
-16
-21
-20
-15
-10
-4
-3
-6
-9
-13
-15
-13
-12
-9
-7
-7
-7
-6
-4
0
2
3
3
3
-1
-4
-4
1
6
11
12
11
8
8
8
10
10
6
2
-1
1
5
11
13
8
2
-4
-3
2
7
9
6
0
-4
-5
1
9
16
17
11
2
-5
-5
-1
3
7
4
-3
-9
-10
-7
-2
2
5
3
0
-3
-3
-1
3
6
8
6
2
-2
1
7
14
16
10
0
-8
-9
-4
3
6
3
0
-1
1
6
10
8
2
-3
-8
-8
-4
1
5
6
-1
-9
-14
-14
-11
-3
1
-1
-6
-12
-12
-10
-3
3
5
0
-5
-13
-16
-16
-11
-4
0
-3
-12
-17
-16
-7
5
14
10
-1
-8
-7
0
10
12
8
1
-5
-5
1
7
8
4
-1
-7
-11
-10
-5
3
10
12
9
8
9
13
18
20
15
9
3
0
3
9
11
13
10
4
-6
-10
-8
0
11
17
11
-3
-12
-10
2
19
24
13
-5
-18
-15
1
14
14
0
-14
-20
-12
2
8
6
-3
-8
-8
0
6
5
4
4
5
8
8
5
4
3
6
7
6
0
-7
-5
0
5
9
8
4
-3
-3
3
14
20
18
9
-4
-7
-2
12
23
21
8
-7
-12
-4
11
20
16
4
-9
-9
-1
8
9
3
-5
-9
-7
-2
-1
-4
-6
-4
-2
0
-1
-6
-6
-2
4
4
-1
-8
-11
-7
-1
4
3
-3
-9
-12
-10
-4
1
2
-1
-9
-15
-16
-9
3
10
9
-2
-14
-16
-5
12
18
10
-7
-20
-19
-6
7
10
-2
-15
-18
-9
5
11
5
-4
-8
-3
5
6
1
-6
-8
-3
3
3
-1
-8
-8
-4
3
3
-3
-11
-16
-11
-2
3
3
-5
-13
-14
-9
3
7
4
-6
-19
-23
-14
0
11
10
-3
-18
-21
-10
6
16
11
0
-10
-5
9
20
21
11
2
4
10
15
12
6
6
10
18
19
10
0
-2
9
21
22
10
-5
-7
3
18
28
19
2
-10
-6
8
21
23
17
8
2
0
6
10
14
18
16
8
-3
-10
-5
8
18
13
-4
-21
-27
-17
2
12
5
-17
-37
-38
-24
-8
-2
-9
-21
-26
-25
-18
-13
-11
-10
-8
-10
-13
-16
-18
-13
-5
-2
-6
-17
-26
-26
-17
-6
-1
-5
-15
-24
-24
-20
-13
-6
-3
-4
-13
-21
-23
-18
-4
5
5
-8
-23
-25
-9
12
23
18
3
-8
-4
13
29
31
22
14
14
16
18
15
17
22
26
24
8
-9
-11
4
23
28
14
-11
-25
-15
8
28
27
8
-12
-15
1
21
30
26
16
8
9
12
12
12
16
23
23
14
-2
-13
-4
16
29
23
-5
-36
-46
-25
9
25
9
-29
