19
23
21
17
9
5
9
7
7
12
21
22
27
36
32
18
13
15
5
-4
2
9
4
-2
4
-2
-19
-23
-17
-19
-22
-11
1
8
20
43
62
69
87
111
124
129
151
170
179
191
224
256
278
303
337
362
378
401
425
447
463
495
525
552
576
608
626
636
652
670
681
687
703
720
729
733
752
757
751
739
738
726
710
698
691
681
674
679
670
659
648
637
611
581
564
550
531
518
517
507
492
477
465
441
423
400
379
352
344
333
313
290
270
246
205
180
151
125
90
72
52
26
14
6
-8
-23
-34
-46
-70
-85
-97
-114
-132
-143
-149
-165
-174
-186
-198
-224
-250
-280
-319
-345
-374
-396
-421
-425
-431
-445
-433
-418
-396
-383
-351
-307
-268
-220
-148
-66
14
117
246
360
464
579
709
803
898
1012
1133
1233
1335
1469
1571
1626
1662
1706
1700
1654
1626
1600
1534
1451
1395
1343
1225
1111
1008
880
699
539
402
233
51
-89
-204
-355
-508
-625
-752
-914
-1066
-1175
-1292
-1422
-1518
-1579
-1652
-1740
-1799
-1849
-1911
-1978
-2018
-2049
-2094
-2115
-2108
-2101
-2107
-2114
-2115
-2138
-2150
-2154
-2143
-2138
-2144
-2130
-2117
-2091
-2088
-2073
-2057
-2060
-2062
-2047
-2016
-1989
-1964
-1934
-1914
-1905
-1877
-1842
-1818
-1800
-1789
-1776
-1755
-1746
-1716
-1699
-1694
-1698
-1689
-1683
-1699
-1662
-1707
-1683
-1676
-1711
-1714
-1680
-1684
-1737
-1735
-1722
-1748
-1813
-1766
-1725
-1749
-1794
-1747
-1716
-1725
-1714
-1630
-1591
-1543
-1437
-1300
-1213
-1134
-1005
-870
-754
-656
-522
-398
-259
-119
43
194
337
475
595
749
878
994
1095
1176
1314
1405
1502
1591
1617
1607
1607
1592
1558
1509
1439
1396
1309
1225
1167
1061
934
829
766
666
538
449
371
276
163
121
91
43
22
16
-8
-66
-78
-101
-147
-138
-112
-91
-76
-27
-8
10
-1
12
55
81
169
246
290
304
351
404
416
435
447
456
472
461
448
432
415
428
415
376
360
382
322
325
267
325
224
198
284
244
302
266
199
182
229
105
-18
101
74
-116
-192
146
-41
-300
-95
-119
-227
-379
-174
-417
-384
-422
-458
-551
-513
-521
-678
-523
-575
-618
-548
-554
-636
-648
-576
-514
-497
-412
-299
-231
-128
-49
39
102
173
273
415
576
726
899
1011
1140
1230
1409
1545
1700
1805
1906
2036
2113
2206
2261
2319
2288
2289
2286
2274
2218
2175
2152
2033
1964
1903
1769
1649
1557
1396
1204
1094
954
807
691
634
513
367
265
150
64
-35
-111
-173
-188
-200
-246
-225
-249
-302
-328
-318
-295
-258
-192
-127
-95
-40
47
42
40
36
26
0
-34
-8
-5
-22
-38
-5
-113
-96
-167
-230
-282
-362
-217
-443
-258
-350
-346
-282
-677
-226
-681
-741
-440
-685
-858
-547
-792
-887
-669
-1337
-518
-1331
-1231
-681
-1348
-1033
-1071
-1101
-1058
-1002
-1267
-855
-1112
-1258
-999
-992
-1124
-1113
-904
-1054
-838
-1329
-785
-1007
-1140
-783
-901
-913
-668
-859
-630
-488
-709
-360
-252
-274
-33
93
315
348
433
557
665
617
849
938
1070
1168
1205
1398
1471
1552
1605
1808
1749
1857
2022
2079
2188
2180
2301
2266
2218
2204
2224
2079
1984
1945
1838
1772
1608
1560
1465
1272
1120
990
860
696
593
508
410
256
162
84
-75
-147
-164
-243
-328
-256
-267
-257
-304
-299
-247
-315
-340
-390
-352
-412
-398
-308
-242
-222
-316
-197
-292
-406
-280
-184
-301
-213
-23
-204
-158
-67
-244
-230
-286
-202
-376
-238
-161
-257
-344
-191
-336
-626
-363
-790
-354
-773
-593
-360
-879
-469
-501
-724
-743
-553
-911
-832
-638
-817
-736
-619
-729
-288
-928
-671
-284
-1046
-527
-739
-363
-776
-527
-399
-571
-504
-432
-231
-345
-408
-53
-291
-300
45
-246
-171
23
-187
-90
-106
-87
-69
6
134
81
71
128
165
166
281
125
205
157
271
257
361
391
346
481
494
590
553
649
749
756
977
1070
1041
1124
1131
1118
1107
1071
1137
1067
1040
1064
1077
994
990
947
802
764
636
498
471
396
471
455
382
345
236
143
90
68
10
-72
-101
-5
-27
25
-131
-41
-77
-241
-94
0
-32
-285
126
123
-43
-15
259
85
-117
139
126
10
138
35
241
274
-170
413
158
-187
127
153
-99
43
4
7
-237
161
-48
-281
-121
-80
-157
-554
322
-565
-513
13
-662
-227
-473
-243
-654
-169
-437
-563
-96
-504
-406
-261
-292
-556
-185
-353
-350
-283
-240
-271
-258
-263
-177
-297
-259
-60
-476
-71
-297
-131
-227
-239
-69
-306
-322
-84
-217
-430
-234
-293
-427
-346
-309
-221
-439
-212
-286
-255
-269
-232
-195
-171
-88
22
70
86
207
308
431
433
669
647
712
924
997
1187
1211
1361
1445
1478
1579
1597
1750
1782
1746
1802
1808
1745
1716
1758
1632
1564
1535
1499
1440
1382
1283
1312
1267
1168
1159
1032
899
856
1042
663
869
738
472
754
586
235
494
465
63
621
171
112
615
163
154
589
100
352
499
64
464
370
106
632
229
85
748
-302
567
141
-111
397
-194
347
-241
319
-455
338
-332
-277
297
-588
-193
-352
186
-794
-219
-117
-436
-726
44
-279
-570
-170
-72
-177
-590
183
-515
98
-265
-305
44
-50
-246
-324
307
-390
-162
-150
-8
-136
-487
228
-140
-328
-144
-125
-268
-200
-540
-133
-638
-438
-571
-495
-676
-832
-715
-862
-977
-1104
-902
-1064
-1087
-958
-1116
-914
-1135
-1083
-1030
-1033
-1033
-909
-710
-768
-550
-491
-354
-306
-186
97
98
306
556
642
797
952
1152
1152
1281
1271
1346
1366
1347
1396
1456
1461
1434
1437
1356
1356
1231
1251
1264
1178
1147
1129
1129
969
874
1039
823
704
583
851
422
347
842
179
445
297
279
215
344
44
234
45
-38
216
-197
42
11
-118
-106
265
-545
261
-235
-190
-54
-157
-236
-237
198
-581
-87
-99
-450
-505
27
-600
-653
108
-986
-112
-756
-397
-799
-699
-823
-687
-975
-1012
-461
-1363
-779
-735
-1057
-1081
-851
-1323
-854
-1531
-898
-1363
-1323
-973
-1220
-1316
-1161
-1242
-1488
-1065
-1574
-1069
-1548
-1225
-1422
-1404
-1355
-1503
-1437
-1222
-1442
-1487
-1048
-1412
-1405
-920
-1570
-1046
-1051
-1568
-705
-1180
-1182
-789
-1051
-1041
-650
-883
-614
-649
-638
-524
-432
-488
-181
-319
-162
39
153
192
468
514
605
868
829
1116
1073
1253
1359
1515
1680
1751
1811
1922
1877
1801
1948
1893
1871
1912
1900
1966
1899
1847
1869
1707
1615
1567
1642
1383
1607
1173
1779
1054
1257
1586
502
1608
727
739
1283
777
742
1060
527
798
526
614
553
284
462
539
544
223
548
198
302
165
173
133
85
122
8
294
32
-217
97
348
-735
319
-47
-652
271
-359
-372
5
-327
-314
-415
-45
-772
-314
-438
-438
-616
-611
-299
-1204
-467
-828
-1159
-645
-1005
-1159
-681
-1146
-953
-1394
-757
-1474
-1183
-1321
-971
-1122
-1560
-675
-1306
-1348
-1128
-876
-1439
-1070
-959
-1068
-1099
-920
-937
-1070
-839
-845
-1132
-386
-1171
-416
-602
-882
-345
-441
-705
-264
-425
-442
-250
-115
-163
-60
149
113
162
117
455
261
440
705
835
1014
1250
1284
1678
1672
1642
1883
1872
1757
1830
2021
1994
1840
2015
1936
1921
1823
1912
1859
1579
1796
1641
1510
1470
1365
1274
1199
914
1145
739
680
730
323
403
190
131
-277
239
-697
-398
-277
-836
-751
-954
-748
-1256
-1078
-1136
-1462
-1348
-1432
-1428
-1506
-1719
-1649
-1451
-1982
-1574
-1811
-1888
-1602
-2153
-1590
-2085
-1984
-1992
-2056
-1963
-2304
-1910
-2140
-2388
-1775
-2484
-1943
-2094
-2477
-2073
-2286
-2170
-2332
-2284
-2290
-2479
-2453
-2094
-2489
-2698
-2144
-2428
-2576
-2212
-2720
-2371
-2628
-2676
-2262
-2699
-2899
-2201
-2750
-2531
-2220
-2897
-2328
-2177
-2673
-2320
-2010
-2455
-2167
-2141
-1989
-1954
-1851
-1793
-1720
-1810
-1427
-1640
-1362
-1331
-1392
-1107
-1098
-997
-1074
-1009
-584
-849
-507
-567
-599
-412
-441
-291
-424
-255
-158
-266
60
117
61
350
327
371
543
471
550
756
926
966
1074
1247
1405
1426
1543
1581
1684
1786
1873
1916
1966
2226
2088
2227
2274
2128
2234
2211
2251
2029
2300
2142
2053
1980
2041
2015
1642
1888
1858
1669
1613
1719
1501
1295
1527
1364
1406
1218
1181
1370
1034
966
1383
910
603
1363
643
826
648
457
1069
330
360
742
159
327
320
289
510
296
151
489
58
184
40
274
292
-369
227
111
-695
390
-834
322
-835
-146
-90
-491
-522
-643
121
-885
-650
-491
-463
-1155
-435
-710
-783
-1056
-677
-531
-1412
-592
-1238
-727
-956
-984
-721
-1053
-874
-685
-1119
-966
-455
-1567
-146
-825
-1178
-444
-1195
-814
-673
-1128
-470
-684
-968
-175
-885
-410
-1003
-316
-476
-733
-436
-350
-390
-450
-239
-308
-37
-430
88
-94
-195
-13
-61
187
32
173
350
232
470
431
563
615
561
922
998
784
1272
1344
1298
1498
1623
1608
1692
1812
1932
1865
2215
2126
2148
2055
2145
2144
2047
2014
2131
2116
1725
2120
1979
1740
1683
1915
1413
1940
1513
1427
1772
1101
1430
1215
1181
1127
836
1199
986
601
870
798
387
609
580
319
505
137
332
352
59
-106
322
-171
27
-17
-197
-30
-480
128
-348
-534
-145
-417
-271
-930
-347
-384
-1073
-898
-290
-1067
-1111
-1041
-1034
-1103
-1079
-1375
-1046
-1155
-1400
-1188
-1167
-1680
-1515
-954
-1712
-753
-1800
-1110
-1494
-1423
-1649
-1760
-1270
-1222
-1801
-1155
-992
-1504
-1512
-1596
-1419
-1947
-1041
-1445
-1058
-1228
-1140
-979
-1465
-1144
-1206
-1314
-961
-854
-902
-683
-826
-884
-958
-1134
-408
-709
-547
-345
-341
-252
-207
-368
-43
-118
-251
407
313
358
398
688
713
910
1040
1319
1482
1244
1681
1956
1848
2033
2207
2289
2460
2545
2557
2796
2464
2670
2723
2862
2763
2591
2581
2608
2334
2530
2488
2214
2108
2147
2244
1945
1644
1803
1942
1306
1651
1499
1417
989
1136
1399
1072
703
900
1009
672
634
811
999
337
395
790
122
662
-83
319
691
-353
356
197
426
-546
-498
610
-24
-1018
466
-120
-922
-229
-492
-296
-748
-758
-278
-661
-890
-468
-1074
-706
-888
-1274
-799
-810
-1413
-648
-843
-1340
-1326
-568
-1897
-1031
-1202
-1548
-817
-1879
-932
-1504
-1681
-1606
-1286
-1882
-1430
-1433
-1250
-1413
-1478
-1728
-1252
-1508
-1646
-926
-1259
-1084
-1301
-657
-1118
-1217
-1214
-645
-994
-1132
-627
-711
-726
-1244
-517
-495
-487
-324
178
191
-130
452
602
369
365
759
1187
1195
1445
1725
1452
1545
1612
1813
2150
2171
2397
2785
2820
2570
2747
2759
2619
2710
3030
3237
3092
3110
3052
2671
2385
2620
2385
2350
2176
2235
2252
1886
1815
1448
1319
1265
1402
1232
1279
1146
1099
899
575
775
541
598
474
485
556
455
89
171
224
-164
160
179
174
111
-212
-47
56
-398
-552
-77
-394
-559
-105
-730
-880
-626
-1330
-825
-782
-1312
-937
-1083
-1334
-1419
-1381
-1738
-1112
-2112
-1158
-1348
-2034
-1052
-2013
-1899
-1773
-1644
-1919
-1390
-2050
-1588
-2100
-2093
-1845
-2342
-1738
-2133
-1744
-1651
-2006
-2264
-2011
-2635
-2573
-2029
-2392
-2035
-1706
-2220
-2380
-2033
-2669
-2512
-2099
-2325
-1958
-2064
-2107
-2097
-1869
-1650
-965
-1226
-1028
-737
-964
-469
-627
-573
-74
280
827
1385
1168
1040
994
1235
1432
1911
2207
2417
2736
2619
2826
2632
2447
2560
2669
3114
3361
3299
3200
2757
2511
2507
2426
2554
2587
2447
2486
2240
1994
1711
1317
1385
1489
1578
1722
1619
1201
1076
871
860
1035
1177
1256
1134
1217
1028
1014
800
801
793
867
1059
787
888
527
272
254
365
552
175
240
39
-113
-90
-272
-380
-501
-435
-376
-380
-721
-796
-1307
-1102
-826
-1119
-933
-937
-1189
-1450
-1047
-1521
-1340
-1221
-1491
-1118
-1245
-1093
-1564
-1596
-1324
-1221
-1699
-1394
-1039
-1700
-1363
-1608
-1519
-1719
-1803
-1336
-1869
-1903
-1453
-2122
-1945
-1678
-2357
-1913
-1760
-2008
-1871
-1872
-2125
-2359
-2334
-2537
-2034
-1281
-917
-528
-768
-899
-720
-927
-309
-41
324
1038
1057
1723
1553
1126
1241
1470
2078
2502
2872
3041
2785
2555
2569
2801
2819
2850
3069
3214
3316
3088
2759
2746
2085
2087
2538
2480
2424
2153
1856
1520
1168
1356
1408
1132
1207
1198
1182
891
654
640
663
919
1058
1264
1319
998
958
1189
1276
1413
1522
1594
1489
1245
1474
1317
1163
1327
1360
1496
1301
1190
992
575
631
747
799
682
492
318
86
18
-222
-120
-167
-411
-392
-447
-817
-1086
-1110
-1073
-824
-1101
-1000
-1022
-1487
-1395
-1297
-1507
-1371
-1339
-1457
-1654
-1814
-1784
-1991
-1883
-1875
-1929
-1894
-1953
-2159
-2420
-2538
-2428
-2461
-2276
-2212
-2383
-2507
-2858
-2757
-2773
-2652
-2560
-2587
-2898
-2854
-1817
-1443
-652
-824
-1039
-675
-929
-49
308
555
1222
1439
2257
2513
2127
1733
1816
2297
2690
3152
3247
2888
2437
2258
2517
2626
2419
2170
1995
1700
1648
1332
1001
654
283
295
210
-102
-582
-1128
-1353
-1421
-1411
-1370
-1864
-2237
-2335
-2382
-2269
-2288
-2231
-2408
-2426
-2191
-2065
-1811
-1871
-1865
-1543
-1222
-925
-948
-1128
-1057
-984
-612
-175
-196
-387
-635
-718
-518
-564
-532
-622
-864
-740
-753
-957
-1317
-1520
-1551
-1378
-1234
-1387
-1639
-2066
-2216
-2063
-1907
-1919
-2065
-2294
-2344
-2328
-2298
-2173
-2250
-2453
-2290
-2142
-2391
-2489
-2654
-2742
-2632
-2433
-2565
-2770
-2992
-3346
-3043
-3112
-3063
-3168
-3563
-3446
-3703
-3579
-3562
-3834
-3828
-3775
-3905
-3690
-3806
-3990
-4281
-3956
-2560
-1796
-1139
-1815
-2098
-1991
-1725
-383
206
486
476
645
1630
1852
1763
1980
2291
2971
3504
3876
3990
3331
3003
3429
4150
4502
4059
3566
3221
2819
2906
3160
3077
2579
1967
1852
1588
1287
924
439
316
273
202
-50
-591
-1160
-1239
-786
-502
-720
-1061
-1422
-1350
-904
-449
-102
-229
-363
-188
179
439
544
598
784
1077
1222
1292
1287
1238
1298
1555
1824
1693
1333
1122
1249
1566
1646
1617
1245
829
670
796
916
840
709
530
436
340
170
13
-98
-75
-37
82
-15
-206
-179
-179
35
163
57
-103
-337
-421
-418
-407
-500
-545
-663
-821
-1095
-1112
-1208
-1417
-1450
-1485
-1629
-1744
-1992
-2064
-2079
-2145
-2274
-2740
-3066
-3340
-2130
-965
57
-328
-1579
-1564
-1282
-22
1000
1290
1296
1012
1606
2372
2548
2531
2651
3367
4223
4625
4560
4226
3723
4034
4795
5575
5491
4424
3672
3483
3738
4099
3946
3376
2348
1682
1555
1519
1292
587
64
-213
-438
-629
-1087
-1542
-1770
-1786
-1433
-1429
-1945
-2512
-2554
-1978
-1412
-1148
-1133
-1580
-1527
-1137
-488
34
-74
-57
-82
226
612
844
1063
1073
1123
1342
1298
1202
1053
1047
1380
1553
1364
894
328
228
653
879
897
533
-46
-416
-316
-121
-26
-146
-528
-633
-730
-676
-667
-680
-531
-493
-348
-387
-677
-952
-887
-593
-292
-243
-609
-996
-1261
-1265
-1040
-1034
-1096
-1418
-1736
-1778
-1983
-1792
-2002
-1941
-2001
-2303
-2525
-2965
-3368
-2799
-1530
-373
30
-1498
-2046
-1944
-818
1108
1399
1472
724
583
1957
2723
3245
3087
3130
3815
4333
4718
4864
4457
4436
4772
5631
6104
5222
4261
3793
3936
4536
4453
4001
2937
1849
1780
1867
2021
1280
239
-190
-547
-477
-686
-1267
-1764
-2134
-2086
-1899
-2158
-2585
-2772
-2696
-2213
-2094
-2075
-2149
-2459
-2139
-1595
-953
-582
-690
-663
-777
-550
62
717
1042
856
690
825
888
989
1299
1190
1241
978
864
853
528
617
686
764
698
187
-185
-411
-303
-22
26
-86
-586
-876
-871
-671
-375
-309
-413
-565
-675
-606
-510
-565
-447
-514
-499
-493
-555
-504
-756
-681
-627
-507
-668
-944
-1091
-1092
-878
-909
-865
-1121
-1488
-1519
-1749
-1677
-1993
-1824
-660
404
856
-399
-1248
-1029
275
1892
2585
2353
1508
1316
2431
3918
4539
4269
3977
4286
4987
5387
5887
5956
5645
5648
6263
6830
6423
5487
4977
5064
5417
5313
4889
3968
2870
2283
2376
2610
2132
1068
150
-251
-481
-685
-1010
-1545
-2160
-2467
-2392
-2430
-2679
-3127
-3341
-3107
-2884
-2570
-2611
-2859
-3064
-2732
-1940
-1304
-1193
-1551
-1822
-1654
-852
-32
309
88
-335
-476
-158
398
678
621
381
122
116
94
150
220
110
79
-102
-330
-696
-875
-709
-464
-301
-523
-928
-1280
-1293
-1008
-530
-219
-326
-603
-748
-644
-468
-336
-430
-602
-864
-950
-973
-1064
-1070
-1210
-1370
-1505
-1696
-1930
-2220
-2136
-2131
-2099
-2317
-2879
-2950
-3289
-3041
-2878
-2999
-3516
-3593
-2544
-1297
-783
-1988
-2790
-2741
-1460
108
563
404
-394
-428
836
2113
2704
2282
1934
2314
2977
3714
4379
4230
3790
3567
4042
4740
4579
3956
3395
3150
3292
3217
3019
2363
1218
599
615
735
285
-666
-1463
-1982
-2218
-2372
-2645
-3177
-3901
-4321
-4308
-4398
-4478
-4693
-4960
-4956
-5049
-4722
-4542
-4705
-4701
-4613
-4089
-3513
-3311
-3227
-3358
-3255
-2650
-2048
-1566
-1533
-1870
-1877
-1710
-1232
-774
-777
-887
-1306
-1343
-1139
-856
-553
-808
-1119
-1388
-1445
-1311
-1293
-1321
-1425
-1568
-1635
-1685
-1718
-1723
-1621
-1371
-1214
-1226
-1396
-1573
-1513
-1290
-945
-799
-1032
-1261
-1442
-1174
-858
-846
-903
-1238
-1405
-1323
-1314
-1082
-1118
-1468
-1451
-1693
-1565
-1517
-1726
-1604
-1887
-1947
-2176
-1868
-670
527
752
-256
-1159
-913
557
1791
2509
2272
1673
1768
2658
4054
4591
4349
4344
4658
5214
5763
6210
6502
6249
6015
6490
6920
6714
6009
5608
5716
5673
5530
5232
4493
3537
2905
3033
3183
2586
1594
607
73
-198
-413
-518
-1105
-1889
-2442
-2665
-2658
-2863
-3129
-3076
-3111
-3217
-3211
-3447
-3457
-3438
-3034
-2304
-2166
-2294
-2552
-2371
-1896
-1372
-796
-560
-743
-1072
-964
-585
-204
-69
-32
-88
-342
-573
-603
-342
-290
-352
-457
-642
-925
-1139
-1084
-997
-971
-1065
-1174
-1375
-1560
-1527
-1269
-1044
-1025
-1201
-1361
-1425
-1409
-1098
-846
-750
-902
-1072
-1063
-1020
-919
-751
-586
-755
-916
-1109
-1129
-1019
-964
-844
-1069
-1167
-1415
-1322
-1185
-1389
-1165
-1464
-1550
-1742
-1825
-726
216
1107
707
-455
-661
-140
1386
2582
2703
2278
1809
2206
3655
4628
4897
4541
4261
4796
5390
6242
6690
6258
5780
5541
6155
6707
6416
5879
5251
4958
5042
5051
4929
4199
3190
2770
2674
2644
2099
1130
442
-188
-415
-469
-814
-1380
-2259
-2700
-2659
-2688
-2643
-2868
-3246
-3314
-3333
-3078
-2925
-2987
-2763
-2725
-2466
-2152
-2052
-1797
-1762
-1477
-987
-834
-733
-855
-833
-617
-411
-189
-179
-381
-539
-660
-493
-278
-364
-502
-801
-873
-816
-882
-944
-1135
-1196
-1163
-1136
-1132
-1307
-1415
-1392
-1201
-922
-894
-1195
-1543
-1594
-1231
-821
-781
-968
-1457
-1654
-1501
-1171
-772
-931
-1311
-1698
-1782
-1475
-1166
-1173
-1284
-1779
-1889
-1873
-1870
-1538
-1794
-1792
-1828
-2206
-1900
-2232
-1860
-761
-61
861
-14
-785
-875
-367
1302
2239
2417
2193
1681
2333
3413
4108
4643
4436
4519
4961
5212
5918
5833
5541
5523
5643
6193
6096
5452
4894
4287
4429
4707
4713
4248
2940
2015
1724
1837
2020
1553
713
-315
-1191
-1289
-1125
-1171
-1427
-2085
-2535
-2901
-3076
-2775
-2519
-2375
-2372
-2590
-2779
-2831
-2674
-1913
-1379
-1148
-1159
-1326
-1137
-941
-434
142
303
231
-28
-42
51
125
378
555
465
137
-230
-315
-238
-131
7
-153
-466
-866
-1041
-955
-848
-733
-827
-1061
-1420
-1573
-1421
-1192
-1061
-1080
-1253
-1490
-1670
-1597
-1283
-1072
-1086
-1339
-1572
-1593
-1509
-1346
-1278
-1411
-1472
-1631
-1664
-1698
-1778
-1778
-1908
-1914
-1877
-1913
-2025
-2140
-2221
-2287
-2275
-2360
-2226
-2618
-2255
-1389
-403
566
-192
-522
-858
-440
938
1831
2489
2498
2148
2711
3266
3747
4208
4172
4619
4893
5111
5623
5343
5109
4993
5219
5761
5607
5059
4409
3745
3797
3838
3921
3575
2600
1819
1270
1164
1185
844
300
-465
-1094
-1228
-1425
-1510
-1741
-2098
-2237
-2419
-2414
-2292
-2264
-2089
-1932
-1830
-1585
-1565
-1350
-1036
-813
-354
-134
99
278
268
466
603
823
1127
1259
1353
1151
823
746
722
878
904
731
550
212
-34
-96
-121
-110
-229
-426
-547
-688
-778
-832
-924
-1072
-1155
-1171
-1133
-1129
-1193
-1228
-1259
-1228
-1172
-1168
-1255
-1438
-1543
-1535
-1410
-1304
-1362
-1549
-1909
-2052
-2116
-1989
-1878
-2072
-2257
-2559
-2744
-2706
-2717
-2725
-2880
-3035
-3168
-3161
-3239
-3200
-3470
-3061
-2049
-939
-25
-787
-1196
-1601
-1064
310
1301
2178
2206
1935
2473
2938
3484
3798
3871
4445
4735
5042
5313
4882
4501
4228
4695
5360
5309
4805
3969
3115
2865
2841
3148
2853
1960
1181
510
281
56
-203
-455
-1064
-1591
-1790
-2034
-2150
-2453
-2617
-2572
-2618
-2367
-2205
-2186
-1994
-1892
-1525
-1259
-1096
-655
-364
-95
101
232
547
778
1004
1237
1274
1277
1278
1366
1533
1516
1390
1180
928
801
740
738
625
475
342
102
-42
-213
-350
-392
-489
-444
-439
-530
-713
-951
-928
-821
-673
-557
-655
-844
-1087
-1114
-957
-829
-844
-1033
-1281
-1341
-1330
-1295
-1327
-1611
-1836
-1949
-1973
-1940
-2202
-2432
-2737
-3045
-2973
-2972
-2988
-3033
-3409
-3425
-3646
-3584
-3478
-3502
-3694
-3582
-2446
-1184
38
-421
-993
-1461
-1143
192
1445
2417
2565
2276
2646
3200
3565
3655
3657
4064
4575
5103
5455
5029
4159
3433
3678
4371
4673
4412
3636
2679
2020
1774
1990
1817
1175
712
279
144
-270
-776
-1279
-1818
-1976
-1727
-1576
-1653
-2203
-2553
-2573
-2351
-1688
-1145
-920
-891
-966
-683
-397
-233
146
476
820
1043
1173
1315
1251
1289
1548
1808
1995
1968
1822
1634
1300
1058
1077
1039
1052
891
739
562
182
42
31
104
163
86
58
-122
-232
-232
-257
-280
-444
-436
-332
-207
-90
-200
-393
-620
-648
-375
-213
-252
-545
-1029
-1208
-1326
-1280
-1306
-1668
-1910
-2174
-2314
-2425
-2709
-2912
-3176
-3326
-3428
-3439
-3578
-3790
-4010
-3974
-3845
-3668
-3574
-3641
-3944
-3878
-2701
-1248
330
304
-235
-627
-691
259
1309
2135
2824
2987
3732
4329
4138
3556
2900
3166
4071
5031
5766
5350
4075
2674
2202
2683
3205
3422
3078
2345
1585
863
500
83
-506
-637
-615
-370
-631
-1367
-2120
-2844
-3007
-2560
-2004
-1512
-1651
-1909
-2061
-2165
-1920
-1609
-1145
-507
-23
609
812
557
347
283
732
1323
1836
2224
2160
1801
1465
1340
1430
1456
1596
1737
1655
1334
875
453
137
-101
111
405
587
573
205
-137
-494
-567
-205
122
438
522
387
65
-353
-462
-270
106
486
687
628
248
-187
-367
-392
-356
-467
-633
-741
-951
-1167
-1462
-1915
-2294
-2429
-2344
-2202
-2237
-2560
-3005
-3420
-3675
-3617
-3389
-3293
-3240
-3360
-3487
-3462
-3455
-3501
-3253
-3390
-2475
-1232
40
1233
749
552
289
259
1116
1708
2451
3205
3621
4611
4723
4111
3203
2604
2924
3686
4568
5121
4646
3657
2523
2159
1986
1766
1683
1542
1609
1559
1160
649
-513
-1524
-1860
-1614
-797
-512
-587
-1161
-2074
-2591
-2687
-2361
-1910
-1623
-1153
-870
-739
-820
-1178
-1361
-1322
-692
328
1037
1444
1300
1054
816
701
921
1054
1314
1630
1874
2008
1614
1065
568
215
292
508
796
863
579
319
58
-161
-162
-179
-83
35
128
283
280
224
188
158
120
92
54
179
377
557
631
472
91
-295
-462
-426
-323
-412
-637
-849
-1082
-1223
-1371
-1629
-1880
-2047
-2011
-1868
-1875
-2054
-2456
-2813
-2972
-3013
-2807
-2555
-2444
-2398
-2405
-2342
-2248
-2164
-1988
-1849
-1697
-1273
-963
-506
-63
336
939
1113
1422
1622
1479
1519
1457
1727
2302
2800
3558
3764
3518
3001
2406
2213
2181
2296
2427
2331
2290
2134
2127
1916
1427
970
558
425
442
422
458
245
77
-42
-299
-536
-977
-1325
-1407
-1324
-1037
-925
-995
-1135
-1266
-1282
-1268
-1285
-1338
-1359
-1283
-1062
-666
-278
-123
-180
-346
-390
-298
-138
86
229
302
328
388
524
541
456
429
482
580
574
472
389
409
515
709
799
688
531
487
628
813
806
679
503
417
477
535
539
393
222
126
114
52
-104
-264
-440
-623
-719
-697
-636
-704
-922
-1121
-1293
-1366
-1320
-1239
-1163
-1207
-1298
-1385
-1469
-1537
-1564
-1473
-1312
-1152
-998
-907
-795
-647
-484
-303
-134
37
240
469
667
830
911
959
990
1055
1197
1286
1279
1219
1160
1109
1042
900
763
622
469
383
262
144
-30
-242
-346
-450
-553
-704
-858
-925
-926
-879
-852
-888
-976
-991
-884
-666
-508
-431
-442
-519
-451
-267
22
240
336
409
474
529
556
586
682
796
942
1116
1233
1239
1114
989
975
1019
1090
1069
996
882
748
676
589
545
473
313
259
256
219
154
-33
-172
-290
-354
-251
-139
-77
-92
-163
-201
-205
-132
-36
17
29
26
13
-40
-151
-274
-327
-289
-224
-152
-137
-273
-497
-619
-627
-542
-506
-606
-730
-870
-887
-821
-813
-855
-1000
-1098
-1021
-918
-786
-714
-680
-616
-590
-492
-385
-308
-235
-152
36
285
559
786
892
895
872
889
989
1117
1220
1280
1245
1213
1156
1129
1147
1196
1257
1168
1007
787
565
417
345
321
231
57
-144
-305
-438
-505
-519
-529
-617
-740
-857
-976
-1026
-1026
-969
-935
-957
-1013
-1068
-1048
-926
-770
-648
-583
-522
-437
-309
-155
-72
20
146
295
478
643
770
781
743
711
714
775
827
851
806
752
728
728
712
610
475
347
279
237
223
163
29
-105
-186
-118
-52
-43
-87
-169
-201
-189
-154
-143
-224
-361
-443
-447
-386
-355
-358
-352
-388
-426
-410
-371
-366
-437
-521
-571
-596
-616
-557
-436
-358
-305
-311
-338
-356
-344
-276
-170
-151
-210
-275
-299
-223
-50
153
279
356
373
386
498
649
732
736
754
782
861
997
1175
1289
1294
1222
1130
1049
944
860
867
899
928
866
728
596
476
402
314
235
138
34
22
12
-98
-256
-357
-400
-434
-475
-620
-784
-971
-1060
-1075
-1067
-1052
-1089
-1116
-1181
-1246
-1275
-1270
-1225
-1155
-1066
-1001
-960
-908
-869
-833
-745
-588
-420
-303
-249
-223
-188
-136
-45
69
190
281
382
495
530
541
569
610
679
718
678
640
612
583
517
480
443
410
468
529
784
1107
1227
1036
453
-224
-679
-611
-83
464
879
1036
874
412
-253
-823
-1105
-919
-391
187
511
459
142
-245
-548
-766
-869
-811
-563
-199
23
174
223
11
-170
-206
-287
-345
-439
-490
-297
-75
278
580
601
526
442
561
618
508
451
308
226
539
1111
1567
1835
1781
1486
982
435
289
82
-71
109
446
749
785
455
32
-386
-715
-733
-902
-1110
-918
-498
-105
-63
-461
-842
-1114
-1370
-1515
-1751
-1865
-1668
-1303
-994
-892
-1000
-1133
-1080
-1099
-1088
-1093
-1028
-790
-564
-249
40
241
385
408
387
322
257
346
507
696
876
1000
1006
880
814
730
623
490
369
317
283
334
408
388
291
74
-180
-401
-580
-620
-587
-522
-419
-316
-171
-62
-60
-150
-295
-407
-390
-229
-5
146
255
310
330
238
94
69
58
111
133
77
24
-1
53
134
108
51
18
41
87
73
6
-76
-167
-163
-44
46
98
101
81
53
3
-6
-9
30
210
436
609
712
680
580
598
716
817
857
864
898
938
971
951
831
712
648
693
781
750
705
601
447
256
163
100
-107
-291
-504
-642
-718
-783
-787
-849
-1035
-1188
-1365
-1494
-1532
-1630
-1766
-1813
-1676
-1143
-416
136
444
310
28
-93
-140
-119
-138
-126
193
790
1466
1940
1925
1492
1009
638
453
373
281
252
409
640
870
890
612
166
-395
-769
-980
-1122
-1119
-1041
-879
-612
-431
-387
-538
-836
-1057
-1166
-1180
-1108
-1036
-874
-538
-140
142
209
85
3
-21
9
109
111
88
193
381
578
674
578
420
228
83
113
140
153
193
233
304
322
325
338
330
345
358
283
202
248
368
555
653
630
569
435
445
566
623
654
583
511
580
669
807
889
810
709
586
510
549
548
514
499
477
485
479
394
267
116
-52
-145
-204
-266
-327
-416
-470
-544
-631
-691
-740
-723
-766
-856
-953
-1072
-1128
-1174
-1191
-1269
-1414
-1540
-1625
-1644
-1700
-1683
-1523
-1089
-431
68
423
511
486
590
614
629
444
219
362
723
1246
1570
1558
1396
1151
1022
924
664
278
-99
-216
-110
85
218
174
12
-94
-79
-150
-336
-656
-1013
-1205
-1272
-1186
-1085
-1053
-969
-911
-861
-834
-870
-867
-802
-648
-442
-297
-220
-91
165
455
667
691
626
577
611
731
798
784
676
588
653
759
821
817
799
831
864
845
731
565
455
439
474
468
384
323
323
384
466
496
478
442
436
446
442
410
365
298
206
146
114
85
49
1
-4
-22
-80
-185
-312
-432
-585
-700
-808
-893
-963
-1019
-1018
-1040
-1027
-1036
-1092
-1172
-1248
-1243
-1215
-1136
-1040
-909
-740
-648
-593
-633
-712
-815
-904
-934
-998
-1037
-1153
-1163
-945
-437
301
878
1304
1428
1456
1599
1642
1690
1442
1112
978
1004
1242
1332
1256
1114
1025
1111
1145
1012
655
228
-57
-203
-257
-422
-624
-749
-741
-639
-636
-673
-739
-761
-698
-668
-685
-813
-1013
-1104
-1125
-1170
-1246
-1287
-1196
-991
-696
-396
-183
-48
90
258
341
374
406
419
420
390
406
445
504
577
592
531
405
295
252
225
161
89
2
-58
-45
26
141
217
322
429
544
671
726
880
1023
1137
1224
1090
976
859
790
784
621
517
528
659
892
1037
1069
948
773
644
565
443
217
-49
-314
-449
-507
-513
-482
-539
-551
-558
-574
-591
-667
-655
-614
-601
-620
-699
-772
-831
-853
-828
-803
-764
-725
-673
-621
-621
-699
-875
-1096
-1364
-1652
-1956
-2178
-2161
-1896
-1411
-979
-645
-349
-10
454
708
680
443
197
209
359
444
251
-88
-238
-91
191
354
355
292
366
637
878
861
563
219
20
-78
-190
-400
-628
-783
-781
-645
-536
-466
-411
-352
-334
-453
-648
-802
-833
-797
-789
-803
-762
-595
-339
-63
186
409
628
841
1014
1080
990
868
777
706
620
469
351
275
268
286
306
346
432
551
605
590
512
424
367
343
331
240
166
221
421
688
828
892
1020
1271
1630
1845
1802
1602
1328
1147
977
724
479
220
80
97
174
401
636
851
1028
1044
972
832
690
560
339
49
-227
-399
-444
-474
-516
-533
-501
-407
-242
-100
-39
-52
-100
-104
-143
-251
-394
-603
-814
-1027
-1197
-1290
-1362
-1421
-1486
-1583
-1674
-1790
-1980
-2297
-2711
-2876
-2715
-2364
-2143
-2124
-1866
-1357
-699
-160
-86
-169
-83
287
693
524
2
-304
-223
158
358
277
134
116
462
876
1001
926
857
972
1084
979
731
431
135
-46
-241
-475
-619
-662
-585
-536
-530
-409
-225
-63
20
-1
1
34
70
60
-32
-13
217
545
765
818
821
933
1211
1486
1564
1422
1297
1313
1377
1333
1118
845
663
586
598
599
512
475
519
610
681
644
512
364
243
202
199
246
367
445
477
541
749
1029
1199
1256
1262
1317
1402
1434
1361
1154
985
933
930
833
632
456
415
532
654
660
591
559
590
620
546
374
161
-49
-182
-281
-357
-414
-497
-591
-710
-812
-847
-818
-799
-816
-858
-886
-867
-848
-889
-1010
-1150
-1321
-1509
-1736
-1994
-2236
-2474
-2715
-2959
-3172
-3323
-3442
-3582
-3685
-3696
-3579
-3169
-2674
-2294
-2032
-1785
-1163
-469
-43
184
188
348
715
1058
1282
1141
1098
1490
1899
2169
2140
2008
2082
2143
2196
2145
1806
1531
1339
1078
765
425
274
188
-46
-255
-436
-620
-687
-701
-717
-728
-729
-617
-555
-599
-527
-334
-39
208
343
500
718
999
1235
1257
1218
1295
1400
1485
1459
1364
1329
1330
1339
1273
1137
1081
1118
1120
1051
922
786
679
537
385
258
142
133
171
155
174
243
383
514
569
648
751
903
1035
1015
922
875
943
1070
1066
990
948
919
920
889
790
690
581
482
381
203
38
-118
-307
-532
-802
-1012
-1114
-1174
-1201
-1266
-1328
-1311
-1266
-1240
-1294
-1397
-1450
-1458
-1500
-1603
-1754
-1856
-1909
-1937
-1929
-1903
-1826
-1767
-1744
-1725
-1643
-1516
-1462
-1495
-1588
-1668
-1700
-1702
-1713
-1759
-1805
-1740
-1558
-1362
-1206
-1101
-977
-852
-719
-545
-383
-242
-135
-33
82
241
451
624
731
801
895
1044
1193
1237
1198
1138
1078
1077
1061
1018
976
907
848
803
796
822
828
782
695
634
615
613
613
570
477
392
381
433
497
531
521
538
573
629
699
751
855
935
1001
1064
1067
1002
886
808
791
772
736
698
673
695
724
776
812
805
831
860
864
829
756
662
569
499
491
458
404
377
322
300
258
210
230
227
177
125
63
74
137
163
155
69
-21
-74
-156
-244
-373
-533
-667
-806
-886
-968
-1068
-1060
-1037
-1026
-1019
-1038
-1046
-1055
-1033
-1044
-1134
-1226
-1294
-1374
-1482
-1583
-1626
-1640
-1641
-1633
-1629
-1633
-1598
-1480
-1357
-1274
-1266
-1281
-1323
-1372
-1403
-1431
-1431
-1446
-1451
-1440
-1404
-1335
-1268
-1170
-1043
-892
-710
-522
-293
-29
229
467
652
832
1023
1177
1285
1359
1424
1506
1556
1558
1502
1395
1278
1178
1106
1027
965
910
896
905
906
885
849
813
775
749
732
726
715
691
648
593
542
536
532
514
512
550
646
759
895
1008
1088
1145
1191
1222
1232
1200
1149
1092
1029
961
906
888
843
788
677
568
463
370
344
329
314
257
200
162
150
160
149
147
130
133
143
124
93
51
22
15
20
5
42
133
197
230
198
149
153
128
71
-11
-134
-223
-326
-442
-580
-742
-849
-916
-996
-1084
-1207
-1296
-1298
-1274
-1240
-1203
-1179
-1114
-1008
-941
-911
-916
-881
-863
-889
-927
-982
-1011
-1024
-1016
-1026
-1054
-1073
-1085
-1074
-1059
-1051
-1039
-1064
-1099
-1138
-1215
-1247
-1233
-1173
-1035
-908
-764
-591
-429
-223
-25
160
402
639
898
1160
1341
1511
1636
1684
1728
1715
1662
1588
1521
1485
1414
1360
1308
1187
1068
960
830
724
609
495
399
293
182
105
66
10
-73
-182
-244
-260
-259
-266
-341
-430
-466
-428
-294
-134
9
164
356
578
771
916
1047
1143
1187
1168
1085
989
899
818
724
600
465
345
231
115
26
-46
-56
-47
-52
-68
-83
-24
56
86
78
61
80
151
211
248
285
340
386
400
383
361
369
401
424
395
361
322
277
230
156
70
-13
-99
-230
-406
-597
-791
-965
-1110
-1208
-1285
-1327
-1338
-1345
-1299
-1191
-1038
-900
-790
-714
-672
-615
-548
-479
-406
-346
-299
-269
-270
-282
-280
-277
-263
-238
-241
-273
-345
-418
-475
-552
-629
-683
-706
-741
-768
-753
-738
-724
-688
-654
-594
-509
-420
-312
-215
-132
-63
-12
76
187
310
432
511
569
616
664
730
792
836
861
851
796
718
659
604
494
350
219
111
41
-61
-210
-380
-546
-668
-754
-802
-821
-805
-729
-619
-473
-304
-170
-53
79
259
428
542
624
685
744
820
908
962
972
946
901
884
888
880
875
850
826
798
735
661
590
504
406
322
267
250
259
240
216
175
148
131
103
76
52
86
132
149
137
112
80
59
53
73
126
162
164
124
53
-11
-69
-116
-124
-145
-185
-222
-273
-313
-368
-422
-475
-508
-507
-514
-501
-473
-460
-440
-394
-357
-335
-334
-347
-370
-383
-382
-384
-377
-354
-342
-365
-387
-425
-491
-526
-543
-578
-606
-658
-723
-763
-784
-793
-766
-731
-710
-702
-712
-695
-625
-523
-417
-308
-206
-82
50
147
212
256
291
383
457
501
535
544
572
598
623
633
628
612
576
508
408
291
214
178
150
98
25
-51
-111
-132
-130
-135
-142
-141
-159
-191
-196
-166
-121
-45
24
60
93
146
174
170
211
280
339
388
423
429
436
448
424
400
390
427
468
474
438
386
340
318
313
296
301
297
285
289
321
340
353
366
372
386
413
451
501
566
607
613
606
598
597
579
564
538
497
480
466
419
376
333
265
192
146
145
132
125
114
71
33
2
-23
-55
-98
-128
-147
-203
-272
-333
-388
-453
-517
-539
-547
-589
-648
-712
-781
-838
-902
-962
-1020
-1059
-1094
-1148
-1199
-1246
-1261
-1267
-1270
-1272
-1255
-1214
-1194
-1173
-1157
-1108
-1020
-933
-867
-815
-737
-640
-530
-415
-311
-199
-71
61
188
321
447
526
576
588
580
547
501
472
450
430
419
413
408
416
405
400
397
392
413
459
508
522
527
532
537
566
564
540
512
463
458
479
463
429
387
333
283
231
189
161
158
166
146
117
86
62
58
45
25
30
34
55
75
88
106
132
173
231
315
390
461
517
549
582
624
667
714
740
727
703
677
637
601
568
543
515
486
477
453
433
427
417
363
282
203
109
11
-74
-159
-285
-379
-477
-536
-576
-639
-686
-741
-800
-842
-873
-916
-942
-984
-1030
-1084
-1145
-1179
-1196
-1198
-1213
-1263
-1322
-1358
-1366
-1332
-1307
-1294
-1288
-1260
-1191
-1122
-1085
-1068
-1054
-1027
-964
-887
-816
-751
-666
-557
-447
-333
-241
-157
-65
32
134
214
277
355
457
570
673
728
765
797
831
849
871
906
904
882
839
812
803
790
756
716
671
640
649
661
649
626
597
548
507
466
419
392
359
332
307
304
322
324
326
334
343
358
359
358
368
345
318
309
303
281
259
256
238
234
257
278
311
335
343
355
361
372
373
349
344
341
314
309
306
293
277
259
266
272
292
306
288
257
225
202
195
202
178
108
48
22
15
5
-24
-60
-81
-83
-111
-144
-194
-256
-336
-430
-532
-640
-707
-772
-844
-907
-953
-980
-992
-984
-971
-964
-976
-996
-1012
-1016
-1012
-986
-947
-906
-842
-763
-693
-626
-568
-487
-390
-314
-234
-159
-91
-2
105
196
262
295
336
411
482
552
622
686
734
793
872
920
950
980
1013
1032
1037
1047
1058
1061
1049
1046
1032
1003
989
975
955
956
943
910
885
861
853
841
829
798
779
793
788
793
819
824
822
827
826
812
803
796
793
766
727
715
703
712
731
736
717
677
643
637
649
639
621
618
615
605
609
599
573
565
579
613
624
602
558
534
511
474
446
394
328
292
274
262
253
250
249
227
221
221
232
258
282
298
299
290
282
276
266
252
243
243
253
274
337
393
401
390
378
390
381
372
338
292
293
316
341
319
308
283
273
280
271
291
290
318
332
339
356
356
338
275
220
161
129
103
50
16
-41
-81
-123
-180
-226
-282
-343
-427
-487
-535
-568
-590
-611
-639
-662
-656
-642
-630
-639
-644
-639
-627
-628
-650
-669
-698
-727
-746
-777
-802
-810
-816
-829
-845
-874
-907
-937
-967
-978
-995
-996
-985
-988
-991
-995
-993
-1026
-1063
-1089
-1113
-1139
-1180
-1214
-1238
-1256
-1273
-1307
-1343
-1370
-1406
-1422
-1433
-1436
-1443
-1455
-1471
-1502
-1536
-1568
-1594
-1610
-1640
-1683
-1704
-1715
-1730
-1744
-1745
-1748
-1764
-1766
-1761
-1743
-1708
-1687
-1670
-1639
-1595
-1554
-1522
-1499
-1505
-1498
-1483
-1480
-1477
-1467
-1458
-1446
-1424
-1402
-1363
-1333
-1308
-1287
-1261
-1221
-1175
-1131
-1102
-1067
-1027
-968
-925
-889
-852
-831
-811
-781
-748
-735
-712
-675
-656
-646
-627
-586
-541
-515
-493
-466
-439
-417
-394
-372
-341
-326
-310
-284
-280
-268
-254
-237
-225
-207
-186
-154
-97
-47
-2
45
102
168
224
284
353
407
450
491
520
552
566
575
594
609
624
636
636
652
679
696
731
783
835
863
886
907
924
933
930
925
917
915
897
868
854
830
800
751
707
686
652
610
567
532
484
448
434
414
402
380
348
333
309
278
251
219
182
134
97
63
28
1
-27
-48
-70
-86
-104
-111
-106
-120
-136
-147
-151
-155
-155
-154
-144
-130
-118
-109
-95
-71
-51
-22
8
33
30
15
-1
-19
-29
-43
-46
-44
-34
-14
-8
11
48
86
122
147
182
222
251
303
354
383
396
411
425
412
412
411
400
381
371
373
364
339
314
296
263
246
231
211
195
192
184
159
149
176
210
225
224
220
221
227
252
274
300
327
352
370
391
419
419
436
456
459
459
454
460
456
440
433
467
491
506
523
534
541
560
585
606
621
625
629
623
609
612
608
609
604
592
599
587
572
573
585
589
589
594
591
579
558
526
484
459
434
418
420
427
419
395
380
348
311
259
205
157
118
119
100
81
56
26
-9
-42
-41
-29
-28
-29
-30
-55
-73
-96
-108
-126
-154
-169
-185
-194
-211
-225
-243
-269
-296
-310
-303
-302
-287
-270
-262
-259
-264
-258
-244
-233
-244
-258
-271
-278
-261
-237
-222
-197
-185
-176
-159
-142
-134
-130
-118
-82
-58
-53
-45
-45
-57
-38
4
23
37
40
50
54
56
52
55
53
43
48
55
71
72
82
107
127
140
147
151
159
174
182
185
207
239
294
322
338
367
384
403
409
414
415
418
421
427
430
424
416
416
401
374
358
359
374
389
395
391
377
382
380
381
370
346
355
371
384
369
337
306
285
266
251
236
213
182
147
111
69
62
70
60
59
54
41
22
-1
-44
-61
-68
-104
-140
-182
-221
-263
-307
-322
-328
-355
-396
-433
-437
-432
-431
-435
-455
-485
-517
-547
-567
-591
-594
-570
-552
-536
-533
-539
-524
-490
-467
-454
-455
-455
-449
-414
-385
-348
-286
-242
-197
-168
-143
-119
-111
-107
-88
-61
-39
-24
-4
-9
-25
-15
4
27
51
49
50
81
101
117
126
150
168
179
177
160
139
129
133
138
161
170
188
206
209
215
211
217
223
235
231
223
224
227
235
235
249
255
254
249
238
217
208
201
176
151
121
112
121
127
143
165
189
214
241
262
297
348
365
377
387
396
410
413
428
434
461
526
568
592
604
607
601
604
609
609
626
627
607
576
533
497
469
436
396
353
336
318
321
331
312
300
293
292
289
262
237
227
208
186
151
112
89
75
61
35
1
-14
-27
-29
-49
-87
-123
-152
-180
-218
-252
-288
-314
-346
-378
-410
-435
-449
-464
-451
-442
-433
-424
-421
-415
-415
-426
-422
-403
-381
-362
-356
-333
-311
-272
-223
-183
-146
-132
-115
-112
-113
-114
-129
-115
-105
-96
-79
-54
-44
-44
-44
-49
-44
-39
-48
-47
-51
-52
-35
-51
-53
-36
-32
-18
-2
25
54
68
94
106
110
106
99
124
147
174
196
213
222
255
315
345
366
388
408
431
444
459
493
527
571
582
596
613
632
669
684
705
709
711
733
745
762
769
779
788
781
766
753
756
750
738
735
717
679
636
589
552
523
503
491
469
421
385
353
325
296
264
238
210
172
157
149
147
158
141
147
148
135
135
141
132
122
118
106
98
102
111
113
108
90
63
47
50
57
75
82
104
124
118
125
127
134
149
156
167
177
198
207
201
199
205
237
249
236
214
195
181
162
138
113
86
77
77
57
49
53
42
26
1
-19
-49
-86
-105
-116
-123
-150
-178
-205
-218
-229
-256
-291
-340
-370
-399
-419
-426
-439
-442
-424
-404
-379
-358
-340
-307
-297
-279
-263
-257
-226
-208
-199
-187
-171
-144
-120
-96
-68
-50
-19
-2
12
22
3
-5
-3
-3
-1
13
29
38
36
37
34
28
28
35
38
14
-1
6
27
46
40
37
36
29
23
20
9
-13
-21
-23
-21
-20
-43
-60
-75
-91
-108
-120
-119
-136
-143
-158
-189
-198
-197
-206
-214
-219
-213
-208
-207
-201
-197
-207
-232
-256
-282
-288
-295
-288
-291
-285
-264
-252
-241
-235
-223
-216
-220
-199
-174
-171
-174
-169
-151
-142
-124
-115
-119
-131
-139
-136
-129
-108
-89
-66
-47
-47
-25
-6
9
44
52
68
80
68
57
44
35
32
32
33
34
31
30
38
39
56
59
40
49
50
31
30
32
23
31
46
46
45
36
31
47
72
96
120
139
148
168
190
204
226
228
249
255
252
259
276
304
315
327
329
336
364
381
382
376
371
382
394
375
353
343
358
360
372
383
376
373
344
340
321
300
267
248
228
206
197
191
204
203
197
179
177
189
180
161
145
127
124
124
119
116
108
104
109
113
114
117
98
89
97
98
97
97
93
78
67
39
7
-3
8
5
-8
-22
-40
-44
-59
-67
-80
-98
-116
-122
-107
-107
-107
-105
-104
-98
-85
-85
-67
-60
-58
-40
-35
-7
-8
-12
-8
-1
7
19
37
62
90
114
142
152
168
179
186
176
179
189
196
200
198
207
223
236
220
209
194
190
193
194
211
210
217
228
231
226
226
225
221
236
255
270
281
311
333
347
355
374
396
409
432
451
465
499
541
566
602
632
640
663
706
749
802
866
929
987
1020
1011
989
957
911
861
800
726
654
576
484
394
302
213
122
42
-41
-120
-209
-293
-365
-443
-526
-601
-668
-743
-803
-872
-943
-1007
-1078
-1147
-1209
-1258
-1317
-1369
-1414
-1456
-1496
-1532
-1554
-1574
-1601
-1641
-1682
-1723
-1769
-1824
-1861
-1901
-1932
-1950
-1971
-1979
-1994
-2007
-2019
-2030
-2052
-2065
-2077
-2098
-2103
-2107
-2112
-2107
-2099
-2084
-2060
-2032
-2002
-1959
-1924
-1887
-1852
-1817
-1782
-1743
-1698
-1653
-1614
-1576
-1542
-1506
-1474
-1450
-1420
-1405
-1384
-1361
-1339
-1312
-1280
-1244
-1213
-1165
-1119
-1100
-1082
-1056
-1038
-1034
-1023
-999
-977
-954
-930
-902
-872
-844
-818
-793
-761
-737
-723
-703
-661
-622
-603
-575
-547
-522
-495
-472
-456
-431
-405
-383
-355
-322
-298
-270
-241
-216
-195
-180
-162
-133
-98
-65
-36
-20
1
28
50
81
117
154
186
212
236
261
277
291
309
325
328
329
331
335
336
324
316
309
306
308
301
298
300
296
293
295
301
300
297
294
289
278
272
260
244
227
223
230
253
263
253
245
243
243
238
236
232
222
207
208
207
189
176
167
154
129
119
109
100
96
91
97
100
105
112
129
149
161
174
180
183
197
212
202
236
298
343
389
417
441
460
474
490
507
512
525
539
541
545
545
532
521
529
528
517
507
495
496
489
473
461
457
486
528
552
566
555
553
542
510
493
476
467
458
449
442
415
393
408
429
449
462
471
469
462
473
478
480
478
468
451
447
458
461
452
444
436
432
445
438
464
530
563
597
629
644
655
665
661
661
661
645
626
611
585
575
564
539
520
511
488
458
483
520
535
538
531
522
490
456
440
420
393
368
351
316
275
250
240
217
183
154
115
120
136
140
147
143
136
127
109
80
50
28
1
-35
-63
-52
-45
-57
-80
-114
-148
-180
-201
-223
-245
-267
-302
-343
-363
-386
-418
-438
-437
-420
-410
-415
-419
-411
-409
-398
-367
-345
-344
-333
-313
-286
-278
-288
-298
-309
-290
-238
-194
-179
-171
-168
-155
-144
-118
-67
-48
-37
-24
-12
-17
-12
-2
10
24
14
4
7
11
4
12
21
28
25
16
17
26
52
84
109
124
139
148
144
127
120
137
161
178
194
210
217
223
228
215
196
188
187
177
149
124
97
89
94
109
142
165
171
163
146
110
70
37
-3
-47
-84
-115
-126
-112
-104
-99
-97
-109
-128
-149
-192
-233
-241
-242
-247
-250
-250
-243
-225
-219
-220
-220
-233
-214
-180
-153
-154
-148
-123
-114
-115
-115
-107
-104
-105
-118
-123
-123
-123
-108
-101
-106
-96
-68
-49
-41
-54
-73
-96
-109
-126
-136
-107
-81
-65
-50
-46
-49
-59
-69
-72
-91
-110
-115
-111
-112
-127
-137
-129
-118
-113
-103
-65
-24
3
47
77
98
107
111
111
110
101
81
63
42
58
68
50
49
55
74
102
108
97
74
54
29
12
13
34
62
82
94
81
63
55
49
47
41
38
36
43
61
82
83
93
131
147
145
146
144
132
104
70
66
72
66
63
64
39
23
28
22
26
25
15
7
-1
1
6
-5
-11
-20
-33
-30
-25
-32
-54
-69
-70
-38
-14
-15
-11
-12
-9
-16
-17
-1
12
12
21
44
54
68
73
68
56
45
45
49
61
67
83
73
57
79
93
102
103
106
106
83
74
79
82
72
70
90
114
129
123
120
128
110
80
55
54
95
127
130
117
110
117
121
126
119
111
112
114
124
138
144
150
194
240
243
238
261
267
273
288
281
289
307
301
310
329
327
345
376
395
390
395
409
426
446
460
477
479
496
518
511
490
485
492
491
490
494
489
482
489
487
465
453
460
461
473
473
455
450
471
491
483
491
493
475
466
455
456
459
449
448
434
439
459
471
479
493
500
476
465
480
472
459
469
470
473
470
462
464
475
476
473
472
467
468
478
470
449
464
471
451
414
373
355
335
294
278
263
226
205
197
182
157
129
100
98
110
106
87
79
74
69
56
42
58
69
62
34
19
6
2
2
-7
-10
-10
-12
-14
-20
-35
-49
-66
-66
-68
-79
-75
-85
-93
-83
-75
-73
-58
-43
-40
-38
-47
-50
-54
-58
-59
-53
-54
-64
-58
-64
-74
-62
-56
-48
-60
-75
-86
-86
-84
-81
-81
-77
-60
-62
-82
-96
-108
-105
-95
-95
-100
-94
-99
-118
-112
-110
-115
-111
-114
-120
-113
-105
-99
-104
-109
-107
-100
-93
-96
-86
-65
-70
-70
-51
-33
-21
-4
2
0
3
2
16
28
37
44
54
59
77
94
101
102
94
108
115
116
122
135
151
135
117
126
132
128
117
103
90
90
95
84
78
78
78
75
77
71
65
63
45
47
58
53
44
33
41
42
44
46
45
50
54
81
112
120
138
163
177
190
198
210
212
210
203
192
185
181
182
170
160
150
149
131
116
118
104
107
91
76
86
87
83
63
56
48
30
36
30
3
-1
14
9
-13
-13
-6
-3
7
5
4
5
0
3
4
0
-2
13
25
17
5
-2
-9
-19
-25
-50
-63
-60
-56
-42
-45
-40
-25
-6
9
4
-1
2
6
6
10
11
40
73
85
98
124
157
166
186
205
224
244
250
247
257
270
274
280
276
281
269
263
264
258
257
258
263
262
271
277
269
277
279
278
278
273
277
281
272
277
284
289
292
289
287
289
293
305
311
313
324
331
336
333
336
348
346
334
327
330
341
331
327
356
385
412
419
402
368
320
265
200
128
56
-18
-89
-174
-256
-333
-415
-492
-569
-638
-706
-779
-844
-904
-968
-1022
-1070
-1115
-1170
-1219
-1260
-1307
-1357
-1405
-1445
-1486
-1527
-1561
-1590
-1620
-1649
-1673
-1697
-1718
-1728
-1732
-1742
-1755
-1759
-1763
-1766
-1767
-1770
-1776
-1777
