122
154
177
202
227
255
277
293
302
311
322
328
332
329
322
316
312
306
298
288
273
255
239
227
214
197
180
165
152
145
139
131
121
117
116
115
110
101
92
90
94
99
101
97
98
104
110
112
107
92
76
65
61
57
45
29
14
11
14
12
-3
-24
-39
-44
-49
-59
-76
-91
-87
-74
-59
-53
-42
-21
6
33
52
67
90
123
157
190
228
280
342
406
456
498
547
609
665
705
725
749
788
834
871
888
894
906
936
960
956
919
878
853
844
824
779
714
661
639
630
600
533
458
403
376
347
287
201
131
96
97
91
52
-2
-33
-27
-13
-28
-84
-143
-167
-153
-135
-147
-182
-210
-191
-140
-103
-111
-140
-147
-119
-85
-84
-110
-134
-114
-66
-26
-13
-15
0
40
81
102
103
99
114
134
157
172
186
198
221
240
256
268
272
269
257
245
236
228
214
198
176
161
146
128
102
70
34
2
-23
-51
-84
-116
-139
-156
-167
-185
-200
-228
-244
-259
-263
-295
-335
-369
-373
-384
-402
-434
-462
-449
-436
-431
-467
-505
-526
-504
-519
-558
-615
-634
-616
-594
-611
-649
-663
-622
-549
-513
-532
-562
-530
-450
-375
-362
-385
-352
-237
-95
13
54
75
158
302
424
461
440
447
537
667
753
776
770
801
906
1006
1022
950
871
865
907
914
847
744
679
682
702
680
580
473
405
377
348
256
138
39
11
20
18
-38
-102
-141
-126
-107
-130
-198
-257
-261
-204
-143
-140
-136
-99
-35
20
38
26
25
52
101
122
112
112
152
199
234
244
246
256
259
262
236
202
172
164
163
137
92
91
90
75
53
5
-36
-96
-129
-170
-211
-279
-336
-410
-394
-403
-438
-516
-569
-603
-642
-603
-705
-818
-907
-854
-836
-844
-937
-976
-961
-938
-913
-938
-970
-969
-926
-885
-883
-921
-931
-917
-879
-831
-719
-630
-595
-607
-576
-477
-399
-394
-392
-319
-174
11
153
226
291
409
565
696
732
705
735
850
956
1033
1077
1094
1175
1288
1375
1383
1315
1253
1237
1211
1159
1106
1057
1031
1043
1068
1035
940
817
694
628
581
463
323
209
154
136
132
86
-8
-61
-57
-48
-106
-196
-268
-305
-294
-286
-285
-298
-265
-132
-26
2
-36
-79
-67
-56
-45
-15
0
33
116
189
208
183
152
149
143
87
15
-51
-95
-86
-38
4
-7
-20
21
18
18
-211
-273
-202
-132
-331
-439
-321
-278
-158
-508
-472
-436
-452
-435
-578
-660
-657
-515
-444
-513
-690
-620
-457
-419
-541
-675
-622
-552
-602
-666
-690
-669
-558
-585
-656
-765
-762
-721
-770
-896
-891
-699
-547
-466
-518
-503
-353
-261
-243
-353
-396
-312
-154
-5
118
211
353
578
726
787
768
796
827
881
937
1049
1139
1155
1228
1322
1444
1404
1313
1227
1185
1149
1039
959
892
855
838
859
846
738
584
446
323
229
62
-97
-203
-229
-185
-200
-228
-289
-339
-371
-391
-429
-478
-530
-539
-458
-381
-291
-220
-152
-57
-48
-26
-54
-108
-109
-90
-13
61
165
249
289
290
315
352
315
232
157
189
228
242
308
366
344
247
170
233
83
-139
-320
-332
-140
-325
-383
-281
-339
-344
-408
-498
-538
-846
-655
-750
-1085
-944
-1030
-851
-902
-992
-710
-953
-1013
-837
-966
-1102
-1076
-1095
-1063
-981
-1068
-909
-965
-873
-882
-936
-1005
-1058
-997
-1048
-1091
-1092
-907
-673
-547
-513
-488
-394
-173
-89
-292
-362
-282
-6
171
224
370
524
788
1015
1157
1153
1029
984
1168
1317
1355
1281
1353
1621
1796
1802
1762
1715
1575
1488
1410
1351
1215
1098
1174
1280
1322
1254
1206
1082
972
849
689
477
263
212
264
348
362
368
306
281
243
174
-45
-286
-395
-409
-406
-413
-366
-366
-339
-244
-151
-175
-356
-443
-434
-436
-353
-337
-297
-238
-114
52
-10
-88
-136
-110
-221
-175
-210
-178
-116
-210
56
58
89
-360
6
-201
-555
-214
-259
-654
-207
-70
-410
-50
-237
-156
-269
-378
-242
-187
-584
-252
-132
-102
-310
-176
-1
-179
-517
-228
-124
-601
-343
-227
-278
-234
-219
-178
-138
-178
-300
-260
-94
-290
-352
-1
-76
-114
18
25
-33
-63
23
125
105
4
100
269
225
252
221
262
345
255
391
523
468
566
775
806
844
929
1010
1054
1063
1161
1326
1342
1374
1488
1587
1676
1629
1636
1660
1598
1511
1486
1376
1284
1228
1202
1134
1032
956
851
725
622
562
427
362
298
296
227
150
108
203
34
-51
63
-33
-113
-242
-74
-249
-236
-130
-201
-370
-278
-219
-399
-184
-367
-333
-336
-317
-183
-222
-467
-77
-423
-204
-228
-374
-241
-129
-283
-285
73
-593
72
-448
-246
-187
-594
-479
-276
-362
-799
-238
-413
-318
-768
-607
46
-1083
-630
-592
-473
-823
-876
-286
-631
-785
-686
-534
-553
-1065
-827
-567
-778
-875
-814
-402
-676
-1108
-556
-650
-701
-1048
-815
-498
-897
-978
-498
-631
-749
-807
-598
-551
-1057
-897
-778
-926
-983
-797
-652
-726
-756
-677
-587
-703
-805
-768
-649
-638
-585
-342
-255
-84
-6
227
225
280
437
445
565
748
896
983
1178
1377
1564
1661
1644
1696
1638
1613
1558
1540
1531
1475
1440
1531
1522
1481
1352
1266
1165
1063
952
909
813
732
797
653
811
723
562
523
550
435
245
72
271
141
-282
299
188
-224
132
49
-212
-227
-200
-80
-524
-690
37
-391
-613
-203
-187
-549
-353
-297
-562
-595
-626
-415
-736
-519
-553
-489
-602
-385
-737
-593
-555
-667
-560
-995
-101
-594
-765
-402
-307
-650
-681
-346
-613
-667
-797
-379
-334
-1074
-398
-245
-874
-348
-510
-379
-496
-601
-160
-312
-645
-362
-73
-578
-296
-428
-317
-423
-671
-304
-369
-727
-301
-469
-543
-652
-567
-637
-724
-878
-722
-627
-866
-563
-608
-669
-637
-601
-700
-602
-712
-634
-537
-559
-389
-252
-281
-55
-32
100
177
187
323
472
601
775
940
1105
1254
1309
1421
1489
1438
1373
1369
1305
1282
1228
1249
1321
1337
1363
1378
1202
1173
1105
920
1048
779
929
894
526
1001
930
524
569
911
572
25
656
666
-114
348
588
236
90
189
536
216
-353
350
391
-182
26
420
-99
36
229
119
-112
-359
472
-425
-149
-404
237
-362
-570
342
-564
-200
-572
83
-651
-378
-205
-743
8
-775
-323
-355
-544
-732
-147
-763
-463
-468
-1091
-180
-1007
-666
-591
-878
-507
-880
-573
-991
-774
-746
-1093
-1016
-674
-899
-1227
-633
-970
-765
-1173
-662
-1089
-822
-1097
-747
-1084
-967
-704
-1029
-1062
-803
-1175
-994
-995
-1146
-1020
-1014
-869
-751
-902
-762
-710
-634
-707
-627
-650
-473
-428
-335
-103
-74
42
139
393
324
456
513
710
740
900
1164
1181
1355
1385
1558
1546
1525
1587
1602
1671
1562
1770
1710
1727
1813
1749
1786
1695
1616
1602
1551
1095
1541
1391
1012
1395
1220
1346
786
1151
1022
661
666
487
847
-6
551
521
37
226
666
-76
18
475
-158
-70
138
101
-635
489
-350
-94
-213
-347
140
-996
194
-241
-638
-206
45
-730
-46
-224
-403
-270
-460
-305
-115
-252
-653
185
-571
-17
-268
-611
-213
-388
-354
-647
-401
-378
-504
-973
-251
-490
-1265
-202
-945
-892
-517
-1107
-880
-841
-1097
-946
-926
-1039
-835
-1328
-1058
-556
-1490
-1425
-792
-1265
-1166
-1330
-1109
-868
-1482
-934
-1039
-1273
-1097
-1014
-1027
-1206
-1120
-886
-911
-1081
-840
-698
-686
-743
-663
-615
-652
-641
-438
-294
-499
-224
-7
-36
83
103
133
358
409
450
644
687
881
1154
1159
1371
1333
1269
1399
1604
1427
1494
1644
1752
1653
1652
2142
1601
1753
1895
1804
1588
1708
1533
1728
1515
1296
1724
1259
1355
1291
1162
984
1124
781
897
703
764
644
786
589
511
812
57
689
462
29
346
527
-96
165
191
-30
156
-25
-158
140
-286
-243
-102
-443
-289
-653
-161
-250
-716
-275
-248
-431
-725
-147
-580
-716
-620
-406
-682
-1041
-420
-517
-992
-992
-567
-834
-1199
-547
-1053
-1189
-554
-1216
-883
-1288
-714
-1204
-1075
-1208
-925
-1267
-1280
-1259
-1012
-1271
-1468
-870
-1047
-1325
-1179
-1007
-970
-1352
-1093
-1022
-1146
-1010
-1033
-943
-1083
-982
-852
-1020
-780
-944
-904
-680
-661
-859
-630
-532
-578
-261
-569
-181
-112
-266
-167
-5
98
-150
186
169
253
206
452
823
476
665
975
1063
1010
1232
1494
1438
1562
1700
1889
1657
1855
2080
1896
1831
2064
2096
1883
2143
2076
1995
2055
2325
1885
2019
2014
1967
1941
1555
1618
1792
1294
1121
1504
1418
760
1376
1090
1207
1300
663
1483
1072
775
1117
1419
517
1377
736
1337
1202
257
1174
918
492
350
788
80
199
378
-522
216
-289
-591
-114
-806
-616
-643
-766
-1227
-837
-1140
-1449
-835
-1864
-1001
-1684
-1748
-996
-2533
-1300
-2008
-1791
-2013
-1985
-1997
-1969
-1964
-2391
-2214
-2167
-2232
-2670
-2325
-2096
-2926
-2222
-2231
-2738
-2339
-2826
-1891
-2879
-2662
-2110
-2704
-2386
-2796
-2179
-2410
-2689
-2215
-2459
-2103
-2224
-2357
-2106
-1828
-2295
-2158
-1491
-2029
-2080
-1621
-1368
-2106
-1674
-1402
-1476
-1642
-1411
-1063
-1652
-1280
-1082
-1136
-1125
-959
-808
-733
-833
-446
-419
-497
-400
-176
-34
-23
117
237
345
458
525
609
733
671
937
1022
1079
1190
1359
1339
1572
1469
1482
1583
1579
1692
1375
1729
1880
1342
1692
1714
1325
1512
1451
1203
1569
1403
744
1859
1155
510
1405
1314
234
1054
1193
65
946
923
202
747
352
528
384
129
297
307
-46
-14
234
-203
293
-639
425
-99
-450
-350
190
-226
-1047
53
-231
-845
-374
-398
-900
25
-913
-1048
116
-1077
-1038
-267
-1046
-759
-901
-735
-844
-861
-1080
-693
-1340
-801
-744
-1523
-909
-503
-1668
-905
-700
-1296
-760
-1553
-667
-1012
-1486
-696
-1040
-935
-1398
-1108
-486
-1401
-1089
-633
-989
-959
-679
-607
-731
-728
-491
-700
-399
-531
-216
-416
-427
-298
-98
-317
-164
-123
-258
225
-49
88
221
9
538
353
401
719
543
647
914
850
780
1135
1059
1102
1255
1300
1430
1552
1556
1967
1956
1849
2206
2215
2073
2329
2366
2395
2403
2117
2965
2295
2286
2620
2182
2677
2150
2089
2774
2004
1747
2645
2083
1717
2021
1717
2111
1637
1431
1917
1629
1079
1427
1747
831
1283
661
1107
890
605
669
1025
343
88
1034
-282
217
252
-256
42
-27
-109
-256
-279
-528
-341
-466
-494
-367
-744
-489
-351
-991
-575
-894
-814
-764
-1115
-1111
-682
-876
-1229
-1699
-702
-1408
-1745
-530
-1595
-1500
-857
-1636
-900
-1571
-1923
-1024
-1693
-1748
-1305
-1540
-1682
-1267
-1858
-1647
-1459
-1720
-1773
-1407
-1551
-1266
-1354
-1935
-616
-1748
-1616
-726
-1518
-1204
-764
-943
-1059
-815
-1026
-941
-945
-1128
-904
-903
-491
-696
-599
-562
-433
-556
-337
-104
-507
-100
182
-80
269
199
17
528
518
529
830
988
1081
1134
1443
1623
1527
1688
2001
1990
2419
2247
2212
2588
2189
2438
2583
2607
2541
2605
2517
2476
2533
2163
2204
2123
2162
2084
2040
1523
1976
1546
1012
1976
1030
1449
1282
1192
1324
712
997
959
220
708
501
268
1123
-209
633
158
234
-334
290
-17
-331
6
-91
130
-1066
322
-417
-992
-705
238
-883
-702
-345
-587
-671
-1006
-782
-973
-879
-1260
-286
-1078
-504
-788
-1323
-744
-1581
-1388
-758
-1266
-1079
-780
-974
-1171
-1371
-1615
-1525
-1563
-1337
-1221
-1177
-1323
-1611
-1384
-2189
-1698
-2069
-1879
-1415
-2070
-1204
-1155
-2209
-1682
-1253
-2541
-1756
-1556
-1834
-1299
-1593
-1323
-1574
-1652
-1706
-1713
-1733
-1390
-1041
-718
-265
-540
-521
-55
-583
-623
-280
-147
39
440
984
1127
860
827
944
972
1024
1422
1980
2219
2181
2424
2708
2269
2282
2350
2604
2663
2889
3257
3184
2969
2812
3010
2627
2321
2779
2837
2452
2833
2701
2709
2387
1818
2155
1941
1714
2083
2156
1934
1991
2016
1778
1666
1384
1407
1131
1198
1499
1340
1201
1406
879
685
1236
488
536
1256
506
580
1080
510
390
-16
7
9
32
-155
52
-390
-258
-249
-812
-640
-868
-1115
-521
-808
-816
-664
-1211
-954
-1380
-880
-1339
-1084
-1245
-1013
-1219
-1232
-1171
-1462
-1182
-1879
-1187
-1697
-1486
-1956
-1618
-1636
-2115
-1668
-1904
-1305
-1922
-1849
-1840
-1453
-2190
-2043
-1269
-1740
-1732
-1848
-1327
-1787
-1978
-2147
-1725
-1299
-1245
-380
-621
-818
-743
-661
-452
-292
-344
212
743
1009
1183
1337
1041
945
1317
1697
2261
2245
2471
2663
2567
2512
2752
2788
2448
2686
2730
3071
2999
2778
2557
2180
2065
2105
2149
2094
2074
2063
1996
1805
1694
1520
1356
1440
1494
1817
1734
1610
1666
1461
1334
1552
1847
1806
1598
1661
2163
1774
1750
1884
1464
1538
1886
1941
1841
1637
1286
1278
1338
1204
1201
982
947
879
979
698
129
413
-20
-54
246
272
167
-200
-454
-291
-578
-653
-471
-736
-858
-1014
-625
-842
-1093
-1384
-1182
-774
-1210
-955
-948
-1939
-1599
-1438
-1451
-1313
-1694
-1702
-1665
-1798
-2170
-2056
-1958
-2149
-2042
-1853
-1806
-2087
-2840
-2616
-2502
-2522
-2371
-2267
-2331
-2782
-2898
-1897
-1738
-1509
-821
-794
-601
-782
-753
-277
-436
-165
673
1410
1984
1919
1698
1575
1426
1698
2506
2983
3248
3342
3215
2909
2802
2752
2689
2795
2772
2963
2943
2573
1838
1112
830
604
619
835
796
443
-61
-528
-810
-1111
-1339
-1163
-942
-952
-933
-1109
-1471
-1723
-1815
-1422
-1037
-724
-555
-743
-946
-1000
-954
-895
-825
-464
-297
-109
-139
-448
-583
-878
-675
-336
-211
-107
-195
-435
-515
-959
-989
-943
-1233
-1020
-1001
-1100
-1384
-1745
-2019
-2170
-2321
-2180
-1935
-1965
-2209
-2311
-2576
-2624
-2491
-2708
-2603
-2345
-2426
-2502
-2712
-2984
-3125
-3378
-3095
-2799
-3049
-3150
-3395
-3455
-3549
-3935
-3688
-3730
-3699
-3878
-4022
-4178
-4369
-4212
-4221
-4430
-4199
-4248
-4590
-4442
-3870
-3049
-2446
-2188
-2082
-2250
-2462
-1804
-1326
-1027
-451
218
931
1221
1157
1242
1372
1481
2192
2941
3425
3631
3202
2996
3066
3092
3449
3492
3473
3245
2850
2607
2280
1931
1667
1579
1385
1345
1041
627
262
-172
-235
-192
-188
-226
-491
-734
-839
-1084
-1094
-920
-779
-496
-240
-206
-9
71
-81
31
391
742
1038
1202
1158
1108
1040
1334
1756
1921
1936
1728
1791
1759
1583
1736
1806
1746
1615
1572
1400
1058
780
644
622
664
682
569
347
20
-154
-22
-5
-143
-232
-134
-294
-440
-337
-546
-647
-748
-744
-593
-708
-883
-1130
-1381
-1434
-1480
-1333
-1207
-1469
-1735
-1929
-1915
-2179
-2452
-2654
-2684
-2754
-2842
-2665
-3035
-3398
-3594
-2891
-1996
-1130
-992
-1525
-1768
-1897
-1141
-362
490
976
1123
1537
1949
2003
1921
1980
2578
3432
4086
4612
4616
3971
3497
3680
4194
4770
4948
4593
4006
3293
3092
2934
2805
2550
2281
2004
1599
1212
645
127
-259
-297
-273
-336
-676
-1083
-1603
-1894
-1784
-1606
-1484
-1621
-1580
-1553
-1471
-1299
-1018
-797
-684
-446
-313
-116
27
111
252
430
705
929
1106
1197
1101
1060
1065
1123
1225
1220
1172
1065
891
828
720
561
507
399
306
95
-123
-398
-587
-572
-612
-631
-697
-737
-797
-792
-598
-711
-674
-628
-666
-571
-693
-730
-866
-939
-864
-881
-826
-914
-1082
-1201
-1427
-1540
-1640
-1587
-1747
-1947
-1956
-2234
-2321
-2552
-2679
-2800
-3099
-2444
-1447
-561
-635
-1591
-2021
-1843
-1014
50
812
975
832
882
1458
1926
2054
2384
2917
3522
4115
4507
4576
4180
3924
4197
4985
5519
5400
4977
4099
3537
3541
3753
3678
3242
2552
1881
1426
1047
820
415
-157
-527
-639
-893
-1287
-1743
-2131
-2286
-2385
-2319
-2320
-2525
-2778
-2753
-2439
-2152
-1848
-1747
-1794
-1809
-1685
-1242
-866
-683
-576
-568
-471
-163
185
489
597
581
583
630
627
795
947
918
879
753
699
453
275
186
85
37
-181
-446
-667
-908
-1001
-934
-969
-958
-1067
-1081
-1094
-1040
-919
-903
-948
-891
-744
-829
-933
-1152
-1285
-1306
-1173
-1041
-1010
-1149
-1360
-1633
-1742
-1645
-1706
-1567
-1789
-1871
-2101
-2205
-2363
-2554
-2638
-2611
-1851
-931
-118
-696
-1548
-2024
-1592
-428
557
1218
1101
834
1042
1738
2469
2739
3103
3588
3983
4375
4828
4969
4726
4614
5078
5791
6055
5741
5145
4543
4296
4450
4784
4644
3917
2992
2356
2084
1882
1668
1190
489
-92
-500
-660
-996
-1413
-1831
-2184
-2295
-2492
-2660
-2919
-3178
-3273
-2987
-2894
-2880
-2972
-3115
-3042
-2702
-2231
-1891
-1861
-2044
-1936
-1632
-1117
-640
-433
-544
-691
-739
-480
-97
242
323
152
-96
-211
-149
-151
-115
-91
-56
-302
-703
-932
-1094
-1143
-961
-888
-986
-1328
-1728
-1878
-1782
-1467
-1342
-1230
-1406
-1612
-1711
-1705
-1603
-1533
-1497
-1533
-1496
-1506
-1438
-1665
-1694
-1660
-1656
-1562
-1667
-1830
-1953
-2075
-1879
-1781
-1723
-2004
-2379
-2378
-2248
-1351
-324
302
-168
-1054
-1483
-872
240
1281
1880
1799
1576
1610
2373
3099
3473
3813
4252
4614
4802
5126
5519
5577
5569
6011
6546
6793
6433
5991
5612
5418
5507
5727
5557
4866
3962
3383
3100
2916
2769
2324
1603
719
166
-112
-417
-700
-1111
-1616
-2104
-2553
-2788
-2912
-2982
-3070
-3111
-3173
-3329
-3486
-3562
-3411
-3077
-2704
-2509
-2537
-2693
-2632
-2319
-1750
-1270
-1185
-1359
-1562
-1519
-1177
-632
-280
-235
-475
-870
-975
-821
-525
-376
-426
-638
-989
-1160
-1196
-1128
-1061
-1103
-1233
-1459
-1648
-1823
-1789
-1589
-1477
-1240
-1209
-1343
-1510
-1661
-1602
-1376
-1155
-1107
-1126
-1352
-1502
-1387
-1291
-1079
-1020
-1186
-1306
-1564
-1471
-1330
-1195
-1208
-1478
-1603
-1806
-1719
-1608
-1559
-1563
-1794
-1468
-496
448
606
-211
-807
-519
340
1339
2029
1924
1604
1553
2443
3513
3937
4025
4031
4182
4582
5208
6003
6231
5813
5609
5901
6284
6405
6260
5877
5347
5106
5241
5401
4969
4114
3436
3015
2825
2783
2541
1898
908
119
-116
-239
-412
-761
-1332
-2024
-2538
-2661
-2560
-2583
-2802
-3026
-3267
-3333
-3308
-3240
-3181
-3196
-2990
-2854
-2571
-2395
-2457
-2360
-2202
-1764
-1494
-1491
-1465
-1526
-1449
-1129
-745
-449
-645
-932
-999
-988
-828
-829
-777
-943
-1191
-1194
-1266
-1328
-1449
-1496
-1525
-1713
-1759
-1751
-1722
-1679
-1594
-1444
-1570
-1819
-1879
-1844
-1646
-1572
-1538
-1559
-1716
-1843
-1845
-1684
-1588
-1607
-1751
-1702
-1598
-1367
-1221
-1414
-1474
-1561
-1507
-1268
-1296
-1335
-1616
-1600
-1613
-1445
-1357
-1263
-404
478
975
411
-403
-522
145
1241
2331
2634
2344
1957
2140
3060
3845
4232
4502
4623
4682
4918
5434
5843
5662
5470
5769
6176
6301
5964
5471
4964
4640
4774
5138
5004
4215
3212
2534
2267
2287
2386
1948
1017
13
-500
-577
-623
-690
-1056
-1763
-2501
-2814
-2678
-2536
-2550
-2740
-2946
-3189
-3231
-2956
-2710
-2642
-2690
-2571
-2273
-2035
-1816
-1694
-1688
-1542
-1284
-1023
-902
-915
-1036
-979
-720
-428
-203
-445
-729
-827
-765
-540
-496
-492
-722
-979
-1040
-941
-791
-904
-1090
-1340
-1506
-1493
-1472
-1466
-1512
-1611
-1691
-1702
-1637
-1610
-1634
-1683
-1705
-1681
-1598
-1550
-1515
-1545
-1594
-1650
-1693
-1585
-1581
-1528
-1531
-1522
-1470
-1457
-1404
-1356
-1371
-1486
-1475
-1407
-1183
-1095
-1178
-1233
-852
256
1146
1053
205
-350
-128
662
1746
2648
2867
2519
2288
2788
3473
3920
4281
4610
4695
4683
4939
5349
5308
4911
4894
5267
5520
5414
5071
4580
4073
3876
4129
4262
3770
2871
2046
1524
1415
1531
1421
755
-242
-944
-1194
-1215
-1141
-1330
-1909
-2565
-2973
-2995
-2818
-2722
-2717
-2849
-2915
-2777
-2543
-2391
-2494
-2511
-2304
-1895
-1380
-1087
-1073
-1214
-1157
-775
-389
-128
-100
-311
-409
-216
132
290
96
-153
-204
-131
18
24
-166
-363
-508
-364
-199
-210
-492
-872
-1149
-1207
-1059
-965
-1023
-1287
-1470
-1571
-1569
-1461
-1396
-1523
-1685
-1776
-1684
-1609
-1665
-1716
-1832
-1762
-1778
-1787
-1789
-1828
-1815
-1772
-1704
-1754
-1809
-1989
-2000
-2021
-1873
-1860
-1848
-1857
-2013
-1871
-1997
-1217
-191
549
428
-475
-759
-502
232
1295
2100
2336
2191
2091
2674
3122
3352
3727
4114
4392
4574
4826
5120
4801
4344
4524
4980
5366
5319
4938
4256
3481
3242
3505
3729
3393
2712
1899
1116
711
665
660
247
-402
-894
-1251
-1602
-1793
-1910
-2162
-2442
-2577
-2447
-2427
-2475
-2544
-2553
-2507
-2291
-1738
-1369
-1330
-1576
-1600
-1295
-816
-202
182
245
163
279
542
704
781
796
931
1045
1222
1308
1005
577
369
554
787
861
722
412
33
-164
-48
93
-29
-325
-668
-890
-936
-874
-866
-1005
-1150
-1266
-1298
-1341
-1379
-1462
-1608
-1664
-1609
-1477
-1432
-1606
-1778
-1957
-1971
-1858
-1919
-1953
-2072
-2214
-2117
-2278
-2180
-2249
-2481
-2458
-2601
-2507
-2466
-2610
-2518
-2710
-2589
-1857
-914
-31
-283
-924
-1283
-1066
-306
744
1523
1887
1804
1978
2380
2655
2840
3105
3426
3862
4253
4657
4678
4217
3792
3824
4289
4680
4808
4566
3849
3067
2685
2750
2736
2487
2045
1420
790
369
88
-248
-782
-1226
-1410
-1549
-1657
-1935
-2370
-2881
-3186
-3026
-2603
-2251
-2142
-2213
-2343
-2375
-2012
-1368
-884
-693
-721
-675
-430
-112
350
661
913
1102
1260
1429
1317
1311
1261
1281
1511
1769
1855
1640
1261
997
898
950
1036
951
779
597
456
471
383
127
-229
-540
-602
-517
-393
-485
-745
-952
-1083
-1046
-922
-811
-876
-1120
-1371
-1579
-1605
-1509
-1528
-1529
-1588
-1608
-1667
-1858
-1999
-2138
-2254
-2244
-2177
-2199
-2205
-2514
-2590
-2770
-2851
-2941
-2776
-2638
-2632
-2924
-2805
-1861
-894
-227
-661
-1109
-1349
-1115
-366
540
1254
1707
2060
2526
2710
2536
2422
2692
3232
3998
4758
5269
4942
4076
3476
3509
3912
4338
4549
4323
3541
2728
2240
1954
1643
1311
1016
745
467
134
-328
-1057
-1807
-2203
-2181
-1952
-1770
-1878
-2310
-2858
-3138
-2984
-2524
-2075
-1710
-1493
-1406
-1307
-1111
-779
-408
-146
122
639
1087
1375
1387
1287
1281
1323
1689
2144
2294
2041
1631
1390
1340
1344
1389
1361
1250
1175
1135
948
612
293
175
232
415
615
571
150
-357
-573
-456
-148
79
136
-27
-345
-568
-604
-522
-474
-535
-580
-572
-589
-724
-960
-1270
-1451
-1463
-1398
-1276
-1449
-1803
-2134
-2535
-2707
-2744
-2696
-2536
-2630
-2894
-3167
-3422
-3548
-3475
-3501
-3574
-3623
-2858
-1430
-410
-376
-967
-1270
-1100
-623
281
1288
1819
2084
2705
3480
3483
2869
2664
3026
3474
4148
5113
5562
4851
3663
3104
3101
3061
3091
3243
3087
2416
1833
1448
804
-162
-854
-953
-769
-613
-645
-1114
-2210
-3265
-3660
-3396
-2874
-2332
-2004
-2039
-2306
-2558
-2506
-2220
-1854
-1285
-598
51
489
663
706
655
709
1099
1788
2449
2797
2792
2575
2329
2146
2171
2326
2305
2168
2068
2000
1815
1441
1003
698
569
720
961
995
762
432
144
3
62
159
222
101
39
138
143
13
-128
-220
-299
-331
-210
-66
-144
-435
-751
-936
-1090
-1172
-1284
-1517
-1696
-1866
-1953
-2061
-2324
-2591
-2921
-3138
-3316
-3416
-3337
-3457
-3417
-3554
-3798
-3871
-4074
-3982
-3906
-3847
-3942
-3406
-2061
-595
-8
-451
-744
-715
-378
297
1176
1840
2248
2737
3760
4368
3892
3130
2933
2982
3351
4155
5088
5095
4008
3079
2775
2447
1946
1645
1600
1506
1259
1168
884
-88
-1314
-2022
-2121
-1856
-1475
-1291
-1595
-2327
-2994
-3222
-3130
-2895
-2561
-2169
-1708
-1358
-1072
-929
-941
-990
-880
-506
150
832
1228
1335
1274
1276
1350
1631
1883
1932
1861
1848
1955
1948
1733
1326
896
715
763
886
899
704
495
397
447
505
478
301
214
272
422
625
697
577
250
12
44
217
317
310
351
419
333
195
24
-171
-464
-722
-754
-705
-759
-959
-1244
-1532
-1740
-1897
-1994
-2171
-2290
-2420
-2601
-2815
-3023
-3129
-3158
-3103
-3029
-3017
-3052
-3033
-2938
-2774
-2736
-2554
-2605
-1884
-438
876
1603
1251
1069
1209
1251
1645
2220
2680
3287
4001
5068
5544
4945
4056
3436
2999
3073
3762
4552
4668
4088
3550
3288
2763
1898
1198
769
690
923
1216
1280
601
-504
-1300
-1756
-1850
-1672
-1591
-1599
-1633
-1592
-1423
-1435
-1604
-1799
-1947
-1826
-1405
-838
-301
84
245
422
537
575
656
614
726
1061
1505
2005
2223
2122
1837
1416
1101
1045
1150
1243
1232
1142
1132
1101
898
622
329
141
139
250
451
533
483
429
367
341
344
372
349
250
173
217
312
317
307
269
148
31
-122
-232
-400
-659
-772
-781
-765
-856
-1078
-1309
-1550
-1772
-1811
-1716
-1695
-1760
-1878
-1991
-2117
-2069
-2056
-2063
-1906
-1664
-1363
-1192
-1044
-985
-910
-696
-489
-244
-86
50
490
1212
2102
2719
2813
2747
2606
2675
2788
2661
2732
2951
3336
3840
4089
3953
3369
2676
2313
2198
2221
2156
1948
1702
1499
1373
1271
1067
654
134
-297
-613
-772
-822
-858
-897
-928
-990
-1139
-1404
-1702
-1966
-2186
-2280
-2261
-2182
-2093
-2023
-2037
-2080
-2104
-2127
-2138
-2178
-2197
-2095
-1961
-1855
-1758
-1673
-1518
-1375
-1303
-1316
-1401
-1423
-1395
-1265
-1089
-921
-828
-800
-797
-869
-1036
-1223
-1293
-1212
-1054
-886
-781
-768
-801
-839
-844
-826
-802
-832
-899
-910
-823
-706
-681
-779
-920
-1066
-1139
-1172
-1182
-1222
-1411
-1644
-1789
-1780
-1690
-1667
-1758
-1893
-1990
-2039
-2062
-2041
-2008
-2021
-2025
-1940
-1800
-1692
-1703
-1748
-1708
-1541
-1298
-1057
-849
-697
-586
-478
-279
-32
194
332
360
446
626
846
1036
1137
1155
1101
998
987
1078
1138
1078
978
899
804
656
480
330
165
11
-98
-153
-247
-384
-495
-567
-609
-633
-621
-603
-576
-539
-449
-333
-191
-76
-33
-33
-25
42
169
356
566
736
840
885
861
819
772
796
924
1096
1261
1341
1300
1204
1114
1092
1114
1122
1091
1003
929
845
790
708
554
378
218
147
149
145
83
-110
-338
-488
-487
-379
-280
-280
-344
-423
-434
-358
-284
-348
-496
-570
-499
-300
-138
-116
-272
-460
-512
-418
-242
-168
-266
-483
-670
-707
-624
-511
-489
-568
-638
-620
-549
-483
-518
-667
-815
-841
-710
-504
-364
-331
-363
-371
-257
-77
58
102
94
150
316
560
805
902
876
876
970
1129
1242
1294
1292
1244
1218
1275
1414
1472
1397
1278
1186
1101
984
877
778
650
540
520
528
433
226
-4
-161
-232
-214
-184
-208
-327
-465
-528
-516
-455
-406
-394
-424
-447
-429
-367
-313
-275
-200
-82
64
166
203
211
229
298
420
555
677
750
745
710
703
739
750
743
724
696
646
611
571
485
365
195
67
1
-20
-12
-43
-135
-237
-346
-417
-466
-488
-483
-485
-467
-426
-373
-343
-411
-539
-620
-611
-526
-409
-310
-298
-374
-456
-480
-440
-408
-404
-437
-442
-388
-315
-245
-190
-186
-216
-214
-172
-131
-113
-118
-120
-107
-61
43
138
195
208
244
319
404
482
562
650
745
842
946
1006
967
938
971
1092
1207
1302
1340
1306
1220
1246
1418
1501
1472
1203
894
624
399
350
395
548
783
982
1040
833
295
-327
-786
-928
-678
-251
108
257
105
-210
-614
-992
-1213
-1264
-1183
-1028
-837
-696
-656
-742
-851
-916
-928
-875
-807
-808
-844
-810
-672
-421
-138
99
255
263
193
85
-40
-118
-124
-4
213
455
669
755
716
505
231
93
-22
-72
-28
16
191
315
340
298
98
-13
-57
-41
-51
-108
-149
-120
109
95
119
215
211
327
220
196
169
36
64
78
54
-71
83
315
402
546
518
398
167
-7
61
-39
-83
90
57
-32
21
14
79
112
-7
-125
-377
-425
-188
-18
184
304
427
631
713
601
393
166
49
105
173
345
629
707
660
664
530
361
115
-181
-326
-436
-312
-104
-106
-159
-243
-383
-529
-698
-919
-1117
-1296
-1420
-1355
-1258
-1163
-894
-559
-336
-153
-84
-167
-260
-353
-338
-196
-38
215
455
649
888
1080
1236
1291
1166
978
799
734
731
783
884
922
1018
1112
1163
1127
905
610
272
-67
-304
-435
-467
-438
-382
-338
-391
-534
-715
-868
-969
-1000
-983
-938
-871
-786
-636
-414
-193
-34
-10
-36
-62
-145
-177
-137
-28
136
335
496
560
545
451
371
330
237
156
77
9
-34
-87
-46
-9
-33
-114
-217
-263
-282
-271
-249
-236
-224
-215
-180
-148
-159
-156
-88
12
88
122
109
96
192
350
463
536
506
482
560
603
629
600
618
648
600
660
683
621
536
476
440
396
412
357
274
142
-16
-53
-156
-246
-331
-477
-548
-606
-610
-597
-710
-874
-925
-817
-451
125
532
778
816
658
619
575
619
746
791
864
950
1071
1261
1393
1450
1468
1381
1209
971
616
319
144
26
60
101
59
-24
-161
-249
-339
-536
-795
-1098
-1369
-1493
-1485
-1454
-1433
-1444
-1429
-1345
-1237
-1122
-1078
-1135
-1201
-1217
-1140
-1014
-895
-723
-536
-346
-133
50
167
200
186
174
229
288
328
346
308
326
378
477
596
616
553
431
320
262
229
235
238
188
142
99
98
143
190
234
228
170
118
102
94
109
99
57
5
-47
-42
-22
-42
-55
-61
-70
-106
-188
-274
-354
-386
-337
-287
-296
-329
-334
-322
-335
-356
-438
-553
-648
-704
-701
-721
-752
-805
-832
-830
-809
-766
-768
-799
-881
-986
-1093
-1210
-1229
-1091
-776
-283
238
691
983
1091
1201
1333
1423
1402
1226
1085
1026
1064
1220
1437
1608
1670
1673
1645
1566
1352
1032
726
453
252
105
-2
-32
-54
-38
-31
-116
-225
-363
-489
-596
-725
-872
-990
-1054
-1061
-991
-917
-911
-939
-936
-857
-717
-561
-437
-400
-371
-279
-103
140
315
387
398
369
391
466
525
557
518
483
575
677
724
735
664
554
465
405
384
372
370
421
454
452
467
439
391
364
345
331
295
255
271
304
278
212
88
-37
-131
-219
-290
-363
-435
-499
-539
-562
-614
-681
-755
-815
-835
-854
-884
-975
-1097
-1204
-1283
-1304
-1302
-1315
-1311
-1281
-1265
-1257
-1242
-1235
-1193
-1096
-1016
-984
-991
-990
-939
-858
-810
-728
-548
-182
339
819
1253
1535
1774
2095
2376
2597
2603
2451
2319
2254
2260
2257
2164
1994
1878
1831
1841
1795
1599
1387
1166
944
771
517
206
-95
-385
-559
-675
-785
-893
-1017
-1094
-1112
-1106
-1085
-1136
-1216
-1248
-1272
-1291
-1320
-1368
-1358
-1261
-1116
-948
-811
-670
-458
-242
-20
162
229
265
288
328
370
331
206
66
-29
-66
-103
-139
-115
-79
-37
39
84
107
114
89
116
153
181
202
241
312
369
427
497
591
668
731
805
873
938
979
996
997
911
799
710
654
688
718
659
546
452
405
394
385
357
284
184
59
-51
-151
-231
-287
-345
-385
-442
-494
-543
-598
-609
-579
-565
-541
-489
-446
-389
-326
-322
-358
-393
-430
-483
-590
-762
-834
-771
-565
-264
-30
203
384
577
901
1162
1280
1302
1213
1184
1185
1098
911
583
327
238
278
363
330
223
218
277
346
377
290
168
41
-64
-144
-299
-524
-690
-822
-911
-944
-984
-971
-939
-906
-847
-850
-834
-806
-797
-707
-627
-603
-543
-464
-294
-64
119
272
381
463
575
682
742
797
797
769
720
625
536
455
384
331
269
178
111
78
115
173
198
241
271
315
326
268
169
72
37
63
133
199
226
270
311
364
395
366
380
374
346
347
309
262
248
282
345
417
429
369
328
269
202
129
51
0
-26
-47
-68
-75
-102
-137
-191
-254
-295
-307
-240
-144
-66
-34
-41
-33
-36
-47
-85
-159
-283
-439
-562
-706
-881
-1106
-1353
-1454
-1373
-1138
-908
-805
-694
-500
-164
205
373
367
332
389
580
643
448
151
-86
-121
-39
-23
-87
-160
-106
128
352
402
344
319
359
410
352
189
-48
-260
-362
-430
-525
-637
-781
-915
-1006
-1069
-1073
-1027
-930
-815
-719
-618
-459
-260
-76
33
118
158
213
302
374
386
311
253
299
425
492
446
379
327
333
442
504
507
419
264
173
70
-34
-152
-213
-223
-246
-220
-222
-207
-198
-209
-175
-82
49
267
446
528
543
506
534
604
661
669
620
594
601
654
720
751
777
787
793
811
816
786
753
696
677
642
571
541
533
453
361
299
272
294
263
205
131
51
74
153
186
185
150
106
56
-47
-154
-255
-380
-520
-677
-885
-1136
-1354
-1624
-1888
-2106
-2210
-2097
-1973
-1937
-1948
-1931
-1696
-1357
-1081
-929
-940
-865
-629
-434
-376
-547
-696
-613
-533
-523
-608
-697
-602
-365
-99
112
213
316
541
755
856
877
856
844
780
612
377
102
-151
-344
-541
-745
-829
-812
-702
-584
-550
-471
-305
-52
193
353
410
441
520
591
624
630
648
674
719
753
730
717
751
839
939
957
953
940
913
874
770
671
568
476
401
236
47
-109
-201
-252
-303
-344
-315
-163
10
157
302
400
549
717
795
831
816
841
887
932
976
990
1029
1086
1132
1157
1112
1080
1119
1178
1162
1059
948
842
774
717
591
393
194
63
-85
-273
-426
-553
-656
-748
-846
-920
-932
-920
-911
-900
-875
-858
-841
-812
-847
-954
-1096
-1246
-1396
-1531
-1684
-1884
-2041
-2139
-2210
-2253
-2263
-2189
-2027
-1809
-1598
-1412
-1237
-1072
-885
-712
-564
-426
-346
-318
-302
-266
-214
-143
-36
78
197
348
515
679
843
1026
1185
1252
1291
1315
1267
1139
944
763
597
418
199
-30
-175
-285
-390
-428
-415
-338
-216
-105
-29
57
166
267
359
419
441
476
535
593
612
566
526
548
603
669
727
706
694
741
822
860
827
805
758
739
791
823
797
694
583
483
413
403
413
417
390
383
387
392
424
469
542
580
576
581
611
646
647
640
581
492
437
364
301
222
130
91
64
48
54
-3
-112
-189
-277
-437
-662
-853
-1013
-1155
-1271
-1407
-1561
-1684
-1734
-1694
-1563
-1441
-1346
-1266
-1127
-863
-624
-468
-351
-267
-150
31
177
194
102
66
69
17
-98
-221
-306
-334
-314
-326
-363
-420
-451
-406
-386
-408
-434
-445
-412
-399
-423
-444
-472
-482
-469
-464
-478
-473
-440
-403
-355
-298
-206
-82
-6
36
112
237
336
411
494
624
790
924
1027
1046
1007
1002
996
964
884
773
658
528
447
412
396
400
371
321
300
301
339
380
368
317
311
312
291
290
250
195
154
156
216
248
265
319
387
483
599
668
706
734
794
859
889
908
870
809
779
760
743
698
658
619
540
459
378
269
156
65
-16
-91
-157
-221
-293
-345
-362
-366
-368
-405
-430
-417
-428
-441
-447
-453
-460
-459
-474
-508
-564
-612
-634
-634
-635
-670
-672
-658
-643
-591
-567
-595
-629
-656
-689
-756
-853
-947
-1046
-1135
-1211
-1285
-1333
-1359
-1349
-1317
-1262
-1211
-1158
-1064
-978
-877
-779
-735
-678
-632
-618
-618
-626
-602
-569
-524
-467
-410
-372
-356
-370
-329
-256
-182
-126
-93
-10
82
163
226
269
335
401
475
494
465
458
429
431
423
368
318
275
271
236
201
188
172
157
148
175
177
177
180
162
162
190
240
311
365
392
412
431
466
521
567
561
526
507
522
530
481
381
297
256
228
230
214
168
116
58
27
18
34
40
13
-27
-63
-94
-136
-143
-172
-220
-269
-307
-293
-282
-246
-227
-209
-142
-51
64
150
213
278
294
288
278
251
244
233
233
211
148
102
13
-93
-176
-270
-327
-382
-461
-488
-523
-568
-570
-557
-528
-525
-543
-559
-558
-541
-528
-513
-489
-439
-364
-291
-215
-167
-102
-41
16
87
139
188
225
249
273
270
268
262
241
214
176
127
57
-12
-45
-74
-120
-166
-172
-118
-64
-3
27
50
112
155
202
226
236
252
237
232
235
242
253
271
319
344
338
312
287
288
263
227
166
85
36
-8
-67
-138
-198
-235
-276
-322
-348
-374
-383
-361
-343
-336
-309
-259
-201
-136
-93
-69
-34
25
100
171
209
254
332
412
493
576
629
657
683
693
704
703
693
686
621
555
527
481
449
389
333
285
221
223
237
221
177
184
205
227
249
222
198
176
180
183
190
178
163
148
72
-1
-86
-167
-224
-298
-381
-477
-562
-610
-643
-665
-694
-732
-746
-761
-760
-737
-691
-631
-573
-525
-493
-447
-422
-386
-341
-315
-271
-240
-209
-177
-141
-114
-62
-6
45
109
144
169
200
236
268
269
222
160
82
-1
-76
-152
-205
-278
-364
-410
-423
-453
-481
-484
-459
-386
-327
-264
-202
-129
-41
41
119
173
204
231
272
288
294
308
326
337
323
319
325
333
328
332
333
321
308
276
256
233
214
214
192
168
126
79
46
38
63
90
107
105
131
182
241
298
345
409
458
528
586
631
649
639
635
607
594
569
540
482
419
388
332
269
210
168
128
85
53
48
25
-7
-32
-60
-46
-23
-26
-50
-47
-31
-5
44
91
148
184
228
283
324
353
394
456
485
502
518
535
546
549
564
567
571
581
587
585
566
564
584
599
600
617
616
601
608
602
601
594
583
579
538
508
493
476
460
435
412
379
364
352
327
306
270
235
215
203
182
142
100
68
19
-29
-58
-87
-126
-172
-201
-198
-195
-180
-160
-122
-81
-59
-33
7
55
100
138
180
235
297
352
395
443
495
548
580
587
598
596
601
616
643
655
626
581
535
485
419
350
287
239
193
140
96
33
-25
-76
-132
-180
-228
-270
-319
-380
-433
-474
-516
-561
-601
-645
-693
-740
-783
-829
-880
-935
-991
-1044
-1092
-1134
-1171
-1206
-1247
-1293
-1333
-1354
-1386
-1408
-1416
-1420
-1409
-1417
-1424
-1424
-1427
-1419
-1420
-1417
-1408
-1396
-1372
-1342
-1314
-1280
-1243
-1204
-1178
-1156
-1122
-1090
-1070
-1049
-1019
-999
-982
-955
-935
-925
-921
-913
-898
-880
-874
-868
-865
-861
-863
-874
-873
-879
-881
-884
-902
-933
-969
-995
-1014
-1032
-1048
-1045
-1037
-1040
-1044
-1052
-1055
-1059
-1057
-1044
-1021
-1014
-1019
-1024
-1037
-1028
-1013
-999
-984
-973
-947
-914
-871
-819
-750
-689
-624
-540
-458
-376
-307
-231
-153
-80
0
64
107
133
143
156
181
211
231
240
252
276
305
336
358
390
423
467
521
574
619
662
728
770
799
825
846
865
872
881
880
904
939
949
942
921
907
919
945
954
953
935
896
855
822
790
760
737
700
655
616
577
535
505
484
473
483
503
520
544
579
615
644
672
702
726
744
765
780
790
816
846
867
879
879
882
890
908
915
912
924
923
914
898
878
843
792
741
688
634
578
525
465
396
335
294
261
225
185
132
75
16
-47
-115
-169
-209
-250
-289
-318
-336
-366
-403
-455
-502
-533
-559
-571
-579
-566
-537
-519
-501
-498
-480
-457
-434
-398
-366
-330
-294
-247
-195
-157
-115
-72
-44
-19
1
29
59
76
99
139
185
214
214
209
209
201
193
179
152
128
107
97
93
106
114
118
118
120
138
163
194
216
250
308
363
405
441
457
468
479
474
467
465
475
487
489
481
482
480
485
484
466
458
439
419
433
444
441
427
406
407
409
408
406
398
398
396
389
394
392
388
396
408
421
426
426
407
378
347
323
315
296
283
257
214
171
114
63
11
-43
-87
-143
-200
-238
-283
-322
-373
-426
-476
-523
-574
-631
-683
-729
-776
-827
-861
-879
-906
-933
-966
-1001
-1010
-1013
-1010
-1006
-1007
-1010
-1017
-1010
-1008
-1008
-994
-982
-959
-906
-857
-822
-789
-747
-691
-616
-527
-446
-373
-302
-237
-153
-57
23
96
168
236
286
334
401
468
529
585
638
692
739
777
804
827
861
873
900
939
941
938
925
907
879
856
835
796
773
740
702
693
704
718
709
695
692
711
719
705
684
658
655
636
609
594
554
502
447
399
382
348
302
249
193
169
161
148
113
67
30
3
-21
-37
-50
-56
-56
-73
-96
-107
-118
-120
-146
-163
-177
-185
-161
-158
-159
-159
-175
-179
-165
-145
-136
-134
-147
-161
-149
-149
-152
-161
-165
-146
-139
-127
-131
-137
-123
-112
-95
-72
-56
-61
-65
-61
-67
-61
-56
-57
-57
-72
-93
-92
-84
-81
-77
-68
-66
-62
-46
-36
-33
-43
-43
-26
-8
18
32
46
67
96
130
162
207
230
251
295
335
388
436
479
526
573
613
627
641
657
659
662
658
651
654
650
634
639
641
636
641
624
604
592
570
565
575
576
566
567
575
575
574
573
558
563
564
568
587
590
597
594
589
604
629
656
684
695
691
684
667
664
666
652
647
626
599
585
570
564
557
558
562
561
562
546
533
530
536
543
534
525
517
507
500
503
497
487
479
458
448
433
403
379
349
334
324
306
295
266
232
204
177
151
121
87
59
31
-6
-37
-61
-90
-107
-120
-131
-135
-147
-143
-122
-95
-65
-44
-29
-20
-9
-2
1
12
19
17
31
40
48
58
76
103
136
172
195
219
230
236
251
263
276
270
266
298
316
307
278
241
208
168
122
70
23
-32
-97
-160
-216
-264
-315
-365
-412
-469
-529
-590
-646
-701
-756
-810
-861
-908
-958
-998
-1035
-1067
-1096
-1130
-1154
-1174
-1194
-1211
-1233
-1251
-1265
-1284
-1301
-1322
-1348
-1377
-1400
-1420
-1445
-1469
-1487
-1500
-1515
-1529
-1544
-1555
-1571
-1585
-1588
-1593
-1594
-1597
-1613
-1622
-1618
-1610
-1600
-1591
-1582
-1559
-1530
-1497
-1469
-1444
-1415
-1390
-1361
-1331
-1300
-1265
-1232
-1201
-1164
-1133
-1092
-1041
-1000
-956
-917
-885
-848
-819
-789
-757
-737
-709
-687
-668
-638
-615
-596
-582
-565
-546
-533
-520
-509
-499
-481
-460
-438
-415
-391
-365
-331
-294
-252
-209
-172
-133
-98
-68
-32
-4
22
39
51
67
78
90
98
98
102
110
124
131
136
150
166
181
198
215
224
234
245
249
248
249
250
250
244
239
229
218
212
208
203
198
197
192
186
184
176
168
166
163
159
157
152
144
137
138
147
155
161
175
193
210
232
250
278
299
318
344
369
399
425
444
466
486
507
528
552
569
579
589
603
632
646
651
670
686
699
706
707
712
712
712
705
695
684
666
648
627
602
571
543
517
495
475
463
446
433
422
415
404
389
371
352
342
333
320
304
291
296
297
288
279
278
272
263
255
241
232
218
201
186
163
142
130
117
105
88
70
60
60
62
61
60
53
47
41
32
21
22
24
20
10
-9
-27
-42
-58
-72
-79
-84
-84
-78
-74
-71
-73
-53
-35
-23
-17
-13
-7
-4
3
4
12
21
35
43
47
55
66
79
94
109
116
124
134
135
134
133
122
118
115
110
102
95
90
81
80
74
72
68
58
49
34
25
25
33
39
38
35
37
39
54
67
72
102
137
165
186
205
218
232
242
254
267
271
280
292
306
316
326
334
339
347
349
350
350
349
338
324
306
291
278
269
273
268
256
236
215
187
157
129
97
68
45
20
-2
-28
-57
-72
-93
-112
-135
-157
-180
-201
-220
-237
-251
-270
-281
-273
-260
-255
-258
-260
-258
-257
-259
-265
-271
-272
-275
-276
-265
-254
-245
-235
-232
-225
-224
-227
-228
-225
-217
-206
-190
-178
-171
-163
-157
-141
-124
-118
-116
-108
-96
-86
-84
-80
-66
-58
-52
-37
-21
-6
9
25
39
53
62
74
86
93
102
112
116
118
129
140
142
144
140
130
122
117
111
99
92
85
98
116
119
128
138
144
148
153
159
163
173
183
187
189
193
197
204
215
227
238
249
270
295
311
325
329
334
338
332
328
323
318
315
308
298
285
266
241
221
201
179
152
128
113
100
88
74
61
42
23
1
-20
-33
-48
-66
-89
-105
-121
-137
-150
-166
-180
-191
-201
-215
-227
-232
-241
-251
-266
-275
-280
-282
-285
-289
-292
-295
-301
-304
-306
-305
-307
-306
-301
-293
-285
-273
-251
-232
-216
-202
-185
-167
-150
-130
-108
-86
-70
-55
-43
-30
-18
-8
4
16
28
36
40
42
42
42
37
35
39
40
36
26
21
14
-1
-14
-25
-40
-53
-67
-79
-85
-90
-92
-87
-86
-82
-78
-75
-73
-71
-68
-66
-56
-45
-34
-23
-9
16
43
64
85
107
129
149
168
187
206
223
237
253
269
290
308
321
332
341
344
342
339
332
322
308
298
288
276
261
244
233
216
195
171
149
126
98
67
36
10
-15
-41
-64
-84
-98
-112
-126
-142
-156
-171
-191
-208
-224
-242
-255
-262
-262
-264
-264
-262
-258
-252
-254
-253
-253
-251
-251
-248
-239
-230
-220
-209
-195
-180
-166
-150
-135
-121
-108
-95
-80
-62
-44
-27
-7
14
39
61
80
100
121
142
158
172
183
192
199
206
210
214
220
225
225
222
213
203
189
173
152
130
107
84
61
34
7
-15
-34
-56
-78
-104
-133
-158
-185
-210
-230
-247
-263
-277
-290
-298
-303
-302
-298
-289
-283
-274
-263
-254
-244
-233
-212
-186
-160
-135
-111
-86
-61
-37
-13
10
33
55
78
98
118
135
159
181
202
220
234
247
256
259
262
264
267
267
268
263
260
256
252
246
243
243
237
231
218
203
190
178
165
152
142
132
120
107
92
79
68
56
48
37
25
12
-3
-17
-29
-40
-49
-57
-63
-71
-80
-87
-93
-98
-103
-108
-112
-118
-123
-129
-134
-135
-135
-135
-136
-135
-136
-137
-136
-133
-127
-120
-109
-99
-89
-82
-74
-66
-57
-48
-40
-34
-28
-24
-20
-15
-3
6
13
20
25
26
23
20
16
13
7
1
-4
-11
-20
-25
-29
-35
-42
-51
-62
-72
-85
-98
-108
-117
-123
-127
-132
-136
-141
-147
-154
-157
-156
-154
-153
-151
-147
-145
-142
-137
-127
-115
-103
-91
-79
-69
-61
-54
-42
-31
-16
2
18
33
45
57
69
82
93
103
113
121
128
133
140
152
166
176
186
192
196
197
196
194
193
194
194
193
193
190
188
187
191
195
197
196
194
188
180
174
168
164
162
156
150
145
135
127
118
111
106
99
94
88
86
81
77
72
67
63
57
50
39
30
18
11
5
-1
-7
-17
-25
-34
-45
-56
-64
-69
-77
-87
-98
-109
-122
-133
-140
-147
-151
-159
-167
-176
-187
-198
-204
-209
-214
-218
-222
-226
-229
-233
-235
-235
-234
-231
-229
-224
-220
-215
-207
-197
-186
-173
-163
-151
-141
-133
-124
-113
-100
-87
-76
-60
-44
-31
-23
-14
-4
7
14
23
30
35
38
42
47
50
56
61
66
69
70
70
72
73
77
78
81
83
86
86
85
89
96
102
108
115
120
124
127
133
140
145
149
151
152
152
153
151
152
154
156
156
157
155
149
142
137
130
123
116
105
95
85
75
64
58
50
42
36
32
26
18
7
1
-6
-9
-15
-19
-20
-22
-24
-23
-20
-19
-16
-17
-16
-18
-19
-18
-11
-4
3
6
8
6
5
2
-1
-1
-3
-9
-14
-16
-22
-27
-33
-37
-41
-49
-60
-71
-81
-92
-102
-109
-115
-122
-129
-135
-138
-140
-141
-143
-143
-144
-145
-148
-148
-149
-147
-144
-141
-135
-128
-122
-111
-99
-91
-84
-76
-66
-58
-51
-46
-39
-32
-27
-20
-10
-1
3
8
11
16
20
22
27
33
37
42
45
50
56
61
66
74
81
85
90
94
98
102
107
114
121
127
133
140
146
151
159
168
172
176
178
179
182
185
188
191
193
196
194
190
183
176
167
155
147
135
124
108
93
80
65
53
43
31
17
3
-15
-33
-50
-68
-82
-95
-108
-122
-135
-146
-153
-157
-161
-164
-167
-171
-176
-182
-185
-187
-189
-189
-182
-173
-165
-157
-149
-142
-134
-127
-121
-115
-113
-111
-108
-104
-100
-93
-83
-73
-66
-62
-58
-55
-53
-52
-51
-49
-49
-51
-54
-54
-47
-43
-37
-32
-28
-26
-27
-27
-27
-25
-23
-18
-9
0
6
15
24
33
40
47
54
63
70
75
79
84
87
91
98
105
109
111
112
114
115
115
114
112
111
105
98
96
95
93
91
89
86
84
79
74
70
65
60
56
55
50
50
48
51
55
57
61
64
67
68
66
62
