26
40
9
15
-6
-23
-37
-24
-30
-14
-4
-24
25
-4
43
24
30
16
17
30
10
-1
-27
-23
-26
0
-35
15
2
-3
31
29
51
47
18
57
18
11
-10
-42
19
-34
0
-8
-6
24
-10
30
12
-18
16
-3
27
2
-18
-36
4
-3
-12
4
-13
-1
-3
5
9
31
32
31
34
31
6
53
24
43
24
-3
10
-13
-35
-53
-66
-105
-78
-113
-67
-59
-32
4
-4
35
24
44
54
30
61
32
34
44
-33
4
-55
-12
-21
-53
-39
-89
-51
-34
-19
3
17
37
62
61
75
59
82
37
32
35
-26
-30
-45
-57
-57
-70
-56
1
-1
14
12
21
43
40
42
33
37
-15
-19
-2
-62
-56
-96
-104
-67
-82
-67
-62
-15
-37
6
49
84
110
101
93
96
74
63
49
18
23
-44
-40
-21
-46
-33
-32
-44
-1
-38
-12
0
14
27
-47
41
-22
39
40
-1
45
-42
-4
-6
-22
-5
-66
-34
-52
-40
-21
-55
4
-36
26
4
27
64
15
66
18
6
21
-24
-29
-50
-35
-54
-39
-8
-65
-47
-70
-72
-3
-24
-24
-25
13
-5
50
42
98
77
37
71
8
46
-31
-3
-24
-67
-42
-42
-11
41
-5
26
12
32
4
-13
52
-25
27
41
-4
73
25
15
53
95
70
45
87
27
31
41
15
49
58
7
45
36
64
39
59
52
-7
-35
-47
-43
-58
-48
-84
-48
-10
1
-5
-10
-24
-84
-76
-65
-73
-65
-60
-47
-26
-21
28
55
59
99
22
45
19
-3
-24
-59
-51
-64
-65
-59
-66
-71
-19
-91
-91
-70
-126
-114
-81
-53
-14
34
95
78
175
171
58
200
84
58
-1
-123
-4
41
18
86
93
153
92
89
95
-30
3
-154
17
14
-39
55
15
90
152
102
129
158
124
66
51
-9
-21
-75
-35
6
5
-29
-21
8
-5
39
36
-40
-25
-119
-85
14
-99
-68
-126
-66
-35
28
109
-38
-45
-77
-90
-48
-88
-79
-198
-1
47
6
21
-135
-118
-151
-190
-188
-204
-166
-226
-70
-2
-69
40
28
195
144
95
112
-111
-47
35
69
121
196
236
312
327
270
166
58
-87
-245
-111
-233
-185
-267
-169
-93
-74
154
113
121
-62
158
58
55
13
-93
144
192
158
221
263
171
109
211
307
94
7
-113
9
-7
-182
-329
-354
-340
-328
-215
-141
-78
-153
-46
-218
-290
-118
-222
-241
-149
58
113
169
337
324
259
384
298
255
170
181
142
47
139
-4
236
100
-29
-138
-183
-342
-696
-414
-231
-309
-370
-181
108
-26
40
15
-130
-9
-109
32
84
171
128
94
398
364
197
359
431
271
10
155
-126
-273
-112
-466
-354
-64
-281
-391
110
42
-275
-87
7
-133
-103
-200
-34
46
-24
74
110
132
423
432
401
402
389
207
196
260
65
6
-14
-176
-147
218
2
19
-25
85
-65
154
151
-364
-238
-263
-466
-100
395
-99
-33
209
19
2
152
-186
-484
-176
18
-45
67
138
-28
-68
324
25
-336
-231
-295
-276
173
72
-304
-119
287
38
186
411
-356
-168
-89
-141
128
68
-16
-464
75
425
-20
-52
-103
64
-99
27
392
172
-162
-80
-43
250
-19
-64
176
204
254
487
369
55
-171
57
135
-485
-271
-179
-296
-352
82
87
-295
-182
-172
-297
-206
-647
-599
-244
-210
-226
410
696
184
281
300
446
212
297
413
-104
-10
49
113
360
242
93
-183
-112
-22
-26
-121
-250
114
-276
-759
-172
121
-155
41
236
44
618
383
147
384
335
483
360
421
242
475
486
221
362
151
-66
-234
-409
-160
-107
-555
-781
-554
-478
-644
-543
-599
-392
-487
-495
-404
-326
-134
-424
-268
-241
-86
-65
-160
234
398
597
445
447
370
437
473
328
266
138
252
-347
-61
35
62
332
410
-10
-106
489
15
-90
387
400
77
181
-5
19
144
300
140
176
-38
-318
-86
-21
-201
-433
-141
-409
-639
-147
-114
-171
-362
-49
5
-401
-336
-316
-160
-46
345
411
309
327
-31
285
500
-125
26
-24
336
-21
-223
77
-431
-280
-236
-234
-244
-163
185
-60
366
251
-377
282
164
-169
-13
448
-140
-40
501
435
747
498
246
-243
404
-8
-291
431
3
-204
-241
-319
22
-356
-167
-137
-842
-546
-1341
-619
-290
-179
-513
-773
357
105
553
547
-37
-131
-93
-159
122
-289
-300
-5
229
680
350
412
364
276
112
144
192
-23
-166
-168
-234
-16
-322
-416
-92
230
701
606
319
0
-234
289
645
526
-8
-134
-285
80
711
-45
-309
-440
-533
-374
-150
-506
-392
-280
-295
137
92
-442
-425
210
-38
-223
-4
-232
-60
-85
-619
-143
458
602
301
656
1170
437
393
208
258
541
-203
-245
-378
9
-183
-41
928
656
655
311
338
289
-104
-256
-93
105
-133
-615
-905
-325
254
243
-27
-62
-336
-147
311
98
-154
290
26
-98
382
185
-204
-816
-637
-706
-716
-531
-824
-810
-652
-379
67
561
239
116
876
600
-254
55
235
163
155
-45
255
432
194
99
932
632
213
-411
-352
818
705
305
344
-383
-983
-596
-501
-507
-511
-291
-241
902
1105
718
520
186
517
7
-90
-380
-928
-956
-704
-330
46
533
434
335
11
-644
-753
-420
-377
-87
249
-58
-42
477
237
214
310
-105
-227
-716
-301
39
-400
-426
-298
474
771
1043
846
581
498
-140
-430
-375
-799
-656
-295
-539
302
483
382
419
167
-211
-382
-295
-227
-390
-533
-670
-393
107
-20
462
-152
-315
386
645
592
-335
-245
55
282
412
289
357
58
396
439
472
-1
-703
-237
63
-96
-582
-559
-556
-203
224
16
248
262
-12
148
616
131
-75
239
62
58
-345
4
556
578
382
-198
-8
219
-88
29
-270
-318
25
198
-45
-360
46
226
240
233
215
-424
-326
-561
-588
-156
-352
-62
1
689
1124
851
360
-34
-2
-36
-147
-309
-495
-406
-256
-284
51
321
75
199
233
117
-110
-670
-648
-380
-108
58
-13
198
455
245
221
114
-261
-402
-364
-414
26
22
393
393
434
206
-210
342
166
457
216
-51
-317
-780
-42
402
172
186
-120
-5
146
29
132
103
192
-230
-423
-54
71
-132
-225
36
258
493
489
155
-307
-296
-239
-2
150
-250
-453
-96
140
60
462
578
221
-387
-390
-235
-65
-271
-251
385
423
274
1
145
341
48
-230
-12
-192
-306
-305
-360
83
297
89
-183
238
150
20
174
-243
-306
-105
-79
57
32
95
70
-162
65
162
293
152
-127
-223
-189
45
-254
130
119
58
225
130
92
211
582
177
160
-104
-263
-110
83
214
111
203
-31
27
353
686
551
315
354
321
199
125
147
269
388
49
-74
-19
-17
167
331
217
-87
-301
-266
58
120
-94
-312
-414
-597
-651
-586
-486
-493
-744
-606
-583
-620
-547
-331
-214
-341
-430
-427
-141
-243
-620
-595
-444
-247
-255
-294
-278
-341
-517
-580
-243
-27
-96
-132
-19
-13
-212
-268
-222
24
166
-14
-39
-126
-114
-64
20
303
338
319
301
211
353
393
409
269
199
361
310
290
90
51
254
238
228
236
396
601
592
575
559
510
476
460
549
571
461
337
220
162
155
39
-120
-190
-130
50
307
517
551
543
492
521
542
505
193
-199
-406
-548
-444
-477
-621
-779
-923
-846
-788
-717
-705
-836
-955
-924
-864
-874
-842
-651
-510
-470
-467
-554
-525
-442
-681
-899
-1026
-1077
-888
-704
-346
22
549
1004
1149
1245
1271
1472
1473
1263
881
501
481
550
802
1003
1176
1406
1718
1998
1921
1706
1491
1367
1268
1188
1075
968
954
832
833
1003
1054
944
642
267
-162
-508
-722
-1022
-1144
-1121
-1012
-844
-692
-439
-170
118
218
153
24
-117
-242
-418
-462
-428
-286
-203
-154
-73
76
188
-2
-179
-343
-409
-552
-854
-1217
-1799
-2351
-2777
-3099
-3279
-3401
-3377
-3246
-3206
-3351
-3590
-3770
-4032
-4117
-4111
-3898
-3836
-3023
-945
1056
3285
4027
4315
5293
5547
5283
3766
1922
119
-1870
-2432
-2333
-1295
-245
414
1874
3532
5169
5240
4791
4248
2968
1609
258
-45
191
568
768
1460
3175
4043
4019
2882
1311
-612
-3273
-5523
-7063
-7225
-6661
-5842
-3770
-841
2447
4866
6230
6881
6622
5573
3896
2459
1781
1607
884
480
936
1541
1962
1348
283
-820
-2172
-3413
-4423
-4369
-3777
-3089
-1742
105
2383
4045
4769
4773
4235
3265
1542
-263
-1832
-2986
-3848
-4186
-3571
-2424
-1214
-721
-645
-763
-1347
-2476
-3948
-4989
-5659
-5916
-6069
-6037
-5362
-4856
-4314
-3941
-3807
-3766
-2874
66
3243
5794
6403
6102
7212
7684
6838
4331
1009
-1963
-4657
-5521
-4701
-2413
-327
850
2725
5070
7206
7392
6612
5345
2788
327
-1460
-1126
984
2659
3320
4318
6256
7115
5965
3023
-512
-4216
-8641
-12212
-13656
-12625
-10691
-8950
-5542
-475
4579
7677
8659
8722
7815
5672
2749
634
-222
-803
-1540
-1355
724
3417
5103
4906
3397
1808
-534
-3654
-6262
-7696
-7987
-7643
-5909
-2443
1734
5317
7187
8023
8241
7220
4830
1704
-1259
-3932
-5943
-6673
-6019
-4118
-2305
-1075
26
1002
1105
-64
-1770
-3477
-4922
-6024
-6259
-5248
-3374
-1590
-666
117
636
283
-920
-2782
-4928
-7347
-6001
-1711
2971
7183
7967
9800
12554
12552
9921
4792
-377
-5861
-10156
-10669
-8006
-3338
-389
2330
6138
10355
12649
11264
9575
6191
1414
-2763
-4592
-2684
136
1278
1667
4872
8425
8816
6119
1300
-3077
-8617
-14655
-17667
-17138
-14109
-12117
-9183
-2492
5342
10990
12876
12768
11532
8216
3248
-1239
-3590
-4814
-6383
-6856
-3946
1013
4822
6191
5190
4052
2439
-801
-4147
-6761
-7984
-8830
-8209
-4655
340
5275
7953
9119
9794
8934
6550
2787
-812
-3853
-6464
-7296
-6064
-3177
-277
1386
2293
3148
3422
1999
-589
-3258
-5214
-6275
-6443
-5060
-2671
-389
1045
2156
3230
3425
2326
-936
-4513
-7905
-10777
-12182
-9735
-2344
4356
8713
9938
11273
14729
14222
9441
2436
-4278
-9754
-13753
-12572
-7836
-1926
1708
4029
8993
13457
14603
10877
6112
1854
-3411
-7393
-7832
-4060
650
3320
4629
8433
12464
11070
5475
-1712
-7826
-13738
-19787
-21421
-18413
-13228
-9024
-4750
3002
11036
14959
14219
11244
7530
2561
-3104
-6967
-7540
-6342
-5250
-3371
1028
6484
9224
8356
4917
904
-2592
-6276
-8762
-9144
-7910
-5712
-1971
3833
9409
12701
12878
10863
8293
5002
1352
-1981
-4670
-6126
-6325
-4730
-1496
1805
4022
4559
3903
2976
1410
-745
-2881
-4252
-4487
-3733
-1935
731
2832
3604
3334
2203
1315
-421
-3076
-5745
-8389
-9627
-10172
-10038
-9390
-9181
-7960
-2781
4745
10291
12432
10838
10009
10459
7477
2433
-2847
-7670
-11889
-13557
-9662
-3243
2178
3732
5029
8203
9928
8620
4807
2421
-1179
-6605
-8770
-5992
491
5637
6517
6903
9353
9505
5480
-234
-5748
-10667
-16697
-20450
-17862
-11285
-5286
-2302
1293
7542
12241
12808
10937
7948
3673
-1938
-5959
-5290
-1473
1433
2065
3094
5852
8172
7185
3254
-1826
-6432
-9923
-11657
-10072
-5808
-1127
2868
7489
12711
16536
17081
13952
9165
3721
-1808
-6005
-7993
-7911
-6631
-4421
-946
3300
6780
8356
7596
5187
2489
-55
-2045
-3298
-3739
-3367
-2303
-535
1483
2976
2993
1471
-756
-2918
-5045
-6776
-8226
-9282
-9491
-9448
-8727
-7252
-6053
-5111
-5612
-4490
2389
8816
12786
12476
9205
9385
8040
3209
-2100
-6789
-10995
-14900
-13506
-6343
2104
6496
6543
8576
11116
10833
6870
3176
1605
-2694
-7304
-6009
1647
9678
12423
10228
10017
11309
6921
-679
-7736
-12884
-17658
-22610
-20760
-11967
-2803
1957
3698
8226
13041
12859
9037
5118
1269
-3655
-7684
-6736
-1529
3346
4878
4863
6110
6756
4174
-695
-6317
-11855
-15827
-16836
-13427
-7204
-1038
3728
7669
12318
15709
16293
14365
9929
4218
-1151
-4580
-5483
-5225
-5062
-4770
-3260
-429
2394
3940
4035
2805
1130
338
303
462
397
-242
-896
-359
1230
2364
2183
464
-2033
-3534
-4226
-4518
-5229
-6974
-8324
-9519
-9618
-8184
-6782
-5235
-4543
-5226
-4958
-3831
-248
7310
12450
13753
11832
9081
9552
7475
1447
-4875
-10217
-13586
-14553
-9899
-1318
5156
6284
5445
7546
9004
7062
2632
-181
-978
-3300
-3658
1581
9662
14142
12931
9222
7203
4259
-3678
-11799
-17515
-20607
-22108
-21185
-13101
-2034
5460
8217
9316
11821
12268
8644
4405
1651
-733
-3157
-3150
1074
6318
8535
7262
4430
1502
-2324
-7396
-11863
-14972
-16198
-14381
-9213
-1121
7428
13497
16409
17086
16371
13975
9707
4523
-746
-5196
-7854
-8249
-6530
-4567
-3581
-2736
-2025
-1340
-656
-131
200
156
401
1370
3164
4375
4185
3363
2221
1069
8
-897
-1984
-3325
-4335
-4698
-4510
-4319
-4896
-6218
-7356
-7710
-7217
-6352
-5219
-3879
-2654
-1769
-1093
132
4472
11249
15123
15493
12445
8839
7380
3645
-2072
-7083
-11225
-13813
-13537
-7746
761
6191
7127
7132
8419
8256
5284
1193
-4
-1042
-4513
-4230
1447
8364
10848
8040
4978
3383
-882
-8368
-13888
-16259
-17670
-18889
-16426
-7977
728
5148
6178
6866
8250
6955
3668
2146
1818
681
-467
1113
5411
8465
7751
4477
564
-3310
-7095
-10161
-11461
-11835
-10988
-7339
-1385
5227
10289
12841
12944
11332
9084
6879
4683
2239
-439
-2539
-2863
-2375
-1826
-1712
-2472
-3617
-4584
-4415
-2927
-908
630
1789
3664
5999
7425
7177
5736
3768
1415
-482
-1637
-2146
-2726
-4040
-4877
-4751
-4311
-4622
-5899
-7066
-7785
-7371
-6239
-4518
-1940
131
1582
2619
3533
3923
2583
3667
7452
9880
9979
5846
3028
2685
-517
-5307
-9230
-10550
-11530
-11382
-6354
1217
6917
7356
6319
7112
6829
3500
-267
-268
-168
-2800
-3557
681
6554
8445
5779
2182
175
-4269
-10839
-13967
-13817
-12883
-13073
-10723
-3614
3357
6976
7321
7213
7245
5127
2782
2851
3942
3346
1808
2198
4366
5493
4232
1034
-2727
-5698
-7971
-8381
-7073
-5640
-3226
516
5534
10309
13589
15318
13958
10672
6901
3569
1299
-1174
-3438
-4699
-4489
-3513
-2507
-1192
-411
-603
-1448
-1626
-476
898
1692
1803
2061
2486
2186
1571
1239
601
-754
-2120
-2512
-2128
-2590
-3715
-4524
-4971
-5069
-5963
-6541
-5568
-4599
-3253
-1408
602
2969
3422
2711
1685
-361
-2327
-1662
2016
4653
4881
2520
1412
2584
601
-2818
-5303
-6874
-8282
-8514
-3609
3395
7602
7115
5816
6676
6342
3535
732
1161
403
-3402
-4429
-880
4299
4993
1754
-408
-822
-2393
-5664
-6276
-4875
-5072
-6783
-5925
-1013
3388
4236
2850
2386
2835
2382
2367
4241
5977
5109
2812
2129
3014
2873
768
-2395
-4925
-6012
-5641
-3635
-616
1192
1905
3149
5153
7509
8462
7831
5994
3548
2031
1626
1835
1457
-344
-2281
-3075
-3183
-3018
-2859
-2742
-2764
-3038
-2467
-715
1266
2400
2303
2130
2276
1849
674
-579
-1582
-2360
-3069
-3549
-3478
-3586
-4200
-4748
-4779
-4153
-3766
-4257
-4156
-3275
-2133
-1378
-1234
-915
-1402
-2194
-3928
-5549
-5358
-1968
4349
8265
9318
7445
5193
4409
561
-3588
-6645
-9169
-10248
-8694
-1838
5541
9433
8700
6930
6041
2977
-791
-3164
-2262
-2292
-4258
-2433
3349
8901
9271
6134
3335
1188
-2615
-6830
-7547
-7111
-7969
-9227
-7284
-2242
1016
1346
900
1045
1536
2078
3882
7149
8609
7198
5304
4736
4854
3956
1719
-1073
-3690
-5272
-5077
-3857
-2425
-1927
-2002
-930
1437
4449
6892
8044
7691
6683
5928
5139
3987
2165
-591
-3020
-4353
-4546
-3425
-2122
-1228
-1479
-1886
-1490
-1208
-892
-954
-1241
-969
-242
721
1733
2231
1684
592
-432
-1458
-2443
-3520
-4541
-5180
-5271
-4383
-3811
-3440
-3142
-3395
-3192
-3023
-3047
-2859
-2850
-3186
-4015
-4678
-5533
-3656
3330
9044
11251
9422
6562
6154
3854
-144
-3458
-5052
-6351
-7530
-3914
3227
8154
7089
3467
1850
669
-1125
-2934
-891
2371
1351
-59
2468
7850
9788
6162
1482
-1009
-2840
-6365
-8167
-7175
-5925
-7287
-9239
-6702
-2234
143
-265
-911
477
2574
4421
6684
9413
10395
8253
5081
3904
4097
2989
-139
-3955
-5834
-5662
-5392
-4993
-4245
-3427
-2731
-1512
1729
5540
7695
7536
6114
5423
5326
4865
3720
2110
328
-1431
-2483
-2494
-2444
-3244
-4585
-5897
-5767
-3959
-1830
-43
1299
2496
3410
3809
3395
2303
698
-1184
-2680
-3432
-3055
-2433
-2214
-1842
-1404
-938
-1342
-2774
-4162
-4934
-4846
-4552
-3694
-2298
-855
-427
-305
-54
-1304
-2978
-3609
798
7555
10399
9683
6489
4814
3101
-1158
-3736
-4813
-5577
-6423
-4061
2624
7304
6938
2698
-121
-1730
-3692
-3931
-1492
2622
3133
2227
4533
8365
9755
6781
2292
-1587
-4641
-6987
-7045
-5176
-4675
-5915
-7194
-6027
-3420
-1659
-467
-654
-1118
178
3597
8124
10730
10186
7738
4816
2524
1630
1699
1032
-1762
-5338
-5882
-3993
-2620
-2500
-3076
-2462
-673
1617
4664
7281
7801
5835
3200
2556
2899
2527
974
-899
-1473
-1729
-1858
-1757
-1655
-2410
-4574
-5730
-4354
-1256
1413
2481
2841
3233
3151
2321
1201
-174
-1887
-3673
-4392
-3632
-2306
-1153
-1021
-1251
-1411
-1934
-2003
-1779
-1391
-927
-1118
-699
-471
-743
-1156
-2408
-3438
-4887
-6566
-6226
-145
7755
11407
10290
5465
2844
1359
-2280
-3906
-4036
-4155
-4637
-2307
4824
9353
7574
2253
-1026
-3035
-5144
-5074
-1266
4010
3639
1050
2747
6338
6919
4018
1282
144
-1575
-3876
-3184
-1516
-2929
-7129
-10045
-8440
-6015
-4487
-1960
998
2242
2429
4546
8276
9531
6696
3126
1587
1555
1950
3071
4549
3500
75
-1995
-1687
-1128
-2590
-4527
-4265
-1875
1139
3835
5565
5349
3390
1319
1286
2429
3031
2746
2092
2042
1558
1087
641
-537
-2450
-4864
-5440
-3744
-1039
857
1498
1590
954
-77
-949
-932
-808
-1269
-1515
-1245
-189
600
436
46
-622
-1880
-3010
-2908
-2322
-1326
-1028
-1981
-2921
-3730
-4082
-4042
-3563
-3857
-4503
-5348
-6561
-6159
-1608
5833
9648
8908
4220
-177
-640
-1131
-836
-532
-1079
-1879
-1280
3541
6772
5085
-621
-6420
-8871
-8926
-5874
-929
4017
4865
2303
1959
4140
5823
4279
1084
-1252
-1847
-1071
624
2079
528
-3039
-6325
-6106
-3288
-1447
-408
-303
-404
114
2401
5847
7114
5579
3198
2437
3573
5320
6397
6179
3883
-149
-2380
-2290
-1839
-2602
-4323
-3685
-893
2021
4231
4586
3077
207
-2212
-2038
-48
1481
2141
2706
3684
4200
3862
3493
2204
-490
-3182
-3657
-1559
734
1280
421
-567
-1734
-2785
-2663
-1809
-939
-690
-407
782
1650
1335
85
-1550
-2739
-3414
-3110
-1892
-807
-222
-558
-1110
-2028
-3323
-4133
-5076
-5048
-5032
-4850
-3928
-4129
-4917
-5271
-213
6955
9512
7435
2120
614
1302
560
719
400
-456
-2751
-1956
3095
5340
2000
-3986
-6154
-5867
-4881
-2513
1674
5027
2265
-1382
164
5193
7281
5195
3446
3435
3354
2011
2108
1742
-2124
-7380
-10085
-7042
-3178
-1574
-915
-899
-752
-397
1910
5011
5456
3089
772
1146
3120
5128
5960
5401
3241
587
552
2027
2373
25
-3262
-4563
-4120
-2519
-1014
-475
-1065
-1903
-1013
1737
4229
4711
4302
4138
4373
4564
4231
3388
1060
-1626
-3124
-2547
-470
464
-93
-1194
-2124
-2504
-2336
-2056
-2120
-2332
-2342
-955
1362
3068
3300
1991
551
-548
-1056
-589
229
-93
-1436
-2682
-3659
-3750
-3825
-4648
-4963
-4985
-4578
-3703
-2195
-2220
-3978
-6379
-6842
342
7465
9377
6234
1093
929
1533
1336
1984
1363
-710
-3944
-2620
2827
4510
-191
-5808
-5915
-4018
-1793
644
4214
5801
1536
-1445
794
4930
5450
3062
2122
2360
1884
721
823
-617
-4432
-7328
-6520
-2395
-266
-315
-1566
-3689
-4855
-4041
-134
2946
2504
1454
1946
3629
4719
5303
5624
4914
2681
1486
3201
4400
2685
-1739
-5201
-6093
-6195
-5138
-3523
-2315
-2172
-2510
-1520
653
2122
2365
2545
3414
4580
5165
5239
4277
1664
-685
-1687
-990
408
412
-689
-2392
-3703
-3688
-2872
-1931
-1480
-1508
-965
194
1419
2211
1493
-473
-2503
-3718
-3201
-1723
-1368
-2148
-3302
-4236
-3990
-3247
-2871
-2449
-2626
-3235
-3036
-1709
-855
-1167
-2684
-4846
-5326
-4466
743
8335
11042
7535
370
-2437
-384
472
427
264
463
-637
-724
3416
6676
3956
-3215
-5473
-2221
1062
2957
4572
6594
3881
-1728
-2709
1658
5062
3728
2038
3107
4942
4643
3660
3254
936
-2462
-4067
-1810
445
-838
-3114
-4742
-4875
-4271
-2399
1106
3031
2932
2623
3375
4507
4821
4741
4627
3772
2091
1619
1883
1210
-1197
-4255
-4820
-3796
-2424
-1039
-316
-474
-1719
-2373
-818
2012
4124
5063
5397
5969
5639
3539
1680
232
-843
-1777
-2505
-1646
-591
-930
-2070
-2764
-2370
-1759
-1523
-767
257
396
-103
-764
-1295
-2196
-3911
-4699
-4108
-3183
-2611
-2553
-2689
-3078
-3575
-3578
-3295
-3106
-2866
-2783
-2270
-1508
-1598
-2337
-3548
-4789
-5130
-4395
-3147
607
5399
6398
3739
-696
-1680
752
1998
2643
2721
2465
1229
586
2895
4630
2126
-2279
-2823
-308
1606
1794
1634
2317
599
-1501
402
4414
6479
4685
2452
2279
2095
951
285
164
-877
-2266
-2313
-582
-54
-1985
-3641
-3826
-2118
458
3029
5235
5205
3564
2079
1547
1800
1973
2220
2653
2601
1968
1559
1084
91
-1311
-2195
-1051
925
2148
2004
1059
211
-470
-719
-244
975
1812
1475
376
-486
-985
-1926
-2765
-2679
-1743
-389
821
1985
2717
2254
1260
1084
2232
3467
3493
2638
1535
-49
-1983
-3690
-4957
-5579
-6230
-6295
-4974
-3452
-2323
-2173
-2410
-2117
-1587
-644
475
1257
1998
2157
1541
1001
147
-1143
-2850
-4157
-4701
-4207
-3554
-3065
740
4497
4552
1441
-2549
-1825
509
1422
2423
2735
2476
224
-410
2418
3940
1813
-1455
-884
1288
2288
2350
2766
3244
247
-2676
-1962
476
1510
-91
-880
-370
-270
-305
103
160
-1206
-2617
-2660
-1437
-745
-616
34
228
132
-12
491
942
-267
-1423
-1455
-384
1141
2385
3705
4065
2882
1471
1102
1722
2014
1519
1001
1155
1237
1023
653
-443
-1775
-3392
-3936
-2790
-1528
-1049
-1895
-2560
-2461
-1772
-145
1852
3874
4893
4913
4901
5126
4873
3453
2196
1631
1428
908
-291
-1417
-3031
-5115
-6333
-5905
-4493
-3736
-3543
-2973
-1984
-937
116
1052
1729
2022
1879
2098
2770
2672
1789
336
-1284
-2290
-3047
-2962
-2851
-3275
-3678
-3901
-3600
-3437
-1808
1317
2599
1185
-1482
-1066
1889
3196
2905
1953
1637
259
-880
1389
4020
3541
-84
-1736
6
687
-457
-1403
-864
-1314
-2931
-2110
1035
3056
1847
144
631
1908
2737
3006
3044
2178
681
-34
-277
-718
-1909
-2906
-3482
-3899
-3232
-1743
-613
-859
-1128
127
1798
2850
3609
4737
5213
4065
2685
2474
2951
2369
633
-618
-1146
-1709
-2703
-3684
-4445
-4988
-5015
-3807
-1769
-625
-565
-947
-529
852
2053
3139
3956
4142
3590
2562
2100
1930
1440
638
10
-197
-648
-1191
-1712
-2241
-2781
-3032
-2253
-884
17
-80
-587
-826
-698
-121
662
1140
787
-282
-1140
-1402
-1340
-1158
-1066
-1097
-1322
-1885
-2021
-2108
-2616
-3006
-3307
-3264
-2959
-2506
-1773
-1596
-653
2697
4956
3539
-764
-2935
-471
2161
2686
2366
2013
418
-2136
-1306
2206
3204
22
-2458
-751
1082
1339
1717
3646
4269
1312
-20
2383
5176
5197
2871
1325
137
-1394
-2123
-1576
-1272
-2254
-3315
-3244
-2692
-2330
-2076
-2043
-2170
-1502
383
2580
3428
2656
2019
1706
1466
1477
1991
2701
2057
341
-919
-1106
-782
-930
-1552
-2039
-1954
-1715
-1685
-1708
-1503
-1247
-1067
-854
-417
96
131
-434
-818
-675
-318
42
319
614
774
756
855
1059
980
621
242
29
-38
6
426
608
201
-331
-551
-495
-729
-1201
-1127
-537
-222
-437
-902
-1269
-1581
-1528
-966
-523
-644
-1285
-1656
-1581
-1459
-1348
-1062
-770
-449
-208
-108
-31
-322
-562
-691
-1174
-754
2118
4394
2880
-2034
-5295
-3354
-343
425
244
-82
-877
-2648
-1444
3436
5952
3503
220
1142
3668
4228
3950
4896
5134
2173
-306
902
2997
2622
-128
-1547
-1245
-1090
-851
-429
-568
-1770
-3089
-3028
-2173
-1238
-627
-833
-1560
-1552
-424
632
237
-922
-844
50
849
1486
1875
1806
646
-784
-1002
-319
458
469
-112
-731
-1039
-1108
-1322
-1786
-1921
-1627
-1404
-1240
-1061
-789
-867
-1471
-1643
-935
-28
449
695
1186
1428
1138
1120
1812
2536
2384
1861
1983
2535
2822
2882
2941
2727
1985
1208
986
1163
925
23
-1088
-2134
-2509
-2228
-1944
-2050
-2655
-2858
-2365
-1649
-810
-181
-26
130
128
131
904
1189
1450
1232
154
-224
-911
-1163
-1699
-3353
-4512
-3823
-349
1750
-101
-3564
-4061
-8
2898
3150
2372
1178
-413
-2025
784
5547
5986
2326
-653
359
1494
828
1561
3590
3402
246
-1062
1264
3415
3105
1712
1214
510
-411
-270
-17
-821
-2442
-3023
-2688
-2977
-3126
-2646
-2291
-2466
-1798
361
1810
870
-671
-557
667
1718
2422
3299
3560
2089
65
-679
78
1232
1588
1391
1151
692
34
-805
-1195
-1097
-1096
-1308
-1259
-628
18
72
-359
-618
-933
-993
-554
106
776
972
1338
1956
2367
2407
2007
1849
2179
2829
3432
3480
3139
2297
1321
853
661
707
460
-95
-602
-925
-805
-578
-492
-763
-1078
-1009
-611
-330
-342
-414
-822
-1125
-1260
-1220
-1060
-1498
-2126
-2250
-2076
-1903
-2041
-2218
-2104
-1942
-2177
-1516
1272
3262
1893
-2249
-4373
-1714
1164
1245
-90
-1309
-2317
-3703
-2103
2779
5166
2926
-8
661
2881
2988
2730
4172
4668
2076
-238
956
3650
4383
2833
1498
490
-566
-632
31
216
-519
-1543
-2392
-3326
-3451
-2321
-1813
-2855
-3778
-2829
-1241
-1462
-2686
-2863
-2152
-1761
-1437
-193
1188
1009
-301
-693
444
1886
1993
967
85
-323
-305
-17
305
345
-507
-1760
-2327
-2005
-1214
-729
-705
-946
-1293
-1568
-1476
-1051
-503
81
513
874
1095
1270
1386
1291
1169
1423
1890
2338
2598
2542
2478
2363
2442
2696
2533
1957
1224
513
-12
-571
-1179
-1781
-2483
-2909
-3071
-3241
-3419
-3498
-3578
-3327
-2881
-2379
-1675
-1438
-1419
-1319
-877
-332
-358
-837
-1750
-2328
-2666
-2564
-667
1175
841
-2161
-4617
-2612
888
2068
742
-762
-998
-1409
-492
2831
4939
3310
-208
-581
1898
3133
2907
3064
3512
1793
-532
274
3152
4941
4232
2958
2186
637
-358
103
894
815
-358
-1209
-1700
-2088
-1680
-1270
-1980
-3392
-3897
-2927
-2190
-2561
-2736
-2219
-1811
-1640
-1001
101
612
-224
-978
-396
852
1683
1361
746
953
1683
2511
2956
2776
1990
669
-148
1
562
732
369
143
-86
-376
-479
-371
-211
-193
-62
320
717
865
1242
2028
2703
2897
2755
2782
2933
2829
2566
2397
2253
1917
1340
772
358
29
-122
-60
25
-210
-766
-1126
-1209
-1366
-1551
-1694
-1864
-2380
-3010
-3045
-2531
-2193
-2575
-3035
-2997
-2824
-2732
-2867
-3099
-3073
-2888
-1102
1352
1683
-517
-3048
-1883
1395
2435
1363
-74
-606
-1101
-939
1815
4289
3281
420
38
2202
3243
2901
3408
4589
3556
1015
1118
3401
4608
3611
2043
1484
587
-332
141
722
149
-1547
-2976
-3464
-3560
-2825
-2007
-2628
-4168
-4751
-3443
-1830
-1413
-1618
-1742
-2065
-2259
-1287
477
1538
895
-118
245
1353
2130
1783
743
197
114
560
1325
2188
2736
1999
578
-199
113
730
789
703
878
871
291
-93
94
315
126
-172
186
658
625
392
412
869
1183
1181
1379
1649
1822
1813
1710
1766
1886
1759
1385
949
430
-107
-722
-1292
-1822
-2432
-2851
-3047
-2916
-2740
-2698
-2619
-2687
-2537
-2412
-2420
-2403
-2526
-2457
-2383
-2205
-2060
-2115
-2213
-2411
-1320
570
1092
-325
-2033
-907
1720
2448
1133
-148
55
561
1197
3143
4662
3495
837
389
2480
3506
2725
2400
3204
2936
1353
1309
2924
3534
2138
587
378
309
-85
71
423
23
-1150
-2082
-2240
-2029
-1528
-1057
-1654
-3012
-3739
-3370
-2905
-3141
-3287
-2907
-2712
-2480
-1554
-390
113
-435
-980
-703
-31
901
1756
2153
2296
2360
2546
2862
3160
3559
3590
2859
2014
1646
1549
1176
682
664
774
410
5
66
438
433
67
18
262
347
353
653
1255
1575
1082
225
-355
-348
194
723
944
799
300
-204
-448
-317
-109
-369
-882
-1406
-1674
-1570
-1413
-1289
-1682
-2236
-2601
-2870
-2847
-2985
-3057
-3043
-3297
-3431
-3356
-3023
-2522
-2261
-2318
-2476
-2483
-1661
42
817
-465
-2494
-2541
-99
1595
982
-212
-365
335
873
1938
3386
2910
425
-867
576
2286
2001
999
1256
1435
404
174
1809
3307
2917
1659
1488
1897
1724
1523
1537
1170
135
-952
-1456
-1697
-1819
-1488
-1604
-2598
-3383
-3288
-2695
-2749
-3354
-3329
-3074
-2720
-1784
-501
514
434
-106
184
1201
2245
2796
2714
2437
2159
2113
2384
2433
2290
2293
2391
2594
2756
2702
2486
2098
1763
1506
1210
969
895
969
999
695
261
18
-63
-53
-54
220
624
689
480
395
681
1025
1206
1146
967
674
356
342
448
337
-10
-422
-678
-710
-588
-395
-466
-905
-1369
-1555
-1583
-1679
-1637
-1286
-944
-874
-928
-930
-955
-1043
-1235
-1288
-1243
-1233
-1167
-889
-77
513
35
-1310
-1957
-667
956
776
-871
-1876
-1432
-646
168
1306
1789
580
-922
-400
1536
2466
1932
1558
1796
1655
1246
1717
2700
2570
1670
1180
1368
1416
1060
861
446
-147
-433
-478
-583
-725
-554
-685
-1931
-3101
-2827
-1681
-1279
-1896
-2426
-2404
-2389
-2320
-1520
-529
-479
-1227
-1466
-554
677
1117
837
670
1257
2245
2857
2739
2297
1721
1140
795
839
1302
1511
1204
598
330
739
1406
1736
1422
840
507
399
475
709
798
494
-6
-15
510
796
524
-9
-361
-399
-370
-304
-283
-592
-1161
-1595
-1609
-1191
-800
-507
-189
-81
-213
-407
-354
-26
46
-310
-634
-436
-89
-139
-579
-1019
-1128
-1362
-1697
-1821
-1778
-1767
-2269
-2760
-2739
-2163
-1016
-295
-548
-1295
-1216
-34
896
574
-377
-737
-581
-378
173
1089
1157
106
-522
377
1663
1717
1304
1739
2321
2221
2069
2782
3526
2926
1750
1298
1521
1520
1097
789
444
-203
-776
-1085
-1237
-1373
-1604
-1946
-2306
-2206
-1652
-1387
-1806
-2284
-2103
-1545
-1215
-1015
-810
-858
-1320
-1596
-1251
-719
-398
-274
-217
-186
-84
175
572
822
865
970
1296
1668
1949
2221
2337
2182
2045
2095
2262
2272
2057
1778
1389
802
223
24
81
-9
-257
-329
-228
-153
-104
86
354
420
254
137
133
-27
-393
-719
-963
-1310
-1662
-1751
-1555
-1390
-1377
-1409
-1302
-1108
-970
-797
-644
-603
-608
-556
-393
-169
-70
-160
-419
-760
-878
-740
-765
-1086
-1535
-1715
-1455
-1259
-1397
-1842
-1930
-1260
-553
-318
-632
-777
-309
136
531
947
1130
960
809
1248
1781
1704
1316
1175
1281
1378
1616
2200
2499
2123
1535
1327
1588
1780
1875
1855
1554
1193
1033
1021
769
223
-191
-582
-1174
-1596
-1545
-1367
-1738
-2434
-2657
-2385
-2055
-1814
-1535
-1297
-1300
-1380
-1144
-609
-85
89
-129
-264
-134
212
511
557
569
665
815
1096
1414
1620
1634
1451
1238
1050
918
1067
1402
1612
1462
1312
1521
1799
1762
1379
994
777
668
733
884
726
232
-340
-628
-752
-989
-1204
-1338
-1259
-1105
-936
-743
-768
-801
-626
-291
28
131
247
462
510
242
-202
-600
-883
-1203
-1379
-1321
-1302
-1521
-1828
-1818
-1582
-1488
-1489
-1395
-1271
-1059
-711
-329
-199
-502
-673
-356
7
-50
-357
-447
-347
-231
23
492
761
672
674
1050
1512
1699
1851
2280
2642
2618
2622
2881
3075
2958
2715
2533
2355
2089
1776
1477
1033
418
-36
-112
-20
-121
-411
-745
-1038
-1164
-1147
-1102
-1107
-1276
-1460
-1589
-1632
-1533
-1541
-1658
-1857
-1980
-1948
-1932
-1941
-1844
-1775
-1722
-1444
-917
-366
-103
83
483
919
1165
1274
1565
2102
2370
2259
2127
2179
2320
2301
2174
2046
1784
1492
1310
1300
1340
1238
1187
1244
1183
885
427
140
16
-123
-340
-628
-675
-593
-485
-503
-812
-1230
-1604
-1809
-1805
-1725
-1673
-1707
-1762
-1827
-1951
-1971
-1773
-1497
-1322
-1169
-918
-691
-751
-967
-1108
-1132
-1157
-1303
-1429
-1443
-1520
-1546
-1259
-924
-895
-1276
-1702
-1634
-1170
-725
-441
-234
43
393
741
1034
1096
1002
941
940
1189
1565
1836
1834
1525
1285
1263
1492
1805
2002
2090
1962
1710
1589
1506
1369
1129
901
833
758
575
220
-192
-545
-766
-815
-836
-939
-1246
-1660
-1845
-1827
-1831
-1937
-2067
-2084
-2054
-2051
-1960
-1691
-1361
-1060
-879
-773
-625
-463
-271
-91
65
201
348
563
869
1247
1675
1986
2061
2114
2268
2466
2526
2377
2250
2248
2307
2481
2681
2800
2743
2432
2038
1730
1469
1101
650
327
234
88
-244
-546
-803
-1032
-1220
-1225
-1062
-996
-1184
-1374
-1288
-1187
-1234
-1331
-1185
-892
-814
-857
-865
-872
-989
-1176
-1429
-1685
-1884
-1980
-1945
-1900
-1803
-1605
-1451
-1379
-1202
-804
-371
-221
-250
-105
186
208
5
131
620
828
594
419
471
532
492
654
1125
1416
1423
1443
1605
1725
1702
1717
1801
1780
1671
1648
1673
1578
1377
1201
951
600
354
266
126
-226
-563
-689
-784
-872
-875
-840
-898
-1134
-1313
-1277
-1188
-1264
-1532
-1828
-2054
-2128
-1980
-1588
-1145
-895
-881
-954
-883
-731
-632
-563
-398
-49
325
560
764
1068
1368
1607
1757
1896
2152
2346
2381
2233
2019
1929
1854
1724
1635
1735
1850
1785
1588
1368
1210
1027
854
711
581
431
299
309
434
527
503
432
301
197
140
110
138
49
-154
-431
-727
-848
-830
-727
-628
-776
-1048
-1289
-1386
-1323
-1344
-1461
-1501
-1464
-1434
-1373
-1358
-1343
-1397
-1511
-1478
-1284
-1008
-808
-699
-648
-527
-309
-116
-37
-99
-175
-127
113
395
631
751
634
488
560
742
843
725
504
405
418
443
460
417
248
108
85
153
166
-14
-317
-627
-884
-1055
-1029
-929
-1035
-1350
-1653
-1819
-1819
-1660
-1359
-1059
-989
-1103
-1213
-1292
-1360
-1332
-1253
-1119
-991
-852
-667
-428
-130
116
247
267
320
411
490
562
649
739
768
870
989
1051
1034
910
861
922
907
764
628
494
385
309
302
421
531
572
492
385
370
353
352
381
416
415
290
132
69
62
4
-109
-247
-321
-379
-520
-691
-880
-979
-967
-885
-712
-633
-682
-671
-591
-491
-410
-294
-174
-121
-86
25
206
386
526
604
671
674
634
595
499
381
364
418
464
494
477
427
395
441
580
657
616
489
377
440
525
574
544
415
300
279
330
326
230
88
-10
-79
-137
-116
1
160
245
226
207
162
39
-109
-170
-140
-158
-270
-294
-186
-113
-58
-35
-42
-107
-207
-209
-146
-85
-90
-188
-290
-321
-291
-197
-72
18
113
205
285
371
370
346
361
432
517
510
489
517
545
584
637
686
661
504
346
312
327
317
322
382
368
209
127
203
308
314
206
47
-114
-200
-217
-224
-258
-325
-416
-491
-494
-459
-490
-557
-498
-338
-191
-151
-167
-94
3
65
106
150
207
202
187
215
258
286
279
275
295
296
254
212
188
170
105
-9
-45
78
221
275
250
169
67
-19
-10
161
392
491
432
369
364
379
383
329
295
283
264
304
405
503
452
253
60
-39
-17
38
46
-8
-147
-287
-321
-255
-191
-220
-318
-392
-408
-356
-264
-238
-376
-639
-847
-864
-698
-513
-440
-488
-585
-596
-467
-250
-73
-29
-59
-128
-109
25
193
348
380
310
185
107
134
234
351
399
361
260
133
97
156
226
202
82
-15
-2
69
95
66
16
-68
-170
-156
-34
92
86
-51
-190
-328
-430
-469
-445
-440
-525
-609
-579
-452
-353
-285
-246
-265
-306
-291
-184
-88
-81
-125
-192
-210
-163
-117
-90
-99
-131
-145
-163
-173
-129
-95
-145
-268
-355
-342
-299
-245
-164
-73
-27
-19
39
159
225
204
175
154
127
109
135
183
136
-7
-112
-98
-20
50
119
170
138
36
-36
-6
40
1
-89
-149
-181
-223
-270
-288
-272
-242
-202
-160
-135
-141
-160
-172
-168
-139
-125
-139
-146
-116
-50
37
97
125
159
187
203
262
350
385
348
300
287
293
294
302
325
314
261
204
197
238
281
330
370
361
275
125
1
-46
-76
-97
-108
-99
-81
-107
-150
-153
-133
-103
-79
-72
-83
-137
-192
-214
-219
-206
-184
-174
-152
-116
-59
-7
-21
-64
-79
-59
-10
34
73
99
48
-46
-98
-83
-27
28
41
31
18
31
81
141
164
128
89
88
116
134
135
120
91
88
142
231
273
257
256
287
332
373
378
328
220
104
65
77
56
4
-57
-105
-134
-126
-70
-39
-84
-181
-240
-227
-183
-145
-110
-94
-100
-116
-114
-71
-13
14
4
-23
-48
-73
-84
-59
-19
22
39
47
61
49
18
7
33
99
187
244
256
219
148
117
148
227
275
253
189
118
104
135
171
202
201
153
101
108
178
250
225
137
69
57
84
120
140
112
28
-59
-75
-20
28
3
-66
-104
-112
-94
-59
-30
-29
-71
-77
-17
45
44
-7
-46
-69
-73
-42
13
45
15
-34
-33
9
64
110
130
131
122
124
147
179
205
213
210
217
252
293
289
236
163
110
86
96
125
122
77
0
-66
-84
-68
-43
-47
-82
-115
-110
-64
7
62
57
21
-7
1
31
48
35
-10
-64
-90
-79
-45
-26
-46
-71
-86
-91
-83
-72
-56
-47
-57
-54
-36
-23
-28
-39
-34
-27
-29
-34
-29
-29
-35
-25
15
66
84
87
108
147
176
187
201
215
212
209
231
247
217
152
105
97
108
118
103
39
-59
-141
-162
-137
-110
-102
-116
-156
-195
-185
-139
-113
-133
-174
-218
-250
-250
-200
-148
-145
-180
-208
-193
-146
-102
-75
-76
-111
-115
-54
42
115
126
106
98
123
175
229
256
218
140
102
128
176
185
137
50
-30
-59
-30
19
24
-43
-125
-176
-168
-104
-38
-10
-52
-126
-167
-162
-134
-117
-125
-147
-159
-135
-90
-55
-47
-49
-35
5
45
59
51
12
-44
-70
-58
-28
-18
-32
-44
-55
-63
-67
-71
-88
-121
-144
-138
-121
-119
-126
-125
-107
-77
-45
-4
30
33
23
37
72
114
141
145
136
121
107
97
89
80
62
42
34
47
71
86
76
57
50
61
74
73
45
-8
-67
-97
-83
-59
-52
-82
-129
-163
-171
-160
-143
-165
-226
-275
-270
-207
-139
-115
-124
-144
-143
-103
-31
42
64
20
-32
-26
37
110
151
151
128
108
121
167
212
223
191
158
153
179
215
226
198
144
96
77
75
64
31
-19
-63
-87
-93
-92
-88
-92
-119
-144
-139
-108
-79
-76
-84
-80
-57
-25
-2
10
13
7
-7
-12
1
22
29
22
14
9
7
13
23
25
17
8
3
3
-3
2
11
11
3
-2
4
1
-17
-38
-42
-29
-16
-19
-24
-9
4
-1
1
20
53
79
104
141
168
171
155
140
147
168
188
192
171
141
118
111
109
91
48
-14
-69
-104
-107
-91
-82
-97
-133
-159
-156
-133
-131
-161
-197
-220
-217
-205
-192
-175
-163
-161
-154
-123
-70
-38
-31
-23
-2
36
78
121
161
184
198
216
255
302
319
293
244
197
170
161
165
154
111
49
-2
-27
-33
-36
-45
-67
-106
-148
-168
-156
-141
-152
-185
-211
-216
-207
-187
-172
-168
-163
-155
-130
-84
-49
-45
-64
-74
-49
-2
34
42
28
22
39
67
92
102
97
76
41
21
21
38
35
2
-33
-38
-13
6
7
-10
-35
-59
-70
-59
-34
-14
-23
-41
-36
0
40
67
72
64
58
61
79
105
120
117
97
75
81
113
146
146
110
65
35
11
1
11
9
-11
-52
-81
-84
-75
-76
-101
-148
-200
-220
-212
-187
-171
-170
-166
-151
-114
-58
-7
28
35
21
10
24
54
83
96
95
102
126
169
220
256
258
227
193
184
208
232
220
188
151
121
107
101
109
110
80
18
-34
-45
-28
-19
-60
-127
-191
-220
-197
-152
-117
-102
-110
-132
-134
-111
-79
-62
-87
-119
-122
-92
-39
1
16
17
13
19
56
102
126
101
38
-13
-25
-9
4
14
1
-26
-60
-75
-44
-5
1
-30
-71
-102
-101
-72
-51
-47
-67
-87
-76
-39
1
18
3
-25
-40
-26
7
41
54
43
20
29
70
125
158
155
123
83
70
82
100
102
73
28
0
-2
14
21
7
-28
-70
-108
-120
-110
-102
-106
-131
-151
-153
-136
-99
-62
-47
-51
-47
-24
11
38
54
61
60
57
72
119
174
207
207
198
203
209
218
227
216
185
140
114
118
129
120
92
61
34
21
8
8
14
-2
-43
-86
-106
-100
-93
-99
-117
-140
-155
-146
-115
-83
-67
-79
-102
-112
-103
-87
-69
-52
-39
-30
-36
-43
-44
-47
-66
-88
-105
-103
-89
-78
-74
-78
-83
-92
-99
-88
-71
-67
-79
-88
-85
-74
-39
-7
15
31
51
59
70
89
112
117
91
69
60
66
80
91
105
107
99
94
91
106
128
131
111
84
66
65
67
65
63
49
24
-4
-16
-26
-37
-58
-83
-104
-120
-125
-112
-96
-90
-93
-95
-79
-57
-42
-40
-52
-80
-98
-94
-80
-62
-38
-28
-13
6
32
56
67
62
30
0
-18
-14
-5
12
10
0
-2
19
48
82
92
82
54
28
22
25
38
37
20
-8
-19
-11
15
26
15
-19
-49
-59
-48
-24
-15
-29
-61
-81
-91
-88
-84
-87
-107
-122
-136
-134
-125
-106
-91
-87
-85
-68
-39
-16
8
7
-7
-30
-37
-35
-13
13
29
28
37
64
94
122
138
130
104
93
