2
0
0
1
1
0
0
-1
-1
0
-1
-1
-1
0
0
1
2
2
1
0
0
0
-2
-3
-2
-1
0
0
0
-1
-2
-2
-2
-2
-2
-2
-3
-3
-2
-3
-3
-1
-2
0
1
1
3
2
2
2
0
2
1
1
1
2
3
3
3
3
3
1
0
-2
-2
0
-1
0
0
0
0
0
0
1
1
2
1
1
-1
-1
-3
-4
-4
-5
-5
-3
-1
1
1
0
0
-1
1
2
2
2
1
-1
-2
-1
2
3
3
3
4
3
4
3
1
1
-1
-3
-5
-4
-3
-3
-1
0
2
4
3
4
3
3
1
-1
-1
0
0
0
0
1
1
2
3
3
3
1
0
-2
-3
-2
-4
-5
-6
-5
-2
0
3
3
5
4
3
2
2
1
-1
-3
-5
-6
-4
-2
0
1
2
3
4
3
3
2
2
-1
-1
-1
-1
-1
-2
-2
-3
-1
2
4
5
4
3
2
1
0
-1
-3
-3
-4
-4
-2
-1
-2
0
0
2
4
2
3
0
-3
-7
-9
-7
-3
-1
1
3
3
3
3
3
4
4
2
2
1
0
0
-1
-1
0
4
6
11
13
13
8
4
0
-2
-3
-1
-2
-1
-1
-3
-4
-4
0
2
4
3
4
3
-6
-16
-25
-30
-32
-30
-27
-22
-19
-23
-24
-21
-12
-3
7
8
3
-6
-10
-12
-8
3
3
9
22
37
49
45
38
37
40
47
55
47
39
25
1
-1
6
19
35
37
25
27
29
33
42
25
8
-16
-40
-44
-44
-39
-40
-39
-29
-16
-6
3
9
5
11
3
2
5
-8
-18
-41
-37
-7
5
12
22
32
42
25
0
-4
1
12
33
20
-5
-18
-44
-38
-12
-3
-12
-42
-63
-48
-10
2
-17
-46
-62
-46
-27
-12
-9
-11
-10
-1
-3
-19
-14
0
9
21
27
23
48
38
28
28
1
-6
25
17
-4
-17
-33
-29
-54
-72
-74
-29
54
107
85
41
10
17
38
5
-2
-22
-33
-12
-30
-35
-53
-72
-33
-13
43
102
76
43
-6
-54
-38
-62
-116
-103
-105
-100
-72
-102
-86
-85
-71
-25
-41
-15
-59
-81
-84
-144
-142
-124
-125
-115
-81
-121
-108
-92
-112
-108
-112
-77
-98
-85
-105
-128
-37
-190
-244
-125
-115
-81
-93
-284
-304
-205
-258
-79
-163
-243
86
236
156
17
-112
-55
183
137
51
209
465
565
359
104
194
654
940
730
514
617
1011
1216
749
257
264
782
1080
853
427
337
654
787
483
86
129
388
521
306
-55
-160
-77
-183
-482
-754
-786
-650
-641
-862
-1049
-957
-832
-890
-1057
-1171
-1064
-887
-1040
-1180
-1080
-889
-747
-818
-931
-739
-401
-255
-216
-203
-73
82
80
1
66
251
416
430
346
480
651
687
582
508
665
821
791
626
700
887
956
849
730
807
945
984
809
873
1068
1097
1033
943
1027
1299
1312
1105
1141
1248
1404
1467
1293
1237
1309
1126
719
363
20
-265
-367
-762
-1066
-1006
-1283
-1435
-1306
-1431
-1370
-1495
-2227
-2353
-2372
-2563
-2561
-2880
-3075
-2778
-2542
-2354
-1933
-1722
-1418
-1155
-1125
-1047
-868
-750
-827
-798
-726
-388
156
381
587
900
1070
1289
1489
1323
1379
1340
970
924
775
614
734
703
548
806
829
754
922
604
295
256
-152
-338
-243
-651
-620
-428
-537
-262
-57
-210
-30
75
-7
241
171
80
166
5
-70
207
489
817
1091
1010
1189
1589
1727
1750
1601
1482
1711
1866
1642
1494
1376
1471
1720
1725
1643
1673
1802
1911
1941
1602
615
-331
-571
-1087
-1261
-1648
-2434
-2034
-2019
-2926
-2850
-2349
-1841
-1249
-2818
-3868
-2678
-1948
-2109
-3320
-4386
-3107
-1146
-1231
-1687
-1013
281
1352
691
-187
712
1941
1364
-116
-518
519
1930
1392
179
621
2031
2562
1905
1090
1485
2172
1311
36
-337
393
690
-269
-1321
-995
192
391
-355
-683
-315
268
142
-647
-478
42
-249
-679
-927
-554
248
-70
-616
-359
59
492
469
22
264
614
426
369
413
517
647
375
246
705
1104
1038
801
744
1026
1327
1040
802
759
744
858
871
1088
1561
1444
1291
1681
1809
2146
1701
180
39
-15
-660
-701
-1901
-2442
-1682
-2489
-2985
-2193
-2054
-1274
-1538
-3167
-2464
-1350
-1507
-2346
-3706
-3825
-2071
-1639
-2420
-2281
-1346
59
513
-28
230
1595
2075
1041
287
419
1339
1442
16
-372
682
1688
1918
1252
1145
2435
2668
1942
1378
1295
1669
1186
-201
-753
-44
138
-296
-1053
-968
64
550
220
-92
217
489
343
-63
-217
-4
-93
-603
-619
-256
39
153
-172
-117
405
624
682
676
382
191
223
274
684
610
112
66
222
627
778
351
263
642
671
576
631
708
1144
1218
590
801
1441
1630
1651
1235
256
139
390
-683
-815
-1345
-2785
-2214
-2412
-3707
-3126
-3142
-2932
-1705
-3248
-3892
-2274
-1781
-1732
-2625
-4117
-2701
-1048
-1937
-2502
-2303
-938
691
-11
-694
704
2288
2169
921
540
1749
2791
1534
153
747
2043
2467
1298
437
2060
3339
2557
1698
1550
2724
3233
1696
699
1311
1846
1134
-363
-596
668
1061
410
-403
-99
1165
960
168
212
553
829
14
-932
-619
-339
-809
-1596
-1918
-1177
-538
-943
-1366
-1232
-689
-405
-808
-906
-792
-772
-843
-1157
-1041
-768
-1022
-1298
-1130
-877
-509
-348
-224
265
759
735
925
1648
1874
2299
2283
2110
2642
2192
1179
1043
664
322
162
-1108
-1223
-695
-1415
-1704
-1462
-1220
-458
-870
-2092
-1377
-761
-1113
-1814
-2807
-2370
-1217
-1431
-2031
-1408
-376
437
549
257
1151
2214
1822
1175
1268
1888
2250
1483
490
814
1413
1273
841
756
1448
2103
1820
1472
1801
2129
2120
1515
928
1032
886
247
-207
-511
-486
-568
-1032
-1110
-842
-732
-675
-750
-723
-383
-452
-714
-904
-1151
-1383
-1643
-1947
-2091
-1966
-1942
-2101
-2061
-1681
-1190
-773
-751
-819
-435
46
213
55
-140
-26
160
76
-115
15
479
930
995
1113
1679
2362
2980
3086
3122
3508
3782
3784
3629
3149
2304
2045
1429
454
188
-803
-1292
-828
-1729
-2359
-1521
-1415
-844
-1056
-2706
-1802
-428
-793
-1532
-2674
-2760
-1129
-1647
-3016
-2534
-1796
-768
-650
-1249
50
1724
1550
655
670
1641
2258
1231
-223
95
1024
922
-17
-361
540
1474
1026
595
1351
2190
2164
1176
660
1266
1638
632
-458
-663
-343
-484
-1305
-1579
-1043
-813
-1231
-1576
-1155
-328
-251
-807
-950
-629
-507
-889
-1383
-1397
-1342
-1708
-2090
-2029
-1521
-1142
-1298
-1116
-522
187
571
544
680
755
741
531
286
374
409
80
105
330
764
1321
1550
2057
2689
3001
3507
3803
3861
4131
2930
1883
2264
1353
632
-127
-1988
-1425
-1056
-2943
-2913
-2091
-1869
-851
-2227
-3310
-815
-3
-1211
-2088
-2947
-1799
-348
-2467
-3553
-2025
-1218
-961
-1605
-2015
218
1691
142
-386
935
2206
2584
879
-9
1530
2061
947
-10
234
1285
1164
-459
-442
1194
1780
1062
188
581
2107
2047
568
383
1038
1094
69
-1122
-905
-93
-680
-1840
-1806
-842
-297
-778
-1309
-718
146
-181
-1038
-992
-532
-672
-1235
-1765
-1432
-705
-1094
-1534
-1064
-567
-238
-244
-176
470
900
724
760
1139
1431
1119
435
635
1243
1328
1111
965
1535
2449
2353
2147
2749
3320
3537
3067
1931
2084
2585
1168
295
-279
-1057
-312
-1337
-3272
-2374
-1783
-1993
-1963
-3476
-3010
-594
-933
-1978
-2035
-2043
-470
-175
-2329
-1945
-774
-1043
-1196
-2102
-1893
172
-22
-1356
-705
516
1462
1457
11
428
1994
1546
800
342
491
1315
547
-522
207
986
955
334
68
1123
1985
1488
701
690
1232
1093
14
-318
-80
-246
-807
-1537
-1266
-439
-769
-1372
-1262
-751
-208
-499
-976
-501
-259
-813
-1079
-1101
-757
-548
-1327
-1401
-636
-263
-216
-541
-393
438
732
622
756
882
1158
1202
968
1361
1731
1607
1553
1611
1947
2511
2312
2039
2340
2641
2951
3112
2593
1950
2004
1662
1185
1119
129
-564
-497
-1566
-2201
-1935
-2209
-1910
-2066
-3253
-2478
-1045
-1253
-1537
-2171
-2328
-727
-820
-2340
-2018
-1550
-1567
-1640
-2609
-2174
-498
-754
-1670
-1357
-309
788
537
-569
62
1203
1076
432
-119
657
1629
1005
437
1041
1952
2222
1569
1415
2346
2883
2224
1347
1352
1847
1565
575
175
480
460
-221
-756
-277
255
-164
-811
-974
-355
-206
-1117
-1588
-1265
-1213
-1828
-2370
-2165
-1576
-1823
-2669
-2511
-1467
-923
-1389
-1948
-1306
-149
-2
-440
-348
447
907
464
164
782
1497
1396
794
919
1960
2365
1968
1807
2193
2954
3098
2593
2823
2830
2290
2078
1360
1285
1303
-304
-935
-656
-1571
-1834
-1922
-2517
-1753
-2279
-3465
-2105
-1192
-1652
-2162
-3144
-2408
-777
-1910
-3065
-2406
-1957
-1572
-2062
-2695
-1090
58
-1026
-1612
-790
624
1179
-204
-758
752
1713
1242
436
724
2123
2356
1305
1357
2573
3250
2483
1429
1984
3093
2713
1388
664
1285
1827
738
-279
39
424
131
-833
-996
160
222
-847
-1401
-1050
-206
-619
-2049
-2105
-1645
-2009
-2593
-2945
-2534
-2201
-3014
-3511
-2518
-1468
-1429
-2023
-1803
-369
396
110
-102
524
1457
1369
756
1061
1809
1913
1283
881
1806
2829
2619
2152
2386
3209
3937
3623
3294
3786
3536
2757
2465
1884
1870
1428
-528
-739
-406
-1416
-1812
-2129
-2498
-1670
-2483
-3817
-2363
-1841
-2534
-2859
-3755
-2757
-1197
-2671
-3497
-2497
-2014
-1489
-2048
-2669
-1028
-267
-1234
-1408
-548
652
910
-283
-268
1558
2361
2004
1486
2043
3575
3741
2892
3194
4181
4382
3548
2691
3046
3830
2914
1358
1072
1532
1573
471
-542
-396
176
-376
-1353
-1222
-572
-741
-1576
-2001
-1520
-833
-1625
-2702
-2550
-2092
-2290
-2856
-3246
-2822
-2332
-2964
-3011
-2162
-1452
-1144
-1375
-718
765
1384
1274
1290
1963
2870
2684
2178
2458
2800
2839
2372
2129
2927
3463
2897
2716
3103
3803
4189
3486
3259
3743
3440
2727
2406
1680
1646
1098
-634
-775
-689
-1896
-2402
-2804
-3234
-2504
-3448
-4458
-3162
-2837
-3325
-3431
-4005
-3007
-1761
-3101
-3403
-2353
-2111
-1636
-2187
-2654
-1166
-825
-1762
-1715
-1094
-194
53
-895
-504
1051
1479
1294
1123
1862
3227
3250
2683
3061
3779
3985
3364
2607
2946
3416
2519
1419
1110
1141
1065
102
-812
-696
-515
-951
-1519
-1520
-1203
-1328
-1773
-1896
-1612
-1385
-1921
-2557
-2426
-2354
-2711
-3158
-3373
-3077
-2959
-3392
-3261
-2402
-1894
-1553
-1359
-755
533
994
969
1357
2028
2630
2604
2272
2500
2818
2578
2217
2041
2299
2523
2007
1854
2194
2424
2536
2279
2185
2550
2409
1657
1625
1421
847
458
-590
-1059
-838
-1961
-2999
-2860
-3205
-3195
-3647
-4708
-3880
-3061
-3649
-3843
-3755
-3146
-1908
-2361
-3012
-1931
-1364
-1296
-1345
-1715
-808
-130
-867
-981
-244
488
823
214
108
1391
2102
1951
1898
2317
3360
3769
3301
3471
4087
4434
4176
3488
3513
3820
3255
2238
1630
1331
1068
323
-767
-1036
-979
-1420
-1865
-2012
-1791
-1430
-1576
-1778
-1496
-1303
-1381
-1685
-1911
-1950
-2198
-2596
-2889
-2883
-2845
-3094
-3203
-2741
-2151
-1741
-1360
-875
42
982
1421
1864
2426
2925
3143
3125
3234
3351
3225
2932
2733
2571
2605
2475
2229
2401
2448
2421
2513
2498
2600
2775
2270
1896
2062
1456
1012
605
-360
-470
-871
-2266
-2526
-2598
-3203
-3186
-3996
-4430
-3349
-3321
-3815
-3650
-3700
-2917
-2070
-2721
-2483
-1541
-1418
-1121
-1074
-903
108
118
-449
-207
337
918
869
177
501
1335
1244
1278
1377
1833
2808
2692
2559
3294
3852
4045
3723
3295
3650
3626
2642
1837
1283
987
458
-795
-1566
-1651
-1860
-2288
-2717
-2668
-2104
-2053
-2337
-2272
-1988
-1573
-1735
-2173
-2116
-2061
-2239
-2573
-2825
-2720
-2753
-2920
-2755
-2368
-1908
-1540
-1294
-529
392
882
1452
1982
2485
3089
3169
3196
3741
3708
3341
3269
3080
3159
3090
2269
1994
2336
2155
1880
1620
1445
1854
1934
1269
891
1092
1109
578
25
-522
-723
-799
-1800
-2803
-2814
-3034
-3508
-4014
-4822
-4476
-3747
-4235
-4482
-3973
-3482
-2432
-2126
-2511
-1475
-455
-339
-111
23
602
1377
1037
635
1007
1390
1456
941
502
1126
1563
1454
1456
1609
2357
2828
2585
2865
3336
3498
3359
2755
2650
2954
2462
1424
725
229
-45
-576
-1599
-2028
-2120
-2434
-2623
-2815
-2638
-2258
-2489
-2551
-2206
-1882
-1627
-1922
-2172
-1826
-1728
-1829
-2080
-2334
-2135
-2100
-2262
-2005
-1727
-1477
-1127
-919
-228
640
1034
1491
2001
2493
3159
3229
3221
3575
3485
3262
3089
2727
2647
2496
1866
1577
1560
1445
1222
934
841
1012
1041
900
568
450
753
386
-21
-35
-464
-507
-751
-1853
-1965
-1873
-2541
-2723
-3386
-3933
-3160
-3168
-3516
-3076
-3008
-2386
-1356
-1438
-875
225
484
938
1228
1316
1954
1985
1338
1166
1197
1226
986
326
190
526
687
746
741
1088
1736
1847
1916
2305
2457
2550
2347
1898
1943
1842
1096
433
-115
-538
-768
-1429
-2025
-2142
-2242
-2359
-2461
-2418
-2174
-2078
-2059
-1902
-1686
-1349
-1419
-1710
-1545
-1375
-1375
-1425
-1724
-1627
-1234
-1260
-1099
-858
-556
-44
222
460
1099
1650
1919
2134
2332
2842
3133
3095
3080
3081
3257
3228
2869
2672
2608
2271
1862
1426
1158
1198
790
191
-15
43
256
168
-323
-339
135
75
-200
-298
-508
-411
-663
-1650
-1970
-1916
-2279
-2698
-3424
-3774
-3152
-3017
-3310
-3068
-2730
-2031
-1197
-1109
-702
263
711
907
1000
1074
1485
1441
859
596
613
758
606
19
-94
282
518
586
561
775
1312
1465
1442
1696
1833
1848
1625
1222
1240
1368
889
370
130
-97
-144
-404
-765
-804
-846
-1162
-1281
-1196
-1219
-1280
-1642
-1856
-1580
-1492
-1631
-1684
-1596
-1335
-1193
-1233
-1104
-723
-489
-539
-530
-234
109
236
124
133
496
827
887
956
1241
1646
1912
1983
2150
2420
2518
2397
2134
2027
2057
1655
1172
862
549
400
139
-358
-416
-215
-362
-318
-175
-360
-85
104
-306
-139
-148
-585
-502
-812
-1451
-1320
-1531
-1975
-1884
-2310
-2307
-1672
-1709
-1797
-1499
-1226
-587
-59
-273
-134
342
545
680
555
502
680
582
380
335
472
659
391
81
312
579
739
589
163
424
786
555
561
627
599
832
613
354
832
973
707
602
398
499
627
144
-254
-390
-685
-1059
-1507
-1816
-1783
-1936
-2204
-2210
-2018
-1669
-1537
-1439
-945
-421
-158
20
189
508
858
771
594
720
886
852
678
541
723
1015
1010
1031
1287
1581
1733
1722
1731
1845
1896
1621
1273
1183
1081
740
354
42
-42
19
-293
-565
-449
-347
-298
-240
-463
-431
-115
-473
-652
-479
-753
-736
-743
-1251
-994
-656
-938
-813
-911
-1023
-409
-327
-653
-525
-575
-487
-93
-416
-617
-315
-400
-351
-179
-217
120
238
116
216
370
654
669
362
245
362
292
211
-6
-174
18
-18
-22
239
374
624
845
809
1129
1509
1398
1301
1162
870
909
592
-10
-290
-650
-1071
-1337
-1598
-1787
-1757
-1874
-1906
-1604
-1328
-1050
-909
-747
-374
-40
177
232
340
503
552
508
510
588
608
524
426
460
611
660
520
454
533
564
530
441
393
454
486
402
336
437
409
344
371
329
407
374
81
-3
157
100
47
-29
-399
-189
80
-213
-52
11
-155
184
151
-107
337
326
8
47
-414
-418
-68
-630
-1080
-1161
-1374
-1110
-1030
-1467
-1295
-965
-939
-694
-623
-409
33
-13
-7
170
297
461
214
-137
58
159
94
42
-213
29
376
252
433
671
806
1100
1028
1013
1387
1447
1211
990
717
717
616
129
-129
-393
-615
-765
-1148
-1268
-1205
-1418
-1486
-1410
-1364
-1074
-1043
-1040
-617
-407
-249
21
64
307
572
437
482
657
575
492
317
154
321
262
10
-71
-79
133
225
124
233
440
533
647
715
798
937
788
625
608
631
633
384
79
54
110
82
-3
-17
10
51
210
196
275
541
448
372
540
355
267
390
-65
-281
-467
-1016
-933
-985
-1495
-1612
-1717
-1740
-1290
-1395
-1639
-1138
-830
-636
-350
-355
-64
260
129
18
171
344
215
-154
-335
-183
-53
-187
-429
-370
-37
85
161
434
761
1136
1150
1041
1473
1885
1749
1543
1317
1277
1436
1004
475
343
192
-112
-463
-750
-692
-609
-880
-959
-872
-614
-337
-420
-290
71
218
228
215
307
440
262
-2
-73
-128
-232
-561
-899
-726
-653
-909
-971
-969
-584
-149
-229
-85
311
555
800
866
889
1238
1218
844
780
786
775
664
203
68
249
216
241
224
349
733
719
720
1231
1382
1455
1520
1142
1299
1520
865
518
458
18
-180
-794
-1458
-1127
-1135
-1681
-1814
-1935
-1590
-942
-1256
-1343
-701
-423
-250
-148
-126
285
431
34
-165
-11
128
-166
-714
-785
-532
-474
-665
-888
-585
-53
-39
-9
348
740
1170
1113
1002
1512
1787
1553
1294
1094
1102
1037
480
39
-1
-85
-423
-842
-847
-565
-557
-718
-764
-530
-56
-69
-374
-193
-22
-37
-181
-599
-629
-511
-938
-1295
-1351
-1469
-1484
-1698
-1998
-1637
-1278
-1281
-1193
-995
-551
-84
74
226
587
876
986
964
1048
1240
1152
883
645
576
690
589
327
338
424
436
556
695
914
1276
1329
1148
1483
1835
1741
1733
1480
1155
1271
934
228
165
-90
-564
-821
-1441
-1592
-1183
-1499
-1942
-1858
-1835
-1422
-1144
-1556
-1346
-822
-769
-714
-721
-643
-338
-412
-729
-769
-636
-595
-810
-1045
-887
-691
-614
-603
-543
-33
322
316
520
895
1222
1494
1478
1444
1815
1853
1572
1472
1392
1427
1298
862
594
568
460
206
-72
-148
-60
-186
-439
-580
-529
-366
-569
-855
-762
-759
-743
-880
-1264
-1279
-1235
-1485
-1632
-1702
-1710
-1569
-1708
-1748
-1463
-1251
-1018
-844
-641
-139
249
407
732
1003
1221
1415
1327
1455
1624
1571
1512
1320
1243
1368
1281
1068
1071
1123
1189
1295
1256
1359
1549
1597
1596
1541
1724
1791
1575
1420
1202
1065
1051
593
59
-9
-357
-694
-973
-1589
-1596
-1515
-2038
-2319
-2344
-2363
-2060
-2129
-2448
-2035
-1643
-1511
-1407
-1444
-1055
-598
-687
-811
-668
-409
-210
-419
-631
-318
-91
-86
-136
-91
433
722
658
876
1284
1730
1938
1846
1987
2436
2515
2268
2068
2048
2196
1805
1224
953
799
667
152
-370
-430
-449
-786
-1147
-1312
-1205
-1043
-1410
-1683
-1501
-1435
-1424
-1623
-1792
-1538
-1435
-1645
-1690
-1512
-1363
-1285
-1409
-1254
-774
-599
-532
-443
-111
334
471
531
836
1191
1378
1362
1311
1599
1795
1591
1405
1364
1469
1453
1119
928
975
983
873
713
789
1115
1167
1116
1292
1351
1551
1629
1376
1494
1537
1103
838
572
68
-167
-720
-1463
-1631
-2167
-2756
-2813
-3107
-3306
-3270
-3491
-3294
-2652
-2555
-2411
-1918
-1565
-1020
-665
-576
-161
186
204
148
272
520
619
370
133
304
576
662
455
530
916
1148
1248
1308
1628
2115
2198
1994
2107
2361
2359
2095
1652
1505
1477
987
412
21
-160
-399
-952
-1404
-1472
-1436
-1655
-1908
-1989
-1685
-1516
-1745
-1689
-1492
-1192
-1112
-1370
-1360
-1100
-1093
-1324
-1377
-1339
-1188
-1218
-1458
-1190
-802
-666
-570
-421
125
722
916
989
1339
1800
2040
2030
1897
2074
2179
1883
1619
1472
1478
1302
921
724
851
963
880
798
839
1134
1288
1244
1293
1411
1437
1212
1033
913
736
405
-212
-679
-879
-1315
-1929
-2300
-2575
-2710
-2904
-3319
-3135
-2654
-2587
-2547
-2343
-1785
-903
-532
-565
-59
609
982
1138
1063
1351
1709
1451
1058
1012
1156
1074
600
153
278
506
311
46
109
490
672
547
591
937
1276
1171
912
1036
1336
1233
774
447
425
483
66
-491
-638
-611
-730
-1076
-1310
-1168
-951
-1087
-1282
-1113
-827
-699
-810
-890
-701
-557
-673
-860
-813
-722
-815
-974
-1042
-837
-665
-751
-773
-454
-84
77
165
311
754
1170
1241
1312
1517
1747
1819
1737
1693
1770
1744
1498
1281
1195
1171
949
625
508
454
397
220
14
112
216
51
-55
-14
34
147
-55
-331
-124
-111
-381
-546
-810
-871
-756
-1104
-1409
-1178
-1168
-1223
-1194
-1310
-916
-455
-545
-483
-87
258
583
665
594
937
1217
1034
854
855
924
794
411
63
42
110
-220
-639
-711
-580
-567
-743
-926
-805
-475
-479
-579
-372
-106
46
-19
-92
120
415
367
141
159
307
351
145
-69
-34
79
-48
-338
-353
-197
-173
-314
-472
-412
-168
-160
-369
-358
-267
-226
-242
-339
-268
-145
-222
-323
-265
-118
-26
-71
-75
140
332
390
449
529
736
811
758
820
909
922
814
667
614
675
522
284
206
115
6
-182
-391
-437
-421
-553
-675
-624
-515
-387
-355
-352
-170
27
173
320
482
608
682
805
838
903
926
786
734
733
624
486
412
241
171
36
-135
-8
44
-76
-177
-164
-11
186
112
-21
123
206
142
-11
-148
-167
-281
-576
-921
-1008
-1000
-1254
-1544
-1694
-1666
-1583
-1620
-1696
-1507
-1181
-1100
-937
-621
-285
53
178
285
663
1001
1011
1000
1052
1145
1200
1013
900
925
873
684
438
421
518
426
221
149
268
438
413
239
309
420
328
219
108
105
128
-121
-421
-437
-458
-628
-829
-1001
-937
-850
-957
-1037
-910
-738
-717
-740
-660
-462
-297
-315
-366
-232
-83
-196
-323
-320
-284
-223
-376
-513
-346
-193
-212
-228
-118
146
435
470
560
881
1140
1304
1309
1402
1629
1677
1606
1518
1500
1545
1377
1035
932
879
683
567
347
240
291
76
-50
58
30
-91
-192
-311
-211
-153
-491
-740
-795
-875
-1050
-1364
-1558
-1565
-1659
-1964
-2177
-2062
-1877
-1912
-2069
-1967
-1604
-1246
-1106
-1048
-684
-239
37
225
479
852
1119
1194
1243
1480
1721
1722
1605
1594
1704
1705
1598
1442
1371
1373
1176
992
967
921
787
556
352
313
282
25
-213
-320
-418
-511
-722
-862
-850
-912
-1077
-1210
-1212
-1134
-1152
-1268
-1246
-1127
-1040
-1013
-1040
-944
-812
-804
-786
-695
-557
-434
-412
-419
-269
-105
-36
47
131
285
440
500
602
749
861
954
1008
1072
1254
1350
1356
1437
1477
1550
1644
1646
1695
1790
1735
1650
1658
1571
1499
1366
1089
948
812
492
193
-44
-319
-563
-872
-1247
-1363
-1454
-1730
-1901
-2041
-2078
-2034
-2147
-2269
-2162
-2040
-2043
-2012
-1967
-1799
-1664
-1677
-1610
-1425
-1233
-1152
-1102
-903
-586
-372
-221
0
310
714
976
1138
1480
1834
2041
2200
2317
2486
2672
2611
2462
2461
2396
2219
1981
1690
1505
1301
950
633
408
189
-52
-339
-555
-637
-769
-958
-1115
-1224
-1256
-1355
-1517
-1573
-1624
-1716
-1811
-1902
-1893
-1851
-1926
-1960
-1845
-1702
-1567
-1469
-1362
-1094
-814
-643
-446
-186
87
295
426
572
806
981
1002
1017
1100
1215
1239
1184
1175
1246
1318
1287
1262
1338
1438
1466
1423
1425
1515
1581
1497
1355
1294
1252
1138
917
660
510
382
101
-189
-399
-573
-718
-958
-1232
-1310
-1313
-1423
-1529
-1619
-1609
-1473
-1470
-1536
-1475
-1387
-1300
-1228
-1242
-1189
-1057
-1031
-1020
-960
-874
-756
-693
-635
-472
-265
-93
38
214
497
753
924
1112
1306
1533
1728
1776
1860
2004
2024
1987
1910
1801
1774
1692
1469
1290
1152
969
792
575
362
224
45
-189
-382
-551
-724
-923
-1126
-1297
-1441
-1578
-1743
-1860
-1885
-1949
-2048
-2064
-2041
-1968
-1882
-1859
-1757
-1540
-1377
-1254
-1075
-883
-641
-411
-279
-98
139
311
444
585
739
910
1048
1133
1235
1381
1476
1516
1583
1675
1737
1768
1755
1724
1758
1718
1544
1433
1323
1159
1007
761
526
379
161
-86
-254
-405
-516
-608
-730
-729
-686
-667
-592
-547
-430
-278
-219
-122
-12
10
66
100
51
70
-4
-132
-106
-167
-294
-335
-419
-409
-312
-385
-389
-232
-151
-64
32
64
249
400
346
408
519
591
625
527
483
569
535
420
356
328
381
343
218
232
307
326
315
253
266
362
297
195
186
147
82
-47
-216
-275
-345
-555
-730
-825
-894
-979
-1123
-1211
-1154
-1118
-1161
-1173
-1091
-933
-842
-838
-761
-583
-429
-362
-345
-244
-97
-58
-75
-43
40
124
123
95
165
262
314
336
372
462
546
556
584
648
673
649
584
553
558
464
312
196
105
21
-136
-321
-404
-461
-551
-625
-676
-635
-545
-531
-466
-300
-132
51
210
360
582
758
877
1027
1126
1195
1235
1189
1167
1123
967
827
690
510
352
117
-124
-222
-366
-566
-713
-826
-831
-825
-934
-979
-884
-804
-759
-765
-749
-603
-511
-526
-526
-484
-402
-382
-457
-461
-375
-336
-343
-362
-313
-170
-104
-65
71
208
343
455
527
680
833
865
916
984
1006
1041
992
906
908
835
692
590
485
413
315
145
54
30
-31
-98
-158
-167
-133
-161
-210
-216
-208
-203
-243
-315
-327
-345
-410
-472
-522
-555
-589
-676
-734
-711
-685
-679
-675
-638
-542
-452
-414
-350
-247
-161
-107
-82
-41
22
49
19
-16
-14
-1
-9
-43
-52
3
62
110
180
293
440
590
728
874
1030
1178
1319
1413
1476
1526
1530
1505
1439
1301
1147
989
783
583
351
93
-108
-317
-529
-708
-886
-1004
-1058
-1160
-1243
-1243
-1227
-1187
-1167
-1183
-1118
-1026
-996
-981
-951
-882
-804
-786
-793
-714
-599
-513
-440
-375
-209
-34
56
180
355
555
727
833
933
1091
1203
1240
1254
1267
1301
1279
1171
1082
1029
961
855
705
590
516
395
251
144
60
-52
-198
-356
-459
-538
-688
-865
-1012
-1128
-1240
-1390
-1535
-1609
-1654
-1716
-1762
-1757
-1692
-1617
-1565
-1476
-1322
-1144
-972
-816
-630
-412
-229
-79
75
250
414
526
610
725
857
947
996
1045
1132
1229
1279
1309
1368
1444
1488
1488
1486
1517
1538
1494
1419
1356
1312
1237
1098
956
854
756
625
475
353
267
169
31
-97
-169
-223
-308
-417
-506
-551
-604
-713
-816
-873
-928
-1007
-1101
-1165
-1169
-1183
-1229
-1227
-1170
-1084
-997
-922
-789
-596
-431
-293
-155
24
228
369
452
554
668
745
759
741
758
780
731
660
614
594
563
484
422
414
414
386
347
330
345
344
308
280
265
243
186
92
17
-50
-161
-305
-439
-554
-667
-794
-930
-1020
-1073
-1141
-1198
-1222
-1204
-1159
-1121
-1070
-973
-858
-749
-642
-520
-374
-230
-115
-2
135
262
365
457
553
660
741
802
869
937
981
1004
1007
1008
1013
987
942
893
838
766
680
575
479
394
287
171
66
-19
-94
-181
-263
-321
-362
-398
-432
-441
-438
-436
-436
-441
-430
-399
-375
-363
-353
-323
-293
-277
-270
-261
-234
-211
-207
-213
-197
-161
-133
-120
-116
-83
-31
10
40
64
105
150
171
188
216
243
262
271
271
277
275
259
241
201
152
109
60
4
-61
-134
-212
-268
-315
-375
-413
-456
-469
-457
-463
-459
-432
-385
-342
-293
-248
-190
-124
-81
-36
1
21
33
33
34
25
-3
-37
-70
-103
-132
-158
-180
-186
-180
-181
-180
-162
-124
-79
-37
-3
50
107
156
200
228
260
286
295
304
313
317
318
295
263
243
214
171
132
90
53
9
-49
-94
-129
-166
-215
-270
-317
-364
-411
-465
-517
-561
-600
-641
-661
-657
-647
-624
-598
-557
-489
-418
-342
-248
-147
-46
49
143
247
344
421
487
539
591
631
647
655
648
624
591
543
503
482
435
371
323
291
273
246
204
177
173
165
141
116
90
71
36
-13
-57
-91
-118
-157
-197
-214
-226
-225
-215
-192
-154
-102
-43
27
114
194
272
361
462
554
630
683
733
787
818
818
793
762
728
682
613
533
457
377
289
200
126
62
-1
-63
-118
-158
-182
-204
-228
-240
-245
-247
-246
-243
-234
-224
-226
-228
-232
-226
-216
-219
-221
-220
-212
-205
-198
-184
-163
-147
-135
-116
-97
-77
-65
-69
-62
-53
-61
-64
-75
-80
-72
-66
-64
-56
-50
-29
6
35
68
99
131
169
203
232
266
288
300
305
294
287
273
236
189
126
57
-2
-63
-129
-200
-270
-333
-390
-441
-480
-514
-547
-570
-588
-597
-600
-599
-598
-599
-592
-587
-576
-556
-532
-504
-484
-460
-425
-371
-314
-262
-206
-142
-61
26
107
192
274
351
424
494
551
595
618
615
611
588
550
503
429
363
286
199
119
45
-26
-98
-164
-219
-258
-293
-325
-353
-372
-385
-399
-409
-411
-416
-422
-428
-440
-442
-432
-430
-430
-422
-401
-367
-332
-296
-251
-185
-120
-58
10
86
164
231
288
343
398
437
460
473
480
486
476
453
428
407
385
361
341
328
319
311
308
309
314
319
315
307
297
278
251
212
161
98
20
-64
-149
-238
-329
-422
-509
-581
-639
-688
-720
-734
-731
-710
-677
-630
-569
-495
-423
-344
-263
-188
-112
-39
21
67
104
132
163
192
206
220
245
276
307
333
363
406
454
498
542
581
621
652
669
681
675
661
639
598
551
502
441
371
285
193
113
30
-59
-152
-242
-322
-399
-472
-544
-609
-671
-731
-784
-826
-866
-905
-941
-974
-995
-1002
-1007
-996
-973
-940
-894
-834
-754
-658
-552
-438
-320
-193
-58
79
213
340
462
581
696
799
896
980
1049
1102
1144
1178
1201
1201
1186
1169
1141
1096
1034
958
878
790
688
575
458
340
216
82
-52
-183
-307
-425
-542
-647
-732
-800
-857
-898
-923
-925
-904
-880
-838
-784
-721
-644
-566
-478
-378
-277
-172
-65
44
153
264
368
472
577
677
776
871
955
1035
1106
1163
1207
1236
1256
1262
1251
1223
1174
1107
1023
924
807
682
546
399
248
93
-52
-190
-327
-458
-585
-698
-795
-880
-961
-1033
-1095
-1143
-1181
-1217
-1247
-1265
-1279
-1293
-1306
-1304
-1295
-1282
-1260
-1238
-1196
-1148
-1105
-1044
-980
-904
-819
-726
-626
-520
-410
-303
-195
-87
18
115
203
292
382
464
530
590
655
719
770
804
833
860
876
873
859
839
816
769
698
622
545
458
349
219
93
-26
-150
-277
-401
-511
-606
-703
-787
-846
-890
-916
-930
-926
-895
-845
-787
-725
-646
-558
-466
-372
-275
-177
-76
25
119
213
307
396
484
571
652
729
804
882
959
1028
1088
1146
1199
1248
1282
1306
1323
1329
1330
1314
1279
1233
1173
1097
1010
908
796
683
562
439
322
204
87
-22
-124
-220
-312
-397
-468
-523
-571
-617
-648
-663
-666
-668
-671
-658
-635
-611
-592
-569
-532
-486
-450
-424
-386
-336
-287
-254
-221
-177
-125
-79
-40
7
65
118
160
195
243
292
325
346
364
386
402
405
399
388
374
349
313
278
243
201
151
96
41
-8
-64
-123
-177
-231
-278
-320
-358
-389
-417
-450
-477
-493
-506
-517
-534
-545
-544
-537
-528
-522
-506
-480
-454
-430
-403
-370
-327
-283
-243
-192
-127
-63
2
66
133
206
274
337
398
459
518
568
610
648
673
689
693
688
675
654
615
578
540
493
444
385
324
273
213
150
89
34
-15
-66
-116
-164
-197
-231
-268
-303
-327
-342
-358
-373
-386
-389
-381
-374
-363
-350
-325
-295
-262
-220
-177
-129
-87
-41
10
59
102
139
178
213
246
271
293
314
329
336
332
326
319
307
285
253
227
203
173
143
107
75
49
18
-21
-53
-77
-101
-121
-144
-160
-171
-185
-201
-216
-226
-235
-246
-259
-269
-272
-270
-267
-265
-261
-250
-236
-223
-212
-202
-185
-164
-148
-130
-110
-88
-57
-37
-22
-1
19
37
51
63
78
93
101
106
116
125
133
133
131
138
145
150
148
143
140
138
131
123
115
108
99
84
74
69
63
56
47
39
35
30
24
20
16
12
8
5
6
11
18
21
25
29
35
40
44
45
45
40
34
31
30
22
12
1
-8
-10
-20
-30
-41
-53
-60
-71
-86
-100
-113
-129
-142
-153
-158
-160
-167
-171
-169
-168
-167
-174
-176
-177
-177
-177
-175
-169
-160
-154
-150
-137
-123
-111
-96
-86
-69
-48
-32
-13
6
22
40
56
71
93
113
129
144
158
176
192
200
201
201
204
206
201
192
183
173
165
153
138
127
113
100
86
70
55
41
24
8
-7
-21
-32
-41
-51
-59
-62
-66
-68
-72
-77
-80
-78
-80
-80
-77
-75
-70
-64
-61
-53
-47
-39
-29
-20
-12
-4
8
18
29
36
45
55
63
70
69
68
70
70
65
60
51
44
40
31
24
13
8
3
-5
-12
-17
-16
-20
-22
-27
-31
-32
-37
-47
-58
-64
-74
-86
-96
-107
-113
-119
-122
-127
-127
-124
-120
-117
-117
-111
-99
-85
-71
-63
-51
-39
-22
-6
5
17
26
38
50
63
70
74
84
89
94
101
103
109
114
114
116
122
126
124
119
113
111
103
93
82
70
59
44
30
18
7
-8
-26
-40
-51
-61
-76
-91
-104
-112
-118
-126
-132
-138
-137
-138
-139
-134
-129
-121
-114
-103
-88
-72
-59
-47
-30
-14
2
16
28
44
58
71
81
91
100
106
112
114
121
126
125
122
121
123
123
121
111
106
102
95
87
75
65
55
42
27
15
4
-7
-21
-37
-48
-56
-67
-77
-85
-90
-95
-99
-103
-101
-97
-95
-92
-87
-78
-67
-60
-54
-46
-33
-25
-15
-5
4
19
28
36
48
61
68
77
87
96
106
112
118
123
126
129
126
124
121
111
101
92
83
75
62
44
32
19
6
-3
-19
-31
-40
-52
-62
-69
-77
-86
-95
-102
-107
-111
-118
-124
-130
-132
-134
-136
-133
-132
-129
-125
-120
-109
-100
-93
-84
-74
-60
-45
-34
-23
-9
0
8
19
29
41
47
51
58
70
81
86
86
91
101
108
111
110
110
111
107
99
94
90
83
71
59
50
42
29
15
3
-7
-17
-27
-38
-46
-53
-60
-69
-75
-78
-82
-87
-91
-91
-83
-80
-76
-71
-63
-54
-46
-38
-30
-20
-14
-6
1
11
20
22
25
30
35
42
44
47
50
52
53
52
54
54
54
51
47
46
43
37
33
28
23
16
7
1
-2
-7
-17
-27
-34
-40
-49
-57
-65
-74
-78
-83
-83
-85
-90
-92
-90
-86
-81
-77
-74
-66
-57
-49
-39
-31
-22
-15
-10
-4
7
14
20
26
29
36
45
52
62
70
76
83
91
97
101
105
107
110
112
111
110
107
104
99
92
87
84
79
71
60
51
46
39
30
17
2
-8
-18
-30
-44
-60
-73
-84
-96
-108
-122
-129
-135
-143
-151
-156
-159
-154
-156
-156
-153
-147
-138
-130
-122
-110
-94
-81
-69
-54
-37
-19
-8
5
18
31
45
57
66
74
80
88
95
101
108
111
113
117
120
119
119
118
113
110
105
100
95
86
76
69
59
52
44
32
27
14
3
-3
-13
-19
-31
-43
-53
-61
-70
-77
-87
-92
-96
-100
-99
-101
-96
-93
-91
-81
-73
-63
-54
-49
-39
-31
-24
-18
-15
-10
-10
-7
-3
-3
1
4
2
9
12
17
24
26
31
35
37
45
46
52
54
56
61
58
59
60
58
61
56
52
53
46
45
41
34
32
25
20
17
11
12
7
-1
-4
-11
-10
-13
-18
-17
-25
-25
-27
-32
-26
-31
-34
-32
-38
-31
-31
-34
-26
-28
-22
-19
-21
-13
-11
-9
-3
-7
2
3
0
5
1
5
6
3
8
5
10
14
11
19
17
18
24
15
22
21
17
21
12
12
10
2
5
-5
-7
-8
-19
-16
-22
-29
-26
-38
-37
-34
-42
-37
-42
-43
-36
-36
-31
-31
-28
-18
-21
-12
-12
-11
-1
-5
1
5
6
13
13
12
21
23
31
33
30
38
42
47
51
47
53
52
52
51
45
47
42
38
39
32
36
35
29
31
25
25
27
23
22
17
13
16
12
9
4
-1
-1
-8
-9
-11
-15
-14
-21
-24
-22
-26
-23
-26
-29
-25
-26
-23
-20
-20
-16
-13
-8
