-97
-19
-194
-254
-74
-90
80
169
162
-287
-350
-163
-269
-90
-9
-123
-189
76
-22
186
168
-3
-266
-246
-97
-191
-81
-97
157
-74
119
-6
90
58
-152
68
5
54
-207
-19
286
22
-132
-98
-70
23
-262
-93
-66
37
17
0
145
-191
-280
-265
-81
-128
153
159
-115
185
-26
-109
-31
-55
-137
-212
43
-114
-93
129
94
-87
1
-46
35
179
113
19
0
158
-220
-242
36
-96
-179
-132
-91
-48
64
166
-159
-108
31
16
6
-100
-37
-70
-95
40
276
249
-138
42
136
46
138
-26
204
-138
-189
-84
13
122
-46
156
63
57
144
184
251
2
-126
-109
-118
-253
-186
42
-112
89
153
6
167
-67
-101
-108
-11
-195
-140
325
48
201
195
216
126
72
88
36
-8
-201
-50
154
146
-191
-166
-82
-106
-52
226
41
3
1
-71
155
306
136
-257
-199
-21
-45
3
-44
-62
25
-165
69
170
167
80
-42
41
149
235
48
202
234
9
43
289
94
-60
-115
-85
-184
-5
-48
-97
15
-153
-222
-75
146
-20
-30
200
1
-122
207
-68
105
-33
-194
-305
110
145
-175
40
-25
-17
-29
-108
-57
105
108
-106
68
252
81
23
-61
40
-45
-1
-14
-66
-9
-101
-268
-187
-44
159
-77
-110
42
66
8
-61
4
-84
-58
11
-23
104
287
-52
-49
1
67
45
46
-33
-73
3
53
-9
20
196
115
37
192
117
138
-1
-115
-194
-257
-40
-70
68
-40
62
-33
-59
92
-66
-187
-338
-149
86
88
51
38
90
46
31
42
-90
86
-73
-72
0
-88
-65
5
131
-63
53
44
-19
31
58
78
-137
-69
23
-44
-60
-94
68
-59
-47
22
32
107
-30
-98
-118
-126
-14
72
-32
-5
82
158
126
87
55
57
-89
-36
77
43
-14
-58
45
28
86
-117
13
159
-1
52
78
64
18
25
-125
-144
-74
-74
-88
10
38
51
138
7
-94
85
-10
1
35
66
198
76
85
178
206
170
21
67
138
18
-4
-98
34
45
-70
-101
45
19
-75
65
141
56
-19
7
-107
-102
-107
-158
-126
-114
-72
78
28
83
45
16
71
2
-23
14
11
-21
10
123
101
169
211
146
167
117
-8
70
64
-86
-175
-67
-59
-58
67
-3
-10
32
97
-45
36
-35
-112
-121
-161
-50
-19
-46
-101
7
98
7
48
38
62
16
-85
-22
27
75
-28
65
132
167
111
26
92
42
-66
-10
-98
-130
-49
-83
-103
-78
93
34
17
-16
45
56
-76
-192
-147
-31
-213
-209
-132
57
56
55
10
33
156
1
-51
25
6
-95
-50
-4
45
92
33
-45
-1
16
-68
-94
-221
-168
-171
-235
-164
-107
-34
-152
-75
-43
37
38
-62
-26
-126
-82
-42
-44
-6
-39
-13
-13
54
77
55
76
-53
-65
57
80
17
25
52
121
157
-27
57
124
-7
-105
-143
-38
-162
-215
-184
-195
-84
-89
-85
81
145
42
67
99
129
63
-40
-6
2
-47
-113
-64
-38
-109
-112
-100
-91
-29
-44
-89
-25
-35
-2
35
8
69
119
113
64
131
113
37
7
-110
-96
-71
-130
-133
-65
-20
-23
44
66
62
97
12
-33
-28
-9
-12
5
9
-75
41
112
48
67
51
-11
-41
-55
-111
-112
-110
-109
-50
50
48
3
15
0
-6
-55
-140
-151
-163
-173
-130
-92
31
57
-6
48
54
91
94
15
-8
65
145
126
152
257
269
234
229
209
186
107
-59
-203
-242
-228
-145
-54
34
74
194
296
202
170
167
175
124
75
71
101
191
140
163
246
256
239
201
142
1
-116
-136
-74
-31
-33
-5
49
53
-35
-121
-123
-48
37
-41
-157
-172
-164
-175
-205
-309
-424
-444
-440
-432
-284
-271
-287
-229
-235
-130
-52
-41
-228
-384
-423
-394
-283
-271
-266
-190
-137
-184
-165
-108
-67
-99
-249
-438
-553
-537
-496
-352
-363
-627
-843
-1093
-1276
-1372
-1560
-1743
-1860
-1651
-812
237
977
1311
1547
2201
2845
2921
2378
1463
749
180
-204
-200
-63
97
269
758
1583
2326
2581
2390
2008
1617
1310
925
618
266
-114
-250
-48
478
931
1072
909
567
353
103
-421
-1059
-1454
-1479
-1306
-1111
-778
-120
551
890
981
1029
1048
897
536
243
-4
-197
-281
-293
-131
81
214
292
357
619
912
928
652
299
147
113
-52
-292
-300
-262
-409
-649
-732
-642
-628
-929
-1380
-1683
-1820
-1988
-2295
-2473
-2409
-1991
-1609
-1590
-1709
-1967
-2331
-2938
-3430
-3754
-4207
-4964
-5254
-3536
-947
1269
1916
2155
3901
5680
6324
4647
2230
362
-1543
-2646
-3244
-2943
-2278
-1803
-185
2273
5044
6413
6276
5766
4625
3217
1362
52
-706
-1139
-1218
-771
905
2833
4212
4446
4032
3324
2109
302
-2131
-4357
-5970
-6920
-7073
-6066
-3779
-1169
822
2317
3626
4852
5165
4263
2733
1146
-184
-1664
-2496
-2315
-1325
-275
354
1436
2960
4234
3980
2439
693
-538
-1570
-2858
-3854
-4137
-3212
-1853
-213
1678
3372
4441
4290
3524
2664
1718
477
-1195
-2357
-2485
-1950
-1152
-351
673
1685
2134
1740
977
31
-1265
-2852
-4386
-5194
-5273
-4774
-4008
-3033
-1637
-449
0
-259
-961
-1679
-2570
-3809
-5053
-6035
-6702
-6255
-3436
670
4292
5754
6004
7779
9477
9319
6366
2441
-458
-2976
-4279
-4515
-3508
-2133
-1456
108
2853
5749
6823
5905
4696
2725
417
-1862
-2944
-2503
-1975
-1567
-528
2445
5525
6922
6255
4333
2030
-888
-4108
-7301
-9584
-10911
-11612
-10836
-8110
-3885
9
2476
4158
5413
6574
6620
5135
3300
1607
13
-1395
-1711
-599
1110
2233
2316
2651
3791
4504
3301
582
-1824
-3419
-4650
-6021
-6759
-5694
-3509
-1083
1443
4304
7069
8067
7225
5656
4099
2660
748
-1079
-1734
-1133
-227
554
1617
2835
3532
2862
984
-875
-2488
-4285
-6176
-7491
-7365
-6206
-4697
-3092
-1271
450
1048
455
-953
-2303
-3494
-5545
-7942
-9771
-8097
-2300
3558
7578
8520
10006
12990
13629
10987
5185
-240
-5276
-9786
-10882
-8639
-4572
-1977
-285
3676
8735
11945
10706
7898
5250
1277
-3223
-6483
-5662
-3101
-1813
-1296
1920
7779
11635
10781
6819
3126
-1230
-7114
-13002
-16291
-16604
-16306
-15480
-11496
-3705
4455
9097
10527
11045
11141
9731
6043
1916
-1104
-3022
-4579
-4705
-1855
2304
5418
5721
4616
4062
3107
146
-5339
-10339
-12523
-12674
-11299
-8168
-2479
4231
9159
12083
14142
15711
14605
9804
3717
-1025
-3762
-5414
-6092
-5174
-2466
779
3073
4447
5215
4528
1694
-2537
-6201
-7956
-8256
-8062
-7108
-4611
-1051
2283
4285
5197
5013
3257
77
-3936
-7302
-9256
-10273
-10833
-10457
-9078
-7510
-5964
-1748
5040
10447
12018
9406
8549
9854
8729
4288
-1585
-4813
-6975
-8566
-7105
-2917
1775
2862
2417
4410
7529
7865
3815
715
-720
-2544
-4709
-4725
2
4969
6223
5563
7640
10959
9867
3560
-3171
-7258
-11073
-15315
-17328
-14947
-10397
-7380
-4665
898
8044
12197
11403
9018
7363
5630
2834
-2
-221
1462
2715
2915
4337
7383
8841
6677
1356
-3718
-7025
-9758
-12557
-14450
-12777
-8334
-3196
2608
8950
15304
18458
17282
14278
11446
8108
2180
-4317
-8058
-8515
-7606
-6288
-3787
-227
2727
3266
2128
1102
58
-2233
-5509
-7593
-7037
-4864
-2836
-1192
1295
3934
4852
3712
1565
-593
-3194
-6390
-9033
-9995
-9278
-8086
-6988
-5564
-3712
-2654
-3311
-5451
-7317
-4218
1512
6270
8255
7528
10533
14170
14220
10133
3830
-1301
-7577
-12188
-12106
-8505
-4737
-4460
-2027
4206
9909
10969
7778
6413
4133
-699
-5258
-5000
315
4009
4002
4833
9570
12736
9456
1980
-4370
-9558
-16002
-21303
-21540
-16419
-10658
-6956
-1665
7036
15088
17887
15880
12803
9397
5182
488
-2009
-1264
136
507
797
3672
6798
6514
2025
-4684
-9494
-12377
-14223
-14661
-12664
-7263
-797
5789
12554
18414
21478
19639
14633
9530
5107
217
-5312
-8813
-8974
-7334
-5473
-3283
-489
1547
1404
-423
-1870
-2345
-3256
-4720
-5023
-3035
77
2576
4560
6033
6876
5724
2480
-657
-3043
-5151
-7784
-9025
-8266
-6694
-4966
-4286
-3301
-2296
-2688
-3985
-5650
-6758
-8660
-7755
-718
7683
13936
14163
12579
13872
13248
7982
-822
-8014
-13185
-17333
-16436
-9824
-812
4398
5745
8796
12567
12794
7373
1639
-1099
-4949
-8939
-8202
-588
8388
11619
10250
10514
11616
7707
-1651
-11366
-17155
-21697
-24868
-22529
-13946
-3639
2494
5669
10017
14639
15294
10945
5468
1000
-2620
-4460
-2942
2270
7414
9576
8654
7387
6856
3619
-3008
-11265
-17375
-18801
-16536
-11297
-4235
3613
10364
14587
17301
18473
16976
11831
4607
-1353
-4590
-5385
-5330
-4045
-1483
252
269
-640
-858
-1454
-3683
-6389
-7279
-5369
-2792
-679
1547
4057
5686
5278
3892
2350
530
-1881
-4349
-5044
-4459
-4061
-3953
-3588
-2242
-1489
-2168
-3803
-4765
-4531
-5544
-6303
-6441
-5919
-5393
-3847
3501
11523
15890
13561
8323
7850
6120
845
-5939
-10335
-11614
-12967
-9834
-2037
6365
9067
6327
6264
7517
5890
60
-3726
-2806
-3193
-4459
-1685
6802
14134
13719
8653
5875
4472
-1369
-9673
-15106
-16136
-16671
-16888
-11781
-2626
4504
5633
4216
5516
7279
6161
3400
2188
2535
2357
3202
6538
11107
12595
9449
4409
-187
-3388
-7331
-11186
-13846
-14748
-11880
-6399
730
7177
10673
11547
10656
9545
8214
5940
2889
-79
-1441
-761
764
1936
2096
623
-2190
-5214
-7145
-7389
-6752
-6030
-4798
-2135
1282
3777
4815
4783
3925
2504
738
-820
-1289
-1482
-1986
-2260
-1667
-794
-816
-1655
-2802
-3778
-4955
-6762
-7655
-7198
-6223
-4992
-4992
-4382
-4900
-2665
5795
12202
15202
10994
5950
6048
3812
-567
-7004
-10508
-11956
-13297
-8200
1096
9890
10768
7369
6866
7372
5591
-618
-3378
-2579
-4129
-5603
-1868
7845
14213
11753
5896
3864
2897
-2605
-9704
-13221
-12304
-12706
-12830
-7260
1310
6688
4971
1953
2901
5108
5308
3327
3257
4699
4727
4557
6192
9063
8544
3651
-2408
-5640
-5703
-6535
-7567
-8219
-7204
-4340
-1271
2962
6167
7066
6204
4634
4815
6300
6970
6037
4204
3147
2961
2229
951
-1220
-4109
-6356
-7546
-7064
-5339
-3444
-1907
-635
922
2352
3193
2943
1597
16
-756
-440
253
718
714
8
-944
-1494
-2409
-3723
-4918
-6429
-7163
-6422
-5902
-5279
-5036
-5248
-5530
-5526
-4852
-4683
-5866
-6112
352
9272
15105
14032
8553
7294
5342
-157
-6091
-9807
-10209
-11692
-9407
-944
8861
12827
8923
6277
5472
3337
-2260
-5647
-2643
-1174
-1820
592
9044
17265
16003
8344
2779
847
-3831
-10735
-14102
-12453
-10570
-10702
-7266
-155
5241
4604
17
-1515
-180
1464
2643
4273
7019
7806
7083
7512
8725
8002
3140
-3353
-7288
-7149
-5786
-5077
-4993
-4983
-3889
-2364
257
2858
3753
3582
2961
3948
6086
7477
7040
4973
3126
1459
-10
-972
-1921
-3071
-4712
-5866
-5310
-3311
-1285
-727
-906
-564
319
1152
1476
1578
1720
1619
962
610
982
1056
-322
-2366
-3452
-3721
-3888
-4948
-5904
-5481
-4580
-4668
-5185
-4905
-4273
-4143
-4507
-4923
-4024
-4788
-4947
2438
10927
15979
13494
7384
6845
4753
-523
-7120
-11185
-10500
-11163
-7058
1920
9860
11660
7237
5369
3585
251
-4436
-5741
-1555
-569
-812
3259
11128
15889
12278
5514
1482
-929
-5146
-8875
-10426
-10123
-10039
-9616
-5334
-840
1238
861
-548
-422
548
3784
7802
9578
9429
8449
8237
7779
5995
3963
1765
-1743
-5487
-6083
-3598
-2177
-4432
-7198
-5926
-2241
652
1986
3241
4956
5304
5330
6485
7614
6234
2286
-447
-354
-27
-525
-1530
-2240
-3111
-4982
-5844
-4882
-2835
-1383
-738
577
2355
3806
3838
2988
1440
-721
-2263
-2968
-2734
-2380
-2691
-2492
-1539
-1000
-1791
-3527
-5034
-5636
-6008
-5699
-4907
-4295
-3329
-2813
-2413
-1412
-1932
-3366
-5980
-4858
3485
11009
14175
10307
4994
3538
1289
-1429
-3974
-5191
-5680
-5603
-339
7162
11654
8607
2317
-1613
-4839
-7275
-7923
-3725
1556
2199
2146
6494
12528
13712
8555
1983
-1364
-3826
-5875
-5153
-3020
-2692
-5427
-6203
-2695
-214
-1301
-3658
-3943
-2346
-457
3107
7887
10296
8300
4577
3747
4869
4217
2247
744
-509
-2018
-2883
-1977
-1141
-2967
-5721
-5568
-2272
871
2154
2769
3604
3686
2618
2403
3115
3215
2413
1847
2688
3616
3212
1737
-599
-3631
-6322
-7029
-4917
-2046
-327
778
1950
2852
2439
1189
-318
-1960
-3335
-3904
-2242
154
1244
1134
760
448
-838
-2633
-3733
-4314
-5152
-5579
-4933
-3310
-2015
-2373
-2729
-3258
-4059
-5565
-6853
-7402
-9232
-4159
4907
11652
12526
6305
3854
3120
1156
-1411
-3712
-2307
-2348
-645
5325
9557
7771
395
-4143
-5674
-7315
-9024
-5838
2187
6184
4305
3482
7647
9637
6184
1277
42
834
-1009
-1264
718
1903
-1534
-7194
-8073
-6508
-5825
-6278
-4679
-1502
179
1955
5498
9072
7984
3624
499
1027
2740
3238
4416
4509
2592
-262
-1631
-798
-1900
-4474
-5309
-3542
-712
1094
2200
3007
2425
564
-43
1041
2346
3279
4202
5775
6034
4955
3588
1571
-1181
-4709
-6072
-4204
-1169
618
889
1281
923
-447
-2113
-2613
-1817
-1747
-1836
-699
1269
2269
1494
-280
-1630
-2595
-3295
-2912
-1806
-889
-915
-2002
-2848
-3395
-3839
-5210
-6071
-6372
-6068
-5223
-4775
-5270
-6680
-1949
5694
10451
9656
4153
3911
5023
2899
254
-1923
-1258
-2056
-990
4116
6542
2746
-4030
-5428
-3718
-4267
-6213
-2953
4118
5740
2655
2233
7082
8943
5522
2687
3860
5624
2958
1223
1647
715
-4027
-9419
-8671
-5604
-4260
-4301
-3199
-1168
-1025
-152
2694
5672
5077
2295
1948
3992
6304
6673
7105
6324
3610
1488
468
995
-885
-4356
-5914
-5424
-3506
-2834
-2696
-2363
-1919
-1051
1242
4300
6134
7166
7177
6914
5676
4094
2863
438
-1849
-3966
-3862
-1646
-97
467
-20
-789
-2169
-3310
-3558
-2814
-2057
-2357
-1988
-754
1044
1953
1460
767
-523
-1931
-2630
-1945
-1139
-2044
-3949
-5184
-4709
-3452
-2889
-3281
-3555
-3615
-3275
-2491
-2374
-3919
-6880
-11029
-7178
3237
11196
12407
5755
1889
1987
2399
2720
1799
738
-2352
-3548
937
5581
3469
-4632
-8272
-6610
-3547
-2403
597
6855
8660
4981
1417
3209
5875
5184
3890
4259
6247
5010
2916
1479
-911
-4592
-8764
-8288
-5232
-2999
-2101
-2279
-2064
-2895
-2506
-433
1781
3260
3809
5146
6679
8153
8570
8354
6653
2694
176
-716
-597
-1935
-4803
-6320
-7125
-6488
-5365
-3787
-2132
-1927
-889
1378
4099
5297
4942
4720
4770
5116
4747
3948
2430
98
-1579
-2353
-2018
-1757
-2471
-3245
-3686
-3639
-3362
-3051
-2669
-1932
-1383
-246
1475
2438
2412
730
-1274
-2515
-3117
-2849
-2567
-2414
-2419
-2363
-2565
-1970
-1762
-2343
-3052
-4006
-4293
-3863
-3621
-3634
-4257
-5553
-6998
-8278
-1822
8586
14167
11738
3642
846
1745
1583
513
-656
-324
-1943
-1376
3752
7119
3583
-4818
-6673
-3347
-332
-18
2028
6901
6790
2489
-263
2116
4800
4583
4520
5794
7339
5176
2859
1225
-1407
-4251
-6543
-5371
-4050
-3918
-3455
-3161
-3005
-3604
-2015
1520
4705
6493
6877
6961
5600
4238
3834
4057
3272
730
-442
-131
200
-1252
-4153
-5704
-5829
-4592
-2547
-595
221
-626
-1734
-1500
619
2613
3994
4544
5037
5493
4123
2069
-70
-1924
-3386
-4000
-2445
353
1785
884
-562
-1046
-1025
-1331
-1673
-1047
-339
-122
-103
-120
-820
-2824
-4723
-5107
-4316
-3341
-2166
-906
-168
-1491
-3419
-3680
-3172
-2326
-2633
-2070
-853
-359
-896
-2471
-2912
-4916
-6490
-8480
-4081
6768
12173
10870
2323
-1416
396
960
1691
470
622
-1137
-1539
3639
6951
4229
-4804
-6385
-1211
2844
2989
1558
4406
3690
-216
-1913
709
4342
3702
3717
4745
5790
3098
-594
-1844
-3694
-4441
-4674
-2149
-571
-2406
-3251
-3579
-2237
-1860
-781
2191
3636
4454
3999
3526
1940
-301
-221
1511
3992
4084
3786
3657
2661
868
-2592
-3913
-3678
-2232
-281
296
1110
761
-71
-624
-229
1112
1684
1609
1147
1048
104
-1966
-3026
-2301
-333
1560
3350
5091
4938
2709
99
-1007
-623
-642
-1142
-669
105
-7
-1128
-2966
-4302
-5659
-6727
-6108
-4460
-2686
-1903
-1647
-1198
-721
-886
-1012
186
1381
2620
2866
1796
558
-1812
-3319
-4784
-5857
-6217
-6410
-6173
-4256
2329
7222
6350
11
-5263
-2806
855
3482
4303
3763
2885
612
2739
6231
5260
-882
-4506
-272
3941
4152
1742
2046
2301
-1303
-3425
-1957
1503
1856
1005
2533
4086
3679
933
-161
-707
-1668
-1523
-378
749
-1164
-3020
-2543
-1479
-1449
-2395
-1319
-349
-765
-1747
-2008
-728
181
1850
4254
5881
5241
3144
1958
1521
1094
-308
-1216
-335
1126
2480
1629
-699
-3876
-6629
-6828
-5589
-3138
-1460
-420
363
532
1090
1532
2725
3893
4612
5826
6364
6082
4150
1529
-50
-582
-534
-681
-849
-1492
-3462
-5776
-6856
-6607
-5928
-5293
-3981
-1499
814
2124
2636
2395
1982
1627
1705
2257
2289
1748
1025
-59
-1073
-2482
-3975
-4290
-4469
-4557
-4527
-5626
-6519
-7769
-7758
-1628
5333
8506
5280
59
661
3120
4708
4346
3274
2426
308
1546
5407
6483
1955
-3232
-1883
742
573
-2044
-2292
-527
-1381
-2023
-46
3018
3644
2519
3010
4498
4394
1976
375
-266
-197
260
256
-41
-2207
-4183
-4663
-4311
-3113
-2258
-842
249
504
1059
1480
1840
1905
2837
4441
5550
5002
3313
2836
2062
912
-1001
-2794
-3056
-3490
-3713
-4298
-5039
-5040
-4489
-2762
-1259
-677
-395
255
1551
2401
2781
2905
3049
3015
2602
1963
1339
922
579
285
127
156
-211
-1451
-2924
-3780
-3600
-3026
-2271
-1328
-290
340
364
986
1816
2309
1920
806
135
-449
-882
-1893
-2670
-2578
-2279
-1718
-1651
-2067
-2947
-3347
-2846
-1922
-1246
-1569
-2467
-2522
-2663
5
6333
10229
7891
-226
-4481
-862
3428
4714
2684
794
-707
-2895
-789
2478
2237
-2492
-5019
-437
4253
4757
2824
2817
3015
995
432
2872
5582
4961
2690
1775
1638
524
-1563
-2775
-3479
-3524
-2256
-975
-1371
-3542
-4922
-4300
-2709
-879
1122
3205
3621
2674
2177
2186
2087
1291
1434
2646
2946
1345
-808
-1323
-1314
-1857
-3031
-3308
-2263
-1858
-1623
-1452
-972
-710
-1029
-570
172
703
857
768
795
307
-235
-242
-112
-100
-357
-321
-433
-954
-1579
-1755
-1219
-535
147
334
299
352
558
1020
1002
291
-651
-1103
-605
341
1106
1006
264
-785
-1204
-791
-369
-756
-1755
-2036
-1517
-891
-917
-1111
-1002
-1097
-476
393
1238
1308
-398
-1813
-2834
-3242
-3342
-3604
-290
4502
5759
1410
-5511
-6469
-2664
1300
3022
2934
2846
1059
574
3231
5529
4301
528
1051
4343
5265
3274
1187
1351
346
-1582
-2012
-988
-209
-1072
-1682
-1458
-525
456
774
103
-1095
-329
1258
1869
1047
67
309
-5
-378
291
1003
709
-968
-1400
-72
648
98
-589
-178
530
310
-545
-528
538
1401
1418
550
322
279
-420
-954
-1057
-9
507
-176
-816
-1674
-2440
-3510
-3503
-1858
-238
773
627
202
-387
-1006
-739
385
2090
2786
2564
2390
2492
3052
3061
2646
1756
894
782
1081
1386
568
-823
-2187
-2677
-2191
-1780
-1618
-2351
-3072
-2716
-1621
-75
883
1386
1479
1267
1600
2089
2528
2084
221
-1039
-1518
-1555
-1816
-3761
-5764
-7234
-6883
-2593
2480
3863
177
-4977
-4345
902
4993
5093
2220
-272
-1799
-1331
2139
4865
3393
-785
-2338
-599
444
-92
-234
1284
1678
430
96
1201
2198
1834
949
487
472
999
1278
-23
-2405
-3391
-2199
-741
-737
-937
-502
-676
-1154
-141
2255
3090
980
-1088
-1065
-107
275
559
1776
2440
925
-1696
-2605
-986
1562
2853
2327
1251
423
-135
-731
-1148
-849
-638
-1289
-1961
-1806
-1287
-1650
-2704
-3092
-2670
-1834
-982
31
1089
1441
1685
2650
3730
3819
2805
2147
2643
3644
4129
3767
2963
1857
1059
950
1230
1401
853
68
-260
-5
237
-75
-760
-1583
-1879
-1352
-455
68
-264
-1225
-1902
-2033
-1500
-609
-442
-943
-1716
-2227
-2218
-2272
-2300
-2403
-2604
-2797
-2651
457
4111
3672
-1906
-7950
-6887
-1650
1652
1385
-1089
-2784
-4512
-3853
638
3926
3166
-182
-273
2221
2964
2290
2372
3624
2883
667
425
1728
2798
2326
850
-754
-2192
-1970
-735
-490
-1465
-2157
-2188
-2714
-3439
-3088
-2294
-2707
-3720
-2825
-277
1286
345
-1020
-829
264
1450
2295
3142
3439
2341
907
537
1388
2332
2092
785
-7
125
588
466
-456
-968
-1470
-1847
-2075
-2328
-2232
-2252
-1923
-891
-236
-414
-1589
-2510
-1889
-225
1639
2984
3548
3112
2119
1725
2416
3916
5105
5244
5022
4573
4344
4334
4207
3590
2066
516
-264
-229
-190
-752
-1661
-2612
-3032
-3111
-3020
-3001
-3048
-2605
-1873
-875
-380
-169
-383
-927
-826
-502
116
151
-798
-1667
-2560
-3186
-3252
-3435
-1614
1524
2042
-1419
-6692
-6737
-1089
2729
2278
-478
-1871
-1814
-1256
2263
5701
4663
-234
-2464
671
3503
3427
2657
3354
3343
1181
431
1767
3434
4106
3505
2562
135
-2015
-2359
-2096
-1169
-208
-151
-2187
-5438
-5964
-3832
-2609
-3114
-3527
-2908
-2385
-2688
-2406
-1090
-192
372
1003
1487
1823
1503
1049
1544
2755
4059
4021
2233
1132
1724
3070
3589
2129
372
-587
-694
-98
116
178
117
-462
-1083
-1583
-1401
-1019
-891
-195
945
1702
1675
1827
2807
3933
4403
4263
4192
4061
3645
3321
3255
3209
2825
1998
1037
28
-929
-1501
-1530
-1144
-1090
-1784
-2407
-2608
-2652
-2858
-3124
-2547
-1964
-2049
-2478
-2651
-1987
-1686
-1871
-1815
-1696
-1494
-1557
-1941
-2037
-2195
-2217
-2213
-2296
-2275
-712
2604
3922
991
-4200
-5335
-699
3075
2571
-518
-2931
-3157
-2162
1948
6226
5154
77
-2940
-100
3523
3571
2730
3024
2789
965
340
2395
4117
3814
2405
1328
303
-722
-703
-558
-735
-851
-1073
-2239
-4602
-5312
-3595
-2263
-2526
-3271
-3223
-3383
-4217
-3831
-1908
-563
-666
-1020
-537
383
713
688
959
1234
1544
1767
1488
1534
2501
3709
3734
2114
486
293
1166
2379
3157
3424
2779
898
-755
-1177
-669
-367
-688
-633
-121
269
276
231
671
1261
1972
2580
2915
3056
2912
2737
2285
1742
1544
1227
533
-413
-894
-643
-481
-927
-1507
-1736
-1794
-1941
-2106
-1886
-1526
-1706
-2177
-2484
-2348
-2364
-2755
-2806
-2312
-1588
-1787
-2781
-3599
-3780
-3151
-2929
-3197
-3623
-3732
-2915
-1106
1646
2649
126
-3647
-3873
479
3955
3114
65
-1609
-1169
-215
2128
4700
4024
354
-2054
-33
2984
3146
1979
1371
1000
111
135
2295
4319
4614
3359
1807
847
585
1086
1163
402
-185
-854
-2302
-3972
-3677
-1676
-1092
-2595
-4055
-3851
-3313
-3403
-2814
-1432
-662
-951
-1089
-151
1052
1747
2073
2387
2837
3186
3190
2670
2146
2428
2934
2537
1313
424
551
841
709
668
1133
1566
1158
384
293
1033
1806
1756
1258
1005
1224
1523
1515
1293
965
726
676
936
1369
1391
1227
1177
1291
1548
1421
938
340
7
274
744
882
293
-906
-1913
-2283
-2209
-2129
-2196
-2370
-2604
-2906
-3084
-2909
-2697
-2496
-1858
-985
-514
-1190
-2566
-2974
-2330
-1298
-758
-1218
-2066
-2966
-3152
-1201
1878
3020
129
-4396
-4825
-590
2947
2207
-916
-2609
-2415
-1330
1549
4760
4631
997
-1100
1375
4751
5208
3953
3429
2740
1143
1087
3070
4483
3443
1118
-433
-1360
-1460
-479
-29
-1104
-2457
-2874
-2982
-3433
-2908
-1104
-314
-1517
-2686
-2339
-1282
-852
-909
-757
-852
-1025
-626
236
1067
1187
689
125
66
1049
2277
2711
2822
3206
3278
2398
1593
1910
2463
2168
1530
1456
1378
573
-327
-362
44
84
-51
39
268
400
548
882
946
655
614
801
992
955
737
684
555
330
200
-54
-464
-1002
-1565
-1693
-1465
-1253
-1297
-1443
-1397
-1322
-1343
-1162
-595
-103
-155
-600
-1123
-1520
-1842
-1845
-1298
-887
-1195
-1984
-2849
-3028
-2526
-2183
-2344
-3104
-3888
-3904
-3751
-3137
-1027
1070
672
-2781
-5089
-2151
2361
3121
474
-1528
-1144
-434
1065
4337
5779
2471
-1517
-233
4386
6056
3978
2405
2372
1340
446
1849
3741
3336
949
-298
-179
-263
27
502
139
-799
-1231
-1231
-2068
-2822
-1584
-185
-1364
-3584
-3760
-1860
-366
-269
-223
-299
-798
-381
1171
2894
3154
1579
-272
-1263
-540
1260
2046
1452
826
835
829
386
850
2402
3251
2793
2132
2153
2335
2002
1806
1970
1642
742
209
637
1214
959
-125
-1189
-1687
-1318
-414
-3
-227
-930
-1516
-1407
-952
-147
622
787
266
-677
-1005
-422
189
208
-396
-826
-711
-469
-439
-436
-344
-465
-943
-1629
-1965
-1865
-1603
-1423
-1345
-1483
-1657
-1911
-1988
-1568
-1403
-1715
-2601
-3708
-3797
-3342
-2318
-256
1261
481
-2732
-3952
-95
4355
4241
671
-1290
-574
597
2420
5262
5905
1730
-1750
772
5469
6363
3668
2310
2446
1145
520
2568
4650
3644
561
-1003
-913
-521
581
1537
735
-1047
-1707
-1433
-1560
-1492
33
819
-1557
-4324
-4420
-2686
-1810
-2518
-2861
-2924
-3404
-2747
-731
1373
1887
600
-483
-207
1534
3536
3744
2499
1816
2123
2390
1959
1737
2395
2326
989
-104
-166
379
478
243
453
514
96
-282
-187
652
1373
1054
141
-604
-605
-79
248
211
-72
-546
-687
-505
-141
190
-86
-925
-1651
-1499
-476
400
330
-284
-647
-560
-97
528
794
373
-686
-1643
-2012
-2057
-1743
-1574
-2017
-2641
-2915
-2588
-2295
-2476
-2328
-1657
-1254
-1324
-1558
-1613
-1545
-1617
-719
1179
1665
-462
-3096
-2457
1340
3394
1494
-1257
-1697
-215
1402
3418
5108
3778
-42
-1195
2074
5346
5065
3113
2774
2901
2284
2577
3966
4109
1914
-348
-634
112
619
1001
422
-1402
-2968
-3231
-2562
-1949
-1229
-516
-1467
-3810
-4722
-3326
-1425
-960
-1736
-2527
-3322
-3526
-2387
-797
-75
-755
-1835
-1883
-751
868
1970
1770
1190
1272
1540
1673
2054
3070
3927
3294
2230
2414
3209
3265
2373
1822
2019
1695
775
215
327
368
-366
-1278
-1625
-1508
-1242
-839
-387
-218
-348
-499
-254
255
712
990
768
433
296
436
470
-37
-810
-1299
-1305
-1065
-767
-759
-994
-1341
-1515
-1472
-1369
-1123
-998
-1071
-1037
-810
-403
-300
-855
-1634
-2079
-1946
-1561
-1429
-1695
-1929
-2083
-2142
-1569
-212
970
86
-2227
-2406
637
3661
3203
682
-303
618
1639
2804
4132
3434
295
-1962
-167
2947
3232
1731
1018
880
219
314
2425
4211
3403
1569
965
1421
1950
2602
2849
1501
-954
-2214
-1852
-1480
-1363
-1190
-1652
-3368
-4902
-4156
-2313
-1922
-3072
-4262
-4510
-4031
-2893
-1293
-482
-1090
-2136
-2070
-556
1614
3109
3105
2261
1895
2654
3599
3949
3977
3491
2362
1260
1142
1773
1918
1207
600
333
-154
-347
451
1608
1738
662
-214
-187
369
901
862
168
-882
-1537
-1325
-788
-405
-353
-657
-969
-749
227
1206
1448
915
166
-354
-320
375
951
858
167
-533
-789
-734
-643
-768
-1168
-1485
-1468
-1372
-1465
-1775
-1963
-2077
-2206
-2081
-1630
-1162
-895
-703
-487
-420
-690
-1048
-805
218
1021
279
-1631
-2380
-900
640
167
-1422
-1935
-1194
-302
856
2376
2322
214
-1085
638
3140
3427
2677
2757
2992
2029
1293
2213
3214
2587
1219
554
343
263
542
764
-190
-1668
-1871
-1222
-1174
-1707
-1904
-1991
-2821
-3494
-2778
-1773
-1828
-2469
-2559
-2239
-2196
-2073
-1404
-815
-771
-820
-556
109
890
1438
1452
1113
1330
2237
2899
2755
2424
2540
2758
2629
2460
2594
2525
1878
1193
1030
1233
1306
1138
861
435
76
-51
178
430
379
152
-161
-294
-42
450
770
509
-84
-290
54
497
378
-191
-615
-688
-576
-463
-410
-584
-922
-1148
-1067
-883
-645
-402
-284
-245
-143
129
171
-149
-361
-288
-226
-576
-1042
-1274
-1352
-1306
-1423
-1609
-1808
-1971
-1915
-1857
-1657
-1182
-506
-283
-1151
-2165
-1858
-35
1281
701
-577
-910
-216
563
1291
1872
1310
-107
-478
1012
2723
2757
1675
1001
926
1027
1636
2623
2888
1957
851
665
979
1319
1528
1107
-92
-1245
-1386
-1004
-1132
-1665
-2060
-2719
-3835
-4210
-3067
-1651
-1480
-2265
-2841
-2927
-2503
-1446
-150
393
-96
-700
-609
181
1303
2211
2345
1720
1256
1736
2578
2897
2642
2355
2147
1682
1218
1249
1595
1555
969
609
671
819
889
841
769
497
251
271
427
559
575
583
343
-114
-324
-115
235
288
21
-419
-853
-1039
-878
-547
-410
-543
-881
-1101
-1028
-752
-504
-601
-777
-634
-258
-37
-74
-36
159
231
78
-19
9
14
-13
-171
-491
-786
-952
-959
-1192
-1548
-1477
-1222
-1286
-1692
-1557
-810
-635
-1345
-1794
-1016
149
229
-469
-723
-415
-250
50
912
1452
886
13
273
1191
1409
1105
1160
1530
1430
1067
1323
1905
1901
1415
952
522
217
267
546
497
-40
-375
-410
-691
-1158
-1444
-1394
-1460
-1797
-1886
-1751
-1731
-1789
-1766
-1612
-1344
-918
-459
-213
-227
-174
142
576
962
1158
1236
1102
1033
1360
1778
1817
1462
1156
1240
1531
1632
1583
1514
1332
1033
744
695
856
1012
1148
1136
872
527
297
265
229
127
189
202
-24
-344
-356
-114
-185
-544
-684
-501
-404
-540
-566
-315
-77
-30
-39
-160
-329
-367
-252
-177
-174
-187
-310
-509
-578
-298
-36
-314
-796
-920
-701
-524
-618
-773
-1002
-1242
-1246
-880
-557
-903
-1618
-2120
-2097
-1544
-919
-739
-1300
-2152
-2303
-1569
-779
-651
-993
-1085
-730
-7
752
1106
794
212
404
1288
1933
1867
1484
1389
1390
1329
1470
1677
1458
883
511
526
657
648
692
603
122
-308
-279
14
75
-208
-537
-918
-1346
-1313
-746
-340
-626
-1275
-1489
-1231
-943
-576
-235
-219
-534
-806
-479
311
828
910
799
799
1023
1207
1450
1684
1655
1417
1152
1162
1427
1551
1468
1262
958
716
592
553
388
162
77
83
-95
-297
-43
515
823
644
279
57
22
192
536
642
228
-425
-638
-424
-307
-475
-622
-609
-652
-723
-724
-589
-586
-776
-838
-668
-308
-35
67
-44
-337
-594
-615
-381
-94
4
-355
-840
-1009
-839
-484
-367
-613
-984
-1304
-1421
-1277
-1142
-1236
-1390
-1479
-1306
-988
-850
-900
-860
-500
-115
-25
-90
37
358
651
868
1018
1014
875
953
1273
1527
1600
1490
1291
1070
956
1068
1247
1277
1221
1226
1164
942
702
613
490
44
-369
-406
-280
-209
-299
-453
-668
-931
-1015
-765
-367
-293
-480
-583
-554
-473
-446
-368
-226
-195
-17
429
892
1079
854
559
472
708
1074
1268
1187
857
636
692
886
1014
994
871
726
633
627
679
644
473
423
537
493
349
297
289
263
108
-105
-380
-727
-943
-927
-768
-734
-837
-939
-1107
-1238
-1191
-1047
-997
-1058
-1053
-917
-782
-737
-756
-865
-1002
-941
-732
-620
-685
-801
-826
-789
-644
-472
-502
-680
-772
-597
-215
25
20
-54
-160
-292
-382
-257
-63
-27
5
162
352
356
201
164
419
786
996
1010
940
859
821
1098
1563
1783
1590
1224
1090
1182
1270
1288
1131
810
479
307
388
522
375
65
-164
-295
-338
-394
-474
-621
-843
-1081
-1246
-1225
-1037
-900
-920
-963
-868
-641
-492
-570
-674
-708
-638
-357
-76
20
-106
-251
-194
9
206
280
352
440
515
655
759
743
698
712
838
1006
998
789
495
290
185
264
558
688
507
257
156
186
152
108
131
77
-86
-172
71
295
88
-365
-738
-834
-795
-737
-757
-918
-1068
-1059
-837
-602
-453
-342
-383
-507
-497
-416
-359
-397
-385
-225
-211
-328
-463
-555
-618
-733
-759
-699
-654
-531
-301
-155
-160
-196
-151
6
104
181
269
172
26
-3
177
403
441
438
449
427
405
483
632
674
596
520
520
507
556
732
815
722
484
371
483
522
455
366
258
172
111
77
41
-79
-187
-248
-386
-510
-554
-511
-520
-655
-742
-689
-547
-479
-444
-397
-339
-276
-260
-235
-119
58
79
-1
-61
-116
-180
-170
10
239
352
260
157
236
380
463
468
436
526
748
971
1108
1067
1038
1080
1033
970
991
1109
1065
807
608
515
319
64
13
176
353
321
81
-113
-152
-96
-63
-167
-343
-505
-567
-554
-532
-511
-654
-884
-1039
-1052
-862
-594
-423
-479
-763
-934
-775
-514
-449
-636
-823
-940
-951
-703
-300
-69
-136
-322
-372
-231
-47
37
-45
-202
-308
-302
-132
64
116
77
10
43
206
420
601
591
446
324
272
267
309
405
474
444
334
280
369
498
589
676
668
490
248
131
184
215
224
213
85
-47
19
222
350
330
226
71
-146
-248
-178
-178
-352
-500
-485
-430
-440
-365
-198
-175
-316
-387
-248
-117
-133
-191
-271
-365
-417
-304
-67
124
195
182
184
147
185
369
518
639
691
669
654
641
687
776
793
773
705
609
577
601
601
499
260
-38
-267
-375
-310
-180
-171
-347
-574
-659
-598
-509
-492
-594
-785
-977
-998
-771
-522
-497
-668
-848
-902
-773
-558
-391
-348
-477
-569
-501
-354
-137
81
178
124
89
240
473
599
591
542
479
326
196
208
276
219
19
-88
-64
-7
60
91
101
82
51
80
142
215
258
175
-9
-167
-160
-1
100
90
67
33
-52
-191
-263
-239
-264
-368
-418
-320
-123
17
111
212
215
106
2
43
172
219
126
12
-16
-67
-189
-250
-240
-271
-415
-549
-536
-484
-465
-425
-328
-243
-241
-241
-200
-88
72
210
301
317
347
415
503
574
635
671
588
477
529
733
855
822
761
765
784
823
923
993
937
763
561
439
421
413
325
95
-173
-294
-306
-336
-432
-544
-677
-847
-937
-849
-663
-564
-591
-628
-625
-570
-427
-243
-141
-165
-200
-172
-130
-57
60
151
103
-43
-98
-33
82
174
236
233
168
157
247
365
421
439
410
309
243
338
517
555
369
164
45
-59
-121
-82
-18
-117
-340
-425
-290
-126
-78
-106
-139
-139
-126
-53
80
139
79
-47
-150
-164
-96
35
97
35
-53
-106
-101
-75
-43
-11
-25
-68
-101
-79
7
114
172
105
-3
-35
-4
12
11
6
-47
-183
-290
-256
-127
-27
-32
-62
-58
-15
115
307
440
501
506
488
509
568
676
757
764
754
758
760
714
639
563
468
362
282
218
162
115
62
-33
-135
-189
-245
-301
-339
-365
-401
-480
-533
-540
-545
-610
-693
-745
-800
-851
-812
-696
-627
-650
-705
-690
-632
-566
-469
-372
-331
-360
-378
-332
-237
-175
-162
-194
-225
-196
-121
-70
-54
-27
-19
-58
-112
-102
-15
23
-12
-17
45
84
42
-7
-5
-20
-89
-129
-91
-27
-19
-59
-121
-188
-218
-187
-142
-127
-115
-103
-99
-104
-39
93
172
139
64
70
160
242
276
301
277
199
134
132
183
191
119
46
45
99
133
119
96
78
43
29
67
139
161
125
96
115
177
242
294
299
269
270
333
424
475
482
471
430
369
372
462
547
525
456
439
428
391
346
320
290
196
74
18
5
-19
-83
-163
-221
-266
-297
-319
-345
-377
-410
-441
-454
-447
-447
-466
-507
-540
-538
-510
-474
-441
-419
-419
-433
-437
-409
-360
-294
-231
-194
-168
-137
-102
-78
-63
-44
-10
13
7
4
26
55
60
51
56
61
27
-25
-29
17
51
29
-19
-53
-66
-70
-64
-35
10
20
-6
-1
47
104
135
131
128
150
187
235
283
327
336
312
302
335
399
443
445
419
392
390
424
467
474
430
366
299
255
271
325
333
246
136
88
103
115
108
101
74
5
-49
-9
94
144
101
44
41
84
139
189
219
210
182
183
238
305
336
329
297
276
291
326
336
289
200
121
85
73
87
98
71
-8
-108
-166
-183
-203
-259
-356
-437
-491
-533
-555
-554
-529
-525
-567
-609
-598
-548
-518
-512
-486
-452
-461
-482
-457
-376
-301
-273
-238
-171
-102
-53
-10
35
43
20
6
28
66
82
80
81
82
78
95
119
115
73
28
3
-23
-46
-60
-63
-77
-117
-129
-100
-63
-38
4
65
91
68
45
65
97
110
128
159
180
193
229
308
375
388
354
314
283
266
264
254
221
170
134
117
117
127
120
80
8
-45
-64
-88
-134
-198
-250
-293
-304
-276
-242
-222
-222
-226
-218
-200
-176
-148
-135
-153
-166
-140
-84
-20
49
111
138
131
125
158
208
235
229
206
176
140
114
116
133
141
128
107
100
86
53
1
-64
-129
-195
-249
-272
-284
-311
-353
-386
-391
-373
-342
-308
-287
-295
-325
-331
-295
-254
-230
-221
-197
-160
-108
-33
53
119
139
142
143
148
156
171
201
206
177
135
123
150
194
220
221
191
120
53
26
20
-10
-79
-133
-158
-155
-129
-87
-47
-37
-43
-28
13
59
85
90
77
59
73
137
219
272
295
310
334
358
381
399
382
310
219
159
146
149
139
122
96
49
8
-2
-5
-38
-106
-197
-287
-360
-388
-378
-366
-375
-390
-397
-383
-337
-265
-194
-169
-188
-199
-185
-152
-106
-57
-26
-5
32
116
219
301
335
328
317
316
327
343
344
309
256
220
210
214
226
219
182
107
27
-24
-59
-95
-144
-204
-273
-339
-373
-352
-303
-279
-282
-304
-329
-332
-303
-258
-238
-248
-263
-255
-209
-134
-44
27
60
75
113
173
232
253
222
174
128
109
137
189
221
206
175
160
173
186
184
154
83
-6
-74
-91
-74
-53
-49
-52
-42
-27
8
59
98
114
95
69
58
65
91
127
158
169
171
195
245
302
340
338
304
262
223
203
204
183
126
63
30
32
44
44
20
-44
-126
-194
-229
-246
-267
-306
-350
-393
-409
-384
-327
-278
-268
-280
-281
-244
-192
-143
-108
-101
-119
-136
-112
-48
18
67
102
119
131
155
187
208
196
154
110
83
79
89
99
93
65
36
26
23
16
1
-42
-110
-182
-226
-227
-220
-224
-244
-266
-272
-253
-208
-161
-146
-172
-198
-195
-180
-159
-134
-122
-127
-129
-91
-16
58
101
123
120
90
66
71
91
83
47
25
26
32
44
65
92
89
64
60
70
70
59
53
52
41
29
47
97
148
174
189
212
233
245
255
254
226
184
160
164
181
192
192
190
176
156
150
158
145
98
39
-16
-57
-89
-114
-129
-148
-171
-192
-194
-183
-186
-212
-246
-273
-300
-322
-329
-321
-310
-301
-278
-237
-188
-144
-105
-74
-55
-41
-18
27
78
120
141
151
171
210
265
318
345
338
314
298
285
261
223
173
127
98
78
80
91
81
52
16
-16
-40
-56
-71
-96
-125
-156
-172
-168
-152
-135
-133
-130
-120
-103
-82
-75
-85
-111
-136
-157
-157
-131
-106
-90
-81
-76
-76
-76
-67
-56
-58
-80
-107
-122
-116
-97
-70
-51
-39
-28
-2
43
82
96
91
83
83
90
104
124
135
125
116
140
186
232
268
284
276
262
262
277
281
257
212
175
148
131
123
123
111
81
38
-3
-34
-60
-90
-125
-161
-204
-236
-254
-258
-251
-255
-270
-290
-291
-269
-244
-223
-208
-203
-209
-209
-190
-147
-108
-79
-49
-17
24
75
127
160
164
145
138
151
182
214
237
249
243
242
253
270
273
249
202
163
143
141
151
149
127
89
55
43
45
46
40
20
-14
-55
-84
-94
-97
-113
-136
-154
-173
-182
-172
-147
-134
-150
-172
-180
-177
-170
-162
-168
-186
-206
-214
-197
-175
-165
-167
-166
-159
-146
-132
-113
-106
-115
-125
-122
-98
-70
-46
-35
-33
-35
-37
-24
5
40
67
82
93
93
92
107
132
161
175
179
194
207
214
214
211
207
195
179
172
172
164
146
130
114
96
69
44
16
-21
-68
-112
-147
-170
-183
-196
-209
-219
-229
-226
-211
-193
-178
-174
-182
-190
-202
-209
-201
-184
-153
-115
-70
-12
49
103
139
154
151
144
136
140
149
159
165
173
190
213
248
277
297
299
277
251
233
214
189
162
136
113
96
83
86
87
71
42
7
-22
-49
-71
-87
-107
-129
-147
-145
-120
-88
-63
-47
-45
-60
-77
-88
-95
-102
-126
-154
-170
-169
-151
-130
-113
-118
-149
-182
-195
-206
-214
-219
-226
-229
-230
-212
-182
-143
-117
-112
-100
-83
-65
-40
-25
-20
-27
-28
-12
18
64
110
150
181
197
209
228
250
258
251
239
231
230
239
262
274
269
240
202
176
154
128
84
19
-48
-102
-134
-151
-163
-184
-213
-238
-253
-252
-240
-227
-217
-218
-219
-206
-177
-136
-105
-89
-79
-69
-54
-33
2
32
53
63
74
92
112
133
151
160
155
147
143
154
172
182
186
182
177
189
209
228
232
219
199
165
124
87
54
30
7
-13
-31
-32
-18
-2
0
-13
-27
-38
-40
-37
-34
-33
-42
-55
-65
-65
-58
-47
-40
-55
-83
-106
-123
-134
-146
-158
-173
-184
-189
-190
-193
-199
-208
-222
-230
-234
-227
-210
-193
-187
-187
-183
-164
-130
-86
-43
-3
34
74
117
155
186
204
221
242
264
289
311
331
346
352
357
355
350
339
318
295
265
238
218
196
167
127
77
24
-32
-80
-123
-169
-214
-250
-278
-291
-295
-292
-287
-287
-279
-275
-277
-273
-265
-250
-242
-237
-231
-215
-199
-171
-141
-113
-76
-40
5
46
73
91
97
106
123
134
142
151
165
185
203
219
234
238
224
207
185
161
137
114
96
74
50
41
37
38
27
15
4
-11
-24
-34
-41
-46
-46
-51
-59
-70
-80
-83
-95
-105
-113
-120
-123
-137
-156
-170
-179
-177
-173
-153
-125
-112
-112
-118
-122
-123
-122
-125
-115
-110
-104
-91
-80
-66
-49
-34
-11
14
42
66
85
99
107
125
146
172
192
212
239
266
282
293
306
305
303
304
297
288
271
245
219
191
168
142
116
97
83
63
36
3
-39
-75
-113
-135
-150
-157
-153
-158
-164
-174
-194
-206
-210
-215
-223
-225
-220
-214
-206
-188
-160
-137
-115
-101
-90
-75
-66
-62
-54
-44
-29
-17
0
23
41
54
55
61
70
82
90
87
84
78
76
72
76
79
84
90
87
91
94
94
99
95
85
69
55
37
21
10
-1
-11
-21
-30
-48
-65
-75
-89
-104
-119
-123
-131
-143
-148
-148
-148
-151
-157
-156
-152
-144
-140
-144
-144
-137
-128
-117
-107
-97
-68
-31
6
38
55
68
87
102
119
140
158
183
205
221
230
243
257
273
283
294
292
269
242
220
218
221
220
211
193
174
158
145
130
107
77
50
28
1
-28
-63
-105
-140
-165
-175
-199
-224
-239
-247
-244
-243
-233
-226
-224
-225
-214
-191
-161
-137
-109
-83
-67
-60
-47
-31
-11
13
27
36
35
41
44
49
50
43
37
30
35
57
81
98
102
94
78
65
67
65
65
59
57
55
55
53
45
42
45
54
60
65
60
51
41
32
19
3
-13
-29
-48
-71
-89
-114
-129
-142
-154
-173
-197
-231
-263
-281
-291
-290
-279
-264
-254
-232
-204
-177
-148
-123
-96
-69
-44
-5
32
69
103
133
153
172
194
213
231
244
257
267
272
271
267
272
278
284
283
278
270
253
217
177
137
101
65
32
1
-38
-73
-100
-116
-125
-135
-143
-147
-151
-147
-143
-132
-116
-104
-92
-80
-72
-70
-76
-80
-78
-72
-71
-79
-84
-76
-62
-45
-28
-17
-11
3
15
23
28
27
24
22
25
25
21
11
3
-3
-3
2
11
12
11
14
18
29
38
48
67
84
101
124
144
152
150
141
129
126
125
121
110
95
78
56
36
12
-6
-22
-41
-66
-92
-113
-129
-138
-143
-151
-159
-176
-195
-204
-210
-215
-218
-219
-219
-220
-211
-199
-185
-163
-138
-106
-77
-45
-5
32
60
79
94
105
111
109
115
134
160
181
192
190
181
178
172
167
163
163
158
148
131
118
111
102
96
79
61
49
43
37
23
12
-2
-16
-35
-52
-68
-82
-87
-80
-71
-61
-51
-45
-42
-48
-58
-69
-81
-90
-89
-80
-82
-96
-106
-108
-120
-135
-145
-145
-134
-120
-112
-113
-112
-107
-105
-103
-93
-72
-53
-34
-19
0
12
25
52
78
100
123
144
164
187
211
224
226
221
216
210
208
205
200
185
167
149
138
133
131
128
109
76
49
21
-5
-30
-58
-90
-116
-131
-146
-157
-169
-180
-182
-180
-183
-192
-196
-196
-192
-190
-187
-181
-166
-153
-146
-140
-124
-108
-88
-67
-47
-29
-16
-6
-6
-10
-8
7
23
41
59
81
98
107
115
119
114
115
127
140
156
161
156
155
157
152
147
141
132
119
104
84
64
44
26
13
1
-15
-34
-49
-59
-65
-71
-68
-66
-67
-65
-63
-61
-65
-69
-73
-75
-83
-88
-90
-105
-123
-139
-149
-153
-161
-173
-181
-182
-166
-145
-127
-109
-90
-66
-46
-27
-3
23
51
80
108
133
157
184
210
232
246
245
237
232
231
226
219
215
207
201
194
182
162
148
135
122
108
95
80
62
47
28
3
-24
-58
-88
-112
-135
-155
-180
-200
-222
-234
-238
-236
-230
-231
-234
-234
-230
-217
-201
-188
-171
-149
-117
-88
-62
-44
-31
-18
-3
11
25
36
59
86
114
130
128
132
144
163
182
195
200
199
192
189
186
177
171
169
169
164
157
147
131
112
94
74
60
47
25
1
-19
-36
-57
-75
-92
-102
-109
-119
-126
-133
-143
-155
-167
-184
-198
-209
-217
-213
-202
-188
-175
-163
-160
-163
-163
-150
-130
-113
-100
-88
-76
-60
-39
-18
9
39
62
85
105
111
111
119
137
158
173
183
186
185
181
169
164
158
153
148
142
143
148
150
143
130
112
91
67
52
31
8
-10
-25
-37
-48
-64
-77
-86
-93
-107
-130
-143
-159
-174
-180
-189
-191
-180
-165
-157
-145
-130
-115
-101
-91
-89
-85
-79
-70
-56
-31
-8
10
30
50
68
84
81
71
66
68
81
99
115
128
144
157
161
162
164
155
136
123
113
104
95
74
50
28
14
9
3
-11
-33
-47
-52
-49
-35
-24
-22
-19
-23
-32
-42
-59
-75
-81
-82
-85
-94
-98
-98
-104
-101
-89
-82
-69
-66
-63
-64
-66
-59
-51
-40
-28
-18
-10
-8
-6
4
16
29
45
64
78
89
99
103
114
127
125
118
117
116
110
100
90
81
69
50
29
12
0
-9
-13
-23
-34
-37
-36
-31
-30
-36
-45
-52
-53
-56
-59
-67
-84
-109
-129
-134
-125
-112
-94
-82
-78
-83
-96
-108
-114
-103
-86
-72
-62
-44
-26
-11
7
26
40
49
58
59
63
77
97
112
126
139
145
149
148
135
113
90
70
53
46
43
42
39
31
22
14
15
13
-3
-19
-30
-36
-36
-30
-14
1
10
14
11
8
4
-11
-30
-46
-59
-61
-61
-61
-52
-40
-25
-13
-4
-5
-15
-30
-37
-35
-30
-23
-11
3
13
20
24
28
31
30
34
42
45
54
58
62
66
69
68
58
48
38
27
26
30
29
26
21
23
23
16
3
-11
-14
-13
-14
-22
-32
-40
-41
-33
-26
-27
-30
-27
-27
-32
-38
-47
-60
-69
-70
-72
-75
-77
-83
-73
-59
-42
-24
-10
-2
-3
-7
-1
11
