135
71
59
113
70
110
147
130
245
218
280
140
142
18
34
71
46
63
134
140
83
42
38
2
29
88
127
135
111
77
144
140
12
-5
-19
46
24
24
-13
12
-86
-165
-173
-67
-37
107
149
140
168
82
36
104
134
101
119
112
141
75
-4
-152
-49
-106
-163
-178
-117
-5
-69
-37
-100
-58
-56
-85
37
23
90
-107
-69
-63
-178
-119
-56
-38
19
-70
-81
-120
-107
-140
-167
-65
-49
32
96
96
-26
-54
-171
-145
-250
-188
-84
-63
-11
-124
-176
-90
-155
-3
15
79
172
39
131
30
-9
-117
-125
-101
-54
-109
-65
-122
-152
-228
-376
-316
-290
-107
-52
81
58
41
-6
-1
-73
-31
-3
65
73
-14
-69
-34
-139
-178
-145
-195
-31
-109
31
12
-32
-118
-286
-122
-172
-192
-45
-41
-31
-52
-144
-130
6
45
-1
112
101
85
174
138
135
44
164
84
119
89
108
82
62
-25
-104
-20
-111
-46
6
160
44
79
155
180
323
229
251
232
284
138
18
82
115
124
107
78
68
67
25
-124
-97
-167
-167
-138
-105
89
-8
47
-13
11
-40
-84
26
-5
86
6
24
-34
50
108
-111
70
-44
132
136
-13
-25
-95
-45
-217
-306
-126
-261
-190
-272
-186
-113
-310
-176
-219
57
-112
-58
41
77
62
13
114
17
93
-40
7
33
-142
-95
-21
-104
-140
-71
80
92
-38
-32
25
32
14
13
83
225
-24
120
59
96
61
53
215
87
207
163
212
339
195
176
88
207
157
181
125
99
64
35
-37
-285
-93
-185
-67
-68
-79
-13
38
88
157
277
350
245
335
315
285
249
120
53
-16
-2
-176
-153
-72
-145
-246
-291
-342
-271
-223
-196
-174
-67
-44
-28
69
91
64
234
158
89
-9
-10
-113
-132
-109
-219
-82
-141
-170
-197
-168
-258
-288
-189
-167
-88
-233
-63
73
23
91
-44
110
216
142
317
139
245
185
64
121
40
119
30
137
183
125
108
103
55
21
4
118
48
281
201
216
297
315
281
450
362
214
457
285
232
108
100
-53
122
15
6
133
160
63
-13
87
-49
-1
-22
83
-25
-37
-147
-110
-127
-140
-145
-153
-18
-128
-169
-293
-264
-440
-275
-334
-229
-155
-165
15
-97
-53
-140
-233
-131
-227
-249
-284
-271
-278
-464
-371
-401
-288
-163
-147
-192
-86
-184
-154
-136
-189
-89
-35
102
100
90
184
74
54
65
-61
-6
-103
77
4
24
-29
-58
196
40
179
209
441
292
387
310
366
349
208
435
439
408
223
295
374
204
96
153
89
116
-37
78
80
-49
26
-73
151
222
232
392
404
250
299
179
117
73
60
112
16
129
-31
-162
-354
-493
-389
-340
-415
-429
-252
-226
-401
-350
-203
-80
-110
3
207
200
204
97
77
-145
-161
-224
-241
-284
-283
-504
-602
-634
-724
-556
-617
-384
-467
-180
-239
-278
-200
-25
147
52
290
481
380
236
210
139
143
-154
73
-88
-15
-74
-122
-13
-237
-161
-144
-3
97
170
177
243
133
288
225
359
393
314
584
534
443
448
464
344
191
167
206
137
152
121
36
34
-149
-153
-77
-307
3
-57
45
116
-76
66
-112
92
66
171
513
255
298
352
129
10
-94
-102
-156
-347
-233
-333
-386
-391
-577
-552
-404
-442
-292
-315
-226
-243
-342
-105
-127
36
11
281
276
189
168
74
-54
-191
-196
-222
-127
-192
-326
-240
-259
-378
-393
-303
-191
-147
-253
-31
72
-134
-31
-59
213
284
349
402
454
526
450
244
357
394
151
199
166
139
42
51
-119
-96
-108
-134
-274
-50
-65
-51
1
128
148
118
235
211
389
460
615
556
474
447
380
229
144
83
78
22
-28
-160
-110
-79
-153
-166
-146
42
-160
-179
-53
-14
-152
-277
96
-21
81
136
-45
125
-10
-151
-259
-374
-265
-378
-139
-173
-206
-11
-415
-246
-366
-323
-126
-92
-59
-115
-35
-124
-25
-116
-70
-157
-48
-15
38
13
-81
27
-76
33
22
-214
-65
-31
-220
-64
-191
-22
-82
66
126
105
301
181
273
91
118
153
117
221
188
286
503
410
154
206
295
86
13
46
-51
162
-195
-325
-57
7
-117
-278
-24
45
-65
-132
-7
8
-55
-71
51
199
117
58
202
231
163
-26
66
-118
-166
-156
-176
48
-147
56
-89
-124
-236
-70
60
-300
-134
-119
-39
99
199
63
148
137
67
15
-178
-146
35
142
140
66
63
208
-110
-38
-49
125
-128
-215
48
48
-14
144
171
103
417
192
218
164
160
216
150
71
-94
84
179
-45
-192
171
53
-290
-413
-230
-215
-217
-271
-138
-89
-105
-300
27
345
14
295
58
432
98
-69
45
-123
154
119
238
153
186
97
9
-264
-117
-289
-336
-247
-279
75
-164
-181
-181
-34
-104
-237
-225
-129
-43
122
137
248
173
54
209
37
150
65
108
-6
-254
52
-197
17
30
54
-49
-264
-33
-295
-119
-296
-238
64
-33
74
18
-5
161
22
-3
133
-134
-76
10
-176
-18
97
224
130
-16
54
236
246
23
-23
128
49
153
91
165
337
331
406
257
293
46
-46
-67
-272
-20
99
-90
-253
57
303
-4
-197
-108
-212
-263
-401
-314
81
262
-38
218
772
236
168
156
240
235
122
21
176
252
-36
-81
277
204
206
-69
-221
-181
-346
-106
-212
-195
-46
125
155
219
172
194
365
125
115
-139
142
146
326
423
392
354
14
271
-120
2
99
22
-158
-33
179
-21
121
15
91
88
12
-127
0
-1
-160
-257
104
90
29
31
33
-117
-177
-85
-347
-373
-510
-322
-280
-221
-229
-161
-133
-353
-457
-249
-229
-549
-573
-364
-355
-340
-345
-317
-102
-260
-232
-305
-302
-501
-819
-589
-701
-496
-453
-378
-363
-329
-196
-631
-378
-683
-559
-430
-393
-201
-316
-44
-127
85
21
-68
-53
-99
-154
-213
-129
-1
62
-22
3
-84
102
-29
-157
-182
16
-158
-28
-42
63
68
-164
111
158
273
26
162
303
466
489
471
481
747
455
440
563
551
656
558
520
489
597
645
609
582
691
670
594
617
615
501
662
773
774
835
841
957
925
1019
887
909
1014
590
915
904
781
845
923
1093
972
870
878
760
995
972
730
756
563
678
532
600
580
668
684
478
268
189
359
43
238
304
298
266
194
192
158
63
-40
-70
-104
-142
-21
41
-128
-141
-235
-481
-441
-495
-465
-415
-476
-655
-630
-690
-761
-697
-806
-805
-997
-873
-794
-799
-980
-1025
-980
-993
-831
-847
-676
-746
-859
-904
-929
-956
-952
-882
-856
-714
-772
-821
-729
-992
-1015
-845
-936
-825
-840
-704
-667
-781
-727
-709
-734
-782
-819
-755
-795
-581
-618
-593
-473
-664
-582
-555
-532
-354
-424
-502
-386
-429
-452
-653
-552
-317
-209
-61
-310
-276
-222
-219
-225
-202
-192
-40
-77
-51
-36
-42
-42
-155
-134
-55
20
-127
-34
58
88
-46
-57
-17
130
193
99
180
146
217
210
-36
-4
315
248
259
301
426
394
235
127
129
225
53
-15
146
120
-21
-59
6
65
28
-22
-77
-32
3
-32
-104
-185
-241
-260
-218
-107
60
99
14
-178
-81
-30
-31
-131
-276
-356
-207
-2
-210
-279
-276
-220
-246
-300
-312
-247
-79
-284
-268
-123
-165
-171
-177
-177
-259
-97
71
-82
-149
-144
-57
167
233
350
253
129
115
222
327
199
184
321
463
364
302
452
564
436
294
441
389
418
427
429
544
475
358
316
399
411
242
344
392
370
416
286
454
547
737
684
563
664
649
605
504
454
365
468
548
463
397
513
443
362
237
194
222
160
103
34
175
108
77
154
269
215
117
177
179
133
44
92
83
86
12
21
84
55
92
-23
4
-27
-149
-60
-34
-95
-79
-79
-189
-169
-125
-170
-243
-196
-206
-203
-155
-224
-265
-350
-359
-277
-168
-158
-274
-308
-277
-278
-305
-333
-316
-260
-269
-322
-366
-348
-268
-340
-362
-359
-358
-370
-349
-376
-474
-474
-498
-536
-592
-527
-527
-484
-378
-388
-450
-530
-611
-606
-554
-488
-581
-602
-537
-626
-517
-552
-570
-559
-511
-498
-596
-599
-562
-536
-528
-590
-606
-513
-490
-460
-445
-443
-616
-673
-629
-644
-744
-760
-658
-599
-531
-671
-639
-572
-565
-546
-624
-622
-562
-505
-483
-492
-494
-406
-264
-228
-282
-294
-219
-165
-250
-337
-329
-339
-289
-292
-217
-174
-198
-189
-145
-124
-217
-224
-185
-158
-167
-182
-169
-29
15
26
43
57
107
112
122
121
30
72
136
145
196
176
283
343
316
273
227
233
212
164
150
125
201
182
135
176
130
160
174
154
103
67
89
78
116
139
159
181
138
176
227
247
254
250
253
151
43
45
90
52
-25
-32
22
49
-7
-28
-65
-54
-103
-189
-221
-207
-196
-173
-139
-104
-74
-27
-16
-35
8
-47
-57
-87
-128
-139
-216
-151
-54
-1
43
95
119
184
282
270
225
171
151
181
146
105
149
246
228
130
185
163
192
170
143
185
206
266
315
439
514
586
603
677
729
665
639
610
636
650
564
560
535
616
687
679
760
672
698
649
587
540
372
311
176
134
107
178
391
494
592
651
639
704
732
745
683
614
556
540
622
515
547
475
366
266
192
196
96
106
71
104
224
310
409
459
542
601
683
683
484
281
91
110
93
-18
-59
66
347
562
744
893
1052
1082
1049
1060
999
889
818
796
785
775
736
703
760
771
600
443
386
431
429
337
253
295
411
475
398
402
457
464
433
293
196
123
123
177
228
297
372
576
815
858
726
557
420
225
-125
-422
-593
-623
-613
-685
-670
-533
-401
-360
-376
-451
-571
-804
-1073
-1233
-1384
-1476
-1546
-1479
-1293
-1152
-737
-92
711
1371
1612
2035
2335
2677
2462
1591
894
30
-401
-858
-1027
-844
-814
-235
463
1427
2164
2221
2318
2253
2179
1700
935
369
-119
-313
-521
-538
-501
-617
-873
-1202
-1319
-1680
-2146
-2754
-3182
-3146
-3076
-2736
-2564
-2200
-1621
-1150
-619
-476
-352
-373
-564
-664
-772
-668
-605
-435
-13
468
866
961
856
750
655
284
-360
-1083
-1751
-2154
-2373
-2330
-2191
-2137
-2023
-1869
-1489
-1208
-1220
-1450
-1762
-1847
-1778
-1639
-1561
-1521
-1484
-1398
-1199
-985
-981
-1263
-1766
-2023
-2183
-2273
-2421
-2571
-2660
-2622
-2605
-2631
-2783
-3116
-3430
-3768
-3026
-2325
-883
229
1111
2612
3399
4618
4510
3791
2881
1172
547
-611
-1167
-1238
-1560
-396
420
2204
3452
4037
4785
4565
4491
3571
2544
1646
656
171
-465
-340
-156
477
877
1052
1311
685
270
-1053
-2193
-3272
-4512
-4939
-5286
-4641
-3550
-2215
-298
1144
2463
3088
3240
3404
3080
2390
1215
320
33
178
414
449
659
980
1639
1874
1583
855
-387
-1242
-2044
-2368
-2503
-2507
-1990
-1290
-82
1104
1969
2258
2050
1734
1420
1069
484
11
-142
44
428
1049
1802
2189
2152
1805
1397
1037
298
-658
-1568
-2119
-2205
-2254
-2112
-1880
-1552
-1156
-937
-823
-877
-1147
-1318
-1883
-2334
-3246
-3111
-1483
542
3245
4414
5938
7443
8566
9127
7248
5125
2116
-649
-1825
-2905
-2345
-2290
-1491
699
3012
5703
6358
6676
6430
5393
4277
2352
1013
-245
-953
-844
310
2299
3646
4373
4053
3573
2222
-182
-3091
-6264
-8325
-9647
-9868
-8666
-6797
-3813
-993
1710
4162
5431
5878
4572
2840
1424
201
-144
-274
367
1463
2548
3469
3824
3451
2105
99
-2242
-4215
-5555
-6113
-5761
-4657
-2722
-121
2499
4655
5798
5957
5193
3441
1279
-1148
-3018
-4215
-4642
-3994
-2856
-1136
423
1664
2387
2256
1415
-78
-1609
-2817
-3406
-3296
-2725
-1956
-1156
-215
680
1289
1246
409
-1112
-2783
-4125
-4901
-5375
-5479
-5327
-4619
-3950
-2711
588
4520
8140
8881
8278
8622
8848
8352
5092
1368
-1462
-3961
-4264
-3650
-1525
55
413
2486
5333
7955
7522
5069
3444
1862
230
-1602
-1967
-682
285
931
2514
5472
7430
6353
2869
-566
-3612
-7534
-11782
-14809
-15333
-13924
-11801
-8196
-3491
1174
4243
5264
6121
6197
4783
2104
-667
-1619
-1587
-1300
-533
924
2706
3324
2247
421
-1787
-4603
-7762
-10322
-11085
-10056
-8008
-5149
-1631
2412
5983
7874
8326
7496
5579
2850
-317
-2704
-4228
-4872
-4177
-2386
37
1970
2844
3168
2974
2084
366
-1792
-3353
-4053
-3711
-2495
-845
1056
2642
3498
3738
3413
2392
760
-1273
-3059
-4259
-5196
-5461
-5435
-4907
-4212
-3773
-3491
-3783
-5228
-5054
-1810
2412
6217
5995
6031
8094
9224
8304
2929
-1651
-5172
-8371
-7931
-6533
-3074
-1544
-1207
2801
6512
8796
6593
3228
2552
422
-1814
-2981
-1510
1580
2476
3230
5916
8924
8586
3766
-2136
-6205
-9745
-13479
-15769
-15299
-11870
-7845
-3957
1517
6605
9614
9559
7764
7152
5467
3004
404
-1136
344
1522
2404
3526
4381
4541
2105
-1125
-3603
-5899
-7881
-9287
-8572
-5009
-945
2298
5058
7121
8418
7989
6197
4299
1674
-1012
-2845
-3397
-2110
-1241
-768
139
923
1862
1166
-356
-1611
-2732
-2993
-3422
-3340
-2263
-1000
230
1305
2139
2571
1771
153
-1296
-2471
-2865
-3894
-4642
-4694
-4633
-4038
-3978
-3940
-3778
-4358
-4323
-5208
-5289
-604
4609
10026
11055
9413
10936
10694
9076
3301
-3210
-6478
-10788
-10386
-7237
-2527
1600
992
3955
7727
9200
6820
1230
-288
-1862
-4058
-3735
-564
4961
7487
7342
8627
10608
9194
2803
-5210
-10186
-12873
-15340
-15713
-13052
-8002
-3027
201
4446
8608
9889
7957
3713
1712
895
-367
-324
637
4196
7217
7978
8376
7600
5262
263
-5685
-9349
-10821
-11038
-9811
-6985
-2213
3188
7078
10125
11349
10561
8418
5181
2710
462
-1534
-2182
-2157
-1000
319
740
1003
384
-891
-2447
-4057
-4355
-3983
-3039
-1358
161
1772
2979
3553
3823
3336
2087
590
-840
-1685
-1892
-1564
-1158
-1449
-2249
-3254
-4130
-4760
-5456
-6454
-6967
-7136
-6298
-5853
-1704
5508
11015
14132
10960
9318
9239
6317
2002
-5354
-8652
-10560
-11043
-5656
-491
5122
4837
3189
5885
6503
4917
-624
-3321
-2067
-2913
-1752
2186
8325
11977
9704
7463
7223
5463
-705
-9108
-14390
-15928
-16295
-15115
-10771
-5121
-517
1523
3030
6014
6929
5196
1730
-266
796
1412
2906
4669
6749
9116
8248
6233
3542
-70
-3906
-8720
-11527
-11453
-9615
-6092
-2415
1577
5763
8315
9590
9493
8077
5978
3492
2018
1669
1613
1773
1774
1572
1260
111
-1314
-2331
-3401
-3974
-4169
-3574
-2151
-664
890
1669
1634
1305
648
251
-23
-566
-645
-440
-193
-41
-327
-677
-1733
-3293
-5118
-6422
-6667
-6559
-5986
-5511
-4519
-3897
-3419
-3761
-1580
4102
8363
10597
7871
6338
7309
5805
3187
-2502
-5656
-7870
-9865
-6279
-2021
2543
2351
408
2913
4288
3988
870
-598
1278
324
194
2948
7229
9899
7118
4056
3196
1421
-2994
-9039
-12551
-13510
-14008
-12918
-9200
-4722
-1633
-559
494
3004
4300
4079
3266
3123
4728
5543
6512
7531
7689
7468
4778
1614
-1151
-3691
-5748
-8461
-9439
-8137
-5576
-2240
562
3169
5508
6739
7127
7016
6312
4805
3477
2815
2779
2627
1948
1740
853
-411
-1987
-3608
-4036
-4842
-4962
-4304
-3095
-1203
-43
1210
1633
1290
899
521
527
233
-139
132
631
702
385
-164
-839
-1986
-3892
-5633
-6260
-6317
-6106
-5687
-5134
-4172
-3371
-3035
-3321
-5284
-3290
2439
7841
11270
8514
7161
7236
4839
1598
-4621
-7443
-10318
-12725
-7951
-2487
3556
3746
1630
4098
4615
3888
636
-410
1673
-252
-771
2662
8247
11504
7758
3858
2610
704
-3624
-9423
-11728
-11428
-11800
-10859
-6993
-1833
1209
811
412
1950
3332
3827
4267
5883
8197
8434
8321
8786
8587
7046
2321
-2249
-4620
-5680
-5941
-6973
-7038
-5451
-3238
-270
2240
3925
4936
4778
4878
5903
6546
6574
5674
4720
4400
3381
1956
140
-1731
-2934
-4607
-5474
-5074
-4132
-2654
-1695
-465
911
1773
2078
1520
971
481
92
19
170
524
460
171
-73
-316
-1095
-2655
-4633
-6049
-6345
-6117
-5697
-5391
-5105
-4423
-3942
-3142
-3232
-3673
-5314
-4766
1991
8332
12905
10884
7058
6651
3542
430
-4626
-7848
-8671
-11075
-6699
217
6108
7193
3009
3347
3435
1691
-672
-1856
1244
786
-297
3572
9349
13644
10457
4843
2561
359
-2785
-7177
-9441
-8886
-9452
-9258
-6184
-1759
775
-488
-2390
-1222
1505
3895
5580
7021
9011
8787
7349
6678
5960
4687
692
-3648
-5000
-4720
-4043
-4328
-4814
-3981
-3414
-2041
613
2878
4639
4568
4748
6533
7701
7582
6008
4242
3079
1716
528
-36
-636
-1500
-3133
-4412
-4296
-3822
-3204
-2885
-2192
-882
421
1447
1893
2245
2091
1361
344
-246
-416
-660
-936
-1300
-1214
-1399
-2328
-3559
-4512
-4496
-4886
-5404
-5750
-6018
-4955
-4666
-3589
-2590
-2441
-3425
-3566
2873
9292
12805
9955
4371
3533
1379
-1199
-4979
-7632
-7289
-8584
-4602
2226
6740
6578
1216
-260
-233
-1645
-2697
-2441
1233
2250
1517
4716
8751
11031
7727
2054
-791
-3583
-5673
-7348
-7939
-7345
-8385
-8195
-5846
-2941
-1556
-2241
-2792
-1781
669
3625
6596
8123
8518
7566
6329
5931
4643
3175
1078
-1111
-1960
-2299
-1959
-2320
-3839
-4838
-4776
-2800
177
2162
3672
4603
5425
6371
6343
5776
4678
2866
1424
652
614
855
-111
-1421
-3068
-4838
-5743
-6007
-4766
-3156
-1981
-573
948
2237
2606
1846
638
-566
-1523
-1353
-543
544
1233
1354
1510
1027
-377
-2475
-4379
-5684
-6043
-5976
-5374
-4304
-3562
-2834
-1854
-1841
-2452
-4975
-5937
617
7994
12995
11185
5796
4237
1517
-1154
-4257
-6575
-6414
-8092
-4302
4034
9086
8472
1777
-1185
-1600
-4099
-5020
-3271
2221
5070
3178
5237
8912
9621
6297
342
-1126
-2285
-4505
-4567
-3940
-2523
-4806
-8019
-7496
-6040
-4724
-4721
-4278
-1541
1196
4501
8154
9933
9695
6817
3945
3294
2994
2992
2465
1257
794
183
-110
-358
-1926
-3831
-4996
-4563
-1833
955
2627
3633
3529
3730
3554
3066
3249
2778
2756
2929
2759
2951
1845
584
-870
-2929
-3680
-3451
-1470
854
1557
1684
1349
717
-117
-1523
-2349
-2505
-2420
-1023
695
2317
2689
1370
-81
-2055
-3320
-4198
-4857
-4895
-4650
-4233
-3991
-3619
-3385
-3453
-3269
-4010
-4627
-5298
-6001
-507
7086
12008
11046
4562
2218
1256
-662
-2495
-4782
-3867
-4373
-2823
3835
8074
6928
6
-3734
-2445
-2771
-3301
-1536
3534
6841
4388
3429
6049
6209
3427
-1065
-1462
364
-894
-1371
-1469
-1729
-4183
-8431
-8409
-6277
-4656
-3587
-2765
-152
1982
3142
4784
5177
4398
2781
1466
2405
3709
4342
4612
3301
1865
314
-1215
-1810
-3073
-4047
-3649
-2324
354
2199
2604
2412
1357
1017
916
1251
2320
2787
3304
3808
3648
3386
2594
1391
419
-984
-1685
-1440
-449
654
419
-228
-666
-1308
-1950
-2249
-1894
-908
-22
752
1464
1764
1042
-395
-1585
-2346
-2790
-3237
-2995
-2734
-2662
-2754
-3418
-4252
-5414
-6573
-6187
-5713
-5176
-6080
-6969
-433
7797
12829
10733
3380
875
-155
-1152
-1958
-2808
-1587
-2821
-1428
4368
7326
4533
-3011
-5901
-4185
-3852
-3590
-920
4004
5402
1733
592
3869
5062
3872
2218
3714
5793
3886
2268
619
-1705
-5423
-9463
-8809
-6310
-4588
-3144
-2060
-598
-156
49
1778
3141
3407
3318
3364
4783
5934
5734
5154
3081
1451
188
-919
-849
-1935
-2840
-2680
-1853
296
894
52
-762
-1241
-174
796
1278
2208
2681
2769
3169
3452
3932
3178
1583
1081
468
310
-141
-302
386
148
-412
-923
-1359
-1781
-2311
-2407
-1777
-1027
-403
16
199
275
119
100
378
163
-401
-961
-1812
-2801
-3630
-4142
-4734
-5667
-5688
-5432
-4844
-4849
-5610
-5693
-6371
-2116
5866
11215
11438
4604
402
24
-726
-790
-1792
-458
-621
-929
3269
6378
4316
-3188
-7637
-5565
-2643
-1337
603
4526
5710
1941
-1375
843
3368
2847
1583
2592
5959
5586
2882
642
-1970
-4569
-7834
-7615
-4678
-2618
-1508
-1506
-1125
-1259
-1188
452
2262
2802
2521
2830
3797
4776
4339
3788
2844
1323
1415
2300
3679
3408
1146
-209
-941
-1183
-1749
-2657
-3062
-3193
-2515
-943
621
1307
1600
1825
3272
4675
4645
4476
3473
2340
527
-946
-213
865
1556
1092
392
148
-1049
-2753
-3848
-4193
-3905
-2966
-1460
503
1472
1343
761
44
-172
-709
-1056
-1041
-1025
-1136
-2119
-3862
-5540
-6826
-6866
-6141
-5201
-4339
-3729
-4461
-4684
533
7053
10047
6282
-182
-1317
-58
1084
1194
1487
2083
-545
-670
3238
5411
1360
-5649
-6393
-2697
-508
-827
556
3820
2956
-1493
-2929
1169
4419
4370
3723
5303
6667
3490
-87
-2667
-4240
-5393
-6260
-3919
-1320
-111
-94
-1139
-2114
-3225
-2644
-241
1913
2841
3004
2801
2458
2355
2788
3893
3663
3029
3568
4400
4610
2540
-1
-1846
-3134
-3188
-3049
-2550
-2229
-2340
-1839
-1046
-629
-37
809
2107
3682
4259
4581
4116
2767
1350
3
350
1762
2700
2514
1114
-214
-1406
-3225
-5042
-5749
-5153
-3838
-2616
-1209
174
547
242
-402
-373
25
-416
-563
-236
-239
-1002
-2981
-5319
-5908
-4968
-3942
-3428
-3645
-4094
-4669
-5894
-7168
-3392
3984
8517
7260
1559
-448
697
1506
2144
1955
2413
518
-628
2759
5059
1991
-4801
-6382
-2483
245
288
699
3406
2838
-1606
-3415
458
4759
5180
4506
5563
6558
3398
-928
-2748
-2743
-2232
-2272
-772
1054
1057
-206
-2300
-3943
-4945
-3889
-642
2611
4536
4438
2968
1027
450
1964
4471
5669
4953
4836
4854
4160
1921
-1014
-2223
-2805
-2360
-1035
-352
-600
-2166
-3209
-2808
-1900
-708
650
1989
2900
2721
2304
2639
2227
1378
963
1716
3497
3907
2860
784
-1582
-3556
-5212
-5398
-4294
-3037
-2347
-2079
-1976
-1713
-1773
-1844
-1606
-1279
-630
-763
-838
-415
-465
-1314
-3310
-5024
-5227
-4082
-2545
-2174
-2634
-3828
-4830
-5489
-5667
-6490
-4645
3149
9928
11663
5821
-177
-354
423
1835
2564
3977
3700
262
820
3512
3450
-2129
-6699
-4269
-281
1388
979
2680
3555
175
-2782
-660
4539
6298
5557
5234
5855
4469
956
-105
200
972
632
315
614
-1088
-3117
-4721
-4938
-4145
-2373
1212
3813
4117
2252
467
-130
157
2223
5158
7564
6887
4591
2982
1870
993
-721
-1377
-572
360
940
651
-336
-1675
-2874
-2947
-1577
204
1787
2551
2438
2179
1878
1863
1523
1251
1728
2308
2733
2566
1543
-273
-2191
-3292
-2583
-978
-30
30
-593
-1084
-1752
-1965
-1270
-548
-212
-851
-1385
-1421
-1667
-2197
-3635
-4761
-5111
-4908
-3511
-2220
-1902
-2776
-4077
-4130
-3382
-2943
-3457
-4365
-4411
-2586
2998
8390
8706
3407
-3553
-4927
-1715
2023
3876
2740
257
-2634
-3227
-1228
-1039
-3964
-6606
-4659
-540
1429
1058
821
1194
-362
-2076
-806
2751
4793
4465
4127
3985
2747
-67
-1796
-1792
-1592
-1678
-2092
-2184
-3077
-4609
-5388
-5085
-3281
-970
1217
2205
1669
1418
1785
2230
2228
2529
3610
4112
3244
1805
817
-132
-932
-884
-10
579
-100
-965
-1233
-1468
-1993
-1959
-1106
-366
124
780
1802
1892
893
429
791
1345
905
765
1823
2687
2654
1818
1581
1527
944
771
1207
1843
1362
67
-486
-541
-612
-815
-1223
-1884
-2996
-3940
-4110
-3823
-3819
-3981
-3902
-3332
-2688
-2437
-2248
-2101
-1765
-1342
-895
-493
-359
-760
-1405
-2432
-3509
-3667
-1686
3171
6100
4501
-140
-3190
-1133
1760
2818
1694
-551
-2165
-3078
-707
2688
3154
771
-913
1171
3090
2693
1593
2110
3059
1886
1021
2370
4353
3936
1567
42
-421
-631
-1271
-1033
-477
-850
-1816
-2951
-3035
-2943
-2528
-1401
-259
1395
2759
3688
3529
2395
1590
1176
1354
1780
2799
3659
3035
1427
264
571
1223
1435
932
679
677
551
636
172
-318
-897
-850
-131
2
-149
-564
-1176
-1732
-2212
-2469
-1865
-692
378
1081
1332
1899
2463
2694
2674
2815
3536
4013
3584
2358
1038
-256
-1250
-1827
-2264
-2633
-3472
-4282
-4657
-4733
-4731
-4774
-4285
-3678
-3036
-2162
-1285
-575
-425
-159
652
1514
1485
397
-745
-1764
-2589
-2996
-2960
-2322
-525
2395
3624
971
-3757
-5776
-2937
1074
2819
1769
-186
-1546
-1763
443
3171
3710
2071
1360
3465
5279
4820
3401
2943
2998
1796
565
821
1674
1625
680
238
310
103
-434
-706
-569
-495
-652
-907
-1092
-1298
-1010
-204
338
534
467
693
1014
890
819
679
703
1124
1892
3032
3534
3013
2358
2188
2413
2600
2540
2097
1065
-261
-1213
-1611
-1924
-2315
-2705
-2939
-3203
-3712
-3755
-3434
-2865
-2342
-2059
-1411
-227
1090
1749
1812
1979
2328
2531
2675
2950
3160
2819
1687
651
316
-80
-798
-1540
-1936
-2565
-3927
-5217
-5507
-4570
-3443
-2838
-2363
-1996
-1773
-1537
-1167
-285
418
763
805
701
866
751
623
245
-533
-1049
-1688
-2604
-3458
-3798
-2259
1688
4520
3417
-695
-4137
-2952
575
3275
3715
1910
433
179
2234
5147
5056
2469
104
576
2256
2336
1675
1548
1972
1265
-120
-95
947
1884
1995
1768
1586
932
-95
-797
-921
-857
-868
-1236
-1971
-2893
-3900
-4389
-4543
-3943
-2369
-948
-143
-229
-323
128
1030
2376
3612
4367
4332
3719
3126
2899
2864
2734
2520
2324
2104
1172
-277
-1738
-2346
-1706
-1226
-1598
-2691
-3515
-3036
-1701
-216
631
544
132
-99
-92
175
581
1334
2527
3357
3252
2395
1465
921
572
81
-230
-256
-362
-830
-1534
-1972
-2328
-2311
-1891
-1306
-1123
-1826
-2682
-3047
-2695
-2284
-1913
-1488
-1366
-1603
-2217
-2354
-1802
-972
-518
-898
-1313
-1350
-1285
-1590
-2246
-2363
-1629
326
2926
4310
2924
-296
-1768
608
4153
5184
3265
500
-908
-866
663
2826
3329
1390
-834
-579
1443
2516
2246
1971
2240
2244
1939
2463
3626
3990
3040
1395
34
-724
-1062
-1318
-1986
-3097
-4076
-4655
-4986
-4996
-4717
-4298
-4007
-3401
-1754
-183
301
-239
-606
149
1289
2424
3294
3631
3422
2644
2210
2473
2584
2221
1302
293
-281
-464
-433
-379
-422
-721
-1272
-2097
-2737
-2571
-1898
-1431
-1575
-1666
-1072
-448
-248
-535
-917
-931
-758
-205
500
967
1099
1130
1627
2085
2154
1967
1738
1909
2247
2627
3199
3468
2981
1841
520
-248
-401
-307
-451
-1379
-2925
-4139
-4662
-4312
-3760
-3638
-3478
-3656
-3651
-2794
-1933
-993
-699
-702
33
463
742
524
267
783
2227
4025
3326
-167
-3783
-3622
186
2620
1748
-1215
-3283
-3298
-1818
1379
3326
2126
-521
-920
1559
3115
2602
1851
2299
2115
469
-217
884
2344
2297
1213
264
-719
-1294
-1124
-339
201
-155
-581
-1157
-1561
-1384
-1231
-1413
-2107
-1979
-636
330
-5
-1177
-1725
-1508
-1061
-399
583
1518
1348
558
236
976
1982
1969
1520
1349
1812
2301
2101
1560
1288
1444
1066
-25
-1272
-1956
-1809
-1487
-1441
-2079
-3245
-4254
-4552
-3880
-3087
-2533
-1974
-1389
-566
110
794
1864
3098
3991
4092
3693
3607
4153
4731
4738
4118
3330
2447
1528
967
636
601
327
-363
-985
-1380
-1203
-1137
-1261
-1232
-1247
-876
-638
-517
-361
-786
-1322
-1656
-1509
-935
-840
-1318
-2422
-3000
-2785
-967
2418
3176
744
-3011
-3045
1811
5092
4572
1262
-1176
-1074
-458
1956
3656
2182
-1086
-3189
-1199
1020
1211
1039
1278
1354
-406
-1476
253
2597
3778
2965
1582
417
-402
153
1405
2130
1674
451
-972
-2217
-2275
-1375
-914
-2095
-3594
-3532
-2594
-2185
-2897
-3235
-2685
-2099
-1539
-1194
-612
-38
517
1698
2921
3467
2694
1256
706
1202
2103
2403
1561
268
-697
-1034
-1079
-1295
-1753
-1872
-1589
-1288
-992
-1063
-1314
-1616
-1546
-686
116
515
456
252
370
606
950
1168
1159
1222
1394
1813
2367
2976
3461
3570
3390
3066
3142
3489
3756
3605
2964
2143
1261
522
-370
-1418
-2382
-2958
-2878
-2918
-3117
-3496
-3744
-3617
-3653
-3388
-2685
-1728
-948
-1042
-1369
-1901
-1993
-1469
13
2850
3024
41
-3641
-3701
981
3455
1925
-1290
-3306
-2399
-1043
1903
4236
2477
-1093
-2914
-189
2808
2982
2759
2822
2632
767
-493
1098
2949
3826
3291
2304
1404
294
336
1120
1664
1437
198
-1676
-3434
-3474
-1884
-870
-1828
-3451
-3762
-3235
-2918
-2856
-2575
-2346
-2802
-3004
-2336
-1220
-614
-699
-356
443
1046
1019
551
565
1214
1926
2136
1492
705
613
1067
1131
458
-289
-300
-29
-372
-988
-1316
-1292
-1336
-1435
-1143
-790
-794
-927
-696
277
1254
1963
2600
3121
3778
4394
4969
5368
5339
5001
4290
3372
2464
1817
1482
1313
1126
435
-606
-1639
-2190
-2272
-2271
-2069
-2064
-2254
-2677
-2977
-2688
-2834
-3182
-3203
-2840
-2152
-2286
-2719
-2861
-2883
-2784
-2711
-2485
-1942
-342
1021
279
-1794
-2570
438
3806
3604
1168
-1127
-1208
-191
1339
3499
3180
67
-2567
-1436
2074
3219
2219
1479
1536
1227
589
1603
3362
3869
3051
1889
1414
1143
1170
1642
1577
821
-485
-2059
-3432
-3653
-2376
-1588
-2869
-4960
-5738
-4972
-4213
-3892
-3382
-2914
-2959
-2743
-1513
190
1143
1211
1466
2082
2578
2602
2340
2343
2720
3152
3247
2628
1652
1137
1243
1329
978
521
521
797
708
417
261
356
406
705
1600
2173
1893
1218
870
941
812
862
1492
2106
2134
1603
1245
1478
1981
2427
2497
1960
1179
836
1144
1550
1469
664
-413
-1128
-1361
-1271
-1347
-1856
-2439
-2895
-2950
-2906
-3020
-3236
-3483
-3435
-3026
-2579
-2254
-2130
-2062
-2145
-2210
-2310
-2123
-1565
-502
1368
1644
-551
-3132
-3030
369
2364
772
-1585
-2407
-1345
74
1864
3171
1630
-1407
-1845
1147
3814
3349
2073
2006
1945
1079
926
2552
3771
2818
1078
-18
-458
-595
-427
-152
-739
-1623
-2241
-3056
-3629
-3097
-1740
-1573
-3441
-4785
-4168
-2753
-2174
-2504
-2517
-2497
-2724
-2329
-1410
-657
-452
-458
182
863
1142
1418
1811
2445
3096
3467
3509
3049
2817
3421
4008
3787
2922
2384
2639
2715
2195
1703
1493
1280
784
443
637
872
800
560
328
254
285
921
1971
2419
2113
1497
1223
1580
2044
2156
1777
1078
667
641
658
497
7
-725
-1409
-1868
-1680
-1289
-1462
-2057
-2650
-2803
-2710
-2680
-2744
-2856
-3001
-2992
-2711
-2540
-2738
-3071
-3268
-3041
-2657
-2160
-1764
-1840
-2049
-2082
-1535
-93
998
334
-1423
-2013
232
3050
3209
1237
-445
-615
189
1349
2892
3091
1122
-559
398
2669
3188
1984
1621
2172
2037
1473
1959
3255
3305
2005
803
290
265
373
521
204
-883
-2042
-2771
-3070
-3063
-2723
-2706
-3654
-4537
-4122
-2771
-1923
-2242
-2709
-2725
-2490
-1687
-355
873
1227
743
470
1054
2107
2935
3255
3108
2784
2684
2808
3206
3498
3305
2917
2404
1984
1718
1631
1736
1580
941
317
205
451
656
488
215
24
-62
297
907
1167
925
470
279
367
542
762
844
515
-128
-566
-631
-472
-367
-500
-652
-796
-1066
-1321
-1574
-1436
-1046
-927
-1106
-1372
-1380
-1249
-1145
-962
-640
-522
-926
-1438
-1394
-753
-209
-180
-492
-1018
-1569
-1899
-1969
-1839
-1954
-2353
-2735
-2707
-1732
-786
-1043
-2118
-2614
-1242
468
710
246
100
546
988
1511
2591
2825
1724
1156
2316
3961
3928
2831
2382
2286
1919
1561
2184
3000
2386
1013
43
-101
137
119
-233
-1262
-2364
-2647
-2505
-2359
-2173
-1787
-1752
-2664
-3527
-3301
-2528
-2043
-1860
-1417
-1126
-1281
-1153
-627
-22
136
36
285
788
1300
1505
1124
524
310
712
1334
1706
1866
1886
1763
1698
1728
1936
2159
2162
2176
2333
2535
2346
1836
1433
1325
1234
764
265
-27
-243
-315
-349
-332
-454
-867
-1176
-1263
-1064
-565
-91
66
-208
-546
-480
54
705
1056
1134
1025
1011
1206
1432
1470
1112
551
-51
-391
-280
-68
-54
-425
-978
-1391
-1584
-1682
-1747
-1831
-1892
-1934
-2153
-2453
-2637
-2413
-1981
-1749
-1750
-1746
-1573
-1192
-436
247
141
-694
-962
184
1553
1692
1013
799
1237
1751
2214
2831
2632
1333
622
1441
2669
2496
1251
631
640
587
688
1220
1630
1160
425
281
596
767
683
650
382
-199
-558
-726
-890
-991
-1073
-1340
-2104
-2705
-2463
-2016
-2059
-2403
-2386
-2009
-1711
-1252
-600
-198
-200
-240
78
673
1307
1879
2192
2149
2171
2528
2984
3166
2942
2597
2281
2042
2008
1998
1846
1508
931
294
-174
-250
120
479
143
-755
-1516
-1549
-968
-611
-870
-1426
-1580
-1299
-987
-863
-964
-1330
-1662
-1475
-693
52
289
168
-103
-279
-496
-492
-174
-118
-242
-397
-658
-989
-1296
-1159
-807
-834
-1146
-1462
-1482
-1301
-1141
-956
-963
-1168
-1271
-1112
-696
-388
-467
-724
-817
-775
-611
-471
-467
-525
-842
-972
-490
430
920
281
-783
-933
0
869
852
356
57
207
750
1564
2217
1954
1183
1211
2213
3037
3015
2592
2383
2095
1645
1372
1554
1738
1248
595
138
-206
-474
-636
-779
-972
-1296
-1521
-1635
-1662
-1457
-1378
-1635
-2061
-2125
-1658
-1195
-1088
-1226
-1349
-1286
-929
-339
220
408
344
396
814
1547
2098
2114
1547
1010
969
1377
1754
1659
1262
908
755
562
415
527
704
622
227
-191
-466
-618
-645
-493
-364
-331
-464
-599
-511
-294
-73
-52
-327
-687
-804
-707
-626
-861
-1142
-1377
-1569
-1490
-1151
-758
-634
-739
-696
-366
211
817
1165
1128
825
746
835
926
1001
1084
1139
979
712
614
530
428
276
137
75
-88
-197
-271
-338
-415
-563
-630
-646
-729
-803
-978
-1133
-1129
-1077
-1016
-946
-767
-673
-1050
-1437
-1055
-12
808
893
689
604
754
1027
1493
1873
1679
1019
601
747
938
773
351
115
32
-77
-113
45
93
-348
-965
-1373
-1525
-1476
-1286
-1179
-1139
-1092
-822
-431
-295
-289
-277
-344
-543
-535
-177
71
-116
-604
-972
-1216
-1367
-1041
-401
23
-91
-367
-291
103
486
590
545
588
903
1457
1914
2035
1887
1633
1517
1650
1995
2270
2266
2050
1778
1593
1420
1186
966
755
492
174
-118
-262
-360
-609
-1078
-1510
-1697
-1531
-1246
-1237
-1526
-1698
-1469
-1063
-739
-768
-868
-856
-723
-359
102
419
437
461
868
1428
1704
1665
1541
1500
1457
1423
1298
1089
836
551
398
305
146
-67
-251
-348
-379
-372
-443
-641
-804
-928
-935
-899
-870
-726
-616
-680
-901
-1203
-1286
-1242
-1329
-1374
-1382
-1262
-1276
-1460
-1518
-1471
-1450
-1602
-1883
-1908
-1462
-774
-297
-459
-819
-868
-482
103
545
758
570
317
549
1163
1534
1305
940
1004
1213
1313
1442
1610
1566
1048
642
731
903
824
512
230
-94
-446
-460
-349
-479
-719
-792
-618
-553
-574
-456
-388
-428
-506
-350
4
202
278
335
422
446
431
569
777
943
1006
849
566
379
473
663
668
583
537
475
326
187
286
477
507
426
411
537
633
659
584
386
205
-3
-201
-224
-207
-220
-337
-447
-461
-601
-788
-776
-414
-64
-246
-606
-657
-252
249
429
331
82
-106
40
417
636
531
268
234
359
449
388
253
180
70
-96
-276
-284
-105
11
-96
-394
-668
-719
-623
-496
-394
-492
-715
-868
-854
-806
-856
-890
-916
-919
-750
-437
-209
-258
-466
-452
-261
-141
-92
-19
118
67
-138
-245
-203
-202
-421
-648
-693
-567
-437
-386
-413
-480
-461
-338
-220
-200
-327
-438
-346
14
519
728
565
261
211
399
571
701
807
881
703
432
363
475
554
511
462
454
394
246
174
178
194
166
38
-136
-188
-51
101
52
-117
-200
-246
-287
-278
-123
-61
-202
-251
-56
253
355
309
293
342
424
501
598
636
573
553
551
529
534
558
547
413
331
379
442
365
254
287
318
179
-134
-318
-323
-310
-334
-368
-460
-610
-634
-438
-209
-244
-418
-451
-290
-143
-110
-135
-136
-177
-169
-5
216
320
148
-46
-133
-143
-93
-40
76
163
109
-29
-174
-251
-214
-150
-81
-47
-75
-95
-73
-2
147
365
466
428
357
343
341
296
235
210
229
193
124
54
6
-77
-137
-103
5
97
50
-66
-162
-181
-167
-140
-103
-94
-109
-165
-211
-222
-226
-205
-115
-93
-125
-132
-58
75
98
83
61
33
27
41
86
38
-126
-207
-191
-198
-300
-421
-411
-391
-435
-438
-355
-237
-226
-289
-303
-268
-239
-186
-47
150
221
152
105
170
312
363
360
333
249
224
262
301
294
184
97
91
189
316
270
100
-38
20
234
379
354
257
176
113
57
111
277
336
223
79
-30
-183
-321
-280
-60
98
42
-74
-128
-166
-209
-137
46
151
80
-21
1
104
204
289
368
378
300
218
230
373
580
723
686
552
499
570
691
744
709
651
536
446
448
418
317
122
-93
-251
-357
-354
-341
-405
-553
-738
-821
-773
-670
-512
-396
-418
-571
-741
-692
-405
-84
118
141
34
-72
-29
210
467
567
469
293
276
396
457
354
210
191
216
231
240
228
117
-131
-303
-242
-130
-142
-230
-327
-429
-546
-567
-442
-361
-424
-548
-627
-663
-667
-563
-360
-277
-368
-471
-416
-258
-127
-47
-34
-97
-169
-158
-92
-53
-44
-31
4
14
-5
-27
-71
-133
-167
-110
-22
12
-28
-108
-209
-296
-286
-158
-89
-168
-281
-288
-200
-127
-85
-48
-34
-45
-19
95
207
222
234
307
386
438
466
515
530
442
359
374
454
519
523
500
416
268
183
203
257
210
79
-17
-69
-108
-146
-198
-258
-297
-278
-226
-246
-329
-392
-354
-208
-57
26
16
-50
-39
84
266
409
443
422
385
383
458
549
616
638
609
549
474
448
471
451
380
266
146
49
-30
-67
-118
-212
-314
-367
-369
-366
-379
-407
-473
-554
-575
-541
-501
-509
-545
-566
-576
-569
-546
-497
-436
-399
-376
-351
-310
-235
-154
-74
-20
-3
-8
-20
-18
5
42
81
95
63
26
13
44
105
127
98
45
18
39
46
0
-68
-139
-149
-130
-144
-190
-259
-288
-270
-222
-185
-178
-179
-184
-213
-241
-239
-205
-139
-83
-28
11
31
51
86
157
228
259
268
260
250
240
215
197
164
141
132
96
39
-16
-16
30
66
72
37
-26
-68
-77
-57
-51
-70
-65
-64
-79
-93
-96
-94
-99
-96
-70
-62
-90
-90
-53
-5
10
23
29
-16
-76
-100
-63
-14
11
42
62
36
28
80
153
157
100
80
105
141
164
179
164
113
72
119
202
215
176
148
162
172
192
253
305
277
208
176
192
227
299
387
398
345
317
364
432
456
445
419
404
417
456
470
435
397
389
387
343
260
187
148
111
84
70
32
-59
-157
-197
-202
-245
-302
-313
-297
-303
-341
-344
-311
-290
-287
-260
-225
-216
-218
-170
-75
-10
12
29
56
66
66
91
140
164
143
118
109
104
98
99
98
58
-42
-140
-167
-146
-153
-225
-328
-422
-481
-500
-496
-503
-545
-605
-649
-653
-611
-565
-537
-534
-550
-556
-530
-447
-338
-266
-245
-244
-199
-95
27
115
149
167
219
305
406
500
556
575
604
672
752
767
733
723
743
756
755
773
804
787
730
690
675
659
634
620
592
502
392
362
397
408
350
290
257
233
221
234
254
229
176
156
163
133
79
58
74
60
0
-35
-55
-93
-140
-167
-188
-238
-277
-279
-292
-335
-382
-390
-371
-373
-394
-418
-431
-436
-411
-351
-305
-320
-351
-342
-311
-297
-285
-238
-196
-183
-184
-164
-127
-103
-91
-91
-132
-194
-221
-190
-150
-178
-252
-329
-386
-405
-382
-351
-372
-460
-537
-561
-559
-565
-564
-549
-556
-590
-617
-600
-562
-517
-462
-423
-416
-413
-371
-297
-235
-220
-209
-155
-78
-8
50
110
189
288
409
527
600
630
668
746
838
891
898
883
855
820
780
766
776
774
725
639
550
485
454
456
449
384
284
208
185
184
154
107
55
0
-57
-113
-166
-221
-257
-251
-243
-266
-297
-309
-303
-304
-307
-287
-262
-249
-222
-193
-185
-198
-193
-169
-172
-196
-209
-187
-168
-164
-161
-160
-178
-206
-198
-151
-124
-138
-142
-111
-61
-7
63
125
134
102
88
104
116
106
96
98
70
7
-52
-82
-87
-85
-80
-98
-155
-219
-238
-207
-178
-161
-148
-141
-162
-203
-230
-230
-225
-227
-247
-300
-379
-447
-473
-474
-478
-480
-463
-430
-393
-351
-288
-208
-117
-23
57
107
142
198
273
333
359
378
405
438
469
499
523
540
560
585
614
626
641
680
710
715
687
649
626
606
578
529
446
345
247
165
96
24
-47
-109
-171
-234
-296
-336
-350
-339
-309
-282
-251
-227
-206
-175
-142
-103
-71
-65
-67
-78
-90
-83
-62
-34
-23
-42
-66
-80
-51
16
91
160
188
186
194
220
263
294
301
289
261
231
204
169
136
107
82
40
-22
-68
-91
-95
-97
-111
-127
-149
-165
-169
-173
-168
-164
-164
-174
-211
-254
-272
-260
-249
-265
-303
-346
-387
-402
-387
-369
-358
-363
-360
-354
-353
-344
-326
-309
-318
-336
-337
-330
-316
-295
-258
-221
-218
-224
-208
-176
-138
-94
-26
45
83
114
163
227
288
333
381
418
423
436
472
510
527
512
485
448
402
375
369
352
309
247
193
143
93
52
21
5
-11
-28
-44
-68
-86
-82
-62
-43
-40
-45
-38
-21
11
54
90
108
119
121
115
118
151
203
240
247
223
213
229
262
301
323
315
291
261
235
213
198
194
182
147
85
26
-7
-25
-34
-50
-73
-96
-112
-132
-149
-155
-144
-117
-106
-127
-174
-213
-222
-202
-182
-198
-237
-283
-319
-332
-339
-337
-334
-331
-327
-328
-334
-336
-332
-318
-312
-322
-339
-358
-366
-380
-403
-420
-434
-447
-460
-467
-448
-420
-398
-381
-364
-332
-280
-208
-126
-56
7
59
108
169
219
262
294
307
305
302
315
342
363
367
355
344
338
333
337
356
379
396
395
389
375
360
366
378
382
366
334
309
282
257
240
228
221
194
146
101
76
85
123
152
162
147
129
142
169
202
224
230
224
191
155
128
117
123
126
118
103
74
52
43
39
39
33
29
23
-1
-27
-43
-49
-48
-56
-80
-130
-186
-221
-243
-260
-285
-310
-322
-324
-313
-294
-261
-223
-187
-154
-131
-113
-91
-74
-66
-66
-74
-78
-79
-89
-96
-102
-104
-107
-108
-96
-83
-71
-56
-45
-27
-10
9
32
41
50
57
54
50
42
33
29
22
11
-4
-27
-35
-26
4
36
58
75
85
108
138
171
206
233
256
271
276
278
291
307
319
312
277
238
209
192
173
155
148
140
130
111
89
73
64
65
66
58
40
26
22
10
-12
-40
-75
-114
-156
-183
-197
-201
-197
-194
-196
-192
-183
-165
-136
-113
-94
-85
-76
-67
-61
-54
-56
-56
-60
-77
-92
-107
-114
-114
-110
-98
-86
-78
-64
-47
-39
-28
-16
-2
4
7
8
18
29
36
28
25
35
41
53
74
97
126
146
155
156
152
159
175
193
206
212
227
241
258
271
263
241
215
187
164
143
124
103
80
50
9
-34
-68
-82
-92
-110
-139
-173
-197
-224
-246
-267
-291
-311
-336
-368
-393
-404
-402
-398
-405
-408
-403
-379
-339
-300
-277
-270
-263
-246
-209
-166
-128
-89
-50
-17
6
18
27
42
59
71
82
92
103
110
115
123
126
124
123
125
125
119
113
121
131
130
122
103
96
101
112
120
116
101
85
77
80
91
107
107
89
72
71
84
107
127
137
140
131
117
110
103
99
89
64
34
3
-19
-17
-5
11
21
7
-17
-46
-52
-39
-26
-15
-16
-30
-55
-74
-67
-45
-19
2
8
-3
-22
-40
-55
-58
-56
-51
-59
-76
-91
-99
-94
-87
-89
-101
-133
-179
-222
-256
-276
-290
-307
-329
-362
-383
-391
-387
-373
-364
-367
-386
-408
-425
-428
-424
-413
-399
-386
-373
-346
-302
-241
-176
-113
-64
-36
-11
19
51
97
156
214
272
312
344
378
417
458
479
484
489
493
504
526
549
577
595
596
587
579
571
559
539
507
464
422
388
361
345
332
320
305
274
244
214
177
141
100
59
19
-29
-76
-120
-159
-182
-197
-206
-224
-254
-280
-307
-329
-347
-373
-398
-422
-434
-423
-392
-361
-343
-330
-330
-339
-346
-356
-366
-366
-368
-372
-362
-344
-315
-274
-234
-197
-165
-147
-142
-134
-120
-103
-81
-61
-41
-19
8
44
85
117
141
155
158
146
129
129
127
129
126
121
123
135
154
174
192
202
200
189
186
191
196
191
185
191
206
225
242
256
272
282
278
271
261
256
253
253
261
263
273
285
297
305
302
300
296
280
253
230
201
168
145
132
125
121
121
124
121
102
71
45
15
-21
-70
-116
-146
-167
-190
-219
-254
-296
-329
-364
-397
-432
-464
-488
-510
-527
-543
-556
-560
-557
-549
-544
-533
-530
-532
-527
-523
-513
-495
-473
-447
-416
-379
-346
-317
-281
-244
-212
-187
-161
-126
-89
-52
-16
14
41
69
94
128
168
207
250
288
310
320
336
362
388
412
442
462
479
491
503
525
534
534
532
531
522
505
482
462
445
429
416
410
420
426
431
430
412
382
348
315
282
254
232
210
191
162
131
103
82
68
58
51
34
6
-24
-53
-85
-124
-159
-183
-204
-226
-249
-259
-273
-291
-315
-346
-371
-396
-421
-437
-447
-449
-447
-438
-422
-412
-407
-410
-417
-426
-433
-450
-462
-479
-485
-485
-488
-485
-482
-475
-469
-455
-441
-427
-416
-412
-400
-382
-357
-334
-308
-273
-224
-167
-125
-91
-62
-37
-11
4
14
35
64
97
136
186
237
275
312
337
356
377
393
409
422
435
445
450
455
464
473
485
500
515
526
532
526
518
516
522
522
512
490
459
429
409
392
382
374
361
343
328
310
286
267
251
234
215
196
180
165
142
114
86
60
45
32
18
2
-16
-32
-58
-79
-98
-115
-121
-130
-145
-161
-174
-189
-207
-228
-249
-265
-275
-276
-274
-270
-271
-279
-281
-284
-283
-275
-269
-267
-267
-267
-271
-279
-285
-290
-288
-281
-270
-251
-222
-195
-179
-170
-162
-152
-138
-126
-110
-97
-92
-87
-79
-70
-55
-36
-18
-7
-3
2
9
16
31
52
70
92
107
111
121
125
126
128
125
125
127
125
119
108
105
94
77
70
67
69
65
64
67
70
78
79
78
69
52
38
18
2
-10
-21
-21
-20
-13
-9
-6
-9
-23
-43
-65
-84
-98
-103
-110
-119
-127
-138
-146
-147
-141
-134
-127
-112
-101
-97
-101
-113
-124
-120
-113
-102
-85
-71
-60
-57
-52
-58
-61
-54
-45
-34
-24
-13
2
14
18
20
10
5
5
10
17
21
30
40
57
68
82
89
91
97
103
112
114
122
129
140
154
156
152
138
119
95
73
58
44
44
51
61
75
87
90
86
79
74
60
43
28
13
10
-1
-4
1
-3
-6
-13
-21
-24
-25
-31
-35
-50
-70
-84
-93
-90
-85
-75
