-6
-6
-4
-5
-5
-4
-3
-4
-5
-7
-7
-6
-5
-5
-5
-4
-3
-3
-3
-4
-3
-5
-5
-5
-4
-4
-5
-4
-3
-5
-5
-4
-2
0
2
-1
-4
-4
-3
-2
-2
-3
-3
-2
-1
-2
-3
-3
-2
0
2
1
1
1
1
1
0
0
1
2
2
2
1
0
1
2
1
3
1
1
4
8
8
6
4
4
6
6
6
6
6
7
7
4
3
4
5
6
4
4
3
7
10
8
5
4
5
6
6
5
4
3
3
5
6
7
6
7
7
7
8
10
10
10
9
8
7
6
7
9
9
10
9
13
15
12
12
11
13
15
12
10
8
10
12
10
8
7
9
10
13
9
10
10
11
12
11
11
10
10
11
9
7
7
6
6
8
9
7
5
7
9
9
6
2
3
7
8
4
1
1
4
5
0
-4
-3
2
5
3
1
-1
0
1
-1
-1
-2
-2
-1
-2
-2
-3
-3
-3
-2
0
-2
-3
-3
0
1
-3
-4
-5
-3
-1
-5
-7
-9
-8
-7
-8
-9
-9
-5
-3
-4
-5
-7
-4
-5
-8
-9
-10
-7
-7
-7
-7
-7
-6
-7
-7
-3
-2
-4
-5
-4
0
0
-3
-5
-4
-4
-3
-3
-2
2
4
4
1
-1
1
5
3
1
-1
1
4
3
0
0
-2
-1
1
2
2
3
2
2
1
-2
-3
-2
0
2
4
2
1
0
4
5
3
1
1
7
9
8
4
3
6
6
3
0
3
8
8
5
3
4
9
9
6
5
8
10
8
5
4
5
6
4
3
3
7
6
2
2
4
4
2
-1
0
2
1
-1
-3
0
2
1
-3
-4
-1
0
-2
-3
-1
1
0
-4
-5
-3
0
-3
-5
-2
0
1
-2
-3
0
2
-2
-5
-5
-1
2
2
-3
-2
2
5
0
-3
-2
1
3
-1
-4
-3
-1
0
-1
-2
2
3
3
-3
-6
-5
-3
-5
-7
-6
-3
-2
-6
-9
-9
-5
-1
-3
-2
-1
0
0
-4
-5
-3
-2
-1
-4
-3
0
0
-5
-5
0
3
1
-5
-4
1
4
-1
-4
-1
6
8
2
-3
-1
2
0
-5
-3
3
7
3
-1
-3
-1
0
-4
-4
3
7
5
-3
-7
-3
0
-3
-6
-3
2
2
-3
-4
1
6
7
5
6
10
10
4
-1
2
7
9
5
2
5
9
6
3
4
10
13
9
0
-2
3
3
-1
-3
1
7
7
-3
-8
-4
0
-4
-9
-5
4
10
8
-1
-2
3
4
0
-6
-3
7
9
0
-7
-7
-1
4
0
-2
2
8
7
-1
-7
-7
1
8
10
10
5
-4
-12
-7
-2
0
-2
-3
9
21
17
1
-7
-2
6
7
3
7
14
12
0
-3
9
21
17
0
-5
12
27
20
4
1
12
20
10
-4
-7
1
1
-3
1
9
3
-17
-37
-31
-5
4
-14
-30
-22
-1
8
-19
-48
-47
-21
-2
-3
-15
-22
-19
-18
-26
-26
-20
-19
-13
0
10
12
0
-15
-10
11
16
13
17
31
42
33
14
17
39
51
37
16
20
41
56
44
21
20
33
36
28
9
-10
-15
-10
1
11
7
-11
-23
-22
-10
-5
-24
-47
-56
-41
-22
-19
-50
-83
-79
-45
-26
-50
-93
-101
-56
-15
-16
-50
-59
-31
2
-6
-42
-52
-34
-9
-15
-26
-17
16
42
32
18
20
49
68
66
48
39
51
75
61
30
-2
-10
42
73
63
20
6
39
72
64
25
3
20
45
39
20
-1
-12
-28
-52
-71
-38
5
0
-5
-14
-4
2
-21
-53
-65
-42
-25
-26
-13
3
15
4
-45
-59
-42
-25
-23
-38
-29
2
13
-23
-60
-61
-38
-34
-42
-24
4
9
-6
-37
-35
-21
-26
-7
25
44
46
22
9
22
29
34
53
62
49
40
54
96
123
78
15
-9
26
75
64
21
-3
-8
5
10
-3
15
20
-19
-51
-53
-33
-11
-26
-48
-44
-36
-28
-39
-86
-122
-121
-103
-69
-39
-37
-23
6
19
36
59
38
-6
-19
11
72
97
34
-1
17
39
43
-15
-53
-6
22
25
21
-37
-40
-25
-60
-58
-49
-36
-21
-75
-110
-65
-45
-45
-96
-138
-70
15
55
42
-6
-27
-8
19
27
11
-12
-59
-64
-12
-17
5
67
104
132
46
-92
-83
3
44
10
-85
7
196
195
-6
-246
-248
-138
-182
-425
-606
-524
-300
-154
-161
-78
149
198
-48
-325
-264
325
752
533
34
-181
246
672
557
86
71
764
1238
1045
436
84
506
998
726
272
198
647
1112
828
307
223
505
671
437
56
205
501
259
-161
-406
-237
-25
-247
-669
-863
-739
-681
-899
-1016
-911
-854
-883
-1067
-1202
-1080
-881
-846
-925
-874
-804
-676
-603
-666
-566
-423
-358
-289
-218
-13
248
329
362
474
558
602
568
413
419
580
655
745
688
601
614
620
620
587
564
598
683
746
865
988
1053
1100
1128
1130
1211
1334
1302
1364
1420
1540
1718
1561
1531
1741
1863
1865
1169
-68
-319
-265
-509
-655
-1405
-1388
-851
-1637
-2215
-1772
-1235
-1030
-2554
-4306
-3412
-1826
-1785
-3002
-4016
-2920
-965
-1083
-2130
-1725
-639
-367
-1356
-2295
-1068
702
223
-1024
-666
1024
2445
1866
535
924
1763
1354
371
65
1022
1796
964
113
702
1764
1816
750
-182
23
372
-228
-955
-1087
-794
-787
-1091
-919
-220
202
-126
-646
-757
-509
-480
-728
-913
-793
-638
-537
-76
447
650
448
244
635
1342
1496
1127
938
1224
1708
1769
1500
1587
1818
1855
1744
1553
1762
2062
1898
1736
1974
2169
2233
2160
1984
2100
1806
84
-1360
-1287
-1449
-1338
-1860
-2777
-1693
-1515
-2752
-2637
-1771
-886
-1356
-4525
-5355
-2659
-1293
-2399
-4656
-4813
-1211
986
-870
-1793
-81
2041
2016
-638
-1486
1222
2528
297
-1613
-224
3126
4202
1609
-5
1850
3488
2328
-41
-648
1177
1713
-518
-1550
123
2017
1653
-474
-1066
737
1571
-132
-1769
-1501
-376
-451
-1757
-1756
9
756
-284
-1074
-395
1004
795
-943
-1419
-430
93
-488
-1141
-701
469
291
-472
-80
734
1028
227
-557
379
1451
886
-108
-332
556
1313
631
-71
372
1048
910
227
128
859
1343
910
768
1702
2516
2541
2218
2136
2727
2729
755
-694
-508
-849
-862
-1753
-2669
-1205
-1107
-2274
-1833
-846
320
-166
-3481
-4090
-1915
-1240
-2529
-4756
-4699
-1228
676
-1033
-1600
300
2122
1942
-497
-1285
1013
1934
-178
-1810
-769
1701
2512
515
39
2334
3674
2685
871
674
2388
2500
299
-824
264
1786
1523
98
-85
1346
2124
820
-276
113
644
236
-1364
-1978
-611
60
-615
-1261
-1072
116
411
-449
-672
-263
-51
-442
-1204
-1182
-606
-862
-1173
-749
-212
119
-238
-473
408
1078
786
196
11
538
698
-128
-653
-461
-3
61
-279
-70
715
1341
1217
1071
1596
2253
2242
1674
1391
1694
2135
1521
-487
-1075
-611
-915
-838
-2110
-2432
-828
-1329
-2360
-1989
-1211
45
-819
-3833
-3250
-902
-675
-2305
-4599
-4117
-715
-260
-2632
-2386
-96
1792
1293
-1122
-555
2453
2516
-49
-1373
-61
2196
1919
-553
-195
2490
3261
2302
1580
2751
4943
4109
1414
1053
2420
3132
1698
-382
78
1756
1683
513
340
1321
2093
1019
-704
-236
642
-110
-1778
-2901
-2130
-1229
-2067
-3006
-2754
-2001
-1803
-2651
-3027
-2270
-1975
-2602
-3036
-2573
-1849
-1876
-2523
-2130
-811
-171
-339
-483
162
1091
916
142
212
922
1439
1003
611
1228
2164
2434
2025
2063
2777
3321
3103
2629
2502
2827
2863
2262
1896
1711
612
138
-72
-671
-110
-621
-1138
-309
-926
-1766
-1061
-489
175
-502
-2818
-2231
-144
-290
-1748
-3159
-2800
-343
-387
-2422
-1491
440
957
402
-956
215
2706
1554
-892
-973
290
1282
252
-1628
-431
1568
1274
822
1346
2750
3834
2317
924
1958
2726
1902
219
-821
35
788
-89
-724
-295
317
320
-437
-859
-255
-366
-1540
-2425
-2563
-2135
-2275
-3280
-3473
-2833
-2375
-2274
-2638
-2423
-1657
-1578
-2103
-2141
-1667
-1135
-895
-1154
-847
49
515
684
752
1014
1568
1781
1787
2017
2052
2158
2139
2240
2521
2652
2807
2703
2733
2806
2618
2445
2464
2130
1859
1934
2034
2413
2560
1474
665
1075
704
356
-471
-1995
-1503
-1242
-2358
-2253
-1531
-697
-186
-1926
-2642
-229
868
-518
-2551
-3774
-1809
-173
-2687
-4079
-2551
-949
-311
-1933
-2467
528
1653
-441
-1906
-1240
982
1465
-1261
-2004
290
1467
899
-312
228
2638
2757
837
765
2160
3281
2433
323
576
2211
1838
420
-378
-37
813
-278
-1981
-1506
-602
-842
-1756
-2570
-1550
-387
-1424
-2345
-2191
-1766
-1648
-2869
-3702
-2886
-2226
-2689
-2835
-2295
-1354
-615
-835
-478
877
1509
1367
1369
1608
2242
2206
1495
1588
2032
2154
2126
2059
2518
2943
2574
2338
2698
2991
2904
2310
1946
2398
2181
1579
1328
1192
1670
1377
-47
110
686
125
-204
-1401
-1730
-702
-1636
-2876
-2533
-1966
-1385
-1832
-3441
-2426
-545
-1084
-2173
-2924
-2501
-714
-1535
-3683
-3007
-1879
-1517
-1927
-2807
-1406
519
-118
-1057
-590
518
1368
588
-358
756
1705
1477
1267
1591
2589
2807
1799
1841
2767
2956
2383
1431
1625
2517
2159
1240
1025
1210
1212
331
-462
-244
-151
-910
-1796
-1954
-1402
-1248
-2205
-2656
-2158
-1741
-1998
-2702
-2670
-2095
-2125
-2845
-3074
-2126
-1183
-1202
-1509
-1076
330
1200
942
856
1401
2010
2109
1599
1491
2099
2066
1614
1379
1658
2164
2034
1593
1474
1782
1909
1761
1497
1478
1672
1633
1511
1497
1550
1534
1513
1367
606
379
544
182
50
-773
-1542
-1108
-1191
-1992
-2153
-1947
-1489
-1446
-2717
-2585
-972
-847
-1907
-2983
-3066
-1374
-931
-2834
-3254
-2122
-1359
-1242
-2143
-1919
-112
-7
-975
-856
162
1446
1458
300
944
2550
2785
2560
2134
2199
2838
2364
1690
2078
2456
2325
1857
1484
1942
2438
1924
1482
1211
861
745
126
-598
-828
-1456
-2029
-2055
-2397
-2444
-2455
-2622
-2354
-2219
-2426
-2451
-2158
-2174
-2230
-2282
-2276
-1649
-1302
-1375
-962
-361
363
925
901
1186
1846
2154
2338
2307
2324
2541
2292
2063
2122
2269
2116
1567
1165
1236
1474
1253
814
527
518
662
491
321
371
249
309
360
383
689
385
-364
-276
-367
-637
-619
-1399
-1616
-1300
-1918
-2055
-1384
-1425
-1360
-1825
-2512
-1176
-314
-1125
-1489
-1735
-1064
217
-785
-1560
-638
-394
-371
-677
-1139
120
854
-174
-276
529
1350
2062
1343
1043
2360
2550
2113
2028
1932
2451
2314
1261
1380
1984
1883
1542
861
784
1382
856
128
-161
-559
-583
-1018
-1796
-1763
-1676
-2075
-2033
-2077
-1951
-1546
-1992
-2511
-2527
-2603
-2580
-2616
-3036
-2964
-2484
-2252
-1791
-1296
-903
-182
337
793
1495
1963
1958
1877
1943
2192
2434
2124
1640
1614
1684
1621
1373
1051
983
1052
770
531
551
634
719
393
198
284
456
516
264
-15
195
494
296
173
-38
-246
130
146
-311
-37
17
-180
-72
-779
-1206
-543
-586
-744
-862
-1713
-1106
-153
-641
-781
-920
-1084
54
71
-883
-419
-121
62
422
-285
-281
502
112
-254
-165
-212
320
159
-711
-236
316
421
600
252
455
1200
1085
1068
1213
973
969
591
63
265
104
-452
-701
-1199
-1038
-647
-1029
-1105
-931
-976
-605
-476
-719
-448
-640
-963
-819
-770
-646
-714
-1276
-1374
-982
-773
-596
-648
-671
-188
71
273
772
949
1026
979
884
1345
1592
1205
891
663
722
837
486
214
223
91
75
-2
-117
-32
-232
-346
2
271
342
360
278
638
1050
1082
1195
1284
1372
1567
1331
1388
1665
1117
797
819
578
725
397
-602
-246
13
-561
-619
-1109
-905
42
-647
-1407
-964
-788
-356
-518
-1769
-1426
-621
-1140
-1358
-1488
-1459
-756
-1242
-1950
-1032
-396
-496
-691
-1093
-260
809
424
316
808
1199
1611
1215
1071
1671
1538
921
479
354
813
670
-250
-275
166
299
287
-260
-307
392
272
38
94
3
220
142
-369
-113
265
48
-180
-400
-493
-205
-268
-771
-780
-775
-875
-874
-927
-706
-317
-370
-441
-79
231
384
110
-109
153
282
227
25
-27
86
-150
-493
-530
-351
-302
-524
-802
-556
-65
139
318
535
832
1334
1656
1751
2181
2418
2210
2401
2174
1752
1972
1546
1176
1331
717
500
794
75
-166
125
-376
-366
-608
-1319
-538
-122
-951
-1130
-1296
-1062
-233
-1141
-1905
-1141
-1017
-1059
-1229
-1666
-976
-550
-1360
-1508
-932
-539
-249
-683
-662
388
738
460
296
315
784
847
289
358
580
593
571
192
297
748
426
93
-56
-214
235
230
-238
-70
-59
38
336
53
77
485
290
193
246
-4
65
-303
-1078
-1291
-1513
-1749
-1965
-2429
-2413
-2026
-1906
-1697
-1467
-1320
-827
-539
-182
260
296
303
369
488
685
583
186
-39
-205
-313
-238
-231
-201
-78
-108
87
487
847
1134
1345
1420
1724
2094
2176
2306
2256
2218
2197
2002
1723
1396
1453
1539
1032
671
454
270
293
-279
-996
-776
-679
-1098
-1511
-1966
-1525
-949
-1594
-2199
-2147
-1916
-1433
-1723
-2305
-1758
-1319
-1528
-1569
-1473
-967
-535
-1040
-1287
-747
-372
-349
-785
-951
-317
148
-1
-37
331
873
1163
871
984
1503
1612
1439
1182
1190
1686
1583
1040
1048
1174
1356
1339
955
990
1288
1134
911
818
782
844
558
62
-123
-255
-657
-1225
-1726
-1982
-2186
-2446
-2789
-2958
-2935
-2824
-2653
-2392
-2013
-1629
-1240
-916
-500
-33
313
498
562
604
724
860
809
673
660
688
839
882
867
935
1021
1170
1318
1473
1632
1851
1864
1978
2141
2153
2267
2239
2199
2257
2119
2098
1976
1396
1232
1100
472
292
-156
-862
-797
-1222
-1822
-1548
-1652
-1891
-1840
-2388
-2143
-1341
-1665
-1792
-1548
-1523
-748
-621
-1220
-675
-203
-365
-274
-487
-375
288
-7
-240
116
141
285
206
-97
426
840
676
750
834
1088
1520
1429
1328
1563
1478
1467
1392
1124
1196
970
606
409
155
91
165
-42
-168
9
52
256
386
174
298
383
87
-165
-388
-529
-728
-1145
-1668
-1799
-1751
-1856
-2074
-2211
-1932
-1459
-1125
-910
-560
-32
376
647
926
1121
1344
1356
1203
1257
1319
1027
766
553
532
711
580
554
755
944
1074
1120
1113
1280
1447
1225
1089
1195
1268
1306
1200
1044
1209
1359
1128
901
674
350
256
-50
-679
-883
-1234
-1736
-1876
-2169
-2439
-2159
-2110
-2151
-1888
-1957
-1596
-899
-874
-924
-700
-522
169
455
-29
103
511
542
604
414
234
612
384
-114
-17
8
66
-63
-540
-232
347
330
298
282
515
920
725
407
457
361
146
-166
-469
-206
-146
-548
-581
-489
-200
232
90
54
400
492
555
495
172
169
59
-470
-648
-805
-991
-993
-1416
-1723
-1518
-1404
-1432
-1502
-1652
-1429
-1002
-1011
-1014
-819
-659
-380
-92
74
446
718
720
904
1153
1307
1285
1083
976
894
770
593
362
311
206
51
62
189
321
394
337
325
492
491
393
290
147
58
56
2
-123
-148
-222
-370
-180
-149
-437
-411
-501
-632
-381
-551
-606
-64
-36
-68
152
190
849
1510
1134
986
1155
1236
1595
1198
465
628
682
195
-76
-429
-457
-178
-716
-1149
-790
-668
-730
-1110
-1569
-1202
-958
-1355
-1626
-1693
-1426
-1167
-1517
-1520
-1025
-733
-570
-554
-269
503
788
537
564
734
935
992
486
391
717
703
739
700
513
860
949
670
807
815
870
733
39
-313
-229
-424
-779
-1280
-1635
-1234
-855
-786
-637
-490
-163
241
399
619
961
1068
1011
944
1007
1269
1136
645
323
244
316
262
-90
-384
-427
-549
-691
-787
-879
-755
-640
-741
-603
-373
-202
7
-55
-36
316
584
653
788
882
865
913
1024
952
1091
1225
1020
1200
1287
1131
1500
1741
1624
1710
1493
1400
1770
1444
880
726
364
365
305
-498
-745
-669
-1026
-1294
-1681
-2075
-1891
-2081
-2688
-2777
-2757
-2753
-2820
-3224
-3053
-2414
-2125
-1952
-1764
-1323
-528
-155
-83
230
498
822
1018
901
1169
1459
1369
1419
1394
1456
1783
1676
1393
1461
1433
1432
1512
1260
1186
1156
794
631
648
521
364
-44
-550
-547
-538
-690
-922
-1288
-1350
-1214
-1154
-1113
-1013
-953
-813
-632
-428
-215
-139
-181
-255
-264
-249
-356
-548
-817
-1097
-1234
-1324
-1463
-1620
-1730
-1741
-1487
-1267
-1105
-806
-575
-216
302
570
800
1014
1023
1270
1479
1526
1755
1878
1909
2174
2311
2246
2462
2472
2338
2465
2188
1990
2112
1685
1297
1198
804
572
337
-199
-68
138
-470
-805
-963
-1129
-817
-1183
-1934
-1893
-1885
-2137
-2230
-2616
-2732
-2557
-2993
-3303
-3094
-2901
-2664
-2691
-2791
-2145
-1477
-1246
-962
-659
-123
443
585
780
1178
1422
1601
1582
1524
1863
2038
1957
1956
1910
2131
2386
2224
2126
2162
2152
2286
2212
1930
1953
1820
1545
1360
1007
687
416
-30
-470
-772
-1015
-1195
-1503
-1813
-1901
-1839
-1859
-1926
-1986
-1943
-1816
-1732
-1646
-1575
-1550
-1495
-1397
-1366
-1242
-1159
-1152
-1120
-1046
-856
-669
-662
-703
-533
-196
153
266
330
610
936
1269
1552
1746
2035
2310
2496
2756
2929
3101
3230
3097
3022
3116
2992
2660
2479
2160
1927
1797
1278
860
718
380
116
108
-189
-412
-578
-921
-767
-666
-1077
-1288
-1504
-1690
-1560
-1993
-2575
-2616
-2758
-2987
-3087
-3338
-3267
-3002
-3197
-3120
-2649
-2301
-1848
-1626
-1475
-840
-205
117
345
571
942
1368
1577
1755
1951
2162
2374
2449
2605
2856
2895
2896
2906
2898
2998
3046
2853
2667
2435
2110
1932
1605
1203
958
552
190
-56
-433
-777
-1077
-1578
-2052
-2326
-2582
-2775
-3032
-3344
-3427
-3327
-3270
-3281
-3174
-2891
-2599
-2320
-2016
-1680
-1339
-1119
-984
-767
-500
-335
-312
-340
-211
-31
19
54
87
203
442
584
694
979
1243
1465
1743
2071
2388
2585
2680
2734
2855
2900
2770
2520
2308
2155
2011
1799
1397
1091
1015
739
452
310
-35
-168
-288
-745
-841
-826
-1119
-1303
-1601
-1809
-1575
-1821
-2348
-2443
-2531
-2373
-2227
-2706
-2785
-2412
-2426
-2346
-2222
-2233
-1836
-1643
-1817
-1496
-1129
-936
-696
-705
-453
191
534
708
959
1219
1695
2040
2137
2338
2528
2633
2694
2632
2668
2776
2617
2395
2209
2074
2048
1755
1333
1126
942
761
504
18
-284
-432
-722
-987
-1279
-1580
-1716
-1985
-2292
-2400
-2516
-2597
-2690
-2846
-2773
-2586
-2490
-2387
-2266
-2042
-1689
-1418
-1183
-888
-621
-294
-38
129
398
564
573
658
703
801
977
913
912
1057
1160
1384
1537
1596
1835
2053
2207
2467
2517
2485
2514
2389
2273
2234
1994
1722
1515
1253
1115
928
724
480
279
245
97
-9
-71
-319
-460
-524
-730
-700
-724
-1032
-1163
-1312
-1305
-903
-873
-1073
-999
-1029
-838
-583
-820
-964
-812
-903
-943
-830
-1005
-895
-838
-1069
-942
-729
-615
-434
-418
-307
109
315
461
693
890
1259
1472
1493
1710
1866
1924
2019
1904
1924
2061
1876
1698
1527
1360
1375
1139
731
549
314
110
-9
-285
-495
-622
-922
-1197
-1298
-1483
-1685
-1963
-2280
-2395
-2398
-2498
-2616
-2680
-2619
-2386
-2207
-2064
-1834
-1547
-1254
-943
-623
-292
18
229
426
663
935
1094
1135
1162
1226
1304
1314
1273
1241
1275
1316
1320
1256
1271
1323
1318
1320
1332
1371
1401
1315
1206
1131
1037
933
696
477
375
272
166
62
-95
-66
88
10
40
91
86
209
172
23
142
188
64
-2
-232
-240
-50
-260
-536
-675
-872
-817
-923
-1379
-1524
-1539
-1716
-1819
-1976
-2049
-1852
-1867
-1916
-1711
-1466
-1134
-906
-876
-642
-266
-43
165
301
509
873
1016
1115
1310
1428
1640
1737
1687
1814
1857
1739
1623
1457
1335
1270
979
633
394
170
35
-182
-521
-694
-777
-909
-1006
-1144
-1265
-1287
-1387
-1507
-1557
-1586
-1625
-1676
-1701
-1597
-1383
-1188
-998
-834
-611
-303
-40
138
231
309
441
535
532
471
341
215
171
133
123
116
77
85
122
211
337
426
488
552
645
717
757
740
677
625
583
573
580
575
523
474
465
555
668
733
741
753
958
1112
1149
1199
1144
1130
1182
1013
858
840
584
296
0
-318
-338
-447
-821
-1084
-1184
-1178
-1126
-1320
-1535
-1401
-1314
-1357
-1378
-1462
-1401
-1311
-1435
-1457
-1263
-1062
-901
-842
-764
-404
-30
138
256
392
701
1000
1035
1091
1181
1270
1349
1353
1401
1571
1569
1411
1378
1363
1448
1423
1084
822
744
655
529
256
-97
-214
-295
-486
-597
-654
-757
-837
-952
-1038
-966
-977
-1136
-1277
-1337
-1284
-1202
-1232
-1278
-1234
-1127
-984
-844
-744
-629
-498
-386
-250
-125
-12
64
113
190
296
386
446
478
528
627
704
760
754
739
771
787
773
756
771
760
752
756
794
905
993
966
968
1136
1328
1431
1406
1238
1256
1476
1442
1303
1195
1035
1043
996
662
532
549
305
36
-270
-455
-352
-525
-1039
-1296
-1397
-1423
-1470
-1897
-2090
-1970
-2022
-2115
-2173
-2194
-2009
-1968
-2137
-1960
-1665
-1477
-1342
-1402
-1171
-576
-247
-110
81
385
889
1245
1298
1480
1759
1916
2074
2083
2146
2333
2202
1961
1866
1775
1705
1479
1018
787
709
499
309
8
-268
-298
-482
-755
-841
-959
-1103
-1268
-1531
-1617
-1570
-1726
-1937
-2050
-2088
-1971
-1914
-1965
-1892
-1759
-1600
-1423
-1268
-1080
-852
-727
-605
-452
-325
-121
26
95
233
344
431
543
601
657
749
803
848
955
1065
1146
1199
1225
1277
1399
1467
1459
1458
1509
1564
1604
1523
1445
1492
1533
1526
1460
1294
1188
1249
1153
966
836
647
539
400
-1
-236
-297
-524
-827
-1245
-1602
-1532
-1564
-1986
-2258
-2432
-2417
-2260
-2462
-2619
-2382
-2262
-2278
-2185
-2166
-1890
-1599
-1680
-1513
-1163
-936
-734
-721
-584
-39
349
495
717
995
1492
1940
2033
2220
2531
2726
2867
2806
2750
2871
2722
2362
2100
1865
1665
1468
979
594
426
94
-136
-412
-672
-756
-972
-1230
-1274
-1290
-1380
-1516
-1753
-1813
-1669
-1726
-1903
-1965
-1993
-1835
-1737
-1806
-1693
-1468
-1267
-1100
-923
-714
-394
-123
49
260
537
782
913
1003
1052
1147
1239
1203
1190
1237
1189
1167
1116
1056
1094
1061
954
912
927
934
971
854
753
852
935
959
915
827
897
983
890
804
730
634
658
572
284
159
11
-217
-316
-628
-949
-952
-1066
-1258
-1399
-1675
-1659
-1501
-1708
-1864
-1815
-1775
-1559
-1524
-1747
-1545
-1247
-1152
-978
-933
-819
-473
-411
-406
-103
107
300
442
436
748
1157
1268
1354
1498
1680
1940
2004
1999
2160
2224
2108
1952
1783
1749
1654
1293
932
694
523
331
10
-288
-407
-555
-781
-947
-1074
-1061
-1058
-1243
-1330
-1274
-1236
-1239
-1331
-1406
-1358
-1344
-1433
-1471
-1417
-1333
-1299
-1356
-1335
-1186
-1028
-903
-761
-544
-276
-75
79
294
509
691
779
792
873
995
1031
975
911
870
843
794
687
648
708
712
655
550
539
638
719
701
645
710
809
825
764
671
656
699
629
494
424
375
315
313
158
8
41
-35
-101
-121
-294
-334
-243
-367
-452
-540
-684
-575
-525
-777
-854
-843
-851
-706
-828
-984
-803
-726
-742
-671
-733
-628
-425
-492
-457
-286
-218
-121
-108
-160
83
281
300
405
432
581
754
706
765
863
860
898
823
733
825
742
532
453
343
338
336
115
30
102
51
48
35
-45
13
-10
-166
-112
-74
-183
-226
-435
-518
-476
-630
-813
-962
-1085
-1125
-1158
-1234
-1177
-1106
-1036
-934
-825
-610
-374
-236
-78
105
233
393
418
390
469
490
420
359
299
328
367
269
202
222
268
311
325
329
477
585
566
577
572
669
781
712
659
696
697
765
734
620
680
729
624
684
706
619
714
605
476
544
401
256
275
145
30
-74
-357
-393
-336
-608
-824
-944
-1031
-911
-1069
-1420
-1419
-1332
-1344
-1379
-1534
-1503
-1253
-1273
-1361
-1263
-1098
-818
-687
-724
-512
-168
81
274
379
587
927
1095
1174
1325
1468
1642
1695
1616
1651
1620
1495
1383
1235
1162
1126
956
814
766
641
530
418
283
287
234
47
-57
-160
-248
-348
-589
-773
-821
-922
-1061
-1201
-1338
-1309
-1318
-1420
-1435
-1392
-1284
-1144
-1093
-980
-791
-681
-563
-443
-362
-211
-135
-146
-59
9
24
31
-44
-60
16
4
-2
29
69
177
242
265
377
489
528
581
628
681
795
836
854
922
981
1035
1106
1159
1198
1269
1298
1280
1354
1397
1342
1318
1249
1157
1080
836
529
379
188
-120
-440
-831
-1039
-1104
-1415
-1735
-1864
-1901
-1804
-1829
-2022
-1938
-1697
-1615
-1572
-1516
-1389
-1094
-996
-1038
-851
-608
-471
-391
-378
-170
167
300
362
513
747
995
1086
1128
1334
1546
1624
1608
1579
1698
1817
1690
1526
1438
1426
1421
1223
987
913
847
689
509
262
135
77
-155
-381
-534
-686
-809
-992
-1231
-1366
-1474
-1642
-1762
-1856
-1923
-1886
-1895
-1864
-1740
-1693
-1594
-1488
-1373
-1238
-1108
-1025
-913
-768
-610
-452
-380
-271
-104
48
199
301
399
575
720
816
952
1027
1084
1175
1184
1204
1244
1226
1220
1204
1136
1100
1109
1103
1103
1109
1082
1096
1111
1151
1183
1154
1072
986
952
886
752
586
416
254
76
-174
-449
-616
-784
-1033
-1273
-1484
-1585
-1626
-1782
-1935
-1947
-1910
-1849
-1817
-1806
-1657
-1456
-1376
-1288
-1166
-1008
-807
-695
-604
-410
-198
-29
112
237
454
688
823
943
1103
1317
1517
1616
1691
1803
1872
1902
1869
1815
1801
1734
1579
1437
1279
1112
968
743
512
341
152
-10
-155
-354
-514
-648
-830
-972
-1087
-1242
-1361
-1467
-1598
-1685
-1765
-1844
-1855
-1857
-1862
-1807
-1725
-1621
-1476
-1338
-1166
-958
-752
-534
-313
-116
95
296
465
603
731
873
1005
1093
1161
1199
1225
1263
1249
1220
1205
1152
1105
1073
1004
962
920
827
765
741
699
700
690
664
696
704
677
688
700
690
684
631
578
546
480
373
237
81
-70
-211
-373
-550
-728
-861
-988
-1143
-1282
-1381
-1412
-1412
-1447
-1462
-1377
-1262
-1134
-1023
-944
-788
-603
-468
-329
-202
-70
96
210
290
410
534
607
659
718
812
946
1011
1030
1091
1166
1222
1245
1225
1239
1265
1232
1157
1080
1015
958
844
677
541
434
323
172
-14
-134
-250
-384
-534
-715
-834
-921
-1036
-1163
-1256
-1335
-1388
-1416
-1478
-1492
-1476
-1465
-1440
-1412
-1369
-1295
-1226
-1157
-1054
-943
-831
-709
-586
-452
-294
-197
-80
42
150
285
394
504
628
736
789
851
891
932
973
953
933
919
883
834
772
698
651
583
510
473
426
397
377
352
332
337
341
360
393
425
457
471
452
433
411
384
331
237
162
79
-18
-118
-227
-332
-414
-515
-621
-678
-699
-670
-640
-655
-636
-557
-460
-359
-311
-253
-115
0
63
105
129
201
262
242
227
241
237
233
199
153
169
168
137
125
110
116
142
126
120
142
145
135
117
97
116
100
33
1
-11
-41
-84
-182
-243
-234
-279
-350
-404
-457
-452
-469
-554
-594
-604
-630
-649
-709
-761
-734
-734
-773
-793
-815
-792
-760
-778
-761
-686
-612
-520
-451
-380
-237
-108
-14
97
198
319
444
505
580
684
755
814
838
833
869
870
822
784
728
689
654
580
529
493
424
356
293
240
238
221
183
190
219
230
238
215
213
247
245
214
185
167
166
140
74
25
0
-22
-53
-97
-122
-116
-125
-164
-204
-216
-175
-144
-144
-131
-109
-86
-73
-82
-87
-70
-62
-60
-51
-51
-48
-62
-107
-131
-135
-142
-138
-153
-159
-127
-109
-98
-58
-20
30
91
136
197
273
330
392
454
480
511
526
538
556
549
510
451
384
326
262
169
63
-50
-149
-249
-359
-461
-570
-663
-763
-860
-942
-1003
-1039
-1073
-1087
-1090
-1075
-1033
-993
-935
-862
-764
-651
-526
-394
-258
-108
32
167
289
404
523
621
716
798
857
917
933
939
947
952
943
920
876
820
776
710
644
565
481
410
324
232
148
73
15
-30
-80
-120
-147
-166
-167
-173
-191
-200
-196
-189
-176
-175
-177
-169
-165
-172
-166
-167
-159
-129
-126
-127
-121
-114
-82
-55
-68
-57
-44
-28
-4
-4
-10
6
26
40
51
41
48
65
62
41
20
5
-4
-11
-23
-31
-22
-16
-14
-8
3
21
37
54
67
81
93
97
92
74
55
37
16
-6
-42
-82
-121
-170
-225
-281
-349
-418
-487
-554
-599
-633
-673
-708
-734
-745
-737
-728
-712
-676
-637
-590
-531
-466
-385
-306
-233
-154
-65
35
139
233
324
405
479
549
606
651
677
698
723
736
741
721
676
626
582
530
461
379
288
202
128
45
-34
-104
-163
-207
-254
-290
-310
-314
-303
-293
-276
-246
-210
-171
-135
-89
-35
6
36
78
121
159
198
219
239
269
287
300
315
321
325
327
317
306
297
285
270
237
200
169
145
121
98
63
16
-25
-65
-101
-135
-177
-219
-250
-289
-328
-368
-399
-414
-424
-441
-449
-442
-425
-401
-392
-382
-346
-302
-265
-231
-204
-163
-114
-83
-61
-34
-7
21
28
30
38
40
34
16
-3
-24
-53
-83
-107
-114
-117
-131
-154
-162
-153
-138
-125
-113
-90
-63
-36
-8
27
78
124
158
185
225
269
304
326
337
364
389
398
384
370
369
362
337
293
257
233
196
149
84
36
13
-34
-74
-115
-149
-174
-200
-237
-259
-255
-254
-246
-236
-216
-182
-155
-131
-105
-79
-50
-21
4
33
60
81
101
113
117
125
138
146
151
153
150
157
157
144
132
108
85
77
62
42
24
1
-13
-28
-51
-67
-84
-95
-105
-123
-138
-146
-155
-168
-183
-196
-195
-191
-184
-173
-159
-142
-126
-116
-97
-68
-33
3
35
64
92
116
132
144
149
153
154
149
144
135
113
85
52
10
-36
-80
-119
-144
-165
-187
-206
-222
-235
-240
-237
-223
-207
-190
-170
-139
-99
-60
-22
17
63
110
150
187
224
254
275
284
289
299
307
300
276
246
224
194
150
100
51
8
-38
-91
-142
-180
-217
-252
-282
-308
-325
-335
-341
-337
-325
-314
-291
-264
-229
-187
-147
-107
-68
-28
23
73
120
167
214
266
316
358
394
426
453
473
486
493
503
506
497
486
471
453
429
392
353
316
282
243
200
154
108
70
28
-20
-66
-110
-142
-169
-198
-222
-236
-249
-256
-261
-259
-245
-235
-224
-203
-179
-158
-141
-128
-107
-89
-75
-68
-68
-62
-51
-57
-67
-83
-102
-111
-125
-147
-171
-192
-209
-226
-246
-265
-278
-285
-289
-291
-293
-285
-264
-235
-205
-174
-138
-92
-33
24
71
122
175
228
271
301
325
343
356
360
356
351
339
324
298
266
229
185
141
95
44
-8
-60
-109
-148
-186
-228
-259
-284
-300
-305
-315
-316
-308
-295
-274
-256
-237
-206
-165
-133
-92
-45
7
67
115
159
213
271
321
358
393
424
456
483
491
490
489
484
470
447
418
388
352
307
258
202
150
96
35
-29
-88
-139
-190
-241
-290
-327
-360
-390
-418
-436
-443
-447
-452
-455
-450
-431
-414
-402
-386
-364
-332
-297
-266
-233
-197
-158
-120
-87
-56
-25
1
20
36
53
66
72
74
75
77
80
82
80
79
82
85
88
92
97
104
111
122
138
157
177
194
209
227
245
257
267
274
276
278
274
268
259
246
228
205
177
147
117
82
39
-10
-60
-108
-157
-206
-257
-309
-357
-401
-440
-472
-500
-525
-542
-552
-555
-548
-537
-515
-482
-444
-399
-348
-288
-219
-144
-70
1
77
157
232
307
371
433
495
551
599
639
672
701
718
726
724
711
692
664
626
585
537
486
432
372
312
250
183
114
48
-22
-87
-147
-205
-260
-315
-362
-401
-431
-457
-481
-499
-506
-505
-501
-490
-474
-450
-420
-388
-352
-316
-277
-236
-201
-165
-127
-89
-55
-25
1
27
53
76
95
113
130
146
154
163
173
185
193
196
201
209
218
220
221
223
227
226
222
215
209
204
195
181
168
155
138
119
93
67
42
13
-17
-55
-91
-128
-163
-200
-240
-276
-307
-333
-362
-393
-417
-434
-449
-465
-478
-480
-470
-461
-450
-425
-393
-356
-314
-268
-215
-160
-103
-49
6
73
129
184
237
286
333
379
418
450
482
505
522
536
549
554
549
533
514
497
472
437
395
349
303
253
199
143
87
31
-17
-65
-111
-153
-192
-225
-255
-283
-303
-318
-329
-337
-344
-345
-337
-325
-316
-303
-286
-255
-223
-195
-166
-135
-105
-76
-52
-29
-8
11
27
41
49
60
70
80
92
100
107
114
127
138
143
143
140
140
139
135
131
128
127
121
115
110
111
108
107
102
94
89
81
72
62
49
29
9
-8
-23
-41
-64
-90
-115
-138
-162
-186
-212
-232
-248
-262
-274
-284
-288
-289
-289
-287
-282
-272
-258
-241
-222
-200
-175
-145
-111
-71
-28
15
58
104
149
194
234
269
303
332
353
369
381
392
400
397
390
382
369
353
333
312
284
250
212
172
130
87
38
-12
-58
-101
-144
-183
-213
-240
-265
-287
-304
-316
-318
-320
-324
-322
-312
-299
-281
-261
-237
-207
-171
-134
-95
-57
-17
20
52
83
115
140
162
178
194
208
218
221
222
220
218
213
204
194
179
163
148
130
108
86
65
47
26
5
-12
-28
-42
-57
-72
-84
-91
-101
-105
-108
-114
-116
-119
-121
-118
-117
-120
-120
-121
-123
-117
-120
-123
-126
-131
-132
-133
-133
-133
-131
-133
-131
-124
-119
-112
-107
-99
-88
-79
-69
-57
-43
-28
-12
1
21
45
70
96
118
136
162
185
200
211
220
227
233
236
234
233
230
222
216
206
192
177
158
136
111
85
56
26
-7
-35
-60
-88
-115
-136
-152
-166
-177
-187
-189
-195
-195
-186
-173
-163
-153
-138
-115
-91
-70
-49
-24
2
27
52
74
92
109
122
136
151
159
162
162
160
157
151
141
128
116
104
91
77
62
44
25
6
-12
-32
-55
-73
-88
-104
-118
-132
-141
-145
-150
-151
-149
-148
-144
-138
-131
-128
-124
-118
-110
-101
-91
-83
-76
-65
-53
-43
-32
-26
-20
-12
-7
-6
-4
-3
-1
3
5
10
17
21
26
29
31
38
44
46
46
46
52
56
59
66
78
87
95
104
116
128
131
133
138
138
138
135
134
131
124
114
105
94
83
71
56
35
11
-10
-25
-48
-76
-102
-121
-134
-149
-164
-175
-182
-186
-188
-190
-186
-177
-167
-159
-150
-135
-109
-86
-69
-50
-24
6
33
55
77
98
115
131
148
161
172
178
181
185
187
185
178
168
156
145
132
114
95
74
53
32
9
-13
-35
-57
-81
-103
-119
-134
-149
-161
-173
-179
-181
-182
-182
-181
-178
-170
-162
-155
-146
-136
-124
-116
-107
-94
-77
-60
-45
-30
-11
7
23
39
54
67
80
90
98
108
116
124
132
136
141
145
147
147
147
143
141
138
133
131
126
123
116
107
99
89
79
68
61
54
43
29
18
8
-3
-17
-33
-49
-61
-77
-92
-108
-121
-131
-144
-151
-157
-162
-164
-168
-171
-170
-166
-162
-155
-147
-139
-129
-119
-105
-89
-75
-60
-42
-22
-2
15
32
49
66
84
101
117
128
139
152
162
166
170
174
177
174
167
159
152
144
132
122
114
104
93
81
66
52
36
22
8
-9
-25
-43
-59
-75
-89
-102
-111
-119
-127
-134
-139
-145
-150
-155
-158
-155
-152
-150
-148
-145
-138
-128
-119
-108
-94
-75
-59
-44
-27
-10
7
22
36
53
68
81
91
101
109
116
124
130
134
138
141
142
141
138
133
128
123
116
110
100
86
73
59
47
33
16
1
-11
-24
-36
-49
-60
-69
-76
-85
-92
-98
-102
-106
-111
-115
-117
-119
-119
-115
-112
-107
-102
-93
-85
-76
-65
-52
-38
-26
-13
-1
10
22
34
45
57
69
78
87
95
103
111
115
119
122
126
127
125
122
119
115
108
100
93
85
75
63
50
39
30
21
11
-2
-13
-25
-36
-49
-65
-78
-86
-93
-102
-109
-118
-122
-125
-128
-129
-130
-127
-122
-118
-114
-111
-105
-99
-90
-83
-73
-60
-49
-39
-28
-17
-4
7
20
32
45
57
67
78
87
96
105
112
115
119
121
120
118
114
110
106
99
91
79
68
58
45
32
21
12
1
-12
-25
-35
-46
-56
-69
-80
-86
-91
-98
-106
-111
-113
-113
-113
-112
-108
-103
-97
-90
-83
-73
-61
-49
-35
-21
-8
5
20
32
50
62
74
87
97
107
118
126
133
140
143
149
151
149
146
140
135
128
118
108
96
82
68
55
39
25
7
-7
-20
-33
-50
-62
-77
-91
-104
-117
-129
-138
-150
-158
-165
-169
-171
-172
-174
-173
-169
-165
-156
-147
-139
-127
-116
-103
-87
-72
-59
-44
-29
-14
2
18
36
52
66
80
96
110
124
135
146
155
162
166
170
175
175
174
171
169
164
159
150
140
129
119
107
94
79
64
50
36
19
1
-16
-31
-47
-62
-78
-92
-106
-116
-127
-138
-146
-151
-157
-160
-162
-162
-158
-154
-152
-146
-141
-132
-123
-115
-107
-96
-84
-73
-61
-51
-38
-20
-5
8
22
35
49
64
74
84
92
101
108
112
115
118
121
122
121
123
124
124
123
119
115
111
105
97
91
81
73
63
51
41
31
18
5
-8
-18
-27
-38
-49
-56
-60
-64
-70
-73
-75
-75
-76
-79
-79
-77
-78
-77
-76
-75
-72
-72
-72
-68
-64
-60
-54
-49
-42
-36
-30
-23
-15
-9
-2
4
10
16
19
24
27
31
35
40
43
44
46
47
49
47
46
43
40
38
32
26
22
20
15
7
2
0
-4
-8
-10
-13
-13
-14
-17
-17
-16
-17
-18
-17
-18
-18
-17
-15
-13
-9
-7
-6
-2
1
2
3
4
6
11
11
11
13
16
16
16
17
18
20
21
20
19
22
21
23
21
19
19
17
16
15
11
9
7
2
-2
-4
-7
-11
-14
-18
-21
-22
-23
-27
-28
-27
-26
-25
-24
-23
-20
-20
-18
-18
-15
-11
-10
-9
-8
-4
-2
-1
-1
0
3
6
7
9
10
11
10
10
11
11
10
9
9
10
12
13
12
11
11
12
12
12
9
8
7
7
4
0
-1
0
-1
-5
-9
-11
-8
-10
-12
-14
-16
-17
-19
-21
-20
-19
-19
-21
-22
-22
-18
-16
-14
-13
-11
-8
-4
-2
-1
-1
1
5
6
8
10
9
10
12
10
13
13
13
14
15
17
19
19
19
19
18
19
22
23
22
22
22
24
25
22
18
15
14
12
9
4
2
0
-2
-5
-5
-8
-10
-13
-14
-15
-14
-17
-20
-21
-21
-21
-22
-24
-25
-25
-25
-24
-22
-18
-19
-17
-13
-10
-7
-4
-4
1
6
7
9
9
12
14
14
13
15
16
16
15
12
13
15
14
12
11
12
15
13
12
10
11
13
11
8
7
6
4
1
0
-2
-3
-5
-6
-8
-9
-11
-14
-15
-15
-16
-16
-19
-19
-17
-17
-17
-17
-16
-15
-12
-11
-6
-3
-1
2
3
6
9
12
13
13
13
14
15
13
10
9
8
7
5
0
-1
1
-1
-1
-4
-5
-4
-4
-5
-4
-2
-1
-2
-2
-1
-2
-2
-2
-1
0
4
5
6
9
8
9
8
10
9
9
7
7
10
10
8
7
3
2
3
0
-2
-2
-4
-2
-3
-3
-4
-5
-5
-4
-3
-3
0
0
1
3
2
2
4
3
2
2
4
5
6
4
3
4
3
3
0
-4
-5
-7
-10
-13
-16
-18
-18
-19
-21
-22
-21
-18
-17
-15
-15
-13
-10
-8
-7
-4
-2
1
2
3
5
6
7
7
7
9
10
11
11
10
8
10
11
10
9
10
10
11
10
12
12
11
11
10
9
7
5
4
1
-1
-4
-5
-7
-8
-10
-11
-10
-9
-8
-7
-6
-2
2
3
4
7
7
7
6
7
8
10
7
6
3
2
-1
-4
-5
-6
-8
-12
-15
-16
-17
-17
-18
-18
-16
-15
-14
-12
-10
-8
-5
-3
-2
0
0
3
3
3
4
6
6
6
5
5
5
6
5
5
5
6
7
6
4
3
4
4
3
3
4
4
4
4
5
4
6
7
8
11
11
10
11
12
13
11
9
7
7
5
3
2
2
2
0
-3
-3
-4
-7
-9
-11
-11
-10
-11
-11
-10
-12
-9
-8
-6
-4
-4
-3
-2
-1
-1
-2
-5
-4
-4
-6
-8
-8
-9
-11
-12
-11
-8
-9
-10
-9
-7
-5
-5
-7
-6
-3
-2
-2
0
0
1
2
0
2
3
3
3
4
4
7
7
5
6
7
7
7
5
5
5
5
5
5
5
5
7
6
8
9
9
10
12
14
15
15
15
14
15
12
11
9
8
7
4
2
1
-2
-4
-5
-7
-7
-8
-10
-10
-9
-8
-8
-8
-7
-5
-5
-4
-3
0
-1
0
0
2
2
1
1
3
3
2
1
0
2
1
0
1
2
4
4
4
7
9
10
11
10
10
10
8
7
5
3
0
-4
-7
-9
-11
-13
-16
-16
-15
-16
-17
-18
-18
-18
-16
-18
-16
-13
-13
-12
-12
-10
-7
-4
-4
-1
1
3
4
4
5
5
6
6
6
6
8
9
7
7
7
6
6
3
3
4
2
2
-1
-2
-2
-2
-2
0
1
3
6
6
9
12
11
11
12
13
14
14
14
13
12
11
11
10
9
7
6
4
2
-2
-4
-6
-8
-10
-10
-11
-13
-14
-17
-16
-15
-16
-15
-16
-14
-12
-13
-14
-13
-12
-10
-9
-7
-4
-1
-1
1
2
5
5
6
7
10
12
10
11
10
11
11
9
7
8
8
6
5
2
2
0
-1
-1
0
1
1
1
2
2
3
3
4
4
3
4
3
2
