14
2
-18
-39
-40
-33
-44
-57
-58
-58
-70
-96
-110
-108
-105
-109
-111
-109
-114
-106
-102
-108
-106
-97
-93
-94
-82
-70
-53
-46
-32
-15
-3
3
12
29
24
38
66
69
83
75
79
103
117
117
112
112
115
119
103
103
110
108
101
101
86
72
59
34
25
17
1
-17
-28
-37
-52
-65
-76
-102
-131
-149
-144
-155
-179
-174
-169
-184
-198
-208
-211
-237
-243
-226
-220
-224
-245
-226
-214
-229
-228
-233
-245
-244
-242
-237
-227
-233
-229
-225
-234
-227
-221
-227
-221
-207
-193
-188
-191
-184
-156
-138
-133
-109
-87
-80
-69
-46
-14
6
22
50
87
124
148
170
202
229
255
293
320
338
364
400
430
450
447
467
490
484
489
501
512
517
510
503
506
487
460
461
454
427
401
378
362
337
302
284
271
226
193
174
147
124
102
69
49
40
17
-8
-34
-54
-66
-74
-115
-118
-147
-202
-183
-170
-192
-212
-222
-236
-241
-270
-309
-303
-308
-390
-344
-343
-376
-350
-420
-382
-370
-465
-434
-383
-490
-468
-456
-436
-438
-478
-514
-464
-456
-558
-479
-494
-469
-486
-482
-395
-391
-446
-374
-302
-359
-355
-275
-233
-214
-184
-76
22
17
87
159
214
250
311
373
423
501
571
632
663
725
797
814
816
844
856
852
848
900
942
908
900
895
887
827
767
725
664
571
534
518
449
388
347
303
241
162
90
20
-59
-89
-125
-148
-169
-223
-266
-259
-261
-300
-318
-334
-356
-332
-339
-301
-298
-286
-250
-248
-272
-237
-221
-282
-225
-243
-303
-189
-228
-233
-227
-281
-142
-346
-212
-258
-358
-323
-291
-228
-477
-370
-310
-490
-396
-551
-487
-441
-684
-491
-604
-623
-693
-594
-678
-793
-693
-798
-752
-776
-779
-751
-768
-764
-698
-708
-722
-613
-627
-616
-500
-479
-399
-310
-277
-181
-160
-80
19
88
152
221
362
434
535
637
672
773
831
898
949
923
997
1040
1089
1117
1181
1187
1143
1152
1126
1093
1028
986
928
855
809
757
733
644
526
492
395
314
220
132
100
38
20
-31
-61
-85
-127
-118
-163
-203
-217
-234
-216
-224
-175
-116
-102
-107
-95
-13
-53
-71
-11
19
-4
42
102
78
143
170
149
157
162
132
155
109
124
189
103
161
31
57
117
-126
86
-130
-162
-150
-132
-58
-406
-80
-309
-229
-234
-464
-292
-391
-367
-484
-310
-488
-549
-297
-525
-483
-541
-513
-564
-602
-584
-695
-484
-582
-661
-620
-626
-628
-669
-665
-689
-744
-641
-626
-551
-485
-409
-302
-263
-212
-183
-178
-75
-15
44
186
301
374
488
623
677
785
865
950
1016
1077
1217
1305
1383
1453
1553
1622
1606
1652
1599
1615
1609
1518
1517
1501
1522
1460
1422
1368
1251
1189
1028
910
811
713
643
545
512
470
451
422
327
352
281
211
203
154
170
139
221
199
218
288
246
262
299
308
246
302
382
349
356
436
434
383
425
469
335
389
435
242
458
410
112
400
381
225
336
-11
208
226
-383
-48
57
-458
-429
4
-322
-607
-540
-293
-628
-850
-566
-795
-861
-766
-779
-690
-794
-963
-545
-870
-985
-791
-883
-943
-782
-821
-822
-575
-724
-740
-454
-605
-537
-418
-408
-341
-254
-187
-22
57
86
366
420
546
722
790
991
1143
1228
1418
1629
1808
1940
2162
2302
2415
2610
2689
2828
2956
3016
3113
3154
3236
3285
3298
3203
3144
3158
2913
2791
2717
2510
2328
2214
2070
1880
1741
1527
1315
1144
952
744
495
334
163
-10
-150
-269
-358
-472
-644
-724
-858
-1136
-1180
-1222
-1473
-1500
-1565
-1646
-1651
-1788
-1755
-1885
-1999
-2047
-2065
-2062
-2079
-2162
-1996
-2106
-2064
-2174
-2101
-2061
-2195
-2193
-2317
-1928
-2351
-2188
-1836
-2311
-2283
-1794
-2409
-2319
-2122
-2316
-2370
-2209
-2157
-2502
-2041
-2269
-2199
-2450
-2211
-2105
-2536
-2171
-2279
-2300
-2226
-2273
-2108
-2129
-2270
-2276
-1788
-2251
-2275
-1667
-2097
-1802
-1859
-1772
-1656
-1707
-1781
-1628
-1481
-1728
-1509
-1297
-1302
-1285
-1101
-1082
-931
-1107
-848
-799
-907
-679
-576
-472
-368
-202
-135
-88
-46
48
68
63
123
304
373
476
575
655
705
750
745
753
884
817
822
1028
1076
1042
1119
1222
1130
1076
1090
968
922
887
854
838
743
703
646
557
423
327
258
130
61
105
81
100
112
-18
15
122
-139
-71
-53
-160
-64
-118
47
-78
-109
49
-104
-60
-116
-58
-150
-197
13
-100
-81
-100
29
14
-56
-109
209
-182
-5
73
160
-146
-132
369
-169
-121
-30
219
-392
36
93
-13
-326
121
42
-178
-111
51
177
-448
236
-235
-12
-300
-146
-132
-313
-291
-86
-102
-290
-117
-102
-57
-548
192
-342
-422
101
-219
-365
26
-209
30
-126
-323
77
-74
-329
64
84
-175
59
215
61
78
314
196
342
334
455
555
406
630
612
587
502
586
629
508
589
772
711
757
906
922
952
924
990
1025
981
1015
1245
1206
1319
1389
1335
1408
1309
1257
1224
1151
1121
1100
1042
957
970
903
790
796
717
622
582
517
587
269
558
529
175
533
251
153
144
205
-99
57
-137
-233
123
-262
-213
-107
-26
-585
-74
-182
-384
-244
-161
-346
-76
-58
-438
196
-184
-397
-63
46
-726
267
-503
-86
100
-605
428
-426
-346
195
-513
-190
-125
-457
-294
52
-585
-150
-371
-365
-371
-481
-66
-889
-141
-540
-532
-416
-712
-270
-784
-233
-382
-863
11
-501
-926
-4
-545
-699
-229
-579
-322
-333
-312
-311
-56
-592
-21
-253
-154
-167
-281
52
-219
-119
-69
10
-115
-85
97
-36
107
83
161
223
29
213
168
131
184
75
51
207
97
158
203
195
196
250
341
364
335
418
539
449
652
670
625
743
681
660
716
694
669
675
732
685
733
743
740
602
656
570
626
596
397
686
427
588
606
614
520
462
392
482
321
83
418
209
216
215
343
208
-128
289
77
-214
304
-210
280
233
-150
759
-44
78
319
-197
388
-78
18
404
-157
139
123
103
-141
-145
85
-75
-243
110
-183
55
-108
-230
165
-166
57
-428
66
-19
-760
247
-57
-762
8
-181
-285
-270
-444
-56
-582
-176
-253
-487
-150
-220
-538
-187
-241
-914
0
-332
-769
1
-414
-472
-421
-141
-579
-316
-409
-538
-232
-868
-304
-372
-719
-635
-328
-597
-593
-549
-772
-637
-814
-785
-557
-761
-808
-562
-753
-729
-769
-903
-834
-774
-718
-587
-446
-420
-348
-227
-258
-103
-10
-23
167
329
375
618
739
680
820
924
889
938
1043
1026
1019
1156
1126
1143
1275
1216
1087
1345
1256
1019
1263
1361
1068
1125
1337
1122
1008
1110
1151
945
777
903
889
793
777
889
738
555
618
641
432
526
466
460
655
214
597
349
522
55
378
413
52
292
92
194
-46
74
-284
137
-142
-431
-148
217
-675
-139
132
-987
403
-650
-622
83
-536
-816
-470
54
-1277
-91
-661
-762
-130
-951
-636
-231
-661
-1204
211
-1183
-689
-485
-807
-598
-886
-412
-1021
-578
-964
-273
-1071
-733
-351
-1261
-312
-860
-706
-783
-780
-924
-974
-497
-1236
-655
-769
-1020
-538
-878
-1013
-508
-1085
-1087
-672
-1052
-845
-756
-924
-708
-681
-807
-600
-716
-577
-511
-466
-364
-268
-95
-107
38
38
141
399
269
443
519
559
614
787
852
899
923
1018
1134
1007
1127
1229
1144
1301
1254
1411
1277
1377
1491
1195
1443
1212
1370
1320
1179
1309
1360
1155
1331
1243
1038
1248
1061
987
918
1108
764
892
875
875
720
603
857
314
868
392
403
812
407
390
654
387
213
675
-2
364
307
182
-53
343
123
-273
383
-324
-6
-125
38
-141
-97
-200
-194
-134
-501
-143
-82
-535
-139
-180
-746
13
-526
-699
-186
-544
-439
-695
-220
-717
-799
-757
-463
-721
-982
-427
-988
-574
-1165
-988
-976
-1012
-1308
-925
-1000
-883
-938
-906
-1086
-969
-1190
-1072
-934
-1261
-948
-938
-979
-788
-1124
-1041
-944
-1091
-958
-1019
-670
-1289
-322
-753
-997
-258
-757
-490
-251
-523
-401
8
-375
-54
240
84
175
370
407
501
620
631
899
891
871
1252
1185
1067
1519
1327
1373
1491
1529
1597
1705
1629
1685
1898
1672
1812
1777
1879
1562
1763
1820
1567
1713
1386
1516
1526
970
1533
1033
958
1128
997
849
694
1384
131
1068
686
270
696
534
126
497
534
-451
613
11
-119
171
-222
209
-218
-11
-282
242
-658
-257
-24
-650
-58
-530
-410
-232
-483
-542
-288
-597
-836
-398
-290
-1173
-259
-691
-745
-905
-385
-1121
-716
-515
-1549
-155
-1190
-1177
-710
-1080
-1297
-1190
-1065
-1254
-1481
-676
-1716
-922
-1120
-1802
-482
-1539
-1531
-1066
-1245
-1682
-1081
-1264
-1238
-1223
-1405
-1054
-1204
-1300
-1066
-869
-1060
-1025
-817
-767
-879
-642
-1066
-414
-861
-871
-392
-613
-639
-402
-415
-232
-330
-276
-104
-50
-23
11
271
203
182
314
635
414
553
651
642
745
711
1027
982
1004
1135
1158
1312
992
1223
1476
1228
1475
1630
1512
1583
1507
1577
1490
1368
1461
1326
1730
1237
1504
1587
1088
1557
1108
1056
1326
1058
997
1375
939
927
947
733
745
601
747
619
902
384
518
716
207
94
731
17
226
640
125
221
387
-48
-46
422
-278
324
-336
385
-293
-76
-167
-178
-416
-238
-214
-590
-291
-309
-618
-443
-444
-492
-634
-752
-259
-883
-825
-627
-666
-1181
-254
-1675
-394
-761
-1526
-335
-1187
-1133
-902
-990
-1241
-664
-1295
-1290
-562
-1329
-1454
-447
-1366
-1432
-546
-1396
-1329
-763
-1500
-1034
-775
-1913
-431
-875
-1638
-275
-1413
-1094
-668
-868
-1279
-490
-1041
-1007
-370
-1065
-559
-750
-766
-311
-243
-542
192
-253
-193
144
-95
20
504
-6
295
620
338
866
628
689
1035
877
1033
1225
1318
1283
1447
1555
1548
1887
1400
1734
1751
1675
1942
1688
1755
1991
1461
1637
1934
1577
1602
1828
1675
1474
1821
1143
1522
1560
1025
1298
1398
975
1038
1286
614
1011
845
725
922
845
519
834
618
319
841
360
279
624
501
254
514
217
547
-179
79
432
-311
50
362
-234
57
-53
-371
-94
-406
-421
-652
-230
-294
-698
-135
-397
-966
-82
-1023
-626
-451
-932
-623
-800
-217
-1138
-781
-689
-1130
-929
-1284
-483
-847
-1067
-690
-383
-1345
-1045
-972
-1245
-956
-1071
-782
-880
-1013
-976
-1261
-825
-1035
-1306
-586
-798
-905
-564
-725
-639
-693
-815
-356
-567
-556
-343
-213
-87
27
335
450
376
684
675
819
1073
737
1252
1129
1134
1252
1210
1174
1097
1217
1271
1363
1334
1468
1391
1479
1339
1374
1409
935
1238
1063
1077
1133
969
910
594
577
386
228
132
109
173
-9
112
-60
-474
-241
-357
-868
-495
-323
-881
-587
-359
-902
-937
-749
-994
-1043
-946
-1206
-996
-1010
-1200
-1085
-1140
-1320
-1203
-1132
-1408
-1182
-1117
-1546
-1267
-1173
-1771
-1113
-1310
-2019
-1034
-1532
-1780
-1374
-1901
-1557
-2180
-1629
-1822
-1691
-2131
-1577
-1502
-2632
-1374
-2026
-2310
-1636
-2127
-2329
-1692
-2607
-2240
-2094
-2665
-2256
-1959
-2569
-2135
-2223
-2776
-2256
-2027
-2382
-2361
-2328
-2466
-2382
-2888
-2382
-2575
-2683
-2074
-2553
-2321
-2425
-2906
-2315
-2583
-2562
-2261
-2222
-2395
-2067
-1811
-1947
-1361
-1293
-1421
-970
-1052
-1077
-593
-848
-606
71
63
443
646
430
670
422
555
1073
1040
1394
1640
1602
1831
1689
1594
1499
1507
1547
1709
1947
1926
1886
1605
1498
1329
1167
1243
1260
1301
1345
1319
1333
1145
960
1009
917
953
1235
1228
1412
1517
1239
1363
1396
1133
1392
1382
1420
1744
1623
1808
1700
1311
1572
1376
1389
1753
1427
1531
1703
1280
1116
1205
954
1039
1244
979
1033
1212
727
862
731
221
530
486
225
207
407
12
-247
96
-311
-316
-503
-546
-448
-769
-695
-780
-1082
-1254
-904
-1481
-1061
-1379
-1275
-1157
-1716
-1618
-1988
-1495
-1968
-1748
-1786
-2100
-1829
-2012
-2245
-2165
-2177
-2416
-1965
-2113
-2121
-2262
-2314
-2102
-2101
-1454
-1049
-801
-889
-1079
-928
-662
-459
-269
340
588
939
1564
1563
1346
1325
1378
1615
2181
2614
2904
2928
2610
2659
2544
2400
2452
2526
2603
2673
2482
2397
2126
1439
1366
1438
1247
1393
1414
1037
866
562
366
233
177
163
318
270
134
277
129
82
151
360
488
710
812
745
994
826
893
1112
1264
1433
1490
1789
1894
1936
1925
1872
1858
1768
1863
1906
1864
1944
1736
1507
1423
1189
1180
1131
1088
1116
1009
758
569
304
96
89
24
8
96
-127
-548
-555
-741
-996
-872
-741
-904
-948
-1142
-1269
-1433
-1597
-1456
-1688
-1773
-1783
-1940
-2083
-2357
-2436
-2384
-2481
-2107
-2533
-2694
-2606
-2925
-2463
-2667
-2754
-2482
-2873
-3010
-2686
-2461
-1716
-1009
-1019
-767
-1073
-1292
-839
-568
-23
336
921
1368
1715
1843
1469
1529
1583
2101
2960
3364
3563
3282
2815
2763
2714
2920
3202
3092
2907
2583
2249
2028
1629
1350
1267
1034
902
934
544
4
-409
-645
-760
-732
-565
-722
-958
-1193
-1389
-1369
-1289
-1032
-729
-604
-574
-599
-711
-699
-601
-154
183
495
786
849
872
734
859
1159
1466
1723
1834
1711
1450
1118
1136
1299
1387
1464
1444
1287
1041
880
748
642
570
616
570
406
273
46
-160
-129
-233
-241
-286
-351
-476
-683
-730
-786
-715
-947
-1122
-1048
-1217
-1438
-1412
-1521
-1698
-1640
-1937
-1874
-1972
-2418
-2495
-2383
-2382
-2742
-2508
-2615
-2912
-3021
-3149
-3188
-3296
-3361
-3056
-2487
-1574
-964
-1146
-1564
-2074
-1857
-1169
-229
515
676
627
774
1173
1574
1620
1828
2365
2941
3476
3813
3717
3295
2893
3111
3761
4136
4168
3652
2953
2453
2314
2590
2637
2433
2012
1414
992
732
488
142
-215
-331
-454
-560
-882
-1352
-1620
-1879
-1790
-1512
-1383
-1420
-1148
-1184
-1390
-1449
-1546
-1160
-874
-421
-62
-87
-111
7
235
567
737
968
1406
1449
1563
1464
1475
1321
1239
1645
1802
1760
1366
1044
905
698
874
1094
889
638
257
142
92
47
226
35
-54
-156
-303
-369
-591
-706
-559
-541
-587
-600
-822
-1113
-1216
-1079
-1011
-1007
-1178
-1405
-1592
-1759
-1843
-1916
-1966
-2212
-2301
-2416
-2737
-2624
-2731
-2585
-2669
-2864
-2803
-3002
-2743
-1621
-657
-394
-654
-1473
-1206
-804
21
1246
1478
1453
1419
1838
2508
2635
2691
3193
3742
4283
4657
4929
4587
3932
4164
4815
5461
5635
5067
4334
3589
3326
3745
3854
3740
3052
2199
1708
1208
1096
957
491
279
22
-263
-634
-1234
-1434
-1673
-1714
-1407
-1251
-1323
-1787
-2089
-1913
-1671
-1213
-815
-777
-936
-1003
-765
-259
-37
135
300
410
841
1050
1357
1339
1064
1060
1114
1499
1610
1521
1353
914
728
685
768
766
576
368
133
-32
-110
-308
-465
-477
-535
-521
-629
-842
-1108
-1235
-1201
-1050
-889
-932
-1223
-1461
-1619
-1673
-1589
-1467
-1437
-1428
-1543
-1807
-1939
-2150
-2259
-2251
-2129
-2171
-2341
-2574
-2648
-2834
-2848
-2754
-2810
-2795
-2890
-2368
-1375
-775
-771
-1235
-1680
-1243
-576
504
1290
1294
1173
1165
1815
2569
2844
3131
3593
3996
4420
4690
4897
4831
4499
4753
5345
5802
5620
4991
4340
3808
3834
4142
4078
3615
2683
1842
1376
1030
962
698
68
-423
-917
-1202
-1523
-1925
-2071
-2379
-2638
-2658
-2841
-2964
-2843
-2918
-2594
-2728
-2765
-2610
-2663
-2282
-2052
-1657
-1412
-1263
-1022
-989
-862
-455
91
563
826
671
742
625
761
1211
1450
1597
1214
1023
789
620
662
737
665
440
126
-85
-234
-370
-263
-285
-367
-571
-777
-927
-1061
-970
-786
-746
-854
-1060
-1327
-1597
-1594
-1331
-1099
-1060
-1235
-1496
-1693
-1764
-1885
-1819
-1922
-2007
-2024
-2198
-2204
-2316
-2338
-2238
-2445
-2299
-2433
-2345
-2054
-1497
-352
-412
-579
-1217
-1143
-286
550
1613
1947
1825
1621
2002
2735
3481
3783
4183
4678
4931
5265
5460
5673
5591
5560
5969
6238
6108
5592
4854
4417
4176
4235
4395
3838
2997
1990
1248
992
757
571
6
-822
-1459
-2019
-2388
-2685
-3146
-3482
-3881
-4221
-4295
-4510
-4622
-4751
-4758
-4748
-4835
-4719
-4618
-4552
-4438
-4111
-3802
-3619
-3544
-3446
-3278
-2989
-2421
-2043
-1727
-1909
-2065
-1964
-1735
-1225
-987
-892
-1268
-1586
-1751
-1623
-1333
-1299
-1370
-1813
-2247
-2436
-2457
-2358
-2276
-2383
-2544
-2755
-2959
-3061
-3067
-2985
-2852
-2749
-2872
-3023
-3281
-3454
-3419
-3257
-2964
-2922
-3022
-3360
-3432
-3489
-3426
-3159
-3305
-3149
-3383
-3504
-3486
-3560
-3321
-3274
-3343
-3317
-3650
-3552
-3414
-2636
-994
-542
-737
-1887
-2246
-1529
-490
952
1884
1619
1027
1132
2061
3238
3421
3921
4378
4436
4626
5050
5722
5753
5405
5910
6546
6697
6384
5658
5393
5015
5148
5830
5709
4966
3751
2880
2647
2533
2761
2568
1599
678
-58
-360
-435
-659
-850
-1387
-2038
-2304
-2542
-2514
-2418
-2272
-2134
-2604
-2942
-3080
-2956
-2533
-2133
-1653
-1670
-1893
-1820
-1691
-1360
-948
-443
-71
-217
-201
-152
4
245
506
848
757
388
86
-39
43
343
508
400
-109
-631
-851
-751
-458
-331
-442
-851
-1292
-1441
-1384
-1167
-1011
-1016
-1126
-1354
-1542
-1590
-1574
-1430
-1222
-1069
-1101
-1411
-1674
-1743
-1674
-1399
-1232
-1333
-1603
-2034
-1941
-1778
-1473
-1352
-1577
-1730
-2105
-2160
-2062
-1900
-1851
-1137
76
648
400
-705
-940
-316
713
2156
2775
2522
1760
1855
3150
4353
4817
5033
4978
4829
4982
5838
6896
6846
6420
6433
6720
6950
6793
6587
6228
5580
5573
5921
5807
5051
3906
3109
2764
2742
2967
2605
1563
514
-248
-359
-349
-339
-587
-1403
-2176
-2479
-2410
-2180
-2018
-2004
-2126
-2679
-2896
-2828
-2648
-2206
-1839
-1555
-1559
-1727
-1574
-1316
-1033
-550
-176
91
-113
-340
-181
-158
139
428
566
429
-234
-477
-383
-224
-47
-127
-345
-781
-1230
-1239
-1160
-1079
-1047
-1245
-1529
-1949
-2103
-1985
-1857
-1707
-1643
-1802
-2173
-2520
-2574
-2423
-2244
-2027
-2069
-2220
-2418
-2618
-2451
-2321
-2209
-2106
-2286
-2466
-2705
-2717
-2500
-2431
-2316
-2439
-2494
-2730
-2933
-2745
-2735
-2463
-1734
-453
261
-62
-986
-1241
-559
462
1731
2322
2189
1655
1746
2853
3803
4108
4311
4432
4706
4961
5536
6191
6084
5747
5746
6094
6401
6201
5790
5301
4676
4650
4925
4870
4209
3152
2427
2068
2055
2159
1793
990
130
-460
-573
-647
-732
-988
-1570
-2069
-2246
-2240
-2081
-2024
-1962
-1941
-2296
-2273
-2333
-2116
-1757
-1453
-1044
-1082
-1134
-996
-812
-446
-24
392
619
345
218
177
318
457
596
760
565
193
-84
-197
-200
-113
-72
-133
-509
-969
-1221
-1272
-1131
-1057
-1119
-1407
-1828
-2040
-2031
-1885
-1678
-1637
-1752
-2078
-2322
-2309
-2292
-2224
-2107
-2158
-2221
-2472
-2573
-2508
-2586
-2475
-2546
-2624
-2954
-3079
-2997
-2979
-2818
-2874
-2729
-2872
-2923
-3104
-3136
-3113
-3065
-2369
-1028
-1
-46
-660
-1502
-950
-166
1184
2363
2468
2026
1807
2498
3657
4157
4385
4778
4876
5154
5473
6094
6178
5589
5493
5877
6266
6294
5791
5257
4577
4132
4483
4638
4295
3419
2402
1846
1514
1490
1481
937
223
-404
-750
-949
-1244
-1464
-1804
-2199
-2357
-2326
-2326
-2367
-2402
-2186
-2082
-2038
-1983
-1953
-1799
-1605
-1229
-898
-741
-631
-445
-288
-39
259
482
573
524
642
745
781
816
817
745
460
272
322
280
187
21
-162
-315
-591
-692
-787
-938
-994
-1088
-1195
-1326
-1531
-1591
-1631
-1607
-1474
-1540
-1742
-1909
-2010
-1950
-1872
-1832
-1884
-2041
-2226
-2416
-2360
-2328
-2412
-2438
-2650
-2771
-2828
-2808
-2786
-2914
-3031
-3166
-3125
-3189
-3260
-3221
-3452
-3212
-2730
-1404
-476
-623
-1073
-1853
-1265
-436
866
1871
1948
1610
1602
2270
3288
3697
3943
4297
4587
5051
5449
5794
5602
5094
5019
5436
5717
5742
5280
4632
3940
3538
3810
3880
3502
2761
1807
1233
848
740
657
124
-373
-849
-1203
-1394
-1765
-1949
-2157
-2340
-2279
-2226
-2281
-2416
-2522
-2165
-1627
-1263
-1059
-1347
-1438
-1327
-893
-149
117
94
58
150
674
993
1106
1102
839
963
1215
1437
1381
1043
844
677
615
713
719
521
195
-37
-14
-151
-328
-416
-475
-386
-388
-425
-573
-921
-1024
-834
-589
-381
-546
-873
-1143
-1294
-1109
-893
-886
-1058
-1362
-1581
-1670
-1799
-1888
-2128
-2279
-2137
-2239
-2262
-2432
-2766
-2814
-2997
-2973
-2905
-3138
-3289
-3563
-3600
-3488
-3267
-2342
-982
-385
-467
-1192
-1453
-853
-169
1137
1962
2054
1959
2162
2943
3478
3383
3740
4134
4583
5044
5418
5619
4927
4150
4291
4684
5033
4876
4255
3549
2636
2384
2575
2483
2149
1469
832
369
-58
-165
-481
-1028
-1270
-1481
-1618
-1871
-2242
-2452
-2733
-2775
-2461
-2165
-2035
-2119
-2059
-1740
-1428
-1107
-919
-803
-735
-503
-131
190
261
292
590
936
1338
1418
1280
953
745
995
1196
1450
1315
949
628
213
189
259
196
98
-104
-183
-306
-473
-544
-636
-568
-467
-331
-378
-598
-798
-862
-652
-401
-292
-459
-712
-904
-853
-771
-832
-960
-1227
-1330
-1396
-1389
-1537
-1971
-2299
-2451
-2429
-2337
-2353
-2527
-2868
-3095
-3369
-3240
-3142
-3304
-3210
-3538
-3533
-3513
-3028
-1462
-442
-127
-529
-1128
-788
-342
652
1875
2300
2470
2745
3461
4042
3709
3593
3956
4461
5179
5795
6131
5418
4138
3781
3976
4368
4567
4208
3692
2635
1908
1752
1391
1036
550
187
40
-439
-747
-1256
-2020
-2337
-2354
-2174
-2102
-2321
-2543
-2906
-3108
-2870
-2480
-2065
-1798
-1594
-1240
-874
-774
-654
-705
-516
-24
532
1036
1005
756
755
868
1322
1581
1578
1455
1063
1057
1105
976
891
655
510
429
132
113
-143
-421
-502
-462
-190
-198
-330
-342
-424
-222
-101
-195
-211
-377
-170
176
357
485
163
-134
-193
-179
54
8
-162
-322
-622
-727
-826
-1047
-1351
-1721
-1861
-1834
-2029
-2134
-2414
-2791
-2927
-3030
-2850
-2860
-3147
-3240
-3411
-3418
-3339
-3408
-2710
-1690
-266
550
414
98
-256
83
888
1907
2785
3196
3498
4173
4510
4300
3750
3598
3867
4400
5232
5860
5431
4233
3090
2757
2858
2908
2948
2645
1990
1285
751
347
-315
-941
-1188
-1172
-1038
-1090
-1496
-2192
-2999
-3370
-3215
-2849
-2451
-2335
-2424
-2617
-2691
-2535
-2326
-2078
-1694
-1151
-622
-344
-199
-320
-417
-262
68
599
925
1121
1147
1070
943
741
605
415
460
685
853
876
590
169
-198
-428
-383
-139
76
222
144
-41
-301
-561
-639
-457
-127
253
430
402
204
-58
-95
32
318
483
429
345
269
170
16
-231
-475
-734
-760
-667
-626
-772
-1300
-1721
-2067
-2219
-2132
-2109
-2177
-2423
-2617
-2621
-2614
-2772
-2858
-3106
-3004
-2962
-2595
-2415
-2168
-1396
-493
624
907
884
779
783
1138
1786
2328
2952
3430
4235
4789
4730
4225
3669
3443
3681
4282
4881
4962
4474
3727
3138
2724
2342
2038
1733
1418
1349
1273
1026
467
-348
-1006
-1418
-1546
-1381
-1292
-1322
-1482
-1751
-1944
-2257
-2544
-2659
-2564
-2248
-1835
-1482
-1275
-1333
-1423
-1436
-1296
-979
-679
-241
108
343
508
435
281
166
177
433
746
1038
1114
907
641
393
287
213
142
181
161
199
198
99
-45
-324
-464
-420
-366
-227
-146
-42
49
59
73
-26
-157
-222
-117
74
190
233
164
43
-51
-138
-234
-552
-859
-1025
-1017
-883
-783
-877
-1328
-1655
-1642
-1727
-1896
-1871
-1790
-1608
-1662
-1691
-1554
-1629
-1833
-1791
-1527
-1362
-1296
-1050
-651
-487
-596
-453
125
566
902
1061
1137
1282
1426
1648
1866
1878
1966
2139
2394
2573
2569
2608
2737
2837
2649
2312
2025
1917
1826
1675
1625
1606
1535
1363
1138
990
853
718
577
387
269
237
170
104
22
-61
-179
-368
-588
-756
-796
-779
-768
-774
-768
-840
-945
-1028
-1025
-991
-1025
-1014
-931
-799
-724
-670
-612
-602
-554
-465
-373
-315
-324
-398
-327
-176
-101
-132
-269
-369
-401
-348
-228
-213
-278
-320
-287
-137
-6
83
129
154
225
281
353
432
465
497
506
548
573
552
553
536
508
454
383
219
-4
-153
-217
-189
-181
-246
-350
-490
-691
-845
-901
-881
-890
-864
-794
-813
-900
-1026
-1099
-1110
-1028
-827
-638
-507
-414
-343
-317
-246
-18
231
452
589
667
707
729
808
921
1037
1105
1059
979
944
956
1023
991
847
626
425
258
92
58
73
-25
-254
-450
-535
-579
-648
-726
-736
-748
-753
-738
-699
-681
-719
-711
-681
-584
-524
-487
-432
-318
-178
-35
81
116
163
234
343
463
513
515
564
609
689
790
896
1024
1059
1029
957
890
865
862
838
784
722
663
536
404
286
212
200
191
147
-5
-239
-378
-329
-204
-130
-134
-157
-205
-236
-233
-179
-91
-27
37
69
56
5
-57
-101
-80
31
146
181
92
-26
-132
-192
-225
-224
-177
-193
-257
-299
-297
-266
-288
-350
-327
-296
-308
-362
-427
-416
-348
-215
-103
-11
13
-12
62
213
392
510
600
677
692
665
679
749
843
883
870
826
753
725
731
746
695
588
441
331
297
301
296
227
143
24
-77
-118
-140
-175
-236
-341
-471
-572
-563
-493
-454
-462
-504
-552
-571
-563
-520
-470
-424
-329
-201
-98
-17
74
166
267
370
431
430
415
446
539
650
761
844
827
791
744
686
669
683
699
723
712
609
493
387
282
208
171
149
77
-69
-229
-378
-514
-556
-473
-379
-361
-378
-416
-415
-452
-536
-598
-603
-539
-485
-434
-423
-473
-556
-587
-577
-579
-596
-622
-680
-710
-710
-671
-641
-634
-608
-556
-491
-452
-439
-462
-289
-112
-119
-420
-780
-850
-625
-158
127
128
-22
-11
232
358
246
24
-32
213
547
776
772
585
535
622
693
695
552
368
430
564
588
425
136
51
87
235
203
8
-179
-297
-239
-229
-264
-380
-510
-441
-275
-180
-192
-387
-609
-737
-733
-640
-601
-649
-764
-795
-728
-570
-471
-547
-653
-708
-629
-472
-363
-376
-424
-393
-305
-136
1
65
129
157
269
359
371
396
472
690
795
913
970
738
607
463
376
425
516
705
832
767
580
520
380
501
649
524
534
606
827
932
830
643
528
437
472
549
409
506
756
840
798
574
284
303
325
347
234
-67
-16
305
578
384
96
-30
27
22
4
-57
-263
-227
113
433
277
-110
-322
-446
-359
-210
-162
-30
15
35
14
-112
-61
-263
-619
-672
-469
-136
-155
-197
-197
-285
-169
-47
-246
-628
-846
-594
-135
82
-73
-434
-653
-562
-501
-656
-999
-1202
-1217
-1099
-998
-1115
-1191
-1098
-710
-201
26
-72
-211
-318
-286
-154
-29
104
300
659
1165
1443
1438
1274
1106
1142
1282
1375
1258
1066
1136
1457
1856
1978
1706
1321
1035
1004
1102
1065
844
615
509
628
829
894
693
353
149
132
210
234
239
240
283
474
640
666
528
340
311
452
594
689
726
773
1033
1250
1290
1157
936
767
591
511
451
440
542
670
774
639
433
251
229
345
296
168
-29
-67
135
317
440
345
149
83
49
68
-47
-177
-194
-148
-23
-44
-178
-433
-651
-662
-668
-671
-709
-767
-807
-805
-752
-769
-843
-1037
-1171
-1201
-1271
-1213
-1223
-1315
-1354
-1412
-1382
-1400
-1496
-1640
-1825
-1917
-1934
-1881
-1923
-2042
-2118
-2235
-2146
-1898
-1463
-816
-367
-86
-113
-267
-280
-234
-154
-243
-305
-82
414
1050
1369
1258
794
351
225
212
100
-240
-557
-581
-304
129
287
1
-520
-986
-1185
-1226
-1324
-1546
-1838
-1931
-1707
-1288
-989
-1027
-1268
-1557
-1686
-1645
-1595
-1621
-1685
-1612
-1368
-1056
-788
-667
-693
-783
-849
-852
-889
-953
-924
-797
-597
-454
-420
-389
-365
-285
-247
-320
-443
-542
-505
-455
-400
-415
-478
-433
-294
-137
-207
-396
-544
-595
-499
-424
-420
-527
-651
-637
-537
-444
-493
-633
-790
-872
-854
-846
-897
-987
-1040
-1028
-1019
-1018
-1079
-1194
-1275
-1312
-1280
-1270
-1284
-1311
-1323
-1275
-1227
-1172
-1190
-1208
-1177
-1105
-1030
-1040
-1051
-1045
-1025
-987
-979
-975
-946
-922
-852
-841
-759
-467
112
942
1628
2031
2085
1982
2045
2134
2217
2093
1881
1962
2369
2999
3380
3323
2982
2661
2633
2659
2518
2067
1475
1175
1212
1526
1724
1579
1269
934
817
790
664
385
-15
-252
-267
-96
66
70
2
-108
-95
-20
4
-77
-244
-352
-382
-307
-168
-19
135
277
378
416
380
301
272
252
207
156
98
157
310
448
514
385
204
122
157
220
154
13
-132
-134
-9
130
185
119
52
50
112
161
91
-53
-156
-165
-85
-24
-74
-206
-339
-353
-288
-248
-281
-407
-509
-575
-616
-664
-746
-837
-916
-951
-943
-982
-1071
-1190
-1309
-1390
-1463
-1500
-1519
-1478
-1381
-1313
-1309
-1372
-1421
-1457
-1441
-1416
-1414
-1404
-1379
-1261
-1025
-607
-52
644
1328
1816
2133
2277
2474
2623
2690
2646
2494
2554
2800
3216
3572
3628
3584
3530
3611
3735
3606
3199
2601
2149
1968
1944
1913
1631
1334
1153
1158
1275
1189
957
613
329
225
158
91
-62
-216
-291
-309
-286
-301
-332
-374
-404
-424
-463
-487
-494
-430
-359
-336
-355
-423
-446
-431
-425
-426
-505
-611
-710
-768
-788
-823
-839
-842
-794
-740
-695
-647
-616
-623
-711
-851
-1007
-1134
-1150
-1057
-910
-812
-798
-801
-729
-604
-457
-374
-387
-391
-391
-371
-336
-353
-382
-380
-330
-213
-129
-93
-153
-219
-249
-310
-351
-383
-410
-456
-508
-530
-533
-543
-587
-683
-798
-888
-890
-850
-841
-846
-885
-896
-879
-854
-815
-837
-867
-866
-818
-660
-361
75
691
1263
1721
2061
2272
2526
2672
2697
2616
2436
2451
2562
2707
2794
2710
2673
2684
2804
2851
2627
2271
1879
1645
1534
1354
1059
635
324
179
179
179
31
-116
-242
-253
-174
-174
-254
-429
-622
-758
-881
-978
-1054
-1078
-1068
-1015
-932
-839
-700
-597
-476
-371
-309
-247
-233
-249
-309
-393
-454
-488
-486
-478
-518
-578
-648
-698
-741
-794
-875
-955
-1015
-1036
-982
-992
-1009
-1015
-951
-801
-709
-603
-527
-464
-343
-232
-114
-38
27
112
163
187
176
206
273
348
396
344
320
305
261
170
-48
-261
-438
-487
-459
-484
-535
-632
-664
-634
-594
-570
-598
-624
-642
-646
-601
-561
-536
-496
-442
-376
-307
-208
-96
-7
57
100
118
119
109
173
354
622
967
1287
1577
1895
2190
2459
2594
2571
2499
2422
2440
2420
2264
2016
1791
1734
1753
1765
1694
1539
1442
1459
1514
1475
1293
1045
845
720
586
388
117
-137
-257
-325
-382
-497
-673
-848
-990
-1072
-1171
-1305
-1440
-1536
-1596
-1587
-1518
-1460
-1430
-1418
-1392
-1289
-1119
-929
-775
-717
-675
-608
-512
-430
-456
-572
-694
-750
-754
-749
-792
-876
-916
-876
-776
-721
-727
-736
-718
-628
-504
-417
-372
-377
-322
-232
-183
-155
-163
-158
-142
-116
-88
-73
-89
-127
-166
-220
-231
-204
-203
-258
-344
-395
-392
-355
-328
-371
-460
-511
-502
-445
-391
-397
-426
-430
-418
-382
-325
-258
-163
-55
63
217
398
564
679
781
891
966
1055
1121
1110
1095
1070
1012
949
858
819
847
904
1018
1095
1194
1403
1651
1887
1985
1942
1888
1870
1871
1768
1500
1188
958
857
818
766
640
505
470
504
554
525
424
324
212
117
-30
-259
-494
-734
-956
-1139
-1319
-1460
-1561
-1678
-1746
-1782
-1794
-1792
-1834
-1884
-1918
-1886
-1789
-1683
-1610
-1524
-1400
-1219
-997
-841
-753
-685
-562
-378
-219
-163
-178
-188
-167
-84
-10
-29
-80
-131
-118
-48
30
113
159
204
285
409
519
548
538
494
467
483
543
593
613
619
602
608
620
586
494
397
302
199
103
27
-27
-56
-82
-133
-147
-120
-20
85
114
94
38
34
49
57
46
2
-19
-14
36
85
122
200
252
306
378
467
571
629
683
729
760
798
793
731
619
478
358
205
28
-111
-130
18
151
218
250
378
636
855
995
964
858
891
965
921
668
318
123
72
-44
-251
-481
-601
-536
-456
-482
-637
-804
-799
-728
-730
-812
-964
-1074
-1099
-1141
-1229
-1361
-1515
-1605
-1638
-1656
-1626
-1589
-1561
-1515
-1448
-1327
-1178
-1072
-1001
-939
-836
-632
-422
-318
-280
-236
-116
48
140
143
95
81
170
294
395
459
491
560
647
740
818
836
880
922
898
839
748
664
626
565
495
443
406
408
428
437
407
386
415
439
455
520
572
584
576
563
574
604
612
547
392
254
220
225
228
214
207
273
386
493
536
525
528
545
569
592
610
619
604
575
534
504
509
518
506
501
506
549
603
609
554
505
520
551
530
440
336
281
228
179
124
32
0
-21
-32
-30
-53
-50
-51
-83
-109
-143
-209
-251
-316
-421
-470
-524
-567
-585
-646
-688
-703
-710
-682
-647
-616
-570
-526
-430
-317
-232
-145
-81
-39
-9
20
3
-79
-157
-250
-331
-373
-400
-420
-455
-455
-420
-368
-292
-196
-101
-25
58
131
196
256
281
314
337
329
334
373
431
479
536
597
664
733
821
924
978
996
1001
989
986
954
902
837
717
579
480
407
340
272
185
133
122
99
66
35
-13
-37
-32
-35
-76
-146
-189
-209
-236
-242
-249
-250
-212
-180
-174
-131
-56
-6
30
49
70
92
88
48
-16
-86
-92
-41
-20
19
80
204
393
544
614
649
748
903
1032
1054
1003
948
950
973
911
775
620
532
469
333
136
-105
-307
-427
-531
-667
-826
-979
-1061
-1092
-1150
-1237
-1326
-1402
-1456
-1482
-1521
-1558
-1629
-1721
-1779
-1801
-1760
-1680
-1624
-1554
-1408
-1184
-903
-646
-427
-215
-2
231
422
548
619
664
699
683
643
586
510
477
441
390
369
370
398
463
506
528
533
521
509
498
457
351
236
142
69
19
-23
-65
-140
-203
-165
-85
-19
27
60
131
234
329
408
433
397
375
367
348
301
228
148
106
106
106
132
143
169
228
272
318
368
390
416
430
448
477
498
520
496
479
480
487
512
515
495
489
506
524
543
581
601
589
602
616
618
597
554
475
374
270
130
-5
-119
-215
-303
-396
-473
-501
-506
-530
-570
-619
-647
-663
-693
-753
-829
-916
-988
-1049
-1107
-1189
-1265
-1290
-1306
-1265
-1205
-1155
-1091
-1029
-951
-883
-817
-732
-704
-696
-669
-638
-582
-542
-520
-518
-489
-392
-283
-192
-114
-37
69
223
379
468
471
461
439
434
445
410
323
228
189
169
162
169
157
139
181
252
317
389
443
510
556
568
576
559
540
500
429
353
276
218
179
167
146
81
54
59
54
49
10
-29
-80
-112
-122
-137
-131
-142
-169
-181
-176
-179
-181
-187
-208
-213
-209
-187
-143
-79
-16
40
136
268
399
509
565
610
685
723
733
699
636
611
595
567
523
469
420
381
371
347
335
315
274
269
260
262
229
156
74
-48
-148
-241
-329
-414
-510
-589
-615
-604
-601
-621
-621
-608
-587
-561
-575
-585
-608
-629
-636
-633
-615
-614
-607
-588
-561
-502
-428
-381
-319
-256
-180
-81
-9
73
125
147
196
244
287
320
331
353
381
399
408
399
394
405
426
400
380
363
320
291
244
199
170
125
102
121
155
194
217
211
217
255
281
303
305
282
291
292
287
280
246
197
187
185
165
150
108
51
6
-20
-34
-47
-77
-90
-72
-43
-20
1
21
38
63
94
125
146
187
256
314
358
434
527
624
736
824
934
1055
1155
1257
1320
1355
1390
1402
1379
1313
1218
1126
1024
881
689
511
377
266
184
80
-13
-57
-83
-83
-110
-153
-189
-228
-254
-286
-346
-388
-448
-514
-549
-587
-609
-624
-642
-660
-658
-645
-649
-634
-608
-584
-578
-573
-554
-565
-549
-525
-540
-554
-563
-555
-514
-470
-426
-381
-353
-284
-207
-144
-101
-57
3
56
80
79
82
65
54
58
78
82
73
79
54
49
65
79
77
76
110
145
208
267
313
367
433
511
578
651
750
836
922
1023
1105
1196
1276
1362
1447
1488
1485
1442
1362
1249
1135
1020
882
725
536
359
201
51
-86
-217
-346
-485
-612
-705
-769
-851
-928
-988
-1033
-1063
-1103
-1128
-1152
-1175
-1182
-1187
-1189
-1193
-1192
-1166
-1146
-1133
-1113
-1088
-1070
-1066
-1064
-1082
-1111
-1141
-1184
-1247
-1320
-1381
-1443
-1515
-1584
-1643
-1702
-1757
-1796
-1831
-1843
-1840
-1829
-1793
-1771
-1734
-1668
-1603
-1531
-1469
-1428
-1387
-1351
-1317
-1293
-1267
-1234
-1208
-1173
-1136
-1093
-1056
-1015
-970
-930
-870
-826
-788
-767
-767
-756
-745
-738
-741
-736
-718
-699
-690
-690
-692
-685
-661
-617
-582
-570
-573
-546
-494
-440
-377
-330
-290
-234
-171
-125
-95
-68
-41
-12
-1
10
26
42
55
43
27
-3
-30
-48
-71
-106
-139
-170
-191
-204
-210
-223
-234
-246
-265
-279
-300
-311
-328
-340
-329
-308
-295
-301
-299
-294
-280
-258
-242
-228
-220
-204
-190
-169
-137
-109
-76
-48
-18
-3
3
22
49
76
83
77
79
80
98
111
124
141
152
184
228
290
345
407
489
566
638
706
775
839
884
924
952
972
981
989
998
992
979
963
943
927
913
907
892
864
850
835
820
800
763
715
677
638
611
593
558
522
474
441
398
344
301
263
228
189
156
128
108
114
112
117
114
107
108
99
91
71
45
18
-11
-28
-32
-34
-43
-50
-52
-45
-32
-22
3
31
69
123
162
199
222
231
244
274
299
305
305
281
246
213
189
189
176
143
103
60
14
-32
-60
-78
-105
-122
-138
-147
-135
-112
-86
-61
-29
16
81
154
231
302
370
437
495
546
588
631
673
707
730
745
760
769
766
746
720
704
679
644
615
588
562
524
492
457
413
366
333
321
305
275
247
222
190
161
144
125
112
95
73
47
24
16
9
2
-12
-7
4
8
6
-12
-40
-74
-98
-123
-131
-118
-117
-140
-176
-208
-214
-188
-164
-166
-168
-184
-211
-226
-239
-239
-236
-232
-244
-259
-258
-251
-238
-209
-164
-127
-100
-63
-20
23
73
118
150
180
228
284
321
361
420
458
490
513
546
599
659
710
743
775
812
846
865
882
896
887
871
846
813
774
723
693
677
646
594
537
468
408
375
340
292
233
165
81
-5
-76
-119
-164
-228
-300
-360
-411
-464
-482
-495
-520
-529
-541
-567
-568
-544
-511
-479
-452
-449
-440
-404
-369
-348
-337
-302
-263
-259
-266
-269
-259
-248
-243
-244
-257
-279
-288
-256
-218
-197
-191
-193
-189
-184
-173
-158
-142
-106
-69
-45
-26
-1
41
89
116
128
126
136
151
156
158
142
127
129
154
156
149
140
118
98
61
22
-2
-16
-31
-51
-76
-111
-130
-133
-143
-143
-152
-155
-140
-124
-115
-107
-81
-54
-23
0
6
11
15
19
35
43
41
48
57
57
59
71
76
80
67
39
29
30
19
-11
-34
-50
-77
-113
-149
-180
-223
-244
-266
-302
-327
-342
-340
-329
-326
-340
-350
-364
-390
-385
-367
-356
-354
-354
-364
-367
-360
-346
-295
-261
-253
-249
-235
-201
-153
-94
-43
15
82
151
229
293
354
437
509
552
575
603
644
671
696
704
695
683
679
677
658
640
617
580
550
520
470
421
395
374
346
305
264
244
224
203
188
178
178
175
152
131
119
106
99
75
41
-4
-38
-57
-84
-109
-140
-163
-191
-229
-260
-305
-347
-392
-424
-451
-477
-501
-531
-536
-530
-514
-498
-476
-444
-417
-390
-363
-314
-249
-200
-159
-117
-72
-20
42
83
112
144
174
219
253
281
316
343
367
394
412
430
439
444
461
468
465
462
462
458
438
425
414
405
383
349
332
318
305
292
269
241
215
200
182
164
154
136
124
125
109
94
82
61
36
16
9
-4
-27
-41
-36
-28
-23
-6
21
52
58
58
80
99
117
127
130
131
135
139
130
138
126
98
91
78
55
31
14
-4
-32
-75
-113
-131
-150
-171
-192
-227
-260
-275
-276
-280
-287
-300
-306
-306
-310
-319
-313
-299
-295
-298
-306
-296
-282
-281
-273
-265
-267
-259
-242
-237
-231
-223
-215
-199
-190
-181
-161
-137
-106
-70
-37
-5
27
72
127
182
222
255
296
334
377
415
457
501
524
547
573
602
629
657
683
694
700
703
713
727
720
701
682
668
652
632
602
567
546
530
499
467
435
405
383
352
313
290
275
248
222
203
184
182
183
180
178
174
178
191
203
219
230
244
263
286
309
329
358
396
437
470
491
508
539
574
597
604
594
581
555
515
477
436
391
344
287
221
155
96
41
-8
-64
-135
-200
-258
-319
-370
-421
-474
-523
-570
-618
-661
-697
-730
-756
-782
-815
-847
-870
-886
-904
-925
-943
-960
-971
-977
-986
-997
-1004
-1011
-1016
-1020
-1031
-1041
-1045
-1056
-1068
-1074
-1078
-1081
-1079
-1077
-1078
-1069
-1055
-1036
-1006
-982
-958
-926
-891
-857
-822
-786
-747
-704
-665
-632
-590
-548
-501
-446
-396
-351
-311
-270
-223
-183
-155
-131
-113
-99
-87
-79
-76
-74
-79
-89
-102
-112
-117
-113
-115
-129
-144
-156
-167
-171
-179
-190
-201
-215
-230
-242
-251
-263
-267
-269
-275
-280
-280
-274
-260
-245
-227
-206
-180
-143
-102
-62
-12
38
93
148
196
244
290
333
370
403
435
462
491
513
528
541
548
562
585
602
607
606
601
591
579
564
541
518
491
451
414
377
340
310
281
251
220
194
176
160
143
127
119
115
115
115
114
115
117
119
126
130
136
149
160
168
175
178
189
205
217
222
227
233
235
246
259
264
271
277
281
283
281
282
293
303
306
309
323
333
342
355
361
370
381
388
398
406
410
415
416
419
414
405
401
392
384
375
360
359
365
368
367
362
355
349
349
340
326
318
299
284
270
249
230
214
201
187
171
155
139
132
136
135
126
111
100
94
80
69
58
54
51
47
42
34
23
15
4
-5
-5
-6
-11
-21
-36
-55
-74
-85
-90
-93
-99
-114
-126
-142
-156
-164
-174
-179
-190
-206
-219
-233
-241
-247
-251
-251
-246
-241
-238
-229
-220
-219
-209
-202
-197
-194
-192
-194
-192
-184
-179
-172
-163
-160
-158
-150
-144
-143
-141
-141
-140
-144
-154
-160
-159
-157
-155
-149
-144
-137
-117
-95
-71
-47
-30
-14
2
19
42
69
100
128
151
174
189
205
221
229
240
245
248
246
246
255
260
263
257
248
