255
305
325
326
283
305
355
348
351
366
384
391
399
433
455
435
432
471
463
454
443
416
385
334
304
303
261
208
177
159
162
150
114
60
18
-37
-75
-101
-165
-187
-184
-170
-170
-215
-235
-256
-271
-328
-337
-316
-406
-449
-417
-390
-455
-474
-478
-426
-555
-548
-417
-514
-613
-562
-534
-620
-634
-650
-537
-678
-732
-649
-692
-807
-774
-766
-792
-777
-835
-666
-460
-420
-358
-338
-218
-89
-219
-162
-52
-90
-76
113
447
583
518
706
1035
1088
987
1146
1321
1237
1083
1263
1558
1442
1312
1508
1696
1538
1369
1424
1444
1205
1023
1105
1048
807
711
786
792
590
431
464
351
140
64
38
-122
-365
-402
-269
-278
-347
-282
-197
-273
-345
-291
-306
-440
-538
-441
-348
-409
-358
-223
-144
-128
-108
-24
-38
-154
-185
-118
-127
-154
-118
-83
-130
-171
-43
0
-121
-200
-206
-184
-244
-283
-166
-308
-273
-263
-163
-150
-330
-452
-262
-215
-661
-415
-441
-347
-529
-428
-229
-326
-505
-371
-359
-584
-430
-612
-388
-575
-616
-391
-248
-439
-435
-294
-257
-363
-468
-189
-311
-425
-381
-234
-348
-450
-397
-324
-384
-405
-267
-238
-244
-245
-174
-178
-231
-227
-174
-107
-64
-26
35
150
218
262
312
364
408
458
520
561
626
683
741
833
907
1041
1135
1163
1187
1191
1211
1220
1248
1239
1206
1173
1187
1218
1219
1127
1054
1038
965
863
786
745
666
613
598
515
396
347
325
292
222
168
130
32
11
6
-8
30
-23
-22
29
28
-26
-49
-11
43
50
-21
3
60
72
103
143
175
138
180
202
252
215
107
259
185
215
180
183
169
337
71
212
286
-38
398
-136
172
-16
-1
-156
-33
-43
-293
-208
-278
-220
-389
-268
-611
-383
-454
-579
-716
-362
-731
-549
-647
-654
-562
-607
-670
-780
-493
-637
-619
-615
-432
-292
-684
-498
-314
-443
-434
-447
-433
-462
-577
-499
-266
-265
-353
-179
89
87
84
62
227
225
163
189
300
424
558
655
836
967
1197
1239
1325
1450
1517
1563
1559
1729
1815
1927
2008
2240
2447
2417
2388
2432
2458
2318
2155
2164
2128
2083
2068
2124
2137
1931
1808
1809
1742
1487
1299
1264
1081
925
952
964
870
701
703
673
502
428
305
194
-11
-8
46
-34
-201
-119
-66
-101
-33
-38
-111
-222
-115
-195
-148
-221
-197
-71
-136
25
115
-121
-133
101
-72
-195
-103
-107
123
-156
-147
-10
175
-96
-343
93
-102
-233
-292
-67
-96
-389
-257
-55
20
-371
-408
-48
-318
-201
-507
-556
-473
-315
-702
-725
-268
-831
-565
-813
-417
-352
-959
-590
-61
-500
-586
-395
-122
-91
-575
-189
68
-134
-357
-46
49
-128
-273
-76
-56
-180
-249
-88
82
-79
-23
23
150
102
75
136
101
111
71
176
307
366
357
453
665
785
799
839
940
974
1027
1159
1232
1323
1411
1602
1686
1653
1662
1664
1658
1592
1562
1510
1512
1444
1389
1364
1357
1311
1148
1040
971
844
754
632
574
450
413
354
389
210
403
338
-9
152
-84
222
-326
-222
-22
-255
-162
-162
330
-41
-66
52
-25
-71
-357
-432
-388
-401
-809
-452
-626
-1048
-673
-877
-1111
-1107
-1165
-1298
-1428
-1328
-1650
-1557
-1534
-1919
-1728
-1681
-2169
-2046
-1638
-2458
-2150
-2274
-2232
-2026
-2796
-2341
-2048
-2816
-2789
-2181
-2691
-2992
-2547
-2557
-2769
-2848
-2882
-2462
-3026
-3166
-2485
-2943
-2947
-3032
-2911
-2424
-3152
-3049
-2381
-2910
-2974
-2381
-2770
-2548
-2458
-2575
-2381
-2457
-2477
-2188
-2414
-2443
-1951
-2447
-2238
-1954
-2297
-2159
-1837
-2008
-1864
-1828
-1831
-1574
-1709
-1730
-1528
-1524
-1585
-1391
-1251
-1210
-1044
-912
-729
-623
-465
-338
-231
-205
-7
181
324
410
579
778
799
937
1036
1086
1081
1083
1090
1182
1116
1016
1077
1088
990
1015
943
949
866
802
722
653
645
766
440
514
586
380
376
273
437
-32
296
131
73
-44
62
68
-204
179
34
-248
-86
38
-255
-247
124
-397
219
-112
-186
330
-212
32
-312
384
-478
55
-92
-155
-128
-262
191
-481
163
-29
-18
-33
-36
-189
329
-339
-322
401
-458
-32
-390
104
-387
-459
12
-326
-245
-572
295
-441
-271
-5
-129
-111
-232
-185
-113
-501
-125
-162
-581
164
-132
-215
-22
293
-294
144
80
-144
-93
124
-73
131
-53
263
129
-96
447
-81
-51
288
84
-86
171
11
296
-67
150
234
141
-75
235
239
51
143
362
402
316
469
592
738
657
818
1080
1011
1185
1233
1421
1444
1503
1732
1766
1842
1842
1980
1872
1889
1935
1940
1889
1896
1877
1886
1875
1778
1756
1708
1797
1372
1544
1542
1261
1372
1190
1300
1272
729
1282
902
767
559
689
950
64
554
509
681
-64
190
777
279
-425
930
73
-158
471
-57
425
58
-216
355
141
-556
653
-658
643
-59
-97
510
-217
645
-236
30
512
-61
-273
234
-143
60
-662
160
29
-558
-438
-70
-274
-849
-566
-248
-775
-589
-590
-922
-329
-1125
-838
-666
-947
-1067
-843
-1154
-921
-1228
-1109
-966
-1149
-1133
-1094
-1004
-1113
-1357
-789
-1185
-1249
-889
-921
-1039
-1149
-647
-996
-775
-1048
-419
-731
-1099
-405
-313
-810
-550
-153
-315
-346
-102
-364
66
-114
-272
402
15
151
575
464
592
645
814
748
759
931
920
1036
1082
1373
1456
1465
1787
1858
1707
1918
1798
1793
1939
1935
1978
1970
2158
2320
2059
2109
2164
2024
1976
1762
2023
1922
1677
2046
1571
1829
1707
1519
1439
1446
1574
878
1546
1183
1068
932
844
1589
661
288
1334
707
195
439
845
437
116
486
1058
164
-605
1500
117
-893
796
115
91
-302
-23
759
-467
-407
464
-86
-802
178
-133
-268
-208
-43
-212
-24
-377
-111
-318
-277
-403
-237
-653
-270
-197
-1163
-218
-481
-443
-761
-381
-473
-489
-965
-212
-888
-592
-581
-955
-423
-893
-757
-644
-557
-1389
-243
-625
-984
-542
-625
-654
-629
-749
-355
-770
-544
-705
-402
-367
-839
-53
-659
-15
-383
-113
-210
126
-156
-122
267
-244
211
166
291
320
468
366
592
445
630
795
382
1109
1105
931
1035
1499
1023
1468
1244
1310
1550
1227
1617
1592
1558
1629
1837
1793
1741
1911
1974
1648
2011
1971
1798
1969
1929
1870
1787
1882
1602
1889
1559
1671
1718
1436
2160
1078
1604
2139
891
1876
1357
1092
1772
1021
1227
1207
1440
825
1011
1251
924
907
590
1011
927
554
222
1181
441
-137
871
75
373
169
-464
326
565
-853
-324
727
-549
-980
105
-127
-758
-1111
-188
60
-1712
-723
-14
-833
-1754
-538
-328
-1832
-809
-965
-438
-1927
-1454
56
-1866
-1824
-791
-775
-1918
-1535
-879
-1188
-2294
-884
-1779
-1263
-1571
-1710
-606
-1946
-1100
-1342
-1040
-1385
-1289
-1653
-512
-1349
-1688
-363
-604
-2080
-122
-840
-1353
-417
-883
-139
-621
-591
-339
674
-1412
156
513
-763
124
316
-280
457
63
-93
675
107
354
508
488
276
1194
505
942
955
851
1140
687
1052
941
619
423
1235
685
295
345
1272
156
162
639
408
192
-111
570
-19
-28
-128
124
-221
-377
-37
-403
-467
-435
-536
-422
-547
-936
-486
-624
-1120
-786
-905
-1151
-927
-1351
-929
-1238
-1234
-1285
-1295
-1139
-1655
-1432
-1401
-1387
-1688
-1613
-1406
-1230
-2322
-1539
-1086
-2437
-1443
-1367
-1983
-1188
-1649
-2296
-1029
-1638
-2726
-960
-2085
-1730
-1816
-1715
-1642
-2125
-2028
-1719
-1751
-2205
-2168
-2076
-1178
-3211
-1452
-2018
-2466
-1616
-3080
-925
-2565
-2931
-1444
-2087
-2811
-1893
-2164
-2250
-2047
-2716
-1560
-2574
-2234
-2626
-1474
-2491
-2512
-1393
-2326
-2405
-1640
-2295
-2184
-1506
-2802
-742
-2459
-1522
-1790
-1635
-1291
-2382
-932
-1445
-1370
-1328
-1190
-961
-1001
-1542
-680
-996
-778
-1076
-639
-571
-480
-830
-162
-153
-432
170
247
-33
507
135
344
568
629
261
990
985
833
1334
1016
1486
1134
1339
1526
1692
1239
1979
1675
1821
1529
2081
1933
1579
1754
1894
2155
1738
1659
2140
2009
1507
1956
1959
1597
2039
1793
2050
2200
1394
2432
1800
1400
2357
1382
1426
1922
1635
1067
1492
1649
1041
1106
1602
788
1480
1226
599
2120
261
1129
1215
674
818
722
1023
479
679
698
316
609
386
93
764
85
139
456
-651
691
176
-982
927
-502
-6
-153
-388
148
-452
-1319
183
-319
-1648
228
-1359
-358
-847
-982
-1140
-1211
-657
-1145
-1819
203
-1641
-1616
-280
-1667
-868
-1333
-946
-930
-961
-1371
-665
-1588
-838
-541
-1488
-1145
-644
-949
-1795
-708
-527
-1281
-567
-955
-70
-790
-1164
-50
-1152
-330
-798
-720
-111
-420
-957
426
-637
-501
-295
118
-230
-215
495
-59
1020
-495
835
396
433
569
944
800
1061
921
1269
1687
689
1646
1691
1356
1570
1899
1600
2019
2089
1896
1970
2625
1735
1946
2402
2025
1924
2121
2183
1743
2041
1774
1580
1921
1659
1257
1917
1464
1388
1598
978
1638
1009
1137
1277
240
1424
932
227
1254
447
842
-203
605
361
55
855
-548
843
487
-365
4
219
-276
-96
-496
657
127
-922
296
-18
-672
-767
-50
-437
-415
-741
142
-931
-478
-1305
-236
-289
-1820
-109
-886
-285
-1095
-1210
108
-1428
-2193
354
-1739
-1154
-1321
-703
-929
-1420
-959
-1308
-1417
-1665
-1288
-1564
-1203
-1513
-1101
-1467
-1808
-1275
-1908
-1844
-865
-2219
-760
-1777
-1446
-1268
-1983
-1208
-1595
-1915
-1519
-847
-2146
-921
-1096
-1094
-1580
-931
-996
-1631
-1095
-909
-1003
-638
-759
-275
-197
-654
-132
-369
264
-41
594
891
936
927
1146
1590
1111
1267
1907
2195
2094
2474
2645
2683
2158
2537
2748
2439
2848
2770
2987
3069
2723
2912
2682
2456
2437
2407
2498
2378
2031
2335
2070
1436
1647
1514
1231
935
1401
1020
989
965
947
594
225
734
241
115
657
105
-131
584
131
67
387
-377
10
280
-381
-49
127
131
-281
-150
10
-69
-383
-689
357
-173
-940
38
-148
-844
-962
-243
-827
-950
-593
-798
-316
-1376
-661
-970
-1130
-703
-1241
-839
-908
-1152
-1402
-821
-1915
-1242
-1610
-1621
-815
-1731
-1761
-1591
-1297
-2797
-1430
-1539
-2234
-1643
-1539
-2252
-1606
-2402
-2487
-1199
-3237
-1744
-1829
-2372
-1763
-2235
-2431
-2246
-2423
-2207
-2017
-1964
-1496
-1245
-1172
-1294
-894
-1182
-826
-546
-487
-99
456
195
847
1143
751
1053
1106
1515
1547
1948
2264
2591
2608
2653
2666
2731
2715
2789
2706
2987
3147
2884
3054
2595
2587
2441
2225
2451
2546
2179
2362
2069
1678
1702
1315
1261
1173
1208
1145
1218
1080
760
618
624
264
317
642
532
790
850
460
746
442
82
329
320
332
425
627
360
417
202
40
-8
50
192
84
48
327
-49
-614
-101
-837
-779
-609
-1057
-384
-628
-1009
-409
-996
-1515
-1544
-1584
-863
-1560
-1121
-624
-1164
-1374
-2069
-2050
-1513
-2321
-2157
-880
-1036
-1813
-2182
-1495
-2513
-3105
-2102
-1720
-2344
-1566
-1599
-2188
-2070
-2896
-2865
-2882
-2164
-2332
-2539
-2103
-2094
-2830
-2983
-2340
-2084
-1782
-1390
-580
-696
-1321
-998
-895
-1104
-732
186
1097
1100
1293
1420
1331
1011
1200
1908
2448
2505
2796
3247
2936
2582
2555
2571
2458
2778
3101
3261
2981
2690
2443
1905
1795
1854
1910
1873
1915
1678
1198
890
622
390
587
721
899
922
763
618
142
187
266
208
450
880
913
693
620
713
500
372
733
881
1057
957
952
941
679
636
815
927
1062
999
795
717
502
265
221
291
134
142
121
-112
-404
-694
-649
-777
-815
-557
-508
-900
-1037
-1121
-1552
-1571
-1296
-1364
-1317
-1061
-1279
-1570
-1966
-2073
-2112
-2215
-1993
-1810
-1710
-1786
-2036
-2210
-2600
-2955
-2855
-2647
-2626
-2708
-2685
-2785
-2841
-3267
-3388
-3435
-3503
-2895
-2126
-1549
-1495
-1480
-1603
-1776
-1368
-1111
-686
43
329
983
1162
1116
1036
1211
1472
1819
2480
2937
3250
3100
2950
2930
2937
3074
3260
3413
3337
3133
2989
2735
2511
2254
2122
2091
1877
1756
1623
1157
851
514
516
391
406
353
134
28
-323
-295
-413
-449
-290
-174
-164
75
-49
-76
-94
-31
238
356
655
701
682
622
743
833
1007
1269
1406
1302
1102
1186
1037
1048
1067
1045
1066
878
874
758
418
268
240
172
211
140
-107
-409
-503
-592
-701
-647
-752
-849
-994
-1048
-1258
-1381
-1293
-1437
-1508
-1501
-1465
-1586
-1912
-2028
-1913
-2338
-2398
-2094
-2216
-2280
-2573
-2571
-2683
-2878
-2949
-2841
-2748
-3128
-2974
-3192
-3356
-3428
-3014
-2336
-1944
-1632
-1628
-1559
-1595
-1508
-1049
-550
-30
356
745
1077
1016
1145
1345
1934
2505
2913
3330
3485
3326
3143
3191
3512
3809
4048
4142
4003
3529
3305
3119
3030
3064
2834
2753
2345
1931
1593
1055
799
615
550
544
220
-51
-410
-782
-956
-985
-948
-1003
-1068
-1155
-1371
-1305
-1296
-1244
-1109
-1066
-926
-846
-667
-530
-440
-298
-109
99
255
367
473
599
591
661
907
919
974
922
885
706
627
715
679
722
696
538
391
131
17
62
-125
-42
-322
-472
-587
-859
-947
-905
-931
-998
-995
-1049
-1103
-1337
-1334
-1509
-1536
-1479
-1527
-1614
-1794
-1852
-2060
-2167
-2137
-2187
-2338
-2428
-2297
-2264
-2438
-2496
-2544
-2830
-2835
-3005
-2664
-2028
-1838
-1452
-1505
-1461
-1526
-1618
-853
-339
-13
467
515
751
853
1002
1527
2035
2259
2608
2927
3212
3061
3016
3376
3686
3936
4116
4185
3990
3519
3364
3449
3441
3536
3194
3040
2535
2052
1840
1620
1411
1216
918
615
282
-51
-224
-608
-727
-882
-981
-1019
-1251
-1410
-1529
-1560
-1527
-1555
-1522
-1603
-1685
-1638
-1520
-1252
-1134
-1140
-1023
-816
-609
-392
-183
-37
46
50
216
385
583
675
630
638
302
437
608
541
668
503
519
323
238
192
82
51
-90
-129
-195
-383
-498
-550
-592
-549
-506
-430
-559
-727
-850
-868
-952
-878
-863
-893
-980
-1250
-1178
-1323
-1383
-1370
-1511
-1467
-1559
-1541
-1651
-1655
-1699
-1828
-1890
-1978
-2008
-1923
-1445
-1177
-937
-966
-864
-806
-777
-486
-82
429
615
728
969
1215
1317
1610
2177
2569
2661
2809
3217
3368
3360
3566
3934
4120
4081
4096
4169
4041
3845
3835
3902
3863
3467
3111
2867
2489
2117
2051
1938
1652
1152
676
274
14
-137
-271
-538
-980
-1336
-1580
-1763
-1900
-1905
-1973
-2117
-2234
-2278
-2386
-2377
-2268
-2042
-1982
-1908
-1888
-1894
-1644
-1484
-1240
-929
-721
-720
-686
-506
-387
-184
-3
-31
-146
-107
-16
31
134
71
53
-77
-203
-193
-267
-246
-286
-329
-389
-558
-715
-779
-828
-818
-773
-762
-860
-1039
-1285
-1318
-1270
-1175
-1137
-1211
-1351
-1485
-1449
-1477
-1376
-1437
-1437
-1507
-1546
-1440
-1437
-1382
-1533
-1537
-1430
-1503
-1390
-1293
-1421
-1461
-1391
-1040
-599
-498
-479
-449
-367
-146
163
570
813
781
936
1401
1755
2072
2241
2393
2657
2730
3001
3329
3647
3697
3691
3984
4124
4024
3972
4011
3933
3877
3882
3940
3790
3307
3001
2660
2507
2288
2089
1811
1285
770
421
238
-26
-244
-619
-974
-1391
-1666
-1754
-1887
-2024
-2268
-2437
-2642
-2779
-2752
-2690
-2655
-2720
-2572
-2517
-2459
-2407
-2304
-2093
-1924
-1662
-1348
-1315
-1239
-1113
-976
-799
-640
-443
-441
-467
-456
-303
-209
-108
-63
-83
-238
-322
-288
-292
-234
-351
-394
-474
-522
-505
-452
-369
-458
-624
-695
-710
-826
-850
-793
-694
-739
-851
-930
-1008
-1124
-1227
-1117
-1015
-1103
-1177
-1222
-1320
-1254
-1197
-1298
-1274
-1189
-1219
-1057
-967
-934
-927
-1033
-881
-776
-872
-378
65
272
465
190
352
547
578
1048
1571
1767
1787
1758
2078
2300
2462
2880
3205
3288
3209
3249
3660
3736
3646
3854
3985
4018
3820
3746
3794
3514
3364
3356
3274
3058
2606
2287
2046
1674
1414
1203
882
438
-136
-355
-566
-821
-945
-1341
-1752
-2238
-2529
-2453
-2534
-2540
-2700
-2911
-2928
-2940
-2888
-2810
-2880
-2875
-2642
-2522
-2386
-2296
-2157
-2028
-1926
-1662
-1456
-1230
-1190
-1122
-998
-953
-655
-491
-389
-377
-516
-393
-194
-87
-85
-118
-110
-83
-7
127
122
54
-56
-89
44
101
113
26
-110
-180
-178
-125
-104
-200
-213
-316
-392
-323
-313
-380
-495
-511
-578
-465
-481
-590
-609
-651
-736
-653
-608
-630
-451
-583
-464
-352
-295
-151
-183
-451
-338
-358
102
749
752
1029
631
506
712
953
1521
1882
1951
1913
1928
2147
2479
2552
2769
2910
2862
3040
3162
3483
3468
3311
3422
3410
3374
3390
3313
3256
3058
2834
2874
2699
2481
2074
1727
1458
1117
951
726
236
-222
-615
-862
-1013
-1207
-1401
-1749
-2184
-2462
-2638
-2516
-2514
-2635
-2694
-2847
-2845
-2802
-2631
-2555
-2549
-2446
-2311
-2138
-1977
-1991
-1959
-1840
-1663
-1391
-1181
-1109
-1231
-1264
-1121
-867
-558
-463
-504
-583
-600
-415
-229
-6
64
-55
-227
-325
-311
-239
-159
-128
-249
-355
-394
-422
-409
-437
-488
-546
-616
-662
-736
-814
-838
-806
-753
-811
-822
-899
-968
-910
-762
-616
-613
-705
-771
-805
-748
-669
-584
-437
-411
-476
-464
-408
-359
-291
-106
15
5
-36
-17
-8
294
714
933
1026
786
810
875
1068
1573
1950
2002
1983
1947
2126
2299
2421
2813
2960
2933
2921
3072
3254
3216
3206
3341
3385
3277
3160
3071
2985
2745
2614
2554
2344
2078
1732
1406
1105
788
605
424
77
-292
-647
-957
-1183
-1369
-1438
-1584
-1944
-2175
-2389
-2342
-2306
-2284
-2166
-2276
-2356
-2382
-2290
-2009
-1918
-1802
-1657
-1610
-1546
-1552
-1383
-1120
-920
-729
-555
-608
-688
-638
-377
-38
119
207
121
-8
9
153
472
620
540
460
336
268
211
290
338
218
137
32
-120
-232
-322
-298
-286
-327
-301
-436
-637
-733
-681
-561
-447
-534
-653
-773
-916
-852
-717
-511
-556
-793
-848
-1043
-1073
-942
-752
-734
-812
-744
-888
-840
-816
-646
-575
-561
-594
-677
-641
-827
-301
20
316
473
148
170
-52
64
680
1081
1312
1323
1209
1398
1533
1687
2198
2450
2428
2464
2494
2756
2634
2628
2839
2868
2862
2744
2627
2469
2059
2034
2162
2004
1779
1400
1093
796
498
548
548
220
-197
-649
-932
-1176
-1234
-1110
-1171
-1429
-1594
-1804
-1734
-1641
-1518
-1304
-1313
-1292
-1312
-1250
-994
-851
-684
-458
-389
-267
-258
-126
78
243
535
645
757
705
688
898
1002
1271
1389
1327
1311
1169
1199
1388
1502
1640
1562
1372
1242
1088
1079
1096
1005
1003
885
759
693
540
508
479
438
450
354
280
229
149
188
121
28
-177
-420
-542
-622
-674
-803
-880
-994
-1154
-1312
-1348
-1401
-1473
-1519
-1536
-1605
-1710
-1811
-1767
-1752
-1859
-1813
-1938
-1992
-2186
-1981
-1483
-1229
-957
-1160
-1195
-1301
-1386
-866
-418
-167
-71
-29
170
207
214
509
762
847
965
1124
1345
1106
904
1066
1185
1284
1273
1191
947
495
277
373
321
200
-90
-455
-785
-1160
-1190
-1143
-1399
-1671
-1983
-2164
-2335
-2441
-2344
-2354
-2519
-2608
-2636
-2636
-2613
-2581
-2356
-2241
-2185
-2084
-2040
-1895
-1840
-1719
-1369
-1171
-1057
-977
-961
-793
-725
-470
-235
-219
-219
-274
-215
-142
71
121
115
-15
-139
-74
-33
13
2
-109
-266
-396
-472
-525
-621
-733
-816
-843
-874
-989
-1155
-1323
-1478
-1512
-1470
-1426
-1532
-1687
-1843
-1921
-1933
-1878
-1872
-1934
-2103
-2156
-2101
-2141
-2070
-2152
-2175
-2156
-2214
-2131
-2043
-2126
-2064
-2023
-1999
-1776
-1787
-1774
-1651
-1727
-1646
-1688
-1718
-977
-745
-140
90
-179
62
-243
95
778
1125
1550
1689
1827
2190
1987
2101
2461
2634
2925
3151
3413
3446
2943
2878
2966
3070
3207
3186
3204
2756
2223
2180
2040
2009
1894
1635
1539
1004
674
556
321
164
35
-57
-41
-428
-570
-631
-754
-655
-661
-510
-503
-618
-543
-379
-281
-87
48
218
319
350
515
707
833
1026
1153
1272
1399
1444
1553
1558
1562
1532
1547
1641
1588
1623
1467
1331
1273
1076
1121
1027
952
886
713
601
372
194
135
-46
-113
-213
-350
-484
-685
-764
-852
-975
-1032
-1152
-1253
-1400
-1516
-1580
-1649
-1720
-1728
-1761
-1808
-2022
-1984
-2036
-2118
-1921
-2058
-1949
-2209
-2249
-2215
-2189
-2090
-1984
-1933
-1974
-2015
-2032
-1946
-1948
-1927
-1788
-1879
-1628
-979
-616
-8
-95
88
192
78
576
1046
1382
1794
2006
2445
2588
2426
2605
2721
2849
3116
3484
3752
3560
3262
3182
3003
2994
2997
3126
3030
2546
2243
1944
1574
1361
1104
1069
913
593
461
80
-328
-535
-687
-471
-420
-445
-356
-663
-853
-936
-802
-480
-329
-130
54
44
90
285
445
578
715
955
1329
1421
1455
1489
1327
1295
1454
1705
1919
1826
1645
1454
1183
1158
1248
1343
1291
1101
968
798
575
365
265
192
46
4
-112
-299
-552
-787
-806
-816
-829
-837
-969
-1142
-1305
-1424
-1431
-1528
-1592
-1638
-1714
-1778
-1899
-1919
-2040
-2199
-2269
-2261
-2150
-2146
-2191
-2310
-2392
-2507
-2484
-2345
-2269
-2204
-2120
-2127
-2135
-2304
-2225
-2122
-1967
-1881
-1805
-1838
-1899
-1191
-686
132
342
359
554
327
483
1020
1400
1957
2343
2907
3348
3132
2993
2926
2982
3173
3631
4074
4169
3844
3526
3227
3019
2829
2859
2909
2696
2481
2205
1775
1297
774
573
497
388
455
216
-153
-609
-991
-1021
-1004
-938
-728
-635
-635
-717
-866
-812
-793
-653
-254
92
371
500
466
516
388
429
778
1112
1432
1496
1409
1291
1054
1043
1125
1206
1215
1036
995
793
668
590
474
402
190
146
184
53
-9
-221
-402
-528
-694
-653
-741
-855
-909
-1006
-1017
-1099
-1229
-1283
-1373
-1375
-1318
-1250
-1318
-1483
-1660
-1767
-1802
-1824
-1780
-1870
-2053
-2269
-2336
-2442
-2497
-2487
-2508
-2574
-2656
-2669
-2666
-2578
-2549
-2449
-2286
-2381
-2388
-2290
-2206
-2130
-1974
-2019
-1701
-987
-561
334
438
490
713
452
692
1079
1208
1881
2324
2898
3374
3129
2901
2639
2571
2744
3117
3503
3661
3549
3243
2847
2527
1993
1788
1652
1549
1671
1575
1316
877
119
-304
-648
-752
-547
-545
-465
-614
-896
-1022
-1321
-1428
-1457
-1471
-991
-697
-360
-229
-440
-409
-391
-217
187
378
657
804
844
983
965
940
954
947
1001
1053
1117
1239
1199
1105
873
712
513
310
314
352
463
494
329
229
-20
-175
-214
-361
-335
-406
-387
-288
-373
-398
-530
-707
-688
-723
-639
-559
-638
-769
-852
-817
-852
-1069
-1252
-1280
-1344
-1429
-1287
-1281
-1652
-1741
-1565
-1476
-1646
-1934
-1873
-1801
-1617
-1515
-1602
-1589
-1364
-1110
-1063
-1001
-1017
-906
-639
-384
-193
-59
206
495
495
457
449
598
869
1185
1394
1476
1575
1577
1474
1426
1373
1339
1270
1194
1327
1428
1416
1331
1110
945
862
814
767
637
519
427
441
440
438
407
291
171
149
152
174
143
87
121
158
227
287
270
216
189
278
357
415
451
411
393
347
298
269
306
376
344
289
276
205
107
40
38
26
1
-62
-79
-89
-152
-222
-327
-383
-434
-427
-353
-319
-308
-318
-329
-323
-333
-317
-286
-252
-178
-138
-85
-91
-118
-126
-170
-170
-96
-89
-61
-67
-140
-213
-362
-434
-480
-579
-646
-712
-765
-878
-992
-1005
-1051
-1077
-1135
-1144
-1077
-1070
-1068
-1018
-976
-910
-824
-740
-620
-497
-338
-159
-21
93
188
257
308
383
553
758
913
991
994
963
944
935
979
1034
1029
1011
943
846
734
618
485
352
291
237
127
-18
-164
-301
-471
-629
-739
-837
-959
-1095
-1148
-1161
-1228
-1310
-1368
-1381
-1354
-1317
-1257
-1219
-1163
-1071
-939
-806
-757
-657
-471
-317
-192
-88
59
184
319
494
599
682
761
815
862
861
889
984
1072
1084
1028
966
870
810
808
804
807
795
747
701
611
495
421
410
433
467
439
401
326
256
238
217
204
202
227
243
192
138
149
164
160
136
111
47
29
63
21
-40
-22
-3
-26
-80
-131
-170
-192
-170
-125
-73
-19
-26
-42
-49
-31
32
104
269
413
478
535
585
704
828
976
1096
1161
1258
1312
1385
1466
1529
1573
1578
1620
1647
1613
1570
1497
1417
1364
1297
1228
1153
1097
1061
960
805
643
531
444
374
253
81
-33
-157
-309
-455
-573
-694
-806
-854
-921
-994
-1087
-1180
-1230
-1279
-1317
-1344
-1340
-1303
-1275
-1217
-1127
-1098
-1087
-1021
-929
-795
-630
-461
-332
-204
-92
-22
61
151
274
367
449
544
610
643
624
545
495
483
474
466
454
449
396
382
380
331
324
311
320
312
310
329
340
394
435
459
442
403
425
446
422
374
303
258
312
365
381
330
209
138
94
107
164
177
167
137
118
118
103
110
113
92
56
59
118
151
140
137
158
196
291
420
562
653
727
776
808
900
977
1040
1111
1160
1222
1324
1366
1437
1562
1622
1524
1222
957
888
1005
1178
1181
995
725
529
451
357
176
-21
-138
-190
-258
-371
-506
-672
-800
-918
-1016
-1099
-1216
-1347
-1482
-1529
-1551
-1596
-1691
-1815
-1939
-2044
-2103
-2125
-2148
-2165
-2166
-2156
-2124
-2085
-2079
-2051
-1977
-1894
-1812
-1759
-1685
-1612
-1534
-1514
-1436
-1323
-1260
-1142
-1027
-895
-624
-349
-218
-327
-664
-867
-917
-829
-513
-107
289
554
616
556
324
181
285
524
639
536
435
490
829
1195
1294
1061
733
496
393
537
696
584
478
706
1218
1335
1110
759
500
603
760
805
800
639
587
770
832
1084
1183
1202
898
334
-78
-104
349
828
990
926
937
1021
889
606
411
188
267
642
974
1216
1272
1203
1205
1120
1041
869
553
463
620
801
1036
1023
854
791
631
511
195
-37
-10
-88
-128
-188
-243
-256
-185
-268
-574
-990
-1297
-1475
-1467
-1241
-1178
-1101
-1103
-1323
-1495
-1655
-1721
-1821
-1971
-2168
-2193
-1944
-1749
-1643
-1699
-1814
-1828
-1722
-1709
-1770
-1924
-1872
-1513
-1114
-785
-707
-891
-1009
-879
-658
-472
-464
-484
-417
-244
36
300
381
316
197
153
236
299
337
405
510
641
768
803
767
718
749
764
747
664
633
764
944
1036
1057
1039
894
853
828
783
702
619
774
920
910
941
882
780
782
771
730
692
603
518
446
435
406
381
387
339
384
285
252
178
27
-30
28
162
130
274
314
400
567
541
561
503
422
444
586
607
762
956
957
1040
946
815
751
684
686
579
553
516
437
422
424
396
119
-188
-361
-529
-506
-398
-460
-568
-733
-898
-1047
-1211
-1343
-1530
-1702
-1780
-1833
-1786
-1639
-1393
-1166
-1023
-873
-814
-895
-956
-1071
-1098
-919
-704
-436
-214
-47
144
195
217
228
122
5
-110
-160
-103
18
150
277
302
189
63
-102
-284
-411
-568
-659
-675
-633
-534
-453
-467
-497
-503
-524
-535
-595
-635
-632
-549
-325
-43
181
371
514
665
835
905
873
832
775
797
881
991
1193
1329
1449
1488
1473
1444
1339
1164
1070
1054
1040
1039
995
967
958
1001
1064
1040
875
645
417
328
355
385
409
423
460
511
516
483
418
303
245
240
230
265
353
431
468
466
410
392
356
351
353
230
122
-34
-114
-112
-121
-106
-217
-350
-445
-530
-544
-560
-653
-777
-899
-995
-1025
-1060
-1119
-1201
-1348
-1440
-1360
-1188
-907
-547
-276
-2
268
446
548
514
433
352
428
676
1029
1410
1690
1817
1807
1742
1659
1525
1317
997
602
267
47
-21
-63
-87
-167
-321
-434
-546
-694
-887
-1110
-1336
-1492
-1575
-1616
-1625
-1630
-1614
-1572
-1516
-1495
-1494
-1491
-1482
-1453
-1431
-1396
-1306
-1121
-917
-753
-669
-644
-640
-641
-636
-643
-700
-809
-891
-904
-854
-768
-722
-759
-817
-846
-842
-836
-911
-1068
-1218
-1290
-1296
-1281
-1270
-1279
-1297
-1264
-1175
-1123
-1156
-1241
-1325
-1350
-1351
-1361
-1412
-1471
-1459
-1399
-1327
-1274
-1273
-1308
-1309
-1301
-1322
-1411
-1542
-1683
-1775
-1784
-1785
-1841
-1991
-2142
-2218
-2249
-2273
-2347
-2464
-2549
-2568
-2561
-2541
-2590
-2703
-2833
-2955
-2996
-2986
-2970
-2898
-2729
-2380
-1861
-1307
-726
-281
52
334
505
628
676
706
774
859
993
1160
1316
1486
1615
1693
1718
1645
1546
1419
1278
1106
872
634
422
278
202
160
141
138
150
160
142
109
47
-7
-25
-56
-86
-135
-174
-122
-4
167
328
455
548
589
673
774
813
810
768
764
792
811
867
868
856
846
856
888
831
741
615
518
438
343
284
229
155
109
101
73
16
-38
-25
8
13
-38
-74
-73
14
106
119
163
177
246
347
421
449
367
297
284
328
412
427
380
328
339
402
413
375
262
171
116
60
14
-69
-102
-150
-196
-234
-303
-377
-467
-518
-519
-544
-587
-632
-660
-656
-675
-730
-838
-908
-940
-886
-745
-516
-177
201
627
1049
1433
1742
1953
2035
2042
2024
1993
1982
1951
1951
1984
1973
1934
1918
1905
1899
1845
1752
1632
1452
1286
1117
960
836
683
545
444
373
341
291
267
258
241
251
277
292
224
117
4
-87
-151
-227
-229
-182
-112
47
239
408
518
611
722
798
848
819
762
741
742
738
716
673
600
546
479
482
471
400
313
207
149
60
-84
-184
-320
-431
-502
-590
-586
-624
-607
-476
-351
-243
-231
-252
-247
-243
-201
-165
-202
-234
-256
-226
-144
-113
-152
-203
-231
-245
-251
-299
-362
-442
-514
-542
-564
-614
-665
-689
-702
-731
-758
-785
-841
-880
-887
-855
-819
-816
-825
-825
-778
-734
-681
-657
-694
-700
-700
-707
-727
-731
-701
-593
-391
-118
185
515
840
1121
1386
1566
1724
1838
1883
1829
1675
1535
1437
1312
1221
1167
1071
985
941
960
974
961
963
969
919
824
739
630
490
359
240
87
-75
-193
-281
-373
-428
-419
-404
-383
-390
-355
-332
-321
-268
-245
-236
-212
-139
-18
97
204
336
434
551
707
806
820
787
761
719
618
558
504
368
234
96
-7
-82
-141
-154
-215
-299
-320
-336
-330
-385
-444
-459
-508
-533
-558
-604
-668
-657
-591
-579
-563
-558
-540
-458
-385
-343
-334
-324
-328
-351
-324
-307
-284
-242
-203
-146
-76
-23
33
131
179
195
220
248
277
284
274
279
306
368
424
459
506
560
645
712
739
778
763
741
716
677
585
438
326
190
136
174
274
436
504
720
1020
1264
1546
1642
1681
1775
1836
1953
1895
1674
1546
1373
1276
1208
1064
897
753
772
881
927
897
900
872
895
936
880
712
493
324
184
45
-47
-102
-237
-351
-391
-429
-444
-452
-447
-398
-357
-262
-161
-106
-40
26
109
190
257
328
368
360
391
447
474
497
495
462
425
373
318
286
252
268
281
272
313
319
362
391
379
415
362
287
273
220
180
147
112
118
110
92
44
-20
-13
16
-34
-110
-203
-243
-214
-213
-224
-250
-264
-250
-226
-233
-251
-261
-263
-253
-235
-202
-134
-70
-21
60
149
275
383
465
543
616
678
728
762
770
785
802
812
803
798
764
742
695
610
484
295
85
-107
-298
-454
-481
-503
-484
-434
-331
-61
185
380
507
538
633
726
767
694
427
243
149
75
-21
-235
-428
-543
-568
-516
-508
-569
-580
-508
-405
-306
-222
-175
-183
-209
-218
-252
-304
-357
-461
-578
-637
-611
-587
-622
-653
-623
-490
-335
-200
-115
-43
86
248
421
495
537
561
541
569
576
552
535
525
514
493
528
564
608
629
654
733
790
839
815
746
687
640
627
589
446
322
231
180
194
158
92
11
-44
-89
-134
-208
-285
-349
-427
-488
-568
-668
-790
-922
-1043
-1156
-1247
-1333
-1397
-1459
-1489
-1469
-1446
-1435
-1435
-1415
-1371
-1335
-1328
-1367
-1427
-1443
-1426
-1401
-1407
-1445
-1476
-1491
-1490
-1491
-1505
-1546
-1592
-1619
-1646
-1657
-1669
-1679
-1679
-1664
-1584
-1486
-1414
-1362
-1312
-1255
-1177
-1100
-1074
-1115
-1177
-1221
-1285
-1388
-1538
-1670
-1762
-1856
-1929
-1994
-2029
-2025
-2023
-2028
-2041
-2065
-2059
-2028
-2039
-2058
-2047
-1994
-1912
-1821
-1759
-1715
-1642
-1549
-1465
-1415
-1379
-1328
-1267
-1195
-1124
-1093
-1080
-1069
-1059
-1029
-1012
-977
-889
-802
-696
-591
-467
-304
-181
-75
-2
31
44
46
38
0
-30
-61
-28
4
45
138
192
248
332
390
426
422
401
400
377
395
391
339
306
271
225
194
173
151
136
114
122
148
189
236
245
238
231
215
219
214
201
174
157
170
200
220
199
176
141
143
158
140
115
58
-11
-52
-103
-138
-153
-117
17
110
218
357
556
833
1047
1259
1427
1553
1760
1960
2065
2076
2032
2043
2025
1913
1780
1587
1401
1254
1114
988
808
602
439
280
121
-15
-116
-220
-341
-398
-432
-476
-539
-645
-751
-837
-883
-911
-988
-1077
-1130
-1115
-1042
-964
-847
-712
-567
-361
-136
89
321
527
724
874
978
1091
1154
1155
1099
1003
915
840
740
620
516
452
439
469
515
588
651
693
721
726
728
728
702
643
534
419
381
357
313
278
235
225
262
335
412
481
598
726
832
915
992
1031
1017
957
887
826
753
682
586
495
410
343
274
210
158
91
84
122
157
172
202
244
284
341
385
451
484
472
502
532
552
585
605
610
610
640
699
711
696
699
722
746
758
763
712
650
599
538
450
326
200
57
-87
-206
-300
-418
-499
-545
-595
-656
-721
-733
-743
-767
-778
-825
-886
-914
-921
-920
-940
-948
-953
-947
-898
-830
-767
-702
-627
-585
-528
-450
-383
-350
-379
-407
-436
-477
-503
-508
-501
-477
-396
-284
-189
-87
38
159
291
428
527
594
637
665
662
627
580
539
538
535
524
538
540
551
581
640
776
913
1012
1065
1109
1157
1163
1136
1082
997
883
753
605
486
378
295
238
164
94
25
-12
-35
-85
-137
-180
-217
-249
-274
-317
-345
-357
-357
-354
-372
-372
-368
-382
-399
-399
-367
-307
-240
-135
-7
106
202
279
345
407
467
492
499
476
425
396
359
293
195
87
5
-84
-184
-243
-285
-313
-332
-357
-380
-423
-481
-552
-633
-684
-704
-736
-788
-833
-867
-881
-890
-862
-777
-697
-610
-488
-368
-236
-104
2
123
215
274
293
304
323
325
332
338
325
297
300
327
386
410
436
503
552
594
601
598
576
539
532
509
494
465
425
386
325
279
232
169
97
49
18
-5
-51
-91
-114
-137
-128
-98
-55
-22
34
110
181
244
317
366
396
404
382
369
333
265
190
117
39
-68
-194
-314
-428
-530
-636
-694
-707
-735
-745
-738
-731
-719
-693
-632
-543
-471
-421
-398
-374
-375
-377
-369
-360
-316
-269
-203
-138
-64
10
108
236
367
505
619
711
798
857
864
852
814
756
673
561
456
362
270
168
63
-4
-45
-90
-118
-125
-101
-55
-13
13
37
31
26
28
6
-29
-68
-107
-156
-212
-277
-309
-333
-368
-404
-423
-438
-462
-489
-511
-521
-513
-491
-494
-501
-504
-492
-479
-473
-456
-392
-319
-253
-197
-130
-50
19
76
130
189
237
304
347
350
330
294
246
180
125
96
57
-4
-79
-153
-183
-202
-216
-217
-186
-141
-101
-71
-59
-30
10
29
36
43
54
73
87
85
106
135
147
177
195
247
318
359
387
395
381
355
329
302
265
217
179
123
57
-16
-61
-93
-131
-161
-196
-223
-257
-294
-316
-334
-351
-362
-376
-371
-359
-364
-346
-316
-280
-240
-216
-191
-182
-163
-140
-110
-79
-85
-94
-107
-147
-170
-191
-203
-202
-217
-225
-208
-155
-89
-29
30
99
162
225
282
350
436
508
554
581
587
569
535
488
460
429
386
337
290
239
205
195
194
197
188
157
136
141
158
173
173
177
164
148
132
119
143
182
210
232
246
267
293
317
369
430
475
520
554
586
606
617
621
632
660
668
676
653
612
583
542
499
429
338
230
123
22
-81
-207
-339
-477
-606
-710
-792
-844
-898
-956
-1006
-1036
-1035
-1015
-988
-952
-913
-884
-859
-800
-740
-706
-673
-645
-628
-624
-628
-639
-649
-654
-644
-625
-599
-571
-546
-512
-469
-429
-391
-352
-330
-325
-309
-290
-280
-272
-254
-239
-244
-237
-216
-168
-98
-38
12
69
133
207
298
380
448
511
580
662
723
767
812
843
880
926
956
969
959
944
929
907
883
848
817
779
731
694
670
640
584
525
467
407
371
357
329
291
246
213
190
173
169
164
148
120
91
61
30
17
2
-18
-40
-77
-106
-128
-159
-184
-186
-186
-181
-184
-192
-207
-215
-214
-198
-165
-144
-148
-159
-168
-177
-183
-179
-180
-203
-245
-280
-295
-320
-364
-414
-473
-531
-575
-620
-657
-680
-713
-736
-754
-785
-808
-813
-798
-776
-756
-733
-711
-692
-676
-663
-630
-579
-526
-473
-435
-410
-377
-334
-270
-199
-129
-63
-2
56
113
181
244
298
355
394
416
429
430
440
448
432
409
394
388
368
341
315
306
326
357
378
387
416
462
497
522
536
541
539
522
513
507
481
463
457
444
425
399
378
363
341
312
279
245
206
172
134
90
55
43
30
11
-11
-43
-76
-102
-128
-140
-128
-120
-126
-128
-132
-144
-152
-167
-154
-134
-133
-131
-138
-150
-160
-173
-186
-189
-180
-165
-159
-163
-170
-174
-170
-163
-145
-139
-146
-144
-123
-113
-121
-126
-135
-139
-124
-115
-117
-124
-117
-91
-73
-66
-66
-65
-49
-46
-52
-72
-100
-112
-124
-140
-168
-203
-240
-278
-314
-354
-390
-411
-420
-428
-437
-457
-476
-469
-453
-436
-415
-390
-331
-270
-227
-184
-148
-110
-68
-14
50
106
160
211
251
284
311
337
372
407
429
438
441
446
452
470
488
491
489
481
467
451
450
467
475
484
486
482
476
477
486
488
482
454
424
422
420
417
413
391
371
366
371
375
367
350
324
317
303
271
242
228
216
190
149
106
79
48
21
-7
-24
-39
-65
-68
-67
-61
-67
-73
-60
-59
-77
-102
-125
-159
-174
-179
-199
-228
-269
-297
-310
-317
-332
-361
-395
-433
-467
-461
-450
-461
-475
-495
-515
-527
-531
-529
-543
-551
-551
-559
-562
-558
-558
-554
-548
-535
-511
-491
-482
-477
-483
-479
-459
-442
-416
-390
-366
-355
-335
-303
-276
-246
-222
-189
-141
-95
-52
-1
49
105
174
244
336
426
485
525
549
581
630
674
715
752
776
788
791
792
795
797
795
779
761
748
727
714
716
721
704
667
618
563
523
498
476
439
398
368
356
343
321
323
319
298
257
209
175
157
119
73
49
16
-29
-84
-127
-158
-191
-227
-262
-290
-330
-373
-403
-434
-446
-456
-484
-519
-552
-565
-572
-574
-557
-542
-542
-541
-517
-488
-449
-399
-372
-359
-345
-312
-280
-261
-225
-189
-170
-147
-120
-93
-64
-44
-25
-11
18
40
50
72
79
86
92
93
99
104
104
90
75
71
79
80
62
37
11
17
33
44
59
74
100
132
166
210
235
243
267
294
319
352
381
405
432
461
490
525
554
591
643
677
684
700
728
746
758
769
777
781
779
762
752
743
717
669
620
594
564
543
530
523
520
509
501
496
506
517
529
543
554
563
561
568
583
603
647
678
683
687
699
717
730
732
740
741
728
719
703
675
634
612
607
585
557
528
512
505
519
550
566
575
585
606
642
690
733
768
805
827
848
880
916
950
971
978
983
1002
1022
1026
1022
1018
1014
1002
986
948
882
790
690
593
493
391
283
167
46
-69
-173
-280
-382
-485
-585
-677
-761
-836
-910
-970
-1035
-1091
-1137
-1183
-1219
-1265
-1306
-1338
-1372
-1403
-1428
-1451
-1472
-1485
-1491
-1492
-1488
-1486
-1485
-1478
-1474
-1470
-1463
-1449
-1426
-1405
-1390
-1379
-1373
-1362
-1354
-1339
-1309
-1282
-1250
-1228
-1203
-1173
-1137
-1099
-1064
-1034
-1011
-992
-969
-946
-930
-904
-877
-860
-849
-835
-826
-827
-825
-820
-829
-837
-849
-867
-878
-897
-911
-924
-948
-969
-989
-1016
-1049
-1074
-1091
-1095
-1111
-1126
-1123
-1121
-1122
-1115
-1108
-1106
-1110
-1119
-1124
-1125
-1126
-1122
-1113
-1102
-1098
-1096
-1084
-1065
-1039
-1014
-987
-969
-939
-909
-883
-853
-825
-799
-770
-742
-720
-688
-660
-644
-631
-610
-584
-548
-506
-467
-422
-385
-342
-298
-256
-212
-171
-145
-126
-107
-96
-75
-63
-49
-32
-10
24
64
104
129
155
177
200
225
244
260
272
285
301
323
337
344
363
385
408
425
431
438
458
490
527
564
586
603
616
637
681
722
748
763
770
769
769
774
772
756
741
720
701
677
652
634
602
575
544
518
493
471
459
434
402
362
325
289
251
218
184
154
135
123
106
88
82
77
80
73
58
51
44
32
25
24
11
2
10
15
18
27
42
64
87
104
119
135
149
173
214
246
274
296
317
333
349
379
412
435
456
478
496
510
524
545
555
561
579
603
612
611
605
604
613
622
635
642
639
645
642
641
648
643
650
656
657
653
633
619
621
617
596
576
552
514
477
436
387
334
281
238
201
162
129
94
59
24
-11
-26
-38
-49
-58
-73
-78
-80
-74
-49
-25
-7
12
23
36
56
70
75
81
92
98
101
103
115
119
130
159
172
172
165
150
135
125
105
84
64
