6
13
17
14
15
20
28
25
14
7
13
26
29
14
-6
-8
7
28
29
10
-8
-7
5
14
13
4
0
1
3
-4
-12
-15
-13
-14
-20
-28
-30
-26
-23
-22
-22
-18
-14
-14
-17
-17
-11
0
0
-5
-12
-10
-1
4
0
-5
-5
-2
1
0
2
7
19
31
31
26
25
29
38
45
39
29
19
16
21
26
30
24
13
8
9
16
22
20
8
4
10
21
24
17
6
1
6
10
3
-13
-25
-23
-9
4
3
-8
-19
-18
-5
7
7
-5
-17
-18
-8
1
0
-7
-14
-15
-13
-12
-14
-14
-7
4
8
4
-1
-2
4
10
10
5
2
3
7
13
14
12
8
3
0
1
2
4
1
4
9
14
14
7
4
8
21
24
10
-10
-19
-9
13
20
10
-7
-12
0
14
15
2
-10
-7
2
9
10
8
6
6
3
1
1
0
-9
-16
-16
-8
2
1
-9
-22
-22
-11
-1
-5
-18
-28
-25
-12
-1
0
-7
-13
-16
-14
-7
-1
-2
-6
-13
-11
0
10
11
1
-9
-7
6
16
11
0
-7
2
20
27
19
5
0
8
18
22
16
8
6
12
21
24
20
11
0
-4
-1
5
10
8
-2
-6
-4
1
0
-11
-19
-21
-17
-13
-15
-19
-19
-12
-8
-10
-16
-19
-19
-16
-16
-16
-12
-5
1
3
1
1
7
18
23
18
11
7
13
27
35
35
34
33
34
38
41
36
35
32
31
33
39
44
42
35
26
22
24
28
23
9
-2
-1
8
12
2
-14
-23
-20
-12
-12
-26
-41
-41
-32
-23
-24
-36
-46
-47
-44
-44
-50
-53
-53
-53
-52
-52
-46
-35
-31
-32
-32
-30
-24
-18
-17
-15
-10
0
10
14
13
13
16
23
25
27
31
35
39
41
38
36
39
41
38
26
16
16
24
30
22
5
-8
-5
0
-1
-11
-24
-30
-30
-23
-22
-30
-41
-50
-53
-51
-48
-49
-56
-61
-60
-53
-42
-37
-39
-45
-45
-37
-20
-11
-15
-25
-29
-13
9
22
18
5
1
14
37
48
44
35
33
45
61
67
63
57
54
56
61
62
58
52
45
41
42
43
41
33
18
11
14
18
17
2
-17
-24
-18
-9
-9
-20
-32
-36
-34
-32
-34
-38
-43
-46
-48
-46
-42
-35
-32
-37
-42
-42
-31
-23
-22
-27
-30
-23
-7
5
3
-3
-3
10
24
27
24
18
19
29
38
41
39
39
39
38
40
47
52
53
43
31
26
33
39
36
20
7
7
14
18
9
-6
-16
-14
-8
-7
-15
-24
-29
-28
-31
-34
-40
-45
-48
-52
-52
-46
-41
-44
-51
-57
-50
-35
-24
-26
-36
-38
-21
0
10
2
-6
-5
6
16
15
9
13
26
35
36
32
36
42
43
40
36
39
46
49
44
36
37
42
42
31
17
12
18
23
16
4
-4
-5
-2
-3
-8
-9
-8
-9
-16
-24
-24
-16
-14
-26
-40
-44
-38
-27
-23
-28
-34
-30
-24
-23
-23
-23
-14
-4
5
8
11
15
20
20
18
19
24
26
28
27
30
38
46
46
39
31
31
35
41
43
40
35
32
31
31
32
29
23
10
2
0
0
-4
-9
-17
-21
-23
-25
-29
-36
-41
-42
-42
-41
-41
-41
-39
-38
-36
-34
-30
-31
-34
-35
-31
-24
-18
-15
-16
-15
-9
-1
7
11
12
13
13
14
20
29
34
34
28
22
24
29
31
25
17
12
12
17
16
10
6
5
7
2
-6
-14
-22
-24
-25
-25
-22
-22
-26
-30
-32
-28
-25
-28
-38
-48
-49
-38
-24
-17
-21
-22
-20
-17
-15
-13
-12
-6
-1
6
11
20
29
35
35
35
36
35
33
29
28
34
41
45
44
39
36
37
41
42
38
30
25
26
26
25
25
20
12
3
-4
-10
-14
-20
-27
-32
-36
-36
-37
-36
-33
-30
-29
-33
-38
-41
-40
-36
-33
-31
-27
-20
-14
-13
-12
-13
-14
-13
-15
-16
-13
-3
8
16
24
29
30
29
28
25
23
25
27
31
34
43
49
51
47
37
27
22
20
17
14
17
21
21
19
13
6
2
-5
-13
-24
-27
-24
-21
-18
-21
-23
-26
-32
-36
-43
-47
-47
-44
-40
-41
-39
-34
-26
-22
-26
-31
-37
-39
-38
-36
-32
-28
-22
-14
-8
0
7
11
14
11
8
6
12
21
30
36
41
46
48
45
37
26
17
10
6
4
4
10
19
25
23
17
8
2
-5
-9
-10
-7
0
5
11
13
15
16
13
6
-10
-27
-37
-37
-35
-32
-30
-27
-22
-23
-26
-32
-34
-35
-33
-27
-22
-13
-2
12
20
22
20
17
19
15
11
7
7
5
5
4
3
3
6
3
-3
-7
-8
-1
7
17
23
28
31
31
30
28
25
23
20
13
10
11
16
18
15
2
-12
-25
-38
-47
-53
-50
-45
-33
-20
-12
-4
0
-1
-5
-18
-32
-37
-36
-27
-16
-7
6
13
18
12
1
-13
-28
-44
-56
-60
-55
-38
-18
3
20
28
28
23
16
9
4
5
11
19
33
48
64
81
86
77
56
34
12
-8
-21
-27
-28
-18
-2
15
30
36
40
34
27
15
6
-1
-1
6
11
19
29
40
42
39
30
15
-3
-23
-39
-54
-58
-58
-49
-37
-25
-14
-2
11
16
17
11
3
-5
-13
-17
-15
-5
6
16
22
25
24
20
10
-8
-28
-46
-58
-65
-61
-53
-32
-8
19
42
50
53
45
32
14
-1
-10
-10
-6
14
36
60
84
85
82
60
33
2
-27
-51
-60
-57
-43
-9
24
61
82
86
72
49
23
-5
-34
-50
-53
-47
-21
-1
22
35
34
25
-2
-41
-84
-116
-134
-132
-115
-88
-63
-38
-1
29
52
43
18
-11
-23
-15
-11
-9
-13
4
27
51
61
68
71
57
48
23
-1
-16
-9
14
30
33
42
62
85
111
99
89
64
64
63
38
21
-1
-14
-22
-16
-19
-27
-33
-41
-61
-73
-75
-83
-95
-109
-109
-108
-88
-71
-57
-62
-59
-41
-39
-38
-65
-97
-116
-108
-78
-64
-62
-42
-18
19
53
49
39
13
6
3
3
17
33
58
86
120
154
175
169
145
123
103
88
66
35
27
39
49
46
36
40
52
58
38
-30
-89
-94
-62
-26
-54
-87
-102
-70
-12
-4
-51
-119
-127
-92
-71
-86
-115
-131
-107
-65
-48
-60
-69
-56
-39
-34
-49
-41
-28
1
46
84
118
119
112
103
95
109
108
70
37
18
51
86
95
81
56
70
87
106
87
58
33
22
27
14
1
-14
-3
8
3
6
6
-7
-17
-28
-52
-89
-102
-89
-123
-137
-118
-106
-99
-85
-48
-18
-1
21
1
-43
-46
-19
-23
-66
-83
-64
-13
30
61
37
0
39
77
103
67
20
-6
4
41
53
22
-8
3
54
106
83
48
8
5
30
46
39
5
-15
-14
-10
-8
6
-24
-52
-68
-68
-52
-28
-25
-33
-39
-24
8
-20
5
13
13
-9
-17
-3
-4
40
47
20
-39
-15
-5
0
10
6
-13
-44
5
40
58
33
11
-22
-52
-38
-21
-2
-30
-3
10
20
66
52
11
-61
-120
-84
-69
-68
-57
-67
-29
18
73
92
73
69
58
22
-5
-7
-1
-3
13
50
80
96
118
79
33
51
33
18
13
-22
-24
1
14
33
15
45
45
10
20
25
32
-25
-39
-55
-59
-18
7
-23
-73
-55
-61
-65
-78
-66
-82
-92
-81
-52
-46
-10
14
-23
17
-24
-27
-24
-51
-2
5
-16
14
16
28
68
41
50
26
15
23
36
16
3
15
29
59
38
61
19
41
72
55
32
23
85
68
64
27
-31
-58
-48
-38
-38
-27
-47
-18
-62
-1
51
-40
-52
-136
-127
-67
-47
-11
-33
-54
19
49
71
71
-28
-93
-97
-67
-27
11
-44
-2
41
57
108
67
8
-27
-28
-21
21
9
20
73
64
121
177
90
58
7
-7
10
-6
44
-13
4
54
45
63
15
6
22
-24
-24
-3
-57
1
27
-23
12
21
35
26
-33
-13
-28
-50
-27
-34
-19
2
-20
-42
-52
-65
-29
-41
-78
-56
-15
-31
-12
-37
8
21
-29
1
-44
24
9
-9
-23
-42
7
49
50
-16
29
-39
6
28
-20
25
3
9
34
30
41
65
21
42
14
36
11
5
6
-18
25
34
42
-17
27
14
9
-25
-75
-83
-89
-22
-52
-39
-38
-10
36
-20
-2
-7
-57
-47
-40
-93
-55
-21
-6
18
-7
5
-7
-62
-22
-13
-52
13
-13
30
49
60
70
38
20
21
35
-16
45
19
21
78
78
76
137
94
47
76
-41
26
-7
-38
-6
-23
16
64
84
12
64
-8
13
8
-47
-25
-64
-59
-84
-12
-30
-11
-29
-65
-30
-39
-6
-27
-72
-76
-24
-44
-2
12
-38
-8
-38
0
33
30
12
-3
8
72
94
56
32
3
-3
11
-4
-5
1
30
26
39
66
63
68
34
16
-14
-8
-4
1
-44
2
30
-44
18
21
-7
-13
-44
-85
-63
-77
-21
-22
-76
-2
-5
-7
-11
-20
-78
-56
-41
-28
0
0
27
17
46
43
47
6
-11
0
-26
2
10
-27
11
44
50
73
60
55
27
44
-5
-4
-11
-47
-9
-8
0
37
18
5
24
-6
24
-19
-45
-43
-59
-45
-39
-18
-47
-53
-25
-7
-17
-9
-7
-40
-8
13
26
-16
-12
27
-14
-4
6
-5
0
-14
0
4
5
69
39
7
7
-3
3
3
-7
-7
-12
-12
19
0
52
10
5
16
-2
45
-6
-7
-40
-34
-49
-40
-63
-42
-8
-42
-7
-10
-24
-28
14
-2
-21
-9
6
-29
-47
14
-4
-52
-55
-5
6
-2
36
28
19
6
106
87
-43
-6
-23
-40
-13
-4
24
17
15
115
115
48
76
12
-50
-34
-49
-51
-70
-82
8
45
33
67
30
-39
-12
-23
-57
-38
-60
-76
-14
-49
2
9
-54
10
4
20
24
4
-24
26
-25
-28
7
2
72
57
36
31
24
77
109
29
42
40
45
36
52
20
-2
24
68
146
52
39
-39
-60
-18
13
-31
-44
-25
26
73
46
19
-61
-18
-32
-31
-25
-37
-23
-26
-27
5
22
-41
-2
-69
-63
-26
-41
-29
-76
-39
-21
14
34
5
12
47
38
45
17
1
-5
-26
27
48
20
50
57
29
35
18
27
6
-38
27
18
-46
-10
-6
14
-7
34
53
71
62
11
41
-46
-12
-19
-70
-67
-57
-34
-15
10
10
49
3
-13
-20
-46
-66
-59
-116
-48
-27
-9
33
14
48
10
36
-20
1
-17
-50
-14
-37
-6
26
18
15
36
9
30
7
-70
-32
17
-29
56
47
46
78
-11
31
9
-47
6
14
2
11
38
51
40
33
36
57
11
-11
-36
-54
-49
-48
-33
-52
-28
25
34
13
2
-13
-20
-16
-36
-4
-13
-47
37
-32
-8
44
-94
39
-5
-22
81
-26
5
57
-24
11
22
-97
8
-20
-82
30
-14
28
51
-25
-3
-7
-43
10
-9
-18
29
9
25
3
23
-2
9
-13
-11
-10
-60
-6
-16
40
33
76
79
-12
8
-16
4
15
-1
39
50
20
101
74
14
29
23
2
-6
-23
-44
-56
-135
-60
-56
-79
-60
-30
-36
-11
-23
-64
-67
-94
-28
-11
-28
-38
37
-14
11
-21
-7
-6
-30
52
-28
-23
-19
28
19
18
44
67
73
98
142
91
73
65
69
31
8
40
76
73
112
123
24
31
-28
-87
-68
-106
-100
-116
-138
-108
-103
-79
-55
-70
-86
-58
-98
-93
-91
-103
-25
-59
53
92
63
86
54
68
18
11
10
-2
37
67
109
56
28
78
73
143
140
137
122
88
57
-43
-93
-77
69
158
188
153
38
0
-64
-117
-231
-264
-208
-171
-137
-119
-139
-110
-76
-26
-27
-119
-79
-125
-110
-75
-24
63
74
143
147
125
89
90
60
28
126
190
189
234
207
197
215
123
132
58
65
130
130
73
21
27
-27
-11
-11
-26
-65
-81
-142
-155
-179
-266
-183
-251
-223
-179
-259
-212
-211
-207
-173
-126
-173
-83
-73
-139
-17
-79
-17
53
44
67
105
152
165
189
165
208
187
152
185
139
135
176
165
175
189
147
208
159
56
114
24
50
69
43
33
-33
-66
-94
-91
-164
-167
-208
-143
-184
-259
-299
-350
-293
-197
-164
-195
-210
-204
-28
-116
-1
-71
-96
108
-42
2
-35
-70
108
117
161
266
135
170
180
101
151
173
181
206
181
183
282
180
166
177
52
105
93
79
45
10
44
-5
34
-21
-83
-122
-141
-107
-125
-134
-183
-153
-120
-65
-44
-113
-178
-122
-115
-83
-102
-119
-41
-74
-5
-26
-68
-22
45
77
85
37
27
79
-3
-11
27
14
100
128
139
144
98
139
191
124
61
120
91
89
60
61
43
16
36
-9
3
-141
-83
-35
-204
-150
-182
-152
-105
-205
-128
-134
-110
-34
-3
-20
-34
21
-20
-15
-73
-3
2
-28
-12
-72
11
6
-13
25
66
140
147
71
62
-49
44
96
38
101
62
128
108
35
11
28
40
-10
14
-58
40
21
-52
10
-47
37
33
-66
-73
-75
-37
18
-57
-90
-66
-10
-20
-38
-24
-42
-8
-1
-59
3
-24
-52
49
-3
99
69
53
92
63
110
78
57
17
10
39
29
20
15
5
65
-17
16
41
14
61
64
10
11
20
-73
-43
-44
-84
-24
-41
-119
-77
-130
-90
-135
-93
-112
-59
7
-43
18
-114
-30
-31
-113
-74
-39
-155
-52
-80
-55
7
-64
-18
-11
-63
-43
-2
-114
8
67
13
49
51
-25
2
-7
-43
46
30
47
54
-30
-14
17
-76
-36
25
-78
-43
57
-48
68
-34
-77
90
-88
20
15
-86
-10
38
-34
-34
-87
-56
3
-29
-31
-16
-95
-60
10
-59
-10
-23
81
62
122
9
8
62
-43
48
-38
-22
69
72
52
182
91
121
134
23
84
-49
16
3
10
-60
65
58
75
184
41
126
113
173
122
72
130
215
166
111
102
39
129
22
2
103
-60
-26
92
-57
2
-56
-171
-24
-116
-4
119
-32
84
137
80
57
26
75
26
111
254
141
31
56
51
-18
73
92
50
29
19
-16
-74
4
-9
17
46
142
216
146
126
63
82
142
146
134
68
101
166
59
55
67
-37
-66
-32
37
-52
-7
32
-90
-71
-131
-167
-136
-176
-207
-160
-183
-129
-66
-207
-91
-11
-104
-7
-139
-210
-168
-143
-145
-168
-66
-152
28
-91
-49
-47
-238
8
-168
-128
-15
45
127
97
125
84
98
-23
28
-33
21
-6
-36
30
-51
120
4
97
70
-25
21
-8
-127
-173
-159
-89
38
-60
145
-25
-60
58
-115
-159
-298
-237
-153
-141
-144
-40
-26
-125
-93
-111
-183
-142
-100
-67
-24
-65
109
76
75
219
153
206
223
126
126
72
80
227
171
161
283
210
210
157
79
188
128
111
131
99
215
206
128
33
9
14
-101
-76
-178
-104
98
33
78
-15
-51
54
6
-90
-189
-188
-163
-26
-48
-136
-84
16
145
69
42
25
94
-4
88
54
-32
58
40
27
-16
59
-23
92
33
-84
-52
-48
-18
2
66
-45
167
100
-26
195
41
81
122
-91
-61
-86
-163
-42
-235
-265
-188
-192
-187
-191
-165
-203
-262
-370
-272
-342
-361
-317
-240
-189
-203
-68
-149
-99
-35
-66
4
1
-213
-55
-82
-211
-148
-154
-105
-122
-164
-128
-79
-130
-69
-63
-27
-109
-15
-36
-39
41
-1
108
32
37
37
51
16
22
-62
-92
29
-58
11
-176
-181
-72
17
176
143
84
123
160
109
208
126
124
103
111
313
201
391
330
246
399
179
254
101
36
-22
-84
39
96
190
116
196
39
103
264
131
260
256
289
381
235
346
271
201
266
222
284
147
245
293
221
109
-17
20
-28
45
95
52
67
98
212
132
24
102
32
35
78
-72
51
-64
-93
147
103
139
59
52
-45
-258
-149
-92
-46
-174
-168
-81
-167
-82
-16
3
-86
145
43
-55
-48
-68
-30
-142
-171
-192
-126
-238
-12
-119
-236
-92
-124
-125
-127
-169
-194
-13
-201
-125
-102
-163
1
56
90
14
-6
-59
21
-137
-91
58
-63
110
139
-88
-155
-238
-119
-54
-224
-21
39
-125
-86
-127
-186
-41
-80
39
54
-52
-4
30
90
55
9
86
177
130
135
74
39
-66
-33
144
-65
211
363
252
228
155
105
30
-10
-96
107
-115
118
325
36
78
-12
-9
83
-156
-356
-148
-229
-180
153
1
53
219
9
88
37
-113
118
41
-108
106
-21
-13
310
103
12
120
51
134
8
95
-47
-140
-59
-8
62
-27
95
91
104
72
93
-19
-16
7
-69
23
-117
-114
-113
-253
-224
-321
-232
-151
-74
-150
-148
-154
-348
-255
-219
-179
-168
-79
16
24
9
78
152
-21
39
-44
-51
32
164
117
32
95
47
86
-78
3
-98
-106
103
20
-12
-59
12
121
97
259
144
71
45
-52
63
-102
-163
-45
-61
-133
-271
-336
-283
-237
-293
-113
-212
-139
-60
-189
41
-142
-201
-206
-247
-109
-70
21
179
277
132
-16
-19
14
-185
-276
-300
-237
70
151
95
120
-31
-23
168
9
-139
-169
-123
-21
49
171
236
222
193
151
85
44
2
-167
-112
2
41
143
95
25
-51
-128
-131
-10
-6
109
165
9
28
25
64
82
126
179
58
-22
-18
-61
-137
17
71
51
-52
-230
-221
-290
-252
-327
-189
-118
-73
166
119
92
39
148
141
85
88
72
124
188
248
265
109
86
189
37
111
55
274
133
71
190
41
184
102
154
-57
-8
-81
-53
55
-145
100
128
45
105
-156
-333
-229
-342
-204
-288
-198
-32
-154
-62
-164
-91
-162
-39
55
-14
65
-2
25
95
94
111
158
104
66
184
173
221
316
139
241
133
174
185
102
38
84
186
183
231
162
299
141
248
207
125
100
60
233
171
58
-107
-13
76
70
100
-152
-156
-249
-246
-139
-213
-179
-97
127
80
171
82
65
57
-149
-19
-42
86
-13
64
12
36
97
-54
133
-80
33
43
87
-67
-53
-3
-81
63
-36
113
-43
85
120
304
85
69
232
34
193
-102
23
-203
-200
226
326
268
94
243
-87
-118
88
47
71
42
53
90
24
-30
105
-50
-215
36
32
8
-112
-205
-92
-248
-229
-179
-254
-344
-90
-101
-227
-345
-283
83
114
5
103
67
-77
18
-16
-287
-258
134
269
99
71
179
86
11
-128
-52
-105
-24
206
-63
-184
-176
-14
110
38
-110
-157
-38
54
-27
-117
-220
-204
-184
-221
-151
-223
-86
123
-12
-239
-246
-188
-152
-140
-411
-363
-402
-167
18
-303
-70
-127
-112
15
-72
-216
-214
-88
-172
-225
-288
-129
167
157
40
73
10
8
-97
-138
-186
-127
-101
-34
183
-246
-55
19
16
-67
-237
62
136
174
-64
154
-54
8
45
-146
-128
-69
148
78
135
90
361
305
283
185
179
135
292
156
-170
166
13
166
192
214
307
389
297
93
102
222
560
387
352
269
349
273
62
2
-63
137
208
313
278
19
178
495
353
177
92
56
-102
-116
-108
-115
101
347
427
183
117
20
-31
-80
-195
70
-10
112
261
288
196
-17
-78
-168
-214
-137
114
28
153
51
4
66
-10
-4
58
147
-71
-6
-76
-81
32
150
148
-91
-191
-302
-167
-373
-275
-121
-344
-119
-114
-16
-155
-498
-418
-340
-369
-278
-222
-398
-391
-201
-177
-267
-332
-122
-196
-376
-361
-606
-273
-394
-233
-140
-319
-38
-27
-17
-251
-393
-500
-249
-267
-230
-290
-383
-85
-156
-351
-374
-335
-410
-247
-267
-45
-15
-140
-253
-168
-95
-171
40
-174
-148
-61
-120
-75
-65
-178
6
92
97
182
61
216
269
127
8
-95
-223
-77
126
191
70
83
219
92
37
-22
8
-50
-92
-43
31
195
102
-68
-56
161
275
145
26
-166
-194
82
177
187
340
387
465
544
394
383
262
280
363
115
359
465
302
21
-95
131
270
317
187
215
-68
2
265
72
121
88
142
166
42
63
-16
56
151
-44
28
76
45
246
109
-235
-220
-10
58
207
202
13
120
107
186
199
2
-14
-327
-401
-272
46
147
34
356
273
59
-83
-119
-61
-78
-76
13
-36
-210
-8
19
58
189
46
150
184
145
136
9
40
74
196
270
184
-28
-143
-158
-73
25
39
-49
-37
145
122
153
223
88
123
254
329
470
299
54
-142
-78
108
178
124
63
324
467
512
220
-17
-41
147
328
-2
-100
-4
156
289
371
240
-33
47
233
376
223
132
164
250
301
124
-20
-115
71
296
293
228
127
-72
-146
-174
-177
-146
-60
86
88
7
-121
-222
-181
-116
8
61
-11
-85
-86
-10
-71
-171
-272
-262
-325
-158
-34
-12
110
-1
51
-8
4
17
-32
-99
-117
-97
-390
-407
-319
-230
-163
-212
-182
-263
-352
-454
-486
-429
-439
-332
-317
-264
-190
-164
-205
-326
-390
-427
-295
-299
-304
-300
-278
-129
-58
-13
3
1
-133
-140
-143
-272
-285
-289
-206
-83
-1
32
144
104
79
58
11
-72
-95
124
128
170
124
72
89
29
-20
-112
-124
-44
-19
69
153
223
351
367
311
268
211
81
23
-34
-64
39
74
159
172
107
19
-101
-147
-269
-325
-240
-124
-40
26
42
73
50
-37
-81
-108
-66
-47
-15
66
98
206
214
176
68
-57
-148
-257
-283
-246
-160
-177
-140
-23
68
73
-17
-31
-42
-27
-37
-60
-16
-91
-116
-77
-4
96
193
241
225
205
110
119
184
289
405
483
590
624
642
677
661
687
750
730
665
616
621
624
633
621
572
617
628
573
554
545
559
571
557
548
533
489
397
237
126
46
-78
-155
-253
-304
-349
-384
-378
-398
-393
-434
-379
-379
-412
-525
-649
-735
-865
-813
-857
-934
-1001
-1073
-1156
-1309
-1432
-1600
-1656
-1714
-1793
-1816
-1895
-1936
-2015
-2056
-2054
-2030
-2126
-2343
-2636
-2938
-3126
-3325
-2385
-808
590
1713
2108
3365
4447
4874
4505
3089
2074
1028
273
-398
-933
-1117
-756
-29
876
1950
2498
2896
2564
2148
2021
1816
1591
720
-77
-132
222
815
1010
877
894
684
420
132
-227
-738
-1649
-2577
-2791
-2492
-2071
-1597
-1145
-320
621
1528
2432
3050
3440
3360
3037
2783
2452
2089
1455
783
258
-53
-178
-286
-313
-377
-437
-515
-431
-300
-306
-380
-439
-243
68
364
497
468
520
476
315
66
-299
-593
-885
-1125
-1193
-1098
-1068
-1119
-1204
-1303
-1517
-2019
-2551
-3120
-3528
-3916
-4398
-4694
-4858
-4793
-4658
-4621
-4503
-4495
-3704
-1349
1414
3720
4371
4867
6195
6723
6387
4375
2097
568
-714
-1309
-1799
-1903
-1434
-726
366
1761
2785
3348
3061
1928
1061
758
1077
1209
703
788
1661
3081
4341
4561
4334
3516
2023
356
-1343
-2800
-4368
-6322
-7390
-7080
-5731
-3873
-2285
-555
1064
2212
3176
3750
4112
3845
2659
1705
1300
1386
1531
1232
1123
1021
941
952
586
107
-806
-2152
-3036
-3407
-3111
-2356
-1621
-288
1395
3022
4436
5098
5312
4809
3619
2375
1177
433
-117
-597
-555
-219
369
914
961
670
-15
-1100
-2209
-3227
-3861
-4073
-3991
-3391
-2520
-1437
-366
185
261
-54
-781
-1719
-2906
-4048
-4962
-5666
-5971
-6041
-5841
-5375
-5085
-3156
834
4549
6997
6734
6925
8137
7376
5425
1379
-1837
-3354
-4582
-4369
-3912
-2858
-983
786
2879
4774
5292
4941
3302
1165
13
-434
267
684
721
2044
4012
6170
7109
6241
4554
1702
-1948
-5374
-8145
-9879
-11409
-12628
-11700
-8844
-4934
-1148
1793
4468
6120
6504
6411
5998
5529
4214
2143
936
660
1137
1425
957
287
-974
-2405
-3569
-4834
-5866
-7038
-7808
-6947
-4827
-1746
1163
3499
5952
8080
9662
10248
9457
8001
5864
3430
1563
255
-247
-594
-1020
-775
-92
541
421
-651
-1781
-2742
-3523
-3876
-3683
-2741
-1508
-311
1081
2426
3218
3008
1796
462
-739
-2060
-3398
-4533
-4762
-4341
-3736
-2956
-2463
-2139
-2497
-3480
-4690
-6130
-7307
-8053
-5647
-423
4846
8039
8562
10144
11412
10280
6427
579
-3952
-7218
-8897
-8819
-7718
-5721
-3107
53
3597
6181
6698
5629
3083
529
-954
-1083
-90
441
910
2447
4935
7235
7398
5187
1894
-2164
-6317
-9469
-11137
-11507
-11738
-11105
-7816
-2761
2126
5405
7068
8015
7589
6065
4669
3775
3119
1626
465
1057
2758
4300
4328
3240
1367
-1351
-3988
-6032
-7348
-8161
-8532
-7333
-3881
1065
5947
9315
11235
12277
12212
11089
8765
5504
2034
-1181
-3165
-3466
-2501
-1144
-368
-111
118
307
114
-939
-2516
-3707
-3913
-3052
-1439
549
2495
3870
4411
4375
3766
2332
-155
-3064
-5347
-6614
-6712
-6221
-5053
-3406
-1997
-870
-526
-754
-1675
-3391
-5551
-7351
-8251
-8385
-7808
-7149
-5853
-2842
2674
8101
10744
10068
8144
7222
4521
559
-3875
-7251
-8073
-7658
-4881
-1050
2072
4136
5171
5786
5514
3502
623
-2255
-4799
-5621
-4046
-278
3920
6645
8667
10274
10801
9405
5567
792
-4215
-9013
-11892
-12024
-9731
-6844
-4525
-1672
1754
4602
6082
6056
5138
3394
1084
102
1278
3711
5702
6427
6996
7400
6740
4542
771
-3813
-8604
-12312
-13393
-12038
-9137
-5858
-2154
2554
7115
10166
10966
10078
8161
5345
2360
504
30
-59
-244
-180
972
2372
2530
1354
-492
-2113
-3580
-4675
-4556
-3214
-1465
42
1649
3710
5479
5671
4355
2497
765
-794
-2189
-2706
-2384
-1787
-1265
-665
363
979
439
-1009
-2690
-4077
-5033
-5755
-6201
-6077
-5594
-4690
-3852
-3225
-3195
-3878
-4642
-3557
560
4086
5735
5175
4595
5578
4571
2833
148
-2947
-4361
-5047
-3474
-1376
-827
-386
-60
399
821
12
-865
-1882
-3204
-2273
758
4994
8445
9379
9952
9998
8769
6266
2016
-2638
-7524
-11894
-13225
-11706
-8797
-6064
-4189
-1563
1347
3471
5065
5491
5126
3841
2329
2931
4984
6880
7265
5824
4293
2286
-434
-3361
-6768
-9913
-12713
-13801
-11623
-7569
-2940
861
3903
7137
9152
9576
8650
6763
4519
1765
-164
-239
587
1224
1182
1008
1087
718
-377
-1699
-2964
-3831
-4080
-3248
-1033
1404
3271
4339
4907
5155
4534
3267
1812
449
-701
-1447
-1474
-998
-712
-901
-1245
-1497
-1930
-2898
-4007
-4818
-5140
-5072
-4689
-3856
-2761
-1808
-1657
-1782
-2414
-3448
-5005
-6904
-7082
-4047
1016
4856
6672
6729
6939
6052
3007
-159
-3605
-6018
-6967
-5926
-2589
237
1927
3317
4080
3874
2308
18
-1535
-2840
-3323
-1139
3066
7590
10170
10862
11140
9844
6468
1532
-3590
-7890
-11687
-13473
-11856
-7853
-3483
-333
2027
4218
5265
5072
4348
3641
3007
2070
1945
3638
6044
7487
6821
4669
1841
-1870
-5742
-8965
-11040
-11943
-11847
-9594
-5043
114
4446
6888
8103
8241
6766
4693
2816
1657
852
132
679
2415
4051
4363
3093
1225
-946
-3253
-4844
-5212
-4392
-3008
-1251
1191
3957
5821
5929
4650
2789
870
-1025
-2200
-2172
-1217
-104
697
1396
1851
1498
95
-1817
-3527
-4564
-5120
-4978
-4321
-3142
-1563
-713
-501
-1061
-2058
-3366
-5139
-6870
-8368
-9019
-8718
-6518
-789
5642
9815
10414
8316
6997
4410
654
-2694
-6128
-7113
-6192
-3217
1189
3221
3850
3634
1978
142
-2317
-3996
-4128
-3938
-1461
3680
9550
14029
14662
13181
10782
6516
1463
-3855
-8004
-10433
-11770
-10185
-5957
-1361
1953
2804
2686
2427
1330
682
737
1583
2839
3580
5322
7717
9072
8260
4566
-67
-4582
-8473
-10488
-10930
-9788
-7868
-5594
-1904
1984
4812
5584
4216
2523
593
-823
-878
189
1974
3037
3570
4527
4972
3789
816
-2770
-5360
-6977
-7267
-5616
-2682
518
2817
4387
5656
5898
4619
2148
-346
-1948
-2548
-2186
-624
1526
3142
3635
3094
2089
345
-2050
-4287
-5573
-5651
-4925
-3629
-2131
-581
453
373
-595
-1998
-3582
-4952
-6120
-6911
-7242
-7091
-6709
-3206
3553
8972
11505
9526
7297
6069
2844
-126
-3627
-6200
-6218
-4244
171
3149
2939
1995
855
-630
-2515
-4692
-4717
-3455
-1769
2251
7982
13728
15861
13521
10170
6198
1802
-2901
-7297
-9591
-10718
-10174
-6953
-2600
724
1349
-28
-1085
-1833
-2084
-1094
803
3394
5230
6736
8873
9969
9091
5333
47
-4629
-8413
-10147
-10167
-9011
-7086
-5543
-3642
-1152
898
1891
1082
-8
162
1197
2833
4441
6002
7370
7252
5978
4303
2301
-154
-3573
-6485
-7418
-6497
-4350
-2060
278
2511
3973
4533
4495
4230
3597
2420
1406
1398
2274
3297
3732
3637
3180
2194
564
-1486
-3341
-4957
-6015
-5947
-4864
-3085
-1610
-773
-209
-141
-358
-1080
-2228
-3363
-4349
-4800
-5091
-5333
-5577
-5307
-1239
4599
8289
8553
5432
3441
1235
-2397
-4611
-5978
-5613
-3701
-722
3234
4572
2706
690
-1666
-3954
-5540
-5863
-3213
-329
2538
7143
11581
14076
12188
7421
3069
-1313
-4923
-7006
-7296
-6212
-5514
-4224
-1383
714
608
-1453
-3701
-4331
-4088
-2046
1992
6093
9007
9586
9288
8703
6483
2871
-1685
-5548
-7992
-9039
-7889
-5576
-3469
-2419
-2453
-2142
-1399
-873
-829
-1160
-521
1327
3864
6231
7468
7856
7123
5348
3188
1368
-25
-1865
-3874
-4951
-4509
-3429
-2424
-1471
-375
703
1596
2643
3675
4469
4441
3707
3229
3157
3163
2734
2025
1432
906
498
-59
-975
-2329
-3902
-4973
-4843
-3835
-2952
-2171
-1346
-487
460
577
239
-941
-2680
-4161
-5024
-5249
-5597
-5932
-4105
1855
7209
8562
5788
1833
-57
-3063
-5655
-6014
-5312
-2692
699
4777
7061
4860
628
-2885
-5883
-7481
-7093
-4179
232
3140
6207
10166
12085
10592
5568
821
-1954
-3983
-3988
-2399
-140
804
-104
-540
-556
-1907
-4411
-6586
-6835
-5171
-2274
2366
7235
9952
9675
7531
5823
4303
2163
-80
-2198
-3459
-4134
-4057
-2981
-2398
-3045
-4682
-5970
-5330
-3523
-1656
-338
437
1491
2520
3320
4089
4277
4043
3377
2468
2523
2754
2192
513
-2058
-3701
-4404
-4394
-3392
-2101
-752
310
1366
2740
3460
3159
2217
1345
1413
2234
3461
4605
4778
3972
2542
1228
74
-1748
-3932
-5603
-5944
-4736
-2946
-1304
-436
-549
-1115
-1918
-2395
-2702
-3204
-3568
-3637
-3270
-2471
-2651
-3352
-4453
-2876
2543
6220
6841
3752
785
-183
-2336
-3125
-2442
-1568
532
2824
5080
5107
1192
-2681
-4837
-6182
-5521
-3456
566
4674
6203
8131
9860
9601
6803
1972
-677
-1177
-595
1362
3055
3859
2405
-606
-2510
-3695
-5017
-6179
-6614
-5064
-2254
1136
5091
7460
7170
4669
1849
1083
1461
1692
1339
294
-336
-1122
-1947
-2511
-3593
-4901
-6495
-6940
-5118
-2752
-922
-296
-269
-93
-399
-405
622
2019
3126
3342
3252
3586
3078
1937
945
-143
-722
-1183
-781
579
988
240
-969
-1737
-1741
-1369
-456
1028
2679
4108
5340
6337
6528
5275
3040
1034
-301
-1065
-1634
-1898
-1926
-1814
-1674
-1918
-1949
-2285
-2958
-3433
-3553
-2975
-2426
-1888
-1560
-1558
-1361
-2428
-3192
-4358
-5357
-4956
-3620
1716
6236
7004
4385
104
-1399
-2491
-3209
-2163
-1181
122
1650
2912
2986
731
-2550
-3575
-3328
-1879
767
3162
5617
5590
4424
4213
3228
2195
554
146
2083
3812
5008
4334
1837
-1451
-4884
-6526
-5995
-4711
-3246
-1928
-557
1000
1765
1987
1552
13
-1591
-2572
-1709
475
1980
2725
2166
1007
-180
-1404
-1714
-2174
-3014
-3784
-4338
-3800
-3243
-2881
-2540
-2730
-2671
-2018
-254
2004
3130
2960
2066
1045
663
1105
2031
3089
3197
2872
2686
2257
1537
17
-1720
-2814
-2852
-1454
750
2653
3449
3141
2589
2375
2505
2739
2630
2126
1510
937
736
604
121
-849
-1969
-2234
-1977
-1444
-1002
-1204
-1437
-1744
-2267
-2400
-2371
-2302
-2810
-3507
-4389
-4743
-5597
-6653
-6197
-4073
1646
5902
6416
3937
65
-1047
-1802
-2030
-947
-408
907
2944
5029
5100
2038
-1959
-3658
-3537
-2109
355
1979
3104
2106
835
1598
2215
2928
2488
2442
3950
4823
5137
3681
955
-1809
-3997
-3822
-1644
610
1529
499
-1286
-2508
-3122
-3078
-2738
-2861
-2778
-2310
-609
2017
3708
4035
2668
1105
451
364
854
706
-247
-1623
-3057
-3305
-2914
-2347
-1966
-2227
-2350
-1890
-778
230
-73
-942
-1015
13
2181
4235
5572
6150
5197
4188
3383
2897
2721
1609
785
804
1453
2220
1900
916
-193
-974
-830
149
1278
1827
1342
560
324
251
356
231
116
242
252
492
272
-177
-827
-1995
-2443
-2431
-2063
-1527
-1796
-2284
-3193
-4692
-6442
-7801
-9280
-9744
-9353
-5832
2062
7384
8324
4026
-424
-1108
-1681
-682
759
1795
3770
6055
7751
5960
644
-3976
-5112
-4323
-1996
709
1846
1212
-1678
-2277
-108
1970
3334
2866
3524
5044
6048
6348
4509
1666
-1131
-2137
-217
2563
3477
1477
-2468
-6098
-7559
-6908
-4619
-2761
-2495
-2609
-2437
-585
1517
2242
1766
481
454
1656
3188
4315
3616
1403
-1397
-2864
-2199
-1011
-673
-1577
-2879
-3693
-3754
-3385
-2874
-2652
-2068
-715
759
2498
3362
3335
2821
2207
2918
4091
5342
6142
5822
4975
3811
2790
2037
1107
119
-778
-1573
-1713
-1362
-1190
-1325
-1845
-1869
-1247
-440
480
892
981
526
-197
-268
136
667
1022
1091
878
611
51
-898
-2185
-3847
-5357
-6124
-6846
-7452
-8470
-9563
-9627
-7888
-1322
5347
7204
3711
-1990
-3225
-2151
-124
2596
4213
5571
7115
8843
7688
2520
-3330
-5055
-3406
-1067
1811
2523
1329
-2129
-4576
-2552
53
1515
896
469
2138
3774
4521
3699
1966
379
41
1762
4347
4903
1898
-2499
-6162
-6967
-5202
-2573
-399
-603
-1794
-2690
-2520
-1240
-511
-361
-573
-260
1138
2678
3349
2480
685
-744
-787
243
1210
1359
246
-1373
-2696
-2657
-1229
-180
-336
-1136
-1201
-758
-455
-287
-40
514
1404
3071
5246
6980
7564
6866
5334
4170
3808
3828
3311
1850
90
-1443
-2235
-2209
-1704
-1386
-1681
-2068
-2202
-1974
-1699
-1594
-1393
-990
-301
637
1641
2436
2440
1673
405
-875
-1500
-2113
-2524
-3317
-4526
-5383
-5779
-6029
-6203
-7347
-8378
-8181
-5776
431
4082
3273
-804
-3674
-1549
1387
4037
5547
5174
4620
5043
5529
3935
77
-2658
-1386
926
2728
3429
1313
-1737
-4902
-4433
-364
2250
2862
1558
996
2148
3030
3586
3025
1685
676
674
1908
2743
1000
-2356
-4883
-5508
-3848
-1441
498
786
-1239
-3208
-3710
-2527
-640
601
1544
2019
2046
2029
1767
1395
695
-109
-306
0
190
-174
-780
-1397
-1743
-1672
-762
101
-570
-2072
-3266
-3031
-2043
-996
638
2454
4071
5130
5880
6545
6641
6074
5432
5029
4806
4402
3230
1624
-199
-1660
-2102
-1745
-1028
-1147
-2136
-3153
-3721
-3461
-2699
-1460
-70
819
1336
1700
1937
1725
922
-89
-633
-872
-1392
-1251
-1273
-1699
-2514
-4118
-4794
-5415
-6074
-6689
-7561
-8557
-8521
-7521
-3140
2869
4746
3044
-1373
-2070
850
2906
4798
4984
4239
4041
4296
4469
2229
-981
-1197
1392
3137
3170
1113
-2015
-4343
-4958
-1392
2381
3291
2195
185
413
1773
2814
3181
1885
583
178
931
1919
1253
-1234
-3387
-3752
-2632
-1022
-428
-993
-2620
-4229
-3924
-2113
131
1812
2420
2304
1728
1106
741
477
284
444
535
293
32
-272
-219
-418
-1090
-1358
-1597
-1819
-2984
-4476
-4656
-3336
-969
1205
3224
4891
5445
5137
4617
4867
5257
5326
5368
5250
4956
3836
2255
672
-440
-928
-887
-695
-970
-1345
-2032
-2424
-2366
-2199
-1284
-289
741
1450
1530
1604
1245
452
-103
-379
-379
-235
-444
-418
-742
-1880
-2896
-4179
-5057
-5512
-5904
-5448
-5580
-5770
-6518
-6573
-5450
-1730
3856
5212
2594
-2867
-4148
-735
2179
4418
4064
2733
1800
1799
2719
1641
-534
-745
1416
2541
2027
747
-895
-1534
-1214
2403
6032
5784
2955
-782
-1880
-648
913
1999
971
-682
-1629
-1569
-901
-947
-2188
-3727
-4254
-3480
-1781
-432
106
32
-476
-292
705
2140
3403
3724
2981
1526
381
113
861
1477
1411
734
-830
-2017
-2484
-2625
-2688
-3576
-4033
-3629
-2736
-1607
-746
205
1276
2261
3278
4193
4370
3832
3152
3193
4183
5071
5462
5367
4603
3699
2382
1153
387
-146
-108
-151
-355
-504
-641
-546
-511
-369
-159
-94
-302
-433
-348
-309
-442
-736
-663
-374
-159
-253
-513
-873
-1673
-2861
-3980
-4565
-4586
-4265
-3660
-2897
-2451
-2530
-3417
-4273
-5276
-4997
-4098
-1761
2055
2499
338
-3985
-4569
-717
1999
3268
2279
350
-830
-558
1559
2577
1565
1680
3933
5070
4318
3216
2520
2725
2655
4499
6142
4215
810
-1929
-1837
54
1344
1631
-445
-3494
-5052
-4848
-3633
-2939
-2806
-2756
-2491
-1775
-808
-60
-15
-25
432
1102
2232
3149
3686
3495
2266
1263
878
671
585
-36
-1077
-2125
-3236
-3209
-2488
-2329
-2417
-2741
-2284
-1363
-1140
-1102
-1481
-1657
-881
565
2167
3058
2956
2606
2750
3436
4523
5023
4353
3306
2089
1642
1920
2290
2695
2470
2322
2181
1561
625
-468
-876
-714
-362
71
346
516
544
420
289
61
-490
-1399
-2336
-2978
-3237
-3185
-3063
-2712
-2482
-2675
-2914
-2869
-2243
-1183
-809
-1184
-2059
-3029
-3184
-2942
-2803
-2565
-2197
-2140
-472
680
-271
-2995
-6231
-4947
-1583
741
1948
1332
815
1125
2169
4095
4317
3316
3818
5184
5828
5726
5217
5028
4525
3703
4490
4690
2809
217
-1678
-1445
-454
-544
-1238
-2918
-4410
-4404
-3752
-2614
-1938
-2375
-2930
-3221
-2659
-1050
666
1864
2059
974
-81
-23
252
831
1019
772
732
158
-25
250
-78
-246
-394
-427
-227
-977
-1827
-2179
-2317
-1840
-1230
-674
-99
-163
-234
332
775
1134
1481
1707
2324
2416
2334
2675
2874
3427
3793
3554
3217
2957
3070
2987
2233
1592
1399
1616
2363
3023
3142
2605
1519
617
-208
-1152
-1911
-2428
-2671
-2592
-2447
-2520
-2911
-3392
-3281
-2913
-2656
-2655
-2677
-2350
-2007
-1431
-1010
-905
-1100
-1426
-1502
-1821
-2062
-2656
-3261
-4207
-5095
-4752
-3698
-831
1155
273
-2193
-4066
-2069
1034
1959
1644
594
256
1541
3653
5393
4741
2684
2644
3658
3930
3930
3945
3825
3010
2405
3414
3628
1413
-842
-1546
-640
328
-208
-1418
-2869
-3496
-2203
-704
-11
-538
-2157
-3604
-4254
-3713
-2222
-1286
-1254
-1669
-2245
-2477
-1898
-587
896
1614
898
-126
-697
-634
198
726
1240
1308
218
-459
-448
642
1682
1416
996
532
254
172
371
1369
2235
2255
1626
1033
935
1020
1492
2063
2356
2062
1369
1436
1883
2338
2545
2504
2736
2806
2677
2150
1202
498
105
15
57
23
-81
-235
-423
-668
-982
-1491
-2014
-2092
-1791
-1297
-1094
-1486
-2029
-2343
-2241
-2041
-2274
-2797
-3429
-3796
-3458
-3213
-3113
-3370
-3799
-3719
-3444
-3098
-2821
-3114
-3368
-3024
-1776
1105
2904
1456
-1767
-3549
-1136
2716
3873
3294
1730
445
1117
2781
4690
4575
3173
3682
4545
4069
2925
2116
1860
1388
1371
2731
2854
548
-1518
-1324
370
1719
1390
76
-1684
-3083
-2462
-956
-58
-554
-2326
-3699
-3651
-2623
-1382
-1060
-1760
-2587
-3299
-3374
-2230
-751
286
291
-743
-1314
-1352
-1014
-136
469
661
226
-592
-175
1167
2195
2460
1826
1321
1275
1131
1503
1951
2181
2344
1973
1792
1882
2079
2473
2668
2667
2638
2389
1850
1406
1188
1284
1430
1159
901
626
321
347
357
487
425
-77
-371
-620
-728
-550
-355
-22
11
-393
-700
-847
-832
-793
-827
-858
-1015
-1459
-1931
-2130
-2151
-2049
-2091
-2214
-2347
-2661
-2720
-2452
-2145
-2106
-2677
-3164
-3449
-3443
-3219
-3000
-2565
-1777
183
1800
1085
-1077
-1891
655
3904
4308
3084
2081
2002
3122
4398
5153
3910
1664
1658
2977
3088
1819
873
1095
1330
1167
1771
1676
-165
-1729
-1073
843
1641
404
-1477
-2676
-2927
-1614
-17
198
-1228
-3100
-3692
-2720
-1706
-1440
-2029
-2846
-3099
-3311
-3329
-2538
-1310
-469
-258
-518
-662
-766
-755
298
1462
1779
1355
585
905
1921
2847
3640
3506
2890
2305
1910
2105
2178
2042
1927
1475
828
391
583
1211
1781
1936
1716
1245
442
165
666
1388
1893
1386
225
-478
-436
325
863
586
281
-163
-471
-506
-489
-158
-36
-166
-259
-498
-690
-715
-683
-558
-494
-449
-424
-550
-839
-1007
-1158
-1389
-1689
-2014
-2028
-2195
-2392
-2287
-2097
-1889
-2098
-2511
-2528
-2279
-1870
-1677
-1924
-2547
-2553
-1858
56
2369
2346
324
-1944
-1616
1139
2523
1577
540
-42
601
1717
2634
2849
1274
462
1741
2757
2113
1075
679
1136
1096
1222
1874
1122
-352
-446
799
1728
1077
-490
-1351
-1788
-1727
-888
-804
-1643
-2638
-3286
-2895
-2340
-2155
-1895
-2307
-2785
-2688
-2587
-2070
-1292
-654
-189
-414
-649
132
943
1421
1586
1307
1438
1210
903
1618
2380
2787
2515
1842
2028
2346
2190
2200
2232
2499
2542
1992
1693
1727
1786
1698
1160
410
87
45
338
788
721
444
213
29
188
200
-47
-59
-195
-207
-311
-772
-847
-710
-356
-58
-335
-709
-843
-717
-290
-94
-205
-250
-197
191
571
553
378
81
-317
-637
-895
-963
-1085
-1675
-2250
-2217
-1699
-1029
-865
-1175
-1581
-2095
-2267
-1973
-1542
-1161
-1303
-1606
-1461
-1193
-143
941
797
-330
-1369
-745
871
1039
122
-201
67
960
1508
1818
1696
757
984
2177
2365
1185
118
179
918
1208
1745
2210
1008
-696
-1173
-367
338
11
-666
-990
-1550
-1774
-1273
-973
-1163
-1877
-2410
-2095
-1525
-1193
-1069
-1375
-1518
-1490
-1763
-1613
-1187
-734
-341
-487
-602
-359
-64
536
948
673
535
696
1418
2341
2520
2483
2380
2250
2528
2794
2889
2907
2715
2748
2710
2370
2083
1829
1389
782
268
4
-95
-304
-275
-135
-317
-698
-1148
-1371
-1256
-998
-525
-175
-141
109
295
189
-47
-157
280
716
594
128
-471
-816
-693
-404
-126
-232
-670
-917
-832
-362
107
25
-458
-858
-751
-219
145
39
-289
-618
-771
-552
-238
-90
-434
-1101
-1556
-1792
-1761
-1674
-1615
-1800
-2104
-2057
-1371
-849
-586
-50
113
-401
-1424
-1143
603
1578
1108
714
873
1099
834
603
716
240
72
968
1586
869
-29
158
966
1027
843
1366
1450
691
514
1275
1861
1217
158
46
356
281
40
-375
-991
-1566
-2095
-2152
-2038
-2124
-2200
-2426
-2423
-1848
-1511
-1420
-1182
-768
-244
-145
51
991
1704
1724
1478
1387
1737
1905
1850
2105
2111
1727
1370
1150
1330
1442
1275
1012
475
26
-59
77
443
899
1166
1204
981
821
907
962
976
1029
946
515
16
-315
-409
-596
-1058
-1487
-1654
-1469
-1132
-1008
-1224
-1495
-1535
-1121
-500
-44
137
-1
-57
232
688
1063
1196
1056
786
496
396
693
820
508
-72
-443
-275
58
203
90
-357
-1067
-1556
-1622
-1168
-640
-466
-568
-960
-1328
-1524
-1416
-1143
-1019
-1070
-1343
-1584
-1929
-1757
-980
-670
-1179
-1944
-1569
-354
12
-266
45
673
1149
1193
1250
1408
1028
1235
2033
2130
1427
913
1056
1098
505
306
677
213
-688
-881
-353
-97
-645
-1044
-697
-264
-75
75
18
-213
-396
-407
41
410
399
226
-162
-339
-334
-419
-288
37
17
-384
-957
-1152
-857
-665
-353
84
353
571
776
1246
1697
1648
1417
1439
1750
2198
2352
2191
2004
1681
1394
1066
748
616
386
102
-29
-35
-70
-214
-427
-509
-455
-348
-116
21
-55
-115
-129
-298
-626
-860
-599
-215
-226
-515
-825
-950
-902
-718
-465
-324
-252
-180
-151
-195
-56
428
954
1300
1385
1297
1061
789
671
758
733
484
132
-289
-583
-877
-1149
-1346
-1542
-1645
-1761
-1826
-1691
-1533
-1526
-1548
-1422
-1135
-855
-558
-245
-200
-410
-593
-85
805
925
259
-447
-356
151
78
-369
-548
-611
-487
-173
103
-37
-789
-797
134
693
517
307
568
672
245
209
790
953
514
383
804
1220
1127
844
716
409
142
159
116
-205
-517
-511
-231
-53
-88
-231
-610
-940
-812
-424
-141
-118
-264
-382
-625
-872
-808
-665
-603
-611
-712
-590
-403
-172
267
567
832
1037
1123
1321
1516
1649
1764
1723
1636
1501
1206
1013
1114
1214
1025
483
-90
-311
-461
-552
-560
-697
-967
-1266
-1171
-725
-464
-553
-725
-631
-329
-76
16
12
-55
-60
52
146
206
99
-87
-159
-214
-213
-286
-374
-337
-330
-351
-339
-222
14
201
216
217
215
346
547
656
874
1114
1278
1328
1177
1155
1232
1149
955
703
564
530
558
579
439
72
-332
-463
-390
-295
-339
-603
-936
-1271
-1517
-1582
-1648
-1711
-1762
-1770
-1678
-1575
-1621
-1816
-2096
-2173
-1819
-1491
-1292
-1103
-835
-624
-818
-968
-569
15
408
572
588
538
550
955
1629
1821
1411
1064
918
747
554
704
1026
947
557
384
427
466
607
949
1141
970
857
1057
1188
937
773
894
1013
950
905
961
743
258
-31
-125
-300
-540
-695
-786
-1027
-1235
-1064
-788
-678
-644
-689
-866
-1056
-838
-198
218
185
-5
-140
-183
-161
57
350
387
240
106
59
123
245
281
142
14
114
293
258
107
102
189
202
270
436
547
543
539
667
683
555
495
535
517
316
177
236
284
231
97
-41
-98
-136
-116
-50
25
108
150
135
183
330
398
285
74
-94
-174
-184
-174
-181
-253
-365
-433
-424
-419
-464
-502
-479
-434
-477
-626
-668
-508
-228
-7
89
141
17
-159
-84
276
564
404
83
33
134
166
158
211
239
160
159
280
345
338
331
360
295
140
85
69
13
-53
-21
87
90
4
-61
-139
-303
-570
-772
-787
-622
-406
-369
-557
-843
-998
-896
-663
-447
-426
-615
-872
-1097
-1124
-1014
-927
-937
-905
-663
-569
-896
-1265
-1165
-671
-382
-481
-598
-664
-749
-686
-472
-300
-321
-340
-96
63
78
332
773
1031
1004
1132
1504
1678
1580
1662
1923
2014
1949
1843
1661
1329
1003
958
904
707
587
461
218
-42
-124
-25
-12
-76
-41
-171
-483
-596
-416
-166
-149
-243
-181
-157
-246
-322
-336
-339
-345
-327
-290
-259
-261
-290
-435
-530
-394
-201
-167
-280
-358
-338
-297
-141
119
229
84
-71
-20
221
509
776
926
848
715
711
854
961
947
893
778
614
530
553
572
540
466
273
-63
-372
-485
-492
-633
-825
-907
-971
-1094
-1158
-1079
-1035
-1161
-1288
-1231
-1077
-968
-856
-674
-561
-585
-637
-616
-443
-122
220
402
312
122
15
-5
75
208
305
292
131
-97
-306
-495
-616
-704
-721
-649
-576
-607
-729
-733
-573
-285
-23
180
304
276
236
316
543
731
762
684
556
480
524
565
513
331
155
100
27
-20
21
108
163
89
-25
-87
-179
-235
-193
-19
218
266
246
230
230
223
186
246
308
248
111
1
-40
-56
-63
-45
-14
-99
-230
-291
-319
-304
-276
-168
-42
-29
-7
75
205
428
645
729
661
580
690
944
1117
1162
1193
1275
1377
1502
1660
1731
1648
1497
1416
1464
1484
1435
1313
1170
1071
940
772
573
406
197
-130
-481
-661
-687
-716
-793
-915
-1091
-1331
-1511
-1502
-1350
-1246
-1179
-1093
-1008
-960
-954
-875
-720
-588
-516
-492
-521
-631
-807
-987
-1124
-1171
-1110
-1045
-1023
-1041
-1089
-1092
-1024
-779
-383
-98
10
0
51
194
313
473
717
946
987
824
702
771
860
818
670
543
427
310
254
287
312
147
-173
-401
-394
-212
-42
-3
-38
-80
-94
-103
-105
-60
-18
-49
-174
-292
-294
-242
-217
-253
-278
-286
-336
-427
-476
-442
-357
-258
-111
103
255
282
247
263
348
427
440
382
314
261
216
234
314
377
344
207
150
248
333
274
183
205
379
585
728
812
819
778
718
724
736
633
474
350
316
333
301
220
129
16
-85
-181
-288
-395
-533
-636
-600
-498
-359
-250
-217
-183
-162
-127
-65
-52
-61
-142
-335
-558
-739
-811
-785
-722
-711
-804
-1008
-1219
-1294
-1203
-977
-733
-579
-553
-573
-501
-294
-71
11
-32
-24
134
297
396
421
400
399
406
486
652
723
693
603
520
461
332
257
261
338
388
402
417
341
293
277
273
230
117
-24
-185
-328
-366
-320
-393
-622
-880
-1009
-1032
-1082
-1122
-1103
-1056
-992
-870
-700
-609
-636
-632
-495
-302
-153
-26
66
120
147
176
221
264
326
414
504
566
583
596
641
732
874
983
1068
1134
1128
1106
1058
1020
1054
1074
1041
953
817
702
641
618
553
389
195
43
-41
-33
-32
-106
-213
-274
-217
-112
-65
-7
80
107
68
-4
-29
32
95
77
-47
-242
-439
-551
-593
-608
-655
-768
-892
-935
-870
-733
-597
-489
-411
-344
-306
-279
-269
-283
-242
-144
-21
27
-26
-132
-191
-144
-76
-92
-130
-86
6
40
-1
-38
-54
-18
98
257
361
321
277
349
499
587
550
497
502
533
572
586
518
352
156
42
-5
-5
-33
-115
-195
-191
-91
-25
-80
-165
-170
-125
-121
-164
-158
-115
-96
-129
-182
-259
-385
-446
-428
-395
-422
-447
-415
-359
-283
-217
-150
-76
19
171
327
425
470
496
583
694
784
805
748
717
665
612
565
513
436
298
197
212
280
254
172
120
110
117
101
66
54
46
41
20
-70
-146
-166
-176
-222
-312
-414
-556
-707
-744
-684
-619
-660
-795
-887
-878
-800
-709
-606
-542
-520
-504
-448
-342
-255
-196
-165
-116
-47
-26
-61
-125
-116
-10
86
102
62
55
130
176
147
116
136
154
188
271
326
318
245
248
350
455
483
468
455
391
325
306
307
298
214
134
138
148
108
69
82
100
58
-13
-32
-8
-18
-24
34
80
19
-102
-163
-148
-144
-187
-226
-232
-225
-221
-200
-175
-213
-304
-350
-352
-291
-251
-282
-306
-273
-156
-76
-111
-165
-141
-34
69
108
82
23
-4
33
100
148
154
120
100
118
169
228
276
319
376
393
392
426
487
532
560
610
628
574
469
408
426
476
480
456
422
346
262
217
210
182
96
-2
-70
-127
-186
-213
-211
-265
-365
-442
-465
-434
-432
-425
-384
-365
-374
-394
-382
-337
-287
-237
-195
-203
-236
-225
-177
-140
-133
-156
-180
-192
-174
-107
-52
-62
-116
-178
-231
-255
-252
-238
-226
-221
-235
-228
-193
-151
-106
-75
-65
-47
-24
6
59
112
93
-21
-146
-199
-175
-160
-184
-248
-315
-361
-355
-277
-174
-94
-57
-46
-39
-10
65
170
252
320
376
444
459
431
426
460
527
550
540
501
451
397
338
273
226
206
183
143
105
70
5
-58
-68
-40
-41
-74
-137
-181
-197
-196
-152
-114
-139
-209
-269
-261
-232
-205
-179
-141
-86
-60
-62
-68
-62
-25
51
109
103
75
68
91
124
142
150
118
58
-3
-47
-68
-52
-13
-3
-21
-40
-67
-102
-119
-79
-14
-20
-73
-130
-126
-59
-19
-56
-133
-168
-141
-102
-63
-68
-97
-120
-148
-146
-114
-60
-9
38
54
49
41
37
53
90
150
208
231
231
231
194
132
84
70
73
22
-33
-60
-69
-84
-85
-72
-89
-117
-172
-211
-189
-126
-100
-152
-218
-233
-204
-181
-183
-193
-176
-147
-112
-69
-17
54
91
98
129
195
276
341
416
503
557
566
571
577
586
606
620
590
500
426
377
309
193
59
-13
-30
-44
-94
-149
-207
-276
-316
-320
-317
-338
-379
-399
-383
-393
-418
-411
-390
-377
-367
-354
-364
-389
-416
-412
-376
-340
-311
-300
-314
-332
-322
-267
-192
-116
-41
-1
13
40
105
199
285
340
352
339
327
316
327
366
423
454
419
358
320
333
400
479
519
507
490
493
505
532
562
569
546
486
441
434
434
414
332
193
60
-4
-11
-8
-48
-148
-247
-276
-237
-202
-207
-236
-245
-211
-191
-207
-232
-262
-285
-305
-344
-393
-437
-482
-509
-503
-498
-542
-603
-632
-608
-551
-505
-462
-420
-380
-325
-238
-116
-23
21
38
79
152
256
387
487
508
458
424
442
484
503
490
485
483
444
389
354
334
319
301
286
269
253
241
212
171
113
48
8
-8
0
1
-50
-144
-231
-292
-321
-310
-278
-305
-405
-506
-514
-426
-336
-295
-300
-332
-350
-310
-220
-147
-166
-233
-295
-305
-263
-208
-175
-185
-214
-201
-125
-55
-27
-3
28
70
149
262
380
445
470
489
510
518
552
603
614
568
486
432
376
304
247
223
179
63
-49
-97
-131
-183
-218
-224
-240
-281
-321
-314
-254
-232
-263
-297
-335
-348
-344
-343
-345
-360
-374
-428
-497
-532
-536
-516
-507
-495
-488
-507
-514
-478
-402
-339
-313
-275
-207
-153
-121
-78
-5
55
89
125
158
191
235
296
351
380
420
468
490
480
466
463
457
465
480
477
444
389
350
293
230
192
191
208
163
83
4
-57
-119
-168
-176
-199
-245
-306
-314
-298
-314
-329
-316
-267
-236
-219
-202
-211
-237
-258
-253
-258
-285
-291
-285
-300
-317
-309
-279
-257
-262
-273
-254
-220
-179
-126
-59
26
108
167
218
277
333
378
446
534
618
654
644
638
657
685
697
701
692
656
617
604
604
599
563
522
490
475
465
448
421
382
350
315
281
255
235
226
182
119
77
52
3
-68
-117
-169
-230
-285
-305
-317
-346
-375
-382
-380
-390
-403
-397
-383
-404
-433
-435
-426
-411
-384
-335
-285
-234
-187
-165
-150
-101
-10
79
126
141
134
134
181
266
341
360
312
267
275
293
302
301
304
305
272
216
158
107
72
63
52
30
-11
-75
-128
-157
-154
-109
-78
-78
-97
-111
-128
-156
-174
-192
-217
-271
-309
-315
-312
-300
-323
-366
-405
-436
-420
-394
-384
-389
-388
-366
-355
-325
-272
-219
-192
-183
-146
-99
-60
-23
17
64
89
110
150
205
278
337
361
346
311
299
344
417
478
478
461
476
506
551
562
557
542
523
516
530
544
514
487
458
429
400
366
320
269
208
149
101
38
-22
-72
-114
-129
-139
-194
-281
-368
-429
-448
-446
-465
-490
-519
-547
-569
-591
-594
-582
-567
-547
-515
-478
-454
-452
-448
-412
-350
-290
-263
-227
-185
-156
-130
-96
-49
-4
42
94
130
144
158
171
176
195
255
334
371
371
364
375
403
435
480
504
486
445
425
414
404
376
335
303
264
230
197
147
72
-12
-72
-109
-141
-154
-181
-242
-301
-336
-350
-354
-373
-395
-403
-396
-393
-400
-397
-385
-364
-350
-360
-374
-385
-393
-381
-365
-355
-365
-390
-374
-322
-286
-286
-289
-278
-254
-230
-193
-133
-83
-57
-13
65
135
173
182
202
239
274
311
356
394
398
392
381
355
330
318
314
286
251
230
194
155
116
89
75
60
50
45
35
-9
-54
-99
-130
-160
-168
-141
-137
-154
-177
-195
-225
-221
-185
-165
-150
-144
-140
-130
-131
-125
-118
-121
-115
-106
-105
-112
-101
-81
-57
-40
-24
-4
9
23
43
67
84
97
122
165
215
253
303
338
340
329
332
369
392
395
383
350
324
301
276
239
204
162
142
117
67
23
-14
-49
-90
-123
-137
-129
-143
-163
-174
-181
-190
-209
-208
-201
-190
-161
-140
-123
-124
-132
-119
-121
-130
-142
-142
-151
-176
-178
-163
-144
-128
-102
-65
-38
-37
-33
-3
23
63
102
144
189
219
269
318
340
330
318
317
331
366
392
396
382
354
337
324
305
290
264
213
150
111
99
91
64
23
-18
-63
-86
-92
-107
-141
-190
-223
-232
-252
-271
-278
-275
-271
-271
-260
-275
-305
-315
-298
-274
-253
-241
-250
-246
-225
-180
-158
-179
-208
-211
-184
-143
-90
-46
-25
-21
-9
23
38
52
80
108
132
155
196
239
267
286
300
290
255
249
276
281
266
244
225
202
175
165
171
162
123
71
32
5
-16
-38
-57
-77
-98
-116
-131
-131
-150
-164
-173
-178
-196
-218
-216
-207
-189
-186
-199
-223
-252
-250
-232
-214
-188
-170
-162
-160
-162
-160
-120
-90
-76
-64
-63
-39
-6
25
60
92
89
67
74
102
131
135
138
158
180
198
212
218
205
171
157
156
168
167
163
167
165
179
172
139
100
84
78
72
54
-4
-57
-74
-68
-54
-51
-77
-119
-148
-153
-160
-176
-204
-223
-225
-218
-210
-211
-216
-216
-211
-213
-219
-231
-237
-227
-192
-143
-115
-108
-87
-43
-7
13
40
64
98
137
176
222
251
254
254
265
275
288
288
276
271
271
260
248
245
247
245
237
215
189
183
178
174
159
128
92
62
59
62
50
4
-39
-66
-84
-90
-116
-153
-182
-209
-218
-222
-246
-271
-283
-287
-281
-270
-254
-236
-224
-211
-193
-184
-187
-166
-133
-112
-97
-85
-65
-36
1
28
44
58
70
97
133
174
192
178
171
179
194
213
223
220
206
206
210
203
199
185
169
165
159
149
132
113
88
61
43
31
25
13
-13
-38
-60
-83
-96
-110
-123
-156
-188
-206
-222
-236
-257
-268
-275
-290
-310
-323
-325
-332
-331
-322
-305
-280
-263
-242
-224
-202
-167
-135
-102
-64
-35
-13
22
51
69
79
93
108
123
137
154
163
162
169
178
188
194
209
228
232
232
228
230
235
248
266
274
267
252
247
258
266
254
227
187
144
124
120
112
81
38
6
-10
-18
-19
-35
-72
-105
-118
-114
-114
-122
-134
-144
-150
-152
-147
-145
-157
-161
-153
-148
-144
-142
-138
-139
-145
-138
-117
-105
-94
-80
-64
-44
-34
-19
-5
1
19
37
47
45
43
51
53
42
41
42
38
36
34
39
46
48
46
42
34
33
46
54
60
54
47
43
27
18
16
5
-15
-31
-38
-50
-63
-70
-80
-87
-95
-87
-83
-79
-68
-53
-23
-7
-1
3
17
38
53
63
59
47
45
60
79
85
81
71
66
62
63
63
52
48
45
41
37
33
38
33
28
34
30
25
19
11
6
1
-4
-1
-5
-12
-14
-25
-39
-56
-75
-78
-82
-85
-81
-85
-88
-91
-84
-74
-71
-68
-62
-51
-40
-25
-7
10
13
9
10
12
24
31
36
43
51
66
86
98
105
111
114
117
125
132
136
134
144
155
149
136
117
98
89
89
96
91
73
60
47
45
47
37
21
10
-2
-1
3
-4
-10
-24
-32
-38
-44
-48
-54
-58
-65
-75
-89
-104
-114
-121
-121
-126
-135
-141
-135
-124
-117
-110
-115
-116
-105
-83
-56
-41
-29
-15
-1
15
22
30
30
31
36
47
58
54
43
29
16
2
-11
-20
-30
-40
-49
-54
-56
-65
-74
-79
-82
-89
-92
-85
-75
-66
-68
-74
-85
-96
-91
-82
-77
-78
-81
-78
-75
-63
-59
-64
-70
-71
-56
-32
-10
4
16
25
36
49
65
79
92
108
129
144
155
167
179
187
186
185
188
194
202
214
214
201
187
177
174
167
158
147
132
121
110
103
86
57
26
2
-16
-27
-37
-53
-74
-90
-102
-111
-126
-144
-153
-159
-151
-138
-128
-125
-131
-132
-133
-132
-133
-130
-120
-110
-103
-94
-89
-90
-87
-83
-78
-72
-63
-43
-19
4
19
28
38
45
63
88
108
121
134
151
160
166
161
144
129
117
117
116
107
90
69
51
38
24
10
-6
-20
-26
-30
-31
-35
-43
-53
-70
-85
-93
-100
-103
-104
-109
-115
-122
-129
-136
-141
-144
-146
-136
-124
-109
-90
-82
-81
-81
-78
-64
-47
-34
-19
-10
1
16
32
41
40
37
39
48
62
73
81
87
87
84
82
83
87
87
91
92
91
88
87
83
70
52
35
23
13
10
4
-8
-26
-46
-56
-64
-72
-81
-84
-84
-79
-70
-63
-64
-69
-73
-72
-63
-54
-44
-36
-31
-27
-25
-21
-26
-31
-30
-23
-15
-4
10
19
27
32
40
53
69
87
102
116
130
141
154
160
162
158
157
156
159
166
167
158
146
132
116
101
94
88
80
71
62
54
45
33
18
0
-17
-31
-36
-41
-50
-67
-82
-95
-108
-122
-131
-141
-149
-154
-156
-153
-154
-158
-159
-162
-163
-161
-153
-143
-138
-131
-127
-124
-119
-116
-108
-105
-101
-94
-85
-71
-60
-51
-45
-40
-30
-12
10
24
36
46
57
69
81
92
94
94
101
109
119
122
119
114
105
102
100
97
93
88
83
84
83
80
79
75
70
64
62
63
63
66
66
62
54
48
42
34
28
19
12
6
-2
-4
-11
-20
-30
-38
-40
-40
-38
-34
-31
-33
-36
-32
-32
-34
-37
-38
-38
-37
-32
-30
-31
-38
-41
-41
-38
-36
-36
-34
-34
-33
-26
-21
-19
-22
-24
-27
-25
-21
-16
-12
-15
-18
-21
-22
-19
-18
-15
-14
-13
-9
-3
6
7
6
4
5
13
19
28
29
27
26
28
33
33
30
22
18
19
22
26
25
23
21
20
21
22
24
21
21
23
26
31
33
35
34
30
26
22
24
24
27
22
13
5
-2
-4
-6
-10
-16
-22
-21
-20
-20
-26
-33
-44
-47
-44
-43
-41
-46
-52
-55
-54
-49
-49
-53
-56
-58
-52
-47
-43
-42
-41
-43
-41
-36
-31
-25
-23
-24
-23
-24
-21
-19
-15
-18
-20
-23
-21
-15
-10
-6
-4
-1
6
15
25
30
33
36
38
46
57
67
71
72
71
71
75
77
79
78
75
75
75
77
75
68
61
54
54
55
57
56
53
45
39
34
31
30
25
19
16
12
8
3
-5
-16
-30
-42
-49
-52
-56
-63
-74
-84
-90
-94
-94
-96
-102
-109
-112
-112
-110
-107
-108
-113
-118
-118
-113
-112
-111
-111
-111
-105
-97
-84
-75
-67
-60
-52
-44
-33
-18
-5
9
21
32
43
54
64
73
80
87
94
102
111
119
121
119
120
124
132
141
149
153
153
156
158
159
155
149
144
143
142
138
131
119
102
85
70
55
42
32
18
1
-14
-30
-43
-55
-69
-83
-96
-104
-108
-109
-114
-121
-128
-135
-139
-141
-142
-146
-150
-154
-157
-154
-150
-147
-146
-147
-142
-137
-126
-114
-105
-94
-82
-67
-51
-36
-24
-14
0
15
31
47
60
70
75
82
89
100
108
115
123
128
134
137
140
143
142
141
140
142
141
144
145
139
130
121
112
105
98
88
76
64
51
40
29
16
4
-10
-22
-32
-37
-42
-47
-54
-62
-70
-79
-86
-90
-96
-99
-105
-108
-111
-113
-115
-119
-121
-122
-122
-118
-113
-109
-104
-98
-91
-82
-73
-67
-58
-49
-39
-25
-12
-1
7
16
22
27
34
41
49
56
63
67
72
77
82
86
88
90
90
91
94
96
97
92
86
82
78
77
73
66
58
48
36
26
18
8
-2
-14
-23
-28
-33
-36
-44
-51
-57
-61
-61
-64
-65
-65
-66
-68
-68
-68
-68
-68
-68
-68
-67
-64
-61
-56
-49
-43
-36
-33
-28
-23
-18
-8
1
9
17
24
29
34
37
38
39
44
48
51
54
53
52
51
49
46
43
42
41
41
40
40
39
38
34
30
26
22
21
17
13
8
5
3
-2
-8
-15
-22
-28
-31
-31
-35
-42
-49
-52
-52
-52
-53
-55
-56
-57
-55
-51
-49
-47
-45
-40
-36
-33
-30
-27
-26
-21
-17
-12
-9
-6
0
7
15
23
30
38
42
45
50
56
60
66
70
75
77
78
79
80
80
77
73
69
66
63
59
56
52
45
37
32
25
23
20
16
11
5
-2
-8
-16
-24
-33
-40
-45
-50
-53
-56
-59
-66
-71
-74
-78
-81
-83
-84
-83
-81
-78
-77
-74
-72
-72
-68
-64
-58
-55
-52
-48
-44
-38
-30
-22
-16
-10
-3
5
10
14
20
21
24
24
26
28
31
34
37
41
42
43
46
45
45
46
46
47
49
48
49
48
46
45
46
45
42
41
37
33
29
29
30
32
32
28
25
23
23
22
21
15
8
4
1
-2
-3
-5
-8
-10
-12
-14
-17
-23
-28
-30
-35
-36
-40
-42
-42
-44
-43
-43
-45
-45
-48
-49
-50
-51
-49
-44
-41
-40
-38
-36
-36
-33
-31
-31
-30
-26
-24
-26
-25
-22
-19
-17
-16
-14
-9
-6
-4
1
3
2
4
4
7
11
14
18
22
23
27
29
31
33
34
35
37
37
38
37
38
40
42
46
47
48
50
52
54
57
56
54
51
49
49
48
45
43
41
39
35
32
27
20
13
6
0
-6
-12
-16
-20
-25
-30
-36
-43
-50
-58
-65
-68
-75
-81
-87
-93
-96
-98
-98
-99
-103
-103
-103
-100
-99
-97
-94
-89
-83
-75
-67
-60
-50
-43
-34
-27
-20
-14
-7
2
12
22
34
41
46
51
55
62
69
76
82
86
89
93
99
104
112
117
120
123
127
129
131
132
133
131
127
121
115
109
103
97
92
87
79
71
62
51
40
33
27
19
10
-2
-12
-21
-29
-38
-48
-59
-70
-83
-92
-100
-107
-113
-120
-127
-132
-135
-135
-133
-132
-131
-128
-123
-119
-115
-109
-103
-99
-91
-83
-76
-69
-63
-54
-47
-40
-32
-27
-23
-15
-8
2
9
16
23
30
38
46
56
65
69
74
78
82
88
92
95
97
97
95
94
95
94
92
89
83
76
70
65
61
57
51
47
41
33
26
17
12
6
2
-2
-7
-13
-18
-23
-27
-31
-35
-42
-49
-56
-61
-62
-62
-64
-65
-68
-70
-69
-69
-68
-67
-66
-63
-61
-58
-56
-55
-52
-49
-44
-41
-38
-36
-33
-30
-25
-21
-18
-17
-17
-14
-9
-6
0
5
12
16
21
24
28
32
35
37
40
42
44
45
44
43
42
41
39
36
30
27
26
24
25
24
22
22
20
17
17
15
13
9
5
1
0
-3
-5
-6
-9
-10
-11
-11
-12
-12
-13
-14
-15
-16
-15
-12
-11
-10
-11
-10
-8
-7
-7
-6
-3
-2
-2
0
-1
-1
0
2
2
3
2
1
-1
-1
-2
0
-2
-3
-4
-6
-2
0
1
1
0
-2
-1
-4
-8
-9
-10
-9
-8
-8
-9
-11
-12
-14
-16
-16
-17
-17
-18
-19
-18
-19
-20
-19
-18
-18
-15
-13
-10
-8
-4
-3
-3
-2
0
3
9
13
14
14
14
18
21
23
29
31
33
35
38
40
44
47
48
49
51
53
54
51
51
51
49
48
45
43
37
33
27
23
21
18
13
10
6
2
-3
-4
-4
-8
-12
-16
-19
-22
-25
-26
-29
-31
-31
-34
-36
-40
-43
-43
-42
-38
-37
-38
-39
-37
-34
-32
-32
-29
-27
-23
-20
-17
-13
-12
-10
-7
-6
-3
0
0
0
2
4
9
11
14
17
20
21
24
27
29
32
37
38
40
44
45
48
49
50
48
50
50
49
48
44
44
43
41
37
33
29
24
19
16
12
11
9
6
1
-3
-5
-8
-10
-10
-12
-15
-19
-21
-22
-25
-26
-28
-32
-34
-37
-37
-42
-43
-44
-45
-42
-40
-40
-39
-39
-40
-42
-40
-37
-33
-31
-30
-30
-28
-28
-26
-22
-19
-18
-17
-17
-16
-13
-12
-9
-8
-6
-3
0
3
4
5
7
11
17
23
25
25
25
29
31
31
30
29
27
21
19
15
15
17
19
17
15
11
8
8
7
8
8
7
5
7
7
4
2
2
4
2
3
-1
-5
-7
-9
-13
-16
-18
-19
-20
-24
-25
-25
-27
-26
-21
-18
-19
-20
-22
-19
-17
-12
-10
-10
-10
-11
-9
-10
-8
-9
-8
-4
-1
-2
-6
-7
0
5
6
5
2
2
3
4
4
3
2
2
1
-1
-3
-6
-7
-7
-4
-3
-5
-9
-9
-10
-8
-4
-4
-5
-3
2
2
2
2
5
7
9
12
11
5
6
9
12
14
10
9
10
9
10
11
