246
254
261
267
272
277
278
282
289
295
300
305
309
318
326
334
343
351
357
362
367
371
378
383
392
398
403
407
413
419
423
429
433
438
441
444
448
453
458
463
466
470
473
478
481
484
485
487
488
492
491
490
494
499
500
500
500
501
503
504
508
511
511
513
516
521
523
525
529
535
536
537
540
546
553
557
563
568
573
578
582
589
597
604
612
618
624
628
630
629
626
624
621
618
613
609
600
591
580
566
552
537
519
500
478
455
430
401
367
330
287
241
193
143
91
37
-18
-76
-133
-193
-253
-313
-373
-433
-493
-551
-608
-666
-723
-775
-828
-880
-930
-978
-1027
-1073
-1116
-1157
-1198
-1238
-1274
-1307
-1335
-1362
-1386
-1409
-1428
-1446
-1461
-1474
-1486
-1494
-1500
-1506
-1511
-1516
-1518
-1518
-1518
-1517
-1514
-1511
-1507
-1504
-1500
-1494
-1489
-1482
-1473
-1464
-1456
-1445
-1435
-1427
-1418
-1409
-1400
-1388
-1379
-1366
-1352
-1342
-1330
-1318
-1302
-1289
-1275
-1259
-1243
-1227
-1212
-1192
-1173
-1149
-1129
-1109
-1089
-1070
-1045
-1022
-998
-974
-954
-931
-904
-878
-857
-836
-811
-788
-764
-741
-719
-694
-673
-649
-630
-608
-588
-567
-540
-519
-495
-475
-456
-441
-425
-411
-402
-389
-378
-365
-352
-340
-325
-312
-297
-287
-280
-274
-263
-249
-239
-233
-219
-205
-197
-187
-182
-171
-167
-160
-151
-143
-133
-127
-118
-106
-94
-87
-75
-69
-61
-53
-43
-27
-23
-15
-5
-2
5
10
16
33
46
45
52
61
57
53
54
65
68
73
70
73
74
69
70
69
78
86
76
83
87
69
70
73
68
48
43
28
22
18
11
18
2
6
4
2
5
7
21
32
35
48
55
66
89
104
114
132
154
171
208
227
254
280
296
334
356
363
392
427
460
481
495
515
534
552
571
589
589
604
645
672
686
713
744
759
768
781
798
802
815
852
858
856
863
871
863
848
828
817
818
794
768
743
722
693
661
640
599
564
508
462
433
377
346
320
282
236
203
162
130
97
72
57
13
-23
-58
-87
-123
-158
-182
-208
-233
-248
-265
-297
-307
-317
-315
-348
-373
-377
-413
-445
-466
-476
-507
-530
-512
-524
-545
-542
-553
-572
-584
-612
-645
-669
-677
-677
-694
-709
-695
-675
-670
-658
-640
-617
-595
-559
-496
-452
-383
-268
-144
-41
54
204
324
418
537
682
803
914
1012
1127
1258
1334
1417
1540
1622
1670
1725
1768
1786
1795
1779
1779
1771
1733
1700
1691
1658
1565
1500
1463
1381
1259
1162
1076
959
828
733
662
566
457
391
338
265
179
91
29
-39
-99
-117
-135
-163
-140
-106
-85
-61
-28
-3
3
-1
-15
-50
-53
-42
-47
-37
-33
-39
-48
-67
-76
-101
-133
-159
-161
-167
-162
-170
-175
-195
-197
-198
-197
-253
-269
-268
-340
-434
-467
-425
-531
-566
-531
-563
-626
-578
-653
-717
-750
-718
-802
-842
-777
-962
-771
-808
-913
-740
-837
-830
-704
-823
-890
-663
-815
-932
-740
-932
-785
-951
-901
-750
-963
-923
-833
-828
-942
-800
-700
-516
-456
-374
-170
-85
-18
161
280
321
410
545
670
789
895
988
1128
1228
1349
1401
1460
1560
1557
1552
1575
1623
1660
1637
1670
1707
1675
1626
1611
1557
1531
1403
1319
1249
1117
1002
918
821
676
576
489
446
337
242
161
43
-51
-146
-219
-266
-283
-292
-216
-219
-208
-169
-164
-176
-174
-175
-113
-120
-106
-64
-16
53
63
82
103
86
68
43
13
-17
-74
-88
-32
-67
23
-64
29
-41
-92
-12
-394
-209
-268
-391
-245
-225
-581
-298
-352
-422
-729
-464
-559
-763
-707
-975
-613
-1044
-1060
-731
-1100
-1163
-870
-1010
-959
-1298
-1010
-921
-1270
-1474
-812
-1339
-1405
-1034
-1290
-1388
-1214
-1095
-1317
-1457
-1032
-1131
-1251
-1239
-1025
-1070
-1229
-909
-975
-968
-921
-633
-440
-514
-365
-81
18
-9
188
316
323
415
631
758
728
922
1080
1192
1410
1485
1599
1664
1697
1814
1869
1878
1948
2007
2050
2067
2070
2042
1985
1928
1810
1724
1592
1491
1410
1253
1250
1154
990
947
861
733
585
493
362
189
84
103
71
18
30
-11
7
9
-40
-86
-109
-191
-288
-258
-251
-331
-317
-263
-284
-181
-270
-269
-345
-410
-367
-383
-387
-448
-338
-354
-319
-435
-287
-463
-539
-159
-742
-637
-546
-566
-721
-808
-504
-659
-993
-640
-933
-857
-1167
-1058
-929
-981
-1479
-878
-751
-1606
-607
-1427
-770
-1369
-1280
-811
-1040
-1464
-848
-1028
-1134
-934
-873
-809
-1164
-491
-784
-1106
-518
-716
-681
-692
-342
-275
-720
-55
-174
-214
-231
-27
33
-70
-143
359
226
92
431
623
608
513
709
833
600
731
882
768
989
969
1143
1206
1305
1428
1346
1424
1356
1429
1462
1535
1572
1606
1668
1649
1705
1647
1645
1561
1513
1391
1347
1286
1132
1100
1079
988
842
796
701
435
364
291
165
5
18
-2
-127
-125
-206
-98
-363
-375
-202
-405
-644
-447
-363
-493
-603
-395
-248
-540
-545
-289
-346
-753
-408
-248
-461
-567
-270
-49
-454
115
-234
-37
-210
64
-35
-322
103
-279
106
-440
467
-67
-179
76
404
-312
-265
202
-213
-37
-545
474
-442
25
93
-413
150
-582
40
-418
-105
-545
-348
171
-598
-495
119
-562
-334
-208
-248
-595
-241
-276
-265
-355
-180
53
-610
55
-55
-299
-175
-13
-174
-188
242
-131
-204
238
-38
-57
-47
67
56
-7
55
269
141
164
370
360
226
307
572
462
446
593
711
631
660
911
966
891
1017
1082
1059
1178
1284
1237
1409
1397
1462
1611
1534
1583
1461
1601
1482
1368
1399
1271
1275
1260
1239
1156
1094
1112
965
873
813
758
626
733
525
327
794
390
279
279
448
30
-208
265
19
-328
84
107
-340
130
-133
-249
189
-485
-221
168
-276
-617
198
244
-641
524
-246
1
-70
-204
86
-763
195
-419
-92
-97
-600
311
-622
-144
-511
-9
-694
-310
70
-982
257
-981
178
-460
-769
-249
-338
-698
-767
-337
-896
-233
-1522
255
-1025
-993
-312
-893
-419
-1435
-504
-615
-997
-1054
-497
-824
-999
-763
-647
-908
-541
-1080
-432
-657
-874
-666
-608
-528
-755
-710
-506
-647
-785
-792
-597
-810
-667
-720
-316
-672
-489
-429
-558
-318
-801
-454
-448
-394
-220
-198
-20
83
198
297
319
479
480
553
825
881
1090
1215
1305
1490
1414
1534
1449
1437
1431
1318
1413
1256
1308
1309
1304
1256
1114
1263
980
950
773
1000
541
524
1100
129
825
755
123
680
261
235
-97
452
-147
-89
476
-456
563
-468
332
24
-481
352
-112
-163
-453
468
-622
242
-110
-414
186
-234
-552
164
-376
-1162
564
-797
-297
-477
-136
-461
-35
-1027
96
-492
-894
433
-1252
472
-997
211
-314
-620
-24
-321
-208
-619
-116
-277
-610
-367
233
-1461
-1
-485
-696
-813
-775
-592
-741
-718
-1106
-303
-1461
-658
-982
-865
-1216
-1003
-901
-1253
-903
-1406
-1144
-1342
-944
-1577
-1031
-1582
-1075
-1437
-1575
-1221
-1664
-1446
-1831
-1044
-1724
-1498
-1125
-1358
-1204
-1308
-1109
-1083
-1155
-1004
-785
-792
-620
-307
-342
-80
102
159
332
363
593
765
773
1181
1294
1537
1336
1762
1741
1608
1820
1724
1861
1537
1907
1788
1793
1807
1934
1665
1783
1858
1467
2008
1207
1379
1886
1200
1332
1466
1490
994
1478
1209
808
1362
470
1278
698
497
939
921
260
840
532
353
601
171
705
149
330
190
684
-166
22
592
-381
492
-865
421
353
-1489
636
-153
-778
60
-767
100
-671
-641
-81
-770
-360
-931
115
-1115
-66
-1247
108
-520
-1345
169
-1594
228
-1652
-45
-1221
-1130
-85
-1868
-507
-1242
-1145
-1333
-1158
-1154
-1518
-1119
-1312
-1320
-1271
-1585
-1245
-1420
-1945
-768
-2017
-935
-1420
-1670
-935
-1268
-1667
-1083
-1383
-1597
-667
-1927
-782
-1386
-1088
-1207
-1223
-749
-1576
-677
-1147
-885
-754
-749
-541
-579
-597
-474
-397
-281
-167
-385
131
84
164
403
381
789
575
878
970
999
1261
1105
1415
1613
1615
1596
1725
1801
1760
1750
1789
1722
1823
1770
1855
1707
1872
1957
1490
1816
1704
1276
1517
1317
1519
1073
1426
1188
1250
1237
708
1292
867
718
507
1255
264
926
383
654
933
-196
874
292
101
496
-181
411
178
-11
-107
507
-249
-425
534
-501
-192
-96
-225
-257
233
-840
227
-207
-658
37
-267
-727
-141
-113
-966
47
-727
-705
-133
-769
-982
-121
-1379
-594
-413
-1932
-203
-1382
-684
-1479
-1123
-1340
-991
-1837
-956
-1338
-2680
103
-2328
-1438
-794
-2473
-842
-1357
-2301
-843
-2261
-931
-1525
-2046
-607
-1760
-1382
-1035
-1637
-1190
-1190
-1537
-886
-1179
-1600
-618
-1358
-730
-1015
-961
-694
-1055
-228
-1314
56
-936
-252
-68
-482
187
-60
-229
252
154
23
628
331
861
671
844
1223
1035
1152
1382
1421
1453
1696
1664
2045
1995
1864
2229
2138
2095
2019
2221
1909
2286
2115
2295
2039
2286
2127
1682
2094
1573
2125
1063
1887
1361
1479
1272
1298
1378
732
824
1342
319
451
878
611
315
404
1083
-363
626
316
109
-436
399
105
-339
376
19
-339
171
-73
-380
-49
-163
-724
15
-65
-743
-162
-145
-663
-602
-45
-671
-1107
-98
-972
-682
19
-1841
293
-1008
-1764
669
-2193
-372
-951
-1543
-425
-1085
-1415
-1061
-978
-1829
-1081
-1366
-1698
-838
-1970
-1008
-1264
-1915
-463
-2101
-1095
-1241
-1858
-825
-1538
-1190
-1230
-1159
-1236
-1103
-1163
-983
-1375
-934
-790
-1439
-253
-1043
-1029
-668
-219
-1086
-749
16
-1125
53
-412
-393
-387
-139
-323
52
-515
-238
404
-405
671
-186
259
776
12
507
712
393
592
1140
742
985
1294
1145
1384
1388
1283
1764
1335
1782
1559
1652
1994
1695
2026
1816
1998
1970
1730
2076
1552
1966
2038
1456
2236
1866
1554
1783
1645
1410
1687
869
1815
1420
890
1321
1198
1160
646
927
1084
626
505
855
199
1156
-168
247
1157
-488
464
689
-369
380
407
-469
537
-297
-125
294
-709
661
-335
-363
657
-102
-54
795
-148
224
405
-200
387
-738
451
-1225
123
-465
-1442
817
-2141
-379
-631
-1563
-808
-1486
-1394
-1124
-1786
-1841
-1131
-2826
-1479
-1711
-2408
-2108
-1852
-2508
-2057
-2404
-2585
-1810
-2569
-2150
-1958
-2785
-2734
-1979
-2820
-2476
-2227
-2634
-1928
-2104
-2696
-2200
-2119
-2572
-2129
-1819
-2464
-1712
-1797
-2171
-1798
-1998
-2133
-1778
-1748
-1782
-1735
-1462
-1536
-1813
-1197
-1584
-1446
-1264
-1137
-620
-1351
-545
-933
-806
-494
-610
-384
-226
-74
-100
214
199
296
416
642
705
888
785
867
1400
882
1207
1664
1081
1608
1383
1317
1656
1246
1570
1388
1358
1696
1159
1406
1562
1036
1250
1342
934
1203
820
977
1220
558
1119
615
594
820
281
903
78
779
289
365
560
-432
406
85
-66
-125
327
-362
414
111
-698
896
-1007
230
-166
-632
-461
-46
-809
-484
119
-1120
-210
-583
-49
-1580
150
-1005
-716
-309
-1494
254
-888
-1230
-587
-802
-1655
-683
-1334
-691
-812
-1442
331
-1872
-1035
-962
-1019
-1186
-888
-1244
-179
-1134
-690
-596
-1358
-527
-1610
-292
-900
-896
-770
-165
-903
-166
-583
-980
-65
-757
-715
132
-439
-85
-36
-65
-49
-357
-304
8
12
-338
59
142
186
304
163
190
364
143
376
113
594
410
1132
668
979
1027
946
1276
998
1275
1435
1572
1695
1815
1853
1948
1877
2015
2107
2079
2156
2194
2110
2492
2236
2534
2537
2309
2359
2301
2335
1922
2355
2066
2024
2160
1800
2121
1777
1439
1885
1612
1252
1682
1511
1252
1210
1291
1132
810
551
970
682
393
801
87
817
183
-45
538
333
-507
-24
731
-544
-181
515
-438
-47
-309
-150
139
-862
-302
-54
-921
-334
-348
-1031
-317
-1295
-614
-887
-1070
-1194
-449
-1209
-1392
-989
-1317
-1615
-1400
-1001
-1931
-1055
-1866
-898
-1750
-1938
-1162
-1987
-1052
-1515
-1825
-758
-1706
-1342
-1296
-1740
-1646
-1542
-1550
-1533
-973
-1649
-1129
-874
-1669
-1457
-1334
-1642
-1145
-951
-1440
-716
-886
-1397
-381
-1419
-627
-1358
-795
-215
-1201
-326
-907
-531
-577
-757
-815
-346
-607
-218
341
76
306
65
409
236
449
425
819
1196
1008
1500
1628
1718
1819
1610
2135
1934
1995
2552
2355
2563
2905
2673
2878
2726
2594
2788
2571
2663
2883
2669
2691
3004
2265
2635
2265
2010
2430
1973
2001
2072
1870
1664
1927
1541
1338
1388
905
1167
1003
983
1116
1191
868
744
915
178
209
721
-189
437
625
-28
563
70
275
-503
187
-156
-862
587
-912
55
-521
-507
-448
-678
-711
-784
-560
-1438
-253
-1358
-630
-1091
-971
-1162
-925
-1078
-1093
-708
-1438
-708
-1323
-1144
-1095
-1407
-1679
-515
-1851
-760
-1352
-1358
-865
-1843
-978
-1308
-1588
-1379
-1026
-1263
-832
-1403
-879
-1486
-1221
-1175
-1555
-501
-1722
-836
-729
-871
-1109
-847
-968
-989
-395
-1013
-290
-873
-438
-575
-439
-520
-197
0
105
456
113
571
411
787
701
1078
1115
1331
1661
1632
1910
2003
2051
2375
2361
2438
3040
2647
3177
3202
3195
3405
3170
3418
3234
3340
3161
3580
3232
3238
3319
3092
3006
2808
2945
2496
2659
2497
2441
2373
2173
2048
2117
1824
1524
1771
1344
1263
1531
1145
1266
1215
812
834
925
554
762
832
486
792
578
271
538
191
-32
147
28
-47
36
-120
-482
-297
-1021
-429
-796
-768
-482
-791
-575
-811
-1236
-905
-1194
-1321
-1055
-1550
-433
-1126
-1487
-915
-1672
-1288
-1249
-1537
-977
-1392
-1217
-788
-1313
-1427
-1389
-1484
-1308
-1806
-1412
-1743
-1768
-1891
-2020
-1835
-2479
-2100
-2602
-2779
-2555
-2667
-2868
-2431
-2919
-2822
-2870
-3264
-2990
-3259
-3187
-3172
-3181
-3181
-2885
-2719
-2482
-2497
-2312
-2033
-2231
-1944
-1752
-1779
-1561
-1175
-924
-375
-292
-303
-3
-117
152
396
555
975
922
1082
1583
1353
1376
1416
1213
1285
1370
1555
1682
1559
1371
1332
1121
973
833
798
760
732
910
832
338
430
55
19
82
46
418
188
298
289
256
35
203
-183
144
202
-22
414
110
-68
-114
-80
-425
-372
-304
-258
-413
-469
-383
-658
-775
-817
-706
-1011
-714
-986
-848
-935
-1394
-1002
-1360
-1452
-1582
-1366
-1663
-1749
-1531
-1564
-1885
-1603
-1744
-2003
-1503
-2191
-1752
-1640
-2159
-1657
-1979
-2268
-2004
-2088
-2207
-1961
-2160
-1828
-1796
-2451
-2302
-2213
-2387
-2392
-1974
-2329
-2456
-2409
-2658
-2448
-2613
-2668
-2427
-2323
-2313
-2428
-2490
-2784
-2964
-2268
-1665
-1075
-752
-894
-575
-820
-872
-432
-588
-61
404
1176
1806
1678
1774
1539
1329
1530
2024
2543
2784
3009
3196
3078
2988
2734
2569
2568
2509
2963
3218
3076
2786
2388
2027
1667
1794
1714
1746
1694
1526
1441
1168
842
642
574
384
774
858
945
909
692
638
757
770
1004
1288
1245
1524
1428
1476
1364
1271
1280
1382
1760
1806
1854
1734
1416
1190
1215
1114
1238
1317
1178
1234
1050
863
632
378
185
227
283
293
169
-85
-589
-481
-646
-870
-494
-753
-784
-634
-778
-1031
-1062
-1377
-1372
-1073
-1100
-1066
-987
-1583
-1653
-1572
-1888
-1741
-1883
-1873
-1841
-1806
-2005
-2280
-2415
-2979
-2692
-2513
-2723
-2584
-2569
-2811
-2734
-2830
-2973
-2832
-3060
-2556
-1777
-1201
-764
-904
-897
-1030
-1112
-370
-26
438
1065
1595
2124
2053
2020
1834
1980
2371
2917
3663
3850
3704
3497
3153
2908
2998
3164
3267
3243
3098
2911
2561
2049
1628
1564
1288
1300
1482
1031
738
213
-204
-353
-401
-494
-301
-356
-573
-663
-807
-983
-1048
-737
-418
22
222
406
247
37
148
251
628
900
1146
1284
1274
1193
1225
1184
1119
1219
1365
1534
1424
1379
1094
846
810
783
796
748
628
464
333
84
-78
-191
-219
-304
-165
-147
-344
-370
-567
-676
-732
-724
-464
-531
-753
-627
-907
-1158
-1216
-1340
-1398
-1323
-1228
-1276
-1379
-1881
-2210
-2438
-2392
-2412
-2354
-2209
-2582
-2650
-3073
-3217
-3174
-3528
-3344
-3345
-3500
-3068
-2560
-2018
-1353
-1688
-1769
-1695
-1714
-966
-442
175
595
964
1479
1725
1709
1676
1909
2497
3277
3904
4243
3923
3603
3395
3413
3927
4154
4170
3860
3458
3018
2612
2289
2030
1911
1719
1609
1363
897
181
-431
-681
-636
-563
-455
-674
-987
-1270
-1522
-1395
-1502
-1364
-1212
-1068
-822
-760
-601
-606
-438
-262
5
451
482
594
640
580
808
990
1243
1425
1317
1360
1115
929
973
940
989
981
877
614
390
133
76
-16
22
-59
-109
-212
-413
-474
-601
-546
-518
-513
-446
-398
-455
-298
-322
-375
-352
-307
-337
-410
-494
-746
-887
-858
-864
-929
-1017
-1366
-1631
-1750
-1933
-2065
-2230
-2366
-2513
-2621
-2819
-2988
-3569
-3760
-3946
-3832
-2815
-1976
-932
-1201
-1861
-2404
-2334
-1422
-401
531
1012
1071
1329
1695
1679
1713
1987
2760
3781
4466
4768
4292
3463
3111
3593
4466
5085
4957
4416
3514
2885
2644
2748
2623
2284
2099
1700
1357
733
33
-589
-896
-822
-583
-675
-1252
-1950
-2435
-2468
-2277
-1866
-1827
-1925
-2082
-2076
-1781
-1749
-1512
-1357
-1074
-704
-305
-113
-289
-498
-474
-91
419
760
831
617
401
459
503
575
549
545
566
569
444
184
-139
-374
-250
-122
-8
-269
-702
-934
-1022
-754
-590
-614
-847
-1041
-1037
-869
-713
-630
-553
-624
-499
-434
-459
-728
-939
-934
-848
-579
-629
-780
-1198
-1556
-1570
-1633
-1640
-1790
-2095
-2151
-2211
-2334
-2438
-2864
-3196
-3194
-2388
-755
76
-330
-1596
-2492
-1900
-699
780
1650
1593
1372
1510
2154
2621
2424
2651
3443
4234
5016
5210
4847
4106
3736
4451
5633
6289
5779
4762
3900
3389
3608
4077
3891
3202
2261
1595
1280
950
626
46
-499
-809
-928
-1148
-1734
-2348
-2673
-2657
-2323
-2135
-2331
-2722
-3157
-2960
-2530
-2082
-1932
-2009
-2069
-1940
-1298
-849
-644
-760
-797
-617
-212
198
333
210
68
219
566
577
328
296
255
349
448
358
88
-360
-588
-416
-223
-290
-659
-1091
-1371
-1370
-1126
-999
-1187
-1373
-1491
-1314
-1088
-1096
-1160
-1248
-1196
-942
-566
-624
-1087
-1435
-1528
-1297
-1038
-900
-1111
-1568
-1860
-1968
-1703
-1999
-2149
-2434
-2481
-2488
-2630
-2779
-3163
-3590
-3164
-1093
70
436
-1257
-2527
-2083
-1144
942
2003
1956
1400
1089
2095
3064
3139
3285
3770
4425
5177
5491
5742
5172
4537
5047
6323
7252
6993
5826
4860
4249
4515
5329
5433
4694
3196
2285
1919
1872
1731
1286
455
-396
-695
-911
-1139
-1743
-2227
-2428
-2413
-2394
-2494
-2696
-3269
-3385
-3137
-2667
-2459
-2590
-2644
-2729
-2498
-2024
-1473
-1286
-1580
-1791
-1485
-966
-511
-189
-353
-711
-910
-723
-459
-313
-274
-387
-511
-707
-775
-869
-1064
-1096
-873
-658
-931
-1419
-1742
-1913
-1782
-1492
-1312
-1391
-1795
-2079
-1914
-1699
-1502
-1381
-1434
-1347
-1308
-1149
-1228
-1448
-1627
-1669
-1371
-1288
-1320
-1695
-2121
-2175
-2164
-2028
-1995
-2283
-2484
-2864
-2831
-2920
-3129
-3354
-3210
-1312
-7
346
-895
-2505
-2205
-1056
919
2369
2298
1618
1279
1882
3287
3820
3955
4471
4749
5388
5753
6189
6263
5566
5805
6721
7650
7721
6686
5825
5284
5487
6284
6643
6119
4659
3404
3072
3111
3265
2943
2076
1140
375
244
245
2
-439
-1014
-1353
-1541
-1672
-1684
-1948
-2211
-2274
-2179
-1986
-2011
-2091
-2088
-2041
-1788
-1460
-1108
-1171
-1524
-1558
-1404
-878
-482
-423
-617
-1130
-1376
-1110
-655
-331
-530
-1065
-1444
-1576
-1315
-1240
-1413
-1538
-1693
-1768
-2026
-2265
-2421
-2591
-2451
-2263
-2189
-2309
-2802
-2932
-2791
-2466
-2077
-2012
-2116
-2270
-2344
-2167
-2017
-1937
-1889
-2080
-2115
-2109
-2178
-2210
-2434
-2406
-2370
-2288
-2183
-2435
-2589
-2990
-2965
-2850
-3063
-3108
-3516
-2216
-527
114
-329
-2176
-2350
-1396
99
1695
2056
1599
1172
1513
2983
3687
3567
4043
4555
5203
5488
5770
6281
5748
5529
6386
7398
7773
6791
5874
5538
5371
5978
6415
6217
5068
3607
3215
3240
3299
3168
2444
1517
615
261
416
218
-246
-738
-961
-1039
-1275
-1291
-1508
-1856
-1930
-1821
-1370
-1379
-1625
-1734
-1803
-1517
-982
-417
-436
-1156
-1621
-1326
-617
36
205
-143
-888
-1486
-1242
-526
-133
-410
-1075
-1491
-1670
-1494
-1311
-1494
-1723
-1943
-1988
-2235
-2628
-2879
-2907
-2699
-2395
-2288
-2532
-3217
-3641
-3309
-2704
-2195
-2122
-2384
-2752
-2897
-2738
-2234
-1984
-2095
-2266
-2457
-2445
-2432
-2519
-2507
-2678
-2682
-2535
-2701
-2870
-3299
-3363
-2954
-2765
-2551
-3193
-3733
-4197
-3357
-990
345
466
-1434
-2660
-2101
-577
1587
2866
2624
1871
1550
2427
3796
4064
4462
5083
5447
5830
5903
6277
6104
5700
6346
7391
8033
7436
6149
5478
5164
5701
6573
6723
5803
4166
3073
2872
3037
3268
3073
2124
1098
370
207
32
-224
-339
-582
-842
-1214
-1455
-1521
-1533
-1268
-816
-589
-765
-1102
-1295
-1203
-810
-121
361
178
-426
-1028
-852
-116
662
1132
584
-243
-859
-825
-53
371
446
-117
-871
-1258
-1373
-1141
-990
-1052
-1258
-1726
-2163
-2471
-2565
-2317
-2178
-2003
-2134
-2524
-2911
-3202
-2970
-2463
-2098
-2044
-2291
-2657
-2847
-2848
-2628
-2351
-2274
-2324
-2437
-2670
-2790
-2911
-2944
-2742
-2776
-2823
-3280
-3800
-3764
-3615
-3183
-3089
-3395
-3986
-4627
-4684
-4301
-2601
-807
-28
-538
-2208
-2754
-1983
-316
1660
2705
2442
1786
1572
2413
3289
3769
4716
5581
5960
5775
5622
5888
5814
5923
6784
7581
7595
6508
5434
4964
4869
5396
5823
5661
4554
3062
2198
1891
1917
2121
1955
1356
490
-350
-720
-968
-904
-768
-793
-1027
-1575
-1983
-2120
-1742
-1199
-689
-566
-818
-1241
-1444
-1051
-337
516
678
348
-260
-681
-264
383
1167
1332
796
236
-362
-281
162
551
748
291
-340
-782
-885
-719
-696
-789
-1112
-1499
-1745
-1931
-1853
-1822
-1896
-1843
-1898
-1986
-2130
-2334
-2209
-1999
-1802
-1552
-1671
-1959
-2307
-2446
-2130
-1828
-1706
-1850
-2177
-2445
-2598
-2408
-2389
-2438
-2826
-3418
-3478
-3636
-3323
-3253
-3438
-3791
-4160
-4457
-4363
-4444
-4087
-2129
-920
-180
-1271
-2639
-2489
-1856
-50
1801
2356
2176
1580
1915
2876
3028
3682
4689
5352
5681
5529
5833
5828
5219
5557
6470
7213
6960
5939
5246
4375
4026
4387
4698
4559
3466
2299
1432
784
651
704
578
142
-476
-945
-1473
-1851
-1853
-1810
-1608
-1580
-1707
-1731
-1933
-1799
-1382
-1091
-720
-671
-673
-520
-350
133
405
497
565
430
655
1001
1248
1368
967
617
404
403
789
839
769
273
-410
-608
-769
-511
-384
-611
-865
-1337
-1449
-1390
-1329
-1031
-1105
-1221
-1226
-1383
-1315
-1373
-1329
-973
-844
-715
-785
-1015
-1137
-1435
-1317
-1107
-1029
-1042
-1334
-1559
-1998
-2311
-2535
-2632
-2654
-2739
-2994
-3356
-3596
-3954
-3891
-4087
-4133
-4183
-4496
-4686
-4659
-3184
-1588
-604
-885
-2015
-2275
-1882
-659
1101
2178
2506
2440
2697
3330
3354
3301
3924
4866
5673
6111
6314
5994
4900
4347
4983
6067
6634
6101
5188
4013
2911
2665
2944
3180
2740
1874
1038
136
-548
-891
-1025
-1072
-1152
-1257
-1520
-2084
-2539
-2812
-2642
-2135
-1842
-1568
-1718
-1896
-1794
-1595
-976
-479
-227
-132
-265
-96
121
367
573
546
570
795
1198
1433
1202
683
314
190
462
759
896
613
-3
-346
-494
-438
-306
-369
-464
-613
-725
-733
-904
-993
-1011
-875
-546
-305
-167
-333
-582
-613
-388
-42
271
319
104
-416
-757
-828
-675
-643
-677
-659
-1090
-1474
-2019
-2397
-2344
-2419
-2385
-2470
-2982
-3307
-3537
-3759
-3764
-3985
-4197
-4338
-4346
-2800
-1138
-363
-694
-1854
-1934
-1437
-490
1066
1970
2350
2555
2978
3750
3606
3223
3626
4431
5360
6110
6471
6186
4863
3891
4207
5040
5555
5309
4682
3731
2636
2049
1877
1697
1311
921
683
190
-555
-1330
-1923
-2233
-2231
-1952
-1790
-2054
-2516
-2937
-2994
-2714
-2525
-2225
-2156
-2054
-1688
-1318
-949
-848
-889
-869
-716
-253
249
515
352
-198
-550
-437
69
562
676
441
-74
-530
-516
-307
-97
-17
-184
-327
-518
-738
-898
-1033
-976
-712
-424
-308
-493
-713
-828
-739
-436
-109
127
166
72
65
177
313
425
351
230
-60
-270
-358
-371
-490
-677
-855
-1081
-1373
-1648
-1869
-2097
-2194
-2357
-2450
-2630
-2972
-3076
-3149
-3379
-3452
-3636
-3596
-3695
-2651
-736
631
946
23
-508
-359
-90
1018
2343
3164
3850
4344
5076
4993
3954
3535
4040
4890
5862
6666
7122
6328
4816
3989
4062
4311
4303
4260
4117
3528
2668
1889
1181
428
-89
-129
-51
-207
-585
-1075
-1632
-2113
-2364
-2402
-2461
-2332
-1999
-1625
-1448
-1690
-1970
-2292
-2423
-2044
-1324
-530
-76
-189
-575
-1081
-1334
-1011
-501
-177
-184
-368
-400
-339
-247
-280
-673
-998
-1165
-962
-485
-252
-322
-719
-1175
-1351
-1317
-1083
-907
-857
-671
-604
-607
-740
-929
-853
-698
-408
-117
-12
-63
-135
-79
159
356
397
389
310
103
-40
-59
-133
-355
-650
-816
-890
-994
-1141
-1359
-1636
-1847
-2045
-2133
-2119
-2181
-2215
-2280
-2376
-2493
-2639
-2820
-2913
-2874
-2735
-1950
-731
651
1416
1047
458
258
566
1210
1707
2266
3038
3943
4872
5254
4860
4133
3561
3468
4048
4869
5592
5781
5417
4978
4571
4031
3331
2590
2131
2113
2424
2804
2780
2024
823
-357
-1046
-1181
-935
-571
-468
-634
-919
-1257
-1646
-2075
-2371
-2507
-2476
-2303
-2007
-1704
-1568
-1565
-1565
-1630
-1835
-2049
-2090
-1782
-1336
-997
-838
-948
-1172
-1328
-1300
-1120
-965
-921
-1027
-1077
-907
-730
-676
-759
-916
-1070
-1205
-1140
-907
-710
-773
-906
-778
-706
-682
-708
-837
-786
-674
-646
-535
-444
-352
-191
-87
79
304
387
271
57
-3
163
282
374
425
417
358
268
171
22
-96
-190
-180
-90
-31
-13
-130
-301
-418
-384
-236
-136
-104
-92
-71
-44
42
175
376
472
523
648
792
871
806
713
708
811
932
1005
1078
1160
1172
1220
1212
1087
897
756
851
971
953
896
849
778
649
555
540
576
542
498
501
532
580
627
737
795
840
904
987
1064
1011
957
964
939
849
672
463
350
310
406
480
426
274
8
-202
-346
-295
-132
-84
-189
-439
-656
-708
-711
-708
-742
-827
-890
-1003
-1100
-1187
-1267
-1297
-1288
-1186
-1148
-1267
-1418
-1566
-1611
-1511
-1394
-1273
-1265
-1354
-1453
-1389
-1168
-935
-789
-724
-646
-569
-490
-412
-290
-210
-180
-98
31
120
124
49
-6
-19
-36
-45
-87
-78
-35
19
85
90
73
38
24
12
13
44
41
-23
-88
-119
-86
-41
0
52
84
80
25
-26
17
110
229
305
339
376
366
382
428
542
598
558
542
560
612
667
669
614
549
439
291
117
-4
-50
-103
-118
-156
-207
-276
-394
-427
-327
-179
-15
91
70
0
-54
14
168
282
335
309
273
257
347
518
577
564
501
403
349
399
528
645
626
531
482
472
475
378
264
196
189
229
188
66
-79
-183
-262
-276
-280
-348
-515
-671
-714
-721
-755
-829
-873
-873
-817
-728
-645
-589
-556
-470
-346
-245
-154
-110
-135
-137
-55
110
239
207
115
66
100
192
268
306
218
83
71
206
384
425
373
309
267
308
370
383
318
213
199
252
302
310
277
200
171
244
430
561
555
510
502
600
736
823
734
560
386
294
314
408
468
429
358
291
301
259
179
82
-61
-190
-285
-290
-293
-395
-581
-775
-903
-949
-965
-961
-981
-1067
-1097
-1029
-984
-1041
-1115
-1078
-965
-857
-808
-826
-897
-967
-954
-838
-701
-649
-623
-601
-571
-478
-353
-269
-258
-283
-172
51
208
276
245
223
281
427
537
582
564
532
567
633
706
689
600
482
410
424
496
575
594
586
563
505
441
350
313
511
807
949
832
424
-15
-205
-5
412
727
791
784
855
846
684
347
-83
-347
-307
29
422
623
535
287
72
-15
51
111
167
181
94
92
154
253
357
329
254
76
-194
-325
-260
-85
255
647
916
756
0
-635
-1095
-1200
-766
-308
70
161
-20
-327
-806
-1225
-1172
-869
-381
-3
-67
-351
-728
-908
-897
-1029
-1212
-1313
-1448
-1529
-1342
-1179
-1175
-1181
-1261
-1362
-1526
-1592
-1470
-1201
-913
-711
-663
-732
-718
-606
-537
-553
-645
-703
-686
-582
-346
-139
37
172
251
237
176
170
151
191
342
590
919
1115
1177
1190
1158
1153
1126
1067
1038
1065
1122
1213
1319
1363
1267
1077
920
818
708
713
858
1019
1131
1112
987
859
795
763
837
877
834
770
651
649
665
698
832
831
697
498
347
370
431
495
479
379
249
215
354
407
406
267
3
-186
-362
-265
-74
-73
-113
-342
-657
-839
-909
-945
-932
-839
-735
-712
-723
-743
-731
-592
-646
-672
-680
-830
-666
-535
-511
-446
-410
-394
-484
-500
-576
-620
-684
-852
-856
-895
-997
-1080
-1294
-1440
-1495
-1457
-1371
-1401
-1473
-1555
-1681
-1760
-1800
-1797
-1737
-1793
-1874
-1740
-1283
-477
207
593
528
156
-47
-123
72
320
442
703
1165
1793
2256
2418
2216
1804
1458
1261
1234
1209
1207
1344
1519
1749
1901
1841
1551
1102
813
706
710
717
674
591
571
707
892
992
878
602
371
193
130
136
190
317
523
849
1076
1073
893
683
679
869
1089
1187
1105
1030
1035
1220
1466
1582
1530
1233
975
896
979
1129
1111
1026
805
577
494
419
321
134
-84
-307
-428
-452
-420
-347
-434
-542
-690
-902
-965
-1006
-959
-878
-894
-965
-1156
-1323
-1440
-1451
-1384
-1325
-1255
-1314
-1428
-1490
-1489
-1420
-1411
-1463
-1560
-1549
-1431
-1404
-1409
-1501
-1619
-1628
-1621
-1608
-1607
-1646
-1609
-1566
-1560
-1599
-1642
-1743
-1836
-1889
-1909
-1868
-1851
-1764
-1750
-1758
-1573
-1074
-192
616
1131
1206
955
877
936
1173
1325
1282
1322
1561
2074
2556
2815
2822
2637
2422
2262
2152
1978
1746
1550
1430
1473
1490
1495
1452
1297
1234
1148
979
700
357
163
112
132
132
38
-74
-117
-58
26
36
-61
-142
-49
199
488
613
577
541
633
918
1220
1330
1207
980
878
936
1056
1072
895
653
501
593
794
925
901
683
445
209
19
-75
-189
-223
-221
-266
-335
-442
-471
-396
-295
-283
-410
-645
-937
-1118
-1194
-1192
-1218
-1339
-1404
-1452
-1475
-1469
-1559
-1713
-1911
-2093
-2173
-2190
-2194
-2218
-2268
-2326
-2359
-2371
-2376
-2360
-2289
-2204
-2209
-2293
-2370
-2400
-2359
-2236
-2098
-1986
-1956
-1989
-1975
-1905
-1782
-1666
-1604
-1531
-1565
-1526
-1220
-602
376
1269
1972
2364
2473
2740
2954
3095
2996
2652
2542
2688
3112
3492
3575
3457
3348
3443
3593
3583
3183
2492
1878
1522
1489
1450
1242
946
697
719
904
1034
915
565
236
54
59
75
-85
-347
-548
-547
-426
-341
-335
-341
-257
-111
55
135
112
153
319
534
640
536
368
295
396
523
513
396
216
102
80
85
38
-66
-154
-154
-91
-143
-328
-590
-791
-804
-724
-676
-709
-754
-734
-621
-494
-388
-344
-378
-392
-361
-323
-290
-338
-384
-430
-492
-505
-536
-556
-568
-575
-583
-664
-804
-931
-984
-943
-912
-912
-943
-1014
-1100
-1216
-1366
-1503
-1567
-1578
-1591
-1650
-1751
-1807
-1750
-1564
-1370
-1323
-1417
-1574
-1622
-1478
-1250
-1072
-993
-1037
-1097
-942
-522
174
872
1384
1734
1979
2399
2836
3102
3130
2938
2842
2875
2938
2839
2531
2223
2184
2456
2733
2763
2500
2180
2045
2019
1973
1703
1242
836
633
663
667
527
332
219
305
460
524
409
178
-34
-118
-127
-215
-382
-589
-713
-671
-568
-498
-471
-452
-371
-217
-51
64
107
98
-16
-229
-413
-535
-586
-642
-849
-1194
-1524
-1684
-1638
-1489
-1404
-1459
-1520
-1498
-1370
-1180
-1124
-1143
-1118
-1051
-919
-802
-735
-679
-604
-458
-287
-155
-91
-75
-8
77
111
106
55
-46
-159
-251
-288
-293
-332
-376
-444
-527
-561
-524
-444
-401
-445
-570
-698
-790
-830
-861
-893
-859
-797
-714
-656
-669
-681
-620
-491
-323
-152
-50
12
89
146
206
200
161
136
51
-101
-317
-423
-296
102
617
954
1153
1349
1737
2336
2761
2878
2675
2463
2527
2648
2546
2100
1552
1296
1380
1555
1597
1461
1320
1370
1565
1729
1697
1483
1276
1141
957
647
253
-103
-315
-416
-454
-562
-716
-790
-811
-816
-872
-992
-1108
-1172
-1247
-1328
-1393
-1453
-1445
-1398
-1368
-1315
-1221
-1078
-890
-738
-596
-478
-412
-381
-452
-603
-754
-868
-886
-906
-987
-1111
-1240
-1266
-1179
-1020
-961
-975
-913
-748
-502
-357
-315
-301
-236
-71
102
232
255
171
155
244
359
463
475
434
439
456
485
518
520
515
511
526
585
673
735
725
635
520
435
443
477
464
396
295
234
199
183
132
60
60
141
265
381
454
542
660
761
823
803
752
658
557
417
212
2
-224
-423
-597
-721
-712
-546
-346
-232
-71
222
621
1004
1131
1038
938
1002
1173
1194
915
479
211
200
210
20
-327
-580
-537
-252
-16
-15
-177
-270
-198
-59
-15
-156
-368
-580
-779
-998
-1259
-1513
-1694
-1810
-1907
-2006
-2079
-2073
-1998
-1869
-1714
-1562
-1381
-1223
-1097
-994
-899
-783
-672
-581
-559
-569
-511
-333
-162
-81
-65
-39
109
334
548
656
660
623
590
595
573
492
350
144
-70
-239
-300
-328
-343
-326
-321
-255
-116
76
278
396
467
578
706
862
965
955
913
904
959
1025
1015
941
894
932
1089
1207
1238
1277
1372
1556
1744
1868
1899
1848
1780
1718
1616
1458
1252
1077
942
816
663
497
410
397
438
497
514
523
506
450
366
241
136
12
-167
-380
-596
-812
-1070
-1399
-1666
-1737
-1684
-1606
-1586
-1566
-1366
-1053
-720
-549
-593
-582
-410
-171
-115
-338
-621
-738
-747
-829
-1102
-1441
-1594
-1524
-1340
-1216
-1152
-1019
-751
-412
-158
-27
52
156
268
273
97
-170
-451
-728
-1015
-1329
-1565
-1709
-1765
-1741
-1729
-1640
-1417
-1156
-884
-638
-401
-103
175
355
390
321
281
344
441
437
317
222
266
440
642
755
827
924
1106
1359
1552
1594
1501
1374
1290
1197
1027
753
428
169
15
-80
-180
-289
-374
-380
-271
-67
144
325
507
685
899
1101
1245
1342
1348
1339
1323
1294
1357
1421
1383
1309
1271
1353
1558
1691
1721
1701
1708
1800
1894
1910
1818
1708
1625
1547
1400
1136
823
577
416
276
92
-139
-276
-271
-184
-139
-174
-223
-254
-239
-246
-306
-416
-586
-787
-1012
-1308
-1678
-2060
-2415
-2669
-2841
-3012
-3174
-3269
-3309
-3284
-3205
-3100
-2998
-2907
-2803
-2701
-2615
-2547
-2451
-2339
-2238
-2073
-1829
-1558
-1292
-1030
-796
-524
-188
169
473
663
734
760
792
837
879
831
694
519
362
274
224
151
84
50
53
119
191
278
371
419
464
533
579
590
594
566
520
529
561
579
622
684
772
917
1049
1148
1217
1244
1304
1418
1516
1592
1580
1468
1358
1293
1238
1145
997
811
689
682
744
769
730
643
582
600
695
809
824
760
683
692
809
935
1028
1045
1003
933
864
840
840
833
825
860
952
1078
1157
1198
1196
1150
1105
1055
1001
935
796
570
327
99
-104
-297
-516
-703
-814
-868
-889
-913
-957
-1015
-1033
-995
-1005
-1085
-1221
-1392
-1527
-1658
-1809
-1977
-2146
-2294
-2363
-2370
-2369
-2345
-2295
-2234
-2187
-2126
-2069
-2000
-1895
-1785
-1740
-1752
-1733
-1700
-1680
-1654
-1619
-1582
-1504
-1415
-1320
-1184
-1000
-797
-604
-438
-298
-190
-119
-37
49
139
248
347
441
550
675
825
998
1180
1365
1507
1626
1737
1794
1804
1763
1721
1681
1603
1513
1404
1306
1231
1159
1081
1017
987
988
1006
1040
1086
1122
1141
1139
1127
1111
1057
974
884
796
742
735
735
726
691
618
580
548
533
576
633
676
697
743
812
915
1012
1079
1155
1222
1227
1213
1193
1132
1025
846
675
535
415
331
261
158
77
23
-36
-56
-63
-70
-99
-131
-193
-279
-363
-467
-632
-851
-1085
-1294
-1492
-1658
-1754
-1851
-1951
-2021
-2048
-2044
-2045
-2049
-2032
-2068
-2155
-2270
-2417
-2550
-2606
-2579
-2545
-2515
-2479
-2339
-2085
-1809
-1516
-1237
-969
-667
-327
-16
176
265
321
385
413
369
306
243
187
149
119
130
182
265
385
498
588
698
818
904
942
933
953
975
942
854
739
659
603
550
442
285
149
90
94
87
107
194
313
423
516
570
590
627
682
700
666
546
418
382
345
262
124
10
-53
-112
-161
-193
-162
-66
40
114
167
247
353
463
555
631
693
718
710
693
717
735
748
778
806
834
856
875
900
892
850
844
840
823
755
650
560
468
385
304
204
104
46
4
-27
-74
-130
-147
-128
-116
-145
-183
-229
-306
-368
-410
-449
-486
-521
-576
-633
-708
-775
-799
-803
-767
-755
-759
-762
-777
-758
-728
-719
-743
-787
-812
-814
-800
-755
-699
-610
-533
-467
-363
-235
-77
74
194
242
257
257
260
326
383
413
397
331
247
198
229
271
273
227
157
115
157
240
317
357
344
320
283
260
229
207
186
151
108
65
39
42
72
71
62
71
100
120
117
91
69
58
53
53
29
-12
-65
-108
-168
-266
-370
-433
-477
-520
-533
-538
-544
-514
-460
-404
-328
-229
-117
14
140
259
371
480
610
697
743
747
759
813
883
909
888
842
772
725
689
640
575
508
401
267
144
41
-46
-129
-234
-323
-368
-388
-393
-421
-465
-499
-493
-470
-452
-402
-324
-276
-237
-213
-215
-235
-254
-247
-249
-259
-245
-206
-165
-125
-126
-137
-150
-153
-111
-89
-104
-154
-225
-298
-340
-369
-377
-382
-361
-312
-240
-176
-149
-130
-114
-91
-95
-101
-77
-18
16
33
37
5
-29
-72
-79
-43
-50
-87
-90
-38
0
5
0
-15
-4
29
45
14
-38
-105
-173
-217
-248
-275
-274
-242
-217
-217
-212
-166
-88
8
39
31
53
113
193
255
310
324
319
314
326
393
446
440
393
328
271
246
250
242
211
121
43
32
33
-6
-85
-180
-277
-352
-384
-382
-351
-303
-263
-220
-191
-158
-114
-41
35
58
48
30
35
43
82
121
140
151
161
193
227
274
286
268
232
212
233
270
322
365
381
381
402
432
466
491
501
497
496
524
570
584
590
621
653
678
691
681
673
672
678
663
659
679
682
665
614
549
479
412
327
263
192
74
-32
-99
-147
-190
-240
-313
-371
-417
-440
-460
-482
-489
-519
-570
-630
-661
-650
-652
-663
-665
-680
-694
-679
-656
-637
-636
-660
-675
-665
-651
-668
-726
-796
-855
-907
-938
-952
-954
-979
-999
-1000
-981
-937
-900
-854
-807
-749
-650
-545
-438
-340
-244
-134
-15
114
211
294
364
418
452
490
563
603
613
599
554
509
467
429
396
374
354
333
326
321
327
347
375
412
434
438
450
473
493
511
525
512
487
487
505
536
545
546
554
571
618
672
702
696
671
655
678
701
686
632
549
464
400
356
318
270
209
114
7
-98
-190
-249
-298
-344
-389
-429
-459
-470
-438
-411
-399
-397
-398
-361
-334
-298
-261
-240
-213
-186
-147
-124
-99
-80
-90
-115
-161
-218
-242
-255
-275
-291
-293
-282
-256
-240
-223
-211
-236
-263
-301
-346
-384
-423
-452
-482
-531
-565
-582
-597
-602
-620
-641
-648
-657
-652
-639
-631
-630
-634
-632
-631
-624
-594
-555
-514
-477
-438
-391
-324
-240
-182
-115
-33
46
104
155
224
291
326
357
405
425
461
494
521
552
576
598
601
608
623
624
616
625
632
658
694
710
704
693
700
716
742
749
761
753
747
753
747
766
748
702
670
635
614
587
558
523
500
486
449
414
381
348
322
294
269
244
185
131
102
91
52
-7
-52
-96
-146
-182
-171
-161
-144
-125
-86
-42
-11
26
62
82
73
86
127
158
168
194
242
278
319
348
372
398
421
441
477
516
546
553
529
516
511
504
497
473
438
409
387
347
293
244
184
118
79
67
11
-61
-138
-216
-295
-367
-426
-486
-525
-560
-547
-519
-510
-498
-501
-484
-448
-416
-375
-334
-306
-272
-234
-170
-95
-10
64
137
224
300
386
441
455
466
511
534
539
557
592
651
702
746
787
820
858
899
948
990
1036
1077
1093
1129
1167
1210
1259
1309
1353
1397
1465
1500
1528
1529
1490
1457
1425
1403
1370
1317
1259
1194
1099
984
871
759
645
531
419
296
169
37
-94
-211
-330
-458
-585
-718
-845
-971
-1092
-1201
-1302
-1406
-1504
-1570
-1631
-1676
-1717
-1764
-1788
-1791
-1778
-1765
-1767
-1767
-1772
-1769
-1765
-1758
-1746
-1745
-1735
-1732
-1740
-1738
-1717
-1695
-1674
-1644
-1619
-1585
-1555
-1531
-1504
-1481
-1463
-1435
-1409
-1391
-1384
-1392
-1392
-1384
-1369
-1370
-1389
-1407
-1426
-1439
-1460
-1478
-1498
-1506
-1511
-1517
-1509
-1511
-1527
-1550
-1563
-1569
-1578
-1579
-1558
-1532
-1510
-1479
-1437
-1388
-1344
-1295
-1230
-1156
-1081
-1016
-943
-856
-759
-661
-550
-438
-339
-260
-201
-147
-98
-56
-43
-41
-22
4
47
106
146
162
174
190
212
210
197
192
170
160
135
112
98
73
61
51
33
25
29
32
40
71
103
125
138
190
269
321
350
358
349
331
298
248
197
156
119
76
43
5
-25
-56
-79
-104
-141
-162
-172
-169
-176
-183
-176
-164
-143
-115
-78
-43
-11
14
50
96
148
206
242
285
333
376
422
465
491
504
529
564
588
614
644
665
673
678
687
683
669
661
653
648
638
628
609
609
603
588
585
551
512
466
420
396
360
321
268
220
174
137
92
38
-2
-34
-42
-45
-53
-55
-62
-73
-86
-116
-154
-185
-220
-225
-208
-189
-178
-173
-162
-148
-128
-102
-60
-15
31
73
140
206
263
317
352
374
400
434
465
489
490
493
493
498
514
527
538
539
536
531
513
509
499
478
468
453
431
398
377
367
356
330
305
289
255
239
231
217
210
206
199
186
192
198
182
173
160
142
127
112
126
156
176
194
206
225
250
281
304
332
367
390
417
447
459
463
457
454
448
430
433
441
436
431
427
422
411
391
369
338
317
307
299
278
274
298
313
301
303
312
307
315
302
279
260
244
232
221
207
221
240
241
249
252
257
262
247
223
198
181
164
162
177
175
173
157
138
94
51
21
-2
-3
-3
-8
-14
-15
-12
-22
-45
-57
-64
-74
-89
-85
-73
-65
-69
-83
-97
-116
-128
-149
-140
-129
-141
-148
-162
-162
-169
-196
-193
-180
-159
-147
-138
-133
-149
-154
-154
-160
-171
-173
-148
-126
-108
-97
-98
-104
-94
-67
-48
-37
-31
-19
-1
15
35
70
102
119
128
127
127
128
138
150
160
175
177
169
186
204
208
216
227
224
231
258
283
334
372
389
384
367
358
342
325
327
354
365
354
351
339
320
313
297
289
286
277
260
237
210
185
181
166
139
119
94
61
33
21
9
-14
-40
-74
-76
-74
-86
-108
-131
-135
-150
-167
-190
-209
-214
-211
-208
-216
-218
-202
-186
-177
-176
-164
-148
-147
-136
-128
-115
-106
-116
-117
-123
-132
-145
-151
-157
-174
-166
-164
-186
-182
-166
-162
-153
-150
-149
-147
-151
-164
-163
-165
-177
-179
-169
-168
-158
-138
-131
-126
-119
-121
-125
-108
-104
-93
-82
-76
-65
-50
-35
-39
-32
-21
-20
0
26
67
114
146
184
232
278
324
376
426
498
563
595
627
670
695
712
736
768
806
842
878
894
919
952
977
1014
1026
1018
1016
1004
1000
997
1002
998
970
937
907
861
807
751
719
685
625
574
538
506
473
443
401
375
354
313
282
247
210
173
146
124
92
66
26
-9
-26
-43
-47
-50
-66
-73
-80
-95
-115
-131
-132
-137
-161
-186
-199
-205
-203
-212
-237
-258
-278
-292
-307
-325
-338
-350
-366
-388
-413
-438
-464
-478
-501
-524
-532
-542
-560
-580
-589
-601
-599
-587
-580
-562
-536
-515
-497
-470
-436
-406
-376
-349
-330
-288
-252
-230
-211
-190
-155
-112
-69
-37
1
39
67
97
115
138
164
182
190
200
210
216
220
209
203
201
199
197
192
189
193
202
200
197
201
199
202
211
221
230
234
248
245
248
260
268
280
289
288
290
298
309
321
327
328
337
328
309
306
296
290
276
252
223
195
185
162
143
127
103
74
39
17
-8
-25
-44
-66
-97
-124
-143
-179
-199
-213
-229
-243
-267
-284
-300
-311
-317
-326
-324
-324
-323
-319
-320
-316
-319
-319
-313
-314
-313
-327
-336
-346
-358
-363
-370
-372
-378
-378
-379
-382
-383
-400
-411
-412
-416
-425
-436
-442
-443
-453
-459
-460
-453
-447
-445
-434
-416
-394
-379
-353
-316
-298
-280
-256
-239
-210
-173
-136
-99
-65
-31
-4
27
56
89
125
159
186
207
226
250
277
303
328
349
364
375
388
407
417
420
428
442
450
454
457
469
476
476
479
484
488
486
491
483
478
470
454
444
431
413
396
378
365
357
334
309
287
271
263
247
228
211
191
176
154
130
113
94
64
44
23
-2
-27
-55
-70
-86
-113
-140
-154
-174
-190
-203
-217
-236
-249
-263
-283
-303
-317
-326
-346
-365
-374
-386
-393
-399
-413
-427
-435
-439
-454
-466
-473
-483
-493
-505
-505
-506
-507
-507
-514
-506
-506
-499
-487
-474
-467
-459
-446
-431
-412
-393
-376
-349
-322
-304
-272
-247
-221
-195
-173
-153
-130
-97
-67
-37
-15
18
54
88
124
150
173
204
235
263
284
300
317
329
342
352
363
370
381
394
398
406
407
397
397
396
394
391
390
385
384
383
377
382
377
379
384
388
397
396
398
402
410
424
430
441
449
467
489
507
529
548
566
585
596
601
610
612
610
613
612
614
618
617
606
594
584
577
576
566
553
539
528
509
489
470
443
425
412
399
372
354
344
324
304
289
274
266
265
252
241
240
238
233
230
226
222
220
228
233
238
251
257
271
291
294
283
274
255
225
193
154
117
85
43
-5
-49
-89
-132
-173
-216
-258
-294
-333
-373
-414
-454
-493
-525
-554
-582
-608
-630
-647
-671
-693
-713
-729
-742
-758
-773
-793
-807
-817
-824
-827
-838
-848
-851
-853
-856
-867
-882
-889
-896
-907
-915
-931
-943
-960
-983
-996
-1008
-1021
-1033
-1045
-1058
-1063
-1073
-1086
-1093
-1099
-1106
-1108
-1102
-1095
-1091
-1086
-1075
-1061
-1044
-1021
-999
-980
-960
-935
-905
-866
-833
-797
-757
-719
-673
-626
-582
-544
-504
-470
-439
-408
-382
-355
-324
-293
-263
-236
-211
-180
-157
-138
-120
-99
-84
-71
-58
-52
-44
-36
-23
-15
-6
4
9
9
9
10
5
8
6
4
6
2
1
4
8
9
2
-4
-6
-4
-1
5
7
5
11
19
25
34
37
35
36
46
54
58
70
81
91
106
122
138
144
148
156
171
183
196
205
214
228
243
259
270
285
301
308
311
310
311
313
312
317
322
326
325
317
305
300
300
295
286
273
260
249
242
230
218
213
200
186
177
169
166
165
161
155
157
162
160
150
142
133
126
135
146
152
157
161
161
168
178
207
235
255
279
290
299
306
314
314
314
320
322
319
314
309
309
312
314
308
304
301
290
287
276
269
254
240
234
226
225
239
246
246
245
239
233
232
230
224
222
214
203
190
181
173
168
170
170
169
160
143
138
128
115
106
95
92
82
73
68
67
67
61
47
35
23
16
12
5
-2
-10
-15
-20
-26
-31
-35
-36
-34
-17
2
15
29
44
57
60
69
76
78
79
80
79
79
79
80
75
70
67
64
76
76
75
73
72
70
61
55
49
43
38
32
30
30
23
13
2
3
-3
-2
6
7
10
6
-7
-11
-16
-20
-19
-27
-33
-39
-38
-25
-13
-8
-7
1
0
-1
2
4
8
6
6
10
16
27
32
34
43
48
50
54
53
56
55
55
62
68
72
71
69
64
56
50
44
42
48
52
53
52
53
54
53
51
48
49
50
57
61
61
62
63
68
71
80
86
91
97
100
102
111
123
130
137
142
144
143
143
145
147
150
151
150
147
146
144
137
132
127
121
112
105
99
91
82
73
60
46
32
19
8
0
-8
-17
-21
-27
-37
-48
-59
-71
-83
-97
-104
-108
-112
-117
-122
-129
-135
-143
-151
-154
-157
-160
-162
-162
-164
-169
-172
-177
-182
-190
-195
-198
-202
-201
-202
-202
-204
-209
-214
-220
-226
-231
-235
-243
-247
-250
-252
-252
-251
-249
-247
-247
-246
-244
-244
-240
-238
-233
-224
-216
-210
-205
-200
-196
-187
-176
-163
-149
-137
-121
-102
-88
-72
-60
-46
-28
-14
1
21
39
55
72
94
113
128
144
160
174
185
194
203
214
227
235
242
248
252
255
256
260
262
260
259
258
252
244
234
222
211
204
196
184
175
168
157
145
139
131
120
107
96
81
72
64
54
48
38
29
20
14
9
5
-3
-6
-10
-15
-14
-14
-17
-21
-21
-21
-21
-21
-21
-21
-20
-15
-9
-3
0
3
3
3
4
8
16
23
29
33
35
40
42
41
46
49
47
51
53
50
53
54
54
55
55
55
57
58
56
54
49
45
46
46
48
45
40
36
30
26
25
24
26
24
24
25
26
29
33
38
40
42
44
49
58
61
66
75
79
87
96
107
119
128
139
150
160
168
176
188
201
209
218
226
236
241
247
252
257
261
263
263
264
262
254
250
246
241
230
216
204
195
183
168
153
138
118
101
83
66
50
33
14
-5
-24
-42
-61
-80
-99
-115
-131
-148
-163
-180
-192
-205
-216
-226
-236
-246
-256
-263
-271
-276
-281
-283
-286
-288
-287
-286
-284
-282
-280
-274
-269
-266
-261
-257
-252
-247
-241
-235
-231
-225
-219
-213
-208
-206
-198
-191
-187
-184
-181
-176
-171
-169
-167
-164
-161
-160
-158
-156
-153
-149
-148
-146
-142
-141
-139
-134
-129
-122
-119
-114
-107
-99
-91
-82
-71
-63
-55
-46
-37
-26
-13
-1
11
22
35
46
60
76
87
100
115
126
136
146
157
172
184
194
203
212
219
226
233
240
246
250
254
260
262
263
265
265
267
267
263
261
258
254
251
248
243
240
236
233
231
230
227
223
219
215
211
208
206
205
204
204
200
198
198
199
201
204
206
208
211
215
218
221
227
232
239
244
251
262
271
283
293
302
316
328
339
350
365
383
397
415
432
448
467
483
504
525
545
565
585
606
626
643
664
681
697
714
726
741
756
769
782
793
801
807
812
815
818
818
816
811
804
792
780
771
760
747
726
699
669
634
596
553
510
462
414
365
315
261
206
149
91
34
-26
-86
-144
-203
-262
-322
-377
-434
-489
-542
-597
-648
-696
-743
-788
-832
-874
-916
-955
-989
-1022
-1055
-1084
-1110
-1136
-1155
-1174
-1190
-1205
-1217
-1226
-1235
-1242
-1246
-1250
-1252
-1251
-1247
-1245
-1240
-1233
-1227
-1219
-1209
-1202
-1189
-1178
-1166
-1152
-1139
-1124
-1108
-1093
-1076
-1060
-1042
-1023
-1005
-986
-965
-944
-922
-901
-880
-857
-834
-812
-790
-767
-742
-716
-687
-660
-633
-604
-578
-550
-520
-494
-466
-438
-408
-380
-354
-328
-304
-280
-257
-236
-213
-193
-174
-157
-139
-121
-106
-90
-75
-62
-47
-37
-26
-15
-5
7
15
23
32
42
50
58
65
72
79
87
96
104
113
121
131
141
150
160
170
180
191
201
212
223
231
240
250
258
267
279
289
299
309
321
335
347
361
375
386
399
412
425
436
447
456
466
474
479
483
485
491
499
504
506
508
508
510
510
508
507
504
501
500
495
490
487
481
473
467
460
457
455
452
450
445
435
426
417
410
405
398
390
386
382
374
366
355
347
339
327
318
306
291
275
265
261
256
248
242
236
224
212
203
194
185
180
172
166
157
146
139
135
134
130
127
123
123
120
118
122
123
126
127
124
121
119
122
127
128
129
127
124
123
130
133
135
135
137
135
133
133
130
136
141
146
149
149
150
146
143
144
139
132
125
118
108
105
107
109
107
105
104
110
117
118
116
113
109
105
97
89
82
73
64
56
55
51
47
47
43
37
31
25
20
11
-5
-21
-30
-40
-54
-60
-66
-78
-94
-112
-129
-139
-142
-148
-154
-158
-163
-171
-177
-184
-191
-197
-197
-193
-193
-192
-195
-193
-193
-200
-198
-187
-178
-172
-168
-165
-151
-137
-125
-117
-111
-95
-78
-66
-61
-48
-33
-25
-17
-13
-10
-5
12
30
39
43
42
42
41
43
49
52
48
44
47
44
37
35
36
35
36
27
17
19
23
20
12
4
-11
-18
-24
-31
-34
-39
-48
-59
-69
-79
-82
-85
-91
-96
-107
-115
-119
-128
-138
-150
-161
-166
-169
-173
-177
-185
-200
-208
-214
-221
-231
-240
-243
-254
-260
-271
-280
-279
-277
-277
-282
-281
-277
-269
-262
-261
-258
-250
-243
