-32
-32
-39
-40
-35
-33
-35
-39
-41
-42
-44
-46
-48
-49
-50
-51
-55
-63
-75
-84
-87
-94
-108
-117
-120
-125
-131
-131
-131
-134
-134
-134
-132
-133
-139
-132
-119
-111
-113
-112
-103
-98
-98
-97
-94
-87
-77
-61
-47
-34
-22
-6
9
16
15
18
28
32
27
20
13
13
10
2
-11
-24
-30
-29
-34
-37
-40
-38
-28
-33
-41
-47
-51
-52
-56
-65
-76
-82
-78
-76
-85
-94
-97
-94
-88
-86
-86
-79
-72
-63
-58
-57
-62
-58
-51
-56
-71
-78
-70
-67
-75
-82
-83
-79
-74
-77
-75
-68
-63
-52
-34
-27
-22
-10
8
18
17
15
23
29
26
22
21
20
16
14
9
6
2
3
10
10
9
22
37
47
53
58
66
69
71
74
75
75
75
71
73
68
58
56
52
46
43
39
36
32
26
27
22
18
12
4
0
-1
-8
-6
-5
-1
8
17
21
25
42
58
62
71
85
102
121
132
150
165
178
194
207
211
216
220
233
243
236
236
243
247
251
248
249
256
262
274
286
300
316
341
369
395
411
436
471
500
521
543
581
615
646
675
714
753
792
838
882
915
947
982
1015
1032
1027
1016
1008
984
943
899
850
790
728
664
594
524
454
391
327
260
196
143
91
27
-31
-88
-144
-199
-252
-297
-348
-396
-434
-470
-504
-540
-576
-604
-638
-671
-698
-725
-751
-774
-794
-807
-826
-847
-858
-878
-897
-920
-942
-955
-971
-978
-983
-991
-993
-995
-990
-987
-999
-1010
-1009
-1002
-1005
-1009
-1004
-994
-991
-980
-972
-967
-953
-942
-919
-892
-893
-867
-820
-792
-761
-750
-709
-651
-630
-592
-560
-551
-515
-501
-479
-464
-480
-463
-436
-429
-423
-422
-400
-379
-387
-383
-385
-386
-385
-399
-411
-429
-450
-454
-459
-468
-495
-513
-509
-511
-520
-538
-538
-535
-523
-520
-525
-507
-513
-516
-506
-530
-533
-537
-538
-520
-530
-525
-511
-498
-466
-464
-470
-449
-448
-425
-411
-425
-402
-395
-408
-401
-404
-413
-416
-428
-416
-391
-393
-345
-256
-196
-115
-52
56
184
225
321
433
487
572
649
764
878
911
1003
1131
1185
1227
1277
1346
1383
1361
1394
1448
1439
1424
1435
1448
1410
1337
1303
1283
1186
1069
996
920
819
709
635
588
495
420
392
350
309
263
238
228
184
157
157
153
152
136
152
177
189
215
224
251
277
283
304
330
358
379
400
444
477
502
522
544
544
516
490
464
443
397
340
321
293
259
247
219
200
180
141
129
106
72
56
31
12
-32
-84
-96
-122
-156
-212
-257
-274
-309
-340
-362
-379
-403
-419
-405
-396
-406
-424
-416
-397
-407
-412
-387
-364
-346
-365
-368
-359
-396
-382
-389
-409
-391
-402
-351
-302
-303
-278
-274
-270
-252
-268
-263
-230
-195
-164
-137
-89
-23
24
80
150
196
244
288
352
421
453
515
645
753
843
939
1029
1119
1174
1228
1288
1299
1297
1298
1320
1339
1306
1303
1327
1300
1254
1201
1167
1130
1039
939
853
760
646
564
493
392
277
226
204
143
70
-15
-93
-173
-256
-320
-320
-310
-301
-266
-252
-258
-266
-258
-219
-217
-242
-250
-247
-225
-222
-225
-209
-161
-120
-102
-82
-78
-78
-108
-120
-124
-145
-180
-193
-174
-174
-197
-199
-182
-203
-234
-233
-249
-303
-339
-367
-416
-476
-578
-602
-601
-679
-654
-664
-657
-679
-674
-617
-738
-705
-631
-760
-828
-618
-635
-732
-574
-706
-628
-523
-732
-561
-553
-670
-557
-517
-465
-448
-422
-283
-328
-387
-216
-203
-248
-229
-222
-213
-273
-248
-207
-132
65
146
273
324
363
486
445
485
492
467
574
629
805
879
953
1196
1320
1426
1477
1493
1465
1486
1560
1626
1709
1700
1787
1917
1964
2018
1930
1864
1835
1733
1680
1597
1495
1394
1401
1398
1317
1248
1133
995
807
704
599
461
447
400
351
337
283
306
307
240
198
166
105
14
7
3
27
57
115
185
224
292
287
300
285
272
220
222
297
324
342
456
484
495
570
512
433
409
365
100
313
302
201
307
258
321
188
-63
317
-33
-197
-17
-268
154
-457
-168
298
-718
-96
-248
-710
-317
-775
-530
-446
-679
-543
-272
-552
-312
-367
-493
-274
-263
-710
-84
-397
-525
-19
-265
-167
-62
-127
-46
162
-201
25
101
-89
-24
-67
-35
60
26
166
284
340
345
554
526
696
599
487
565
588
835
791
869
1155
1193
1453
1572
1632
1575
1377
1571
1715
1736
1664
1822
1972
1933
2094
2124
2023
1796
1711
1826
1539
1384
1315
1261
1226
1083
1088
977
689
571
511
402
102
-86
57
109
74
98
120
-44
-135
-126
-280
-560
-821
-790
-844
-1039
-965
-986
-959
-983
-1005
-968
-1136
-1321
-1287
-1259
-1464
-1404
-1434
-1327
-1292
-1310
-1274
-1224
-1421
-1567
-1543
-1668
-1559
-2098
-1352
-1843
-1855
-1429
-1924
-1570
-2078
-2332
-1602
-2230
-2652
-1869
-2382
-2315
-2063
-2191
-2353
-2176
-2623
-2217
-2236
-3115
-2360
-2176
-3046
-2262
-2147
-2794
-2215
-2218
-2672
-2230
-2417
-2734
-2181
-2626
-2200
-2399
-2242
-1936
-2337
-1999
-2057
-2051
-2265
-1890
-1888
-2101
-1932
-1736
-1766
-1767
-1746
-1704
-1602
-1556
-1460
-1286
-1218
-1198
-1085
-905
-927
-969
-812
-799
-638
-448
-500
-229
-144
-80
136
207
249
380
542
687
841
874
1076
1181
1241
1341
1329
1342
1265
1242
1270
1215
1117
1019
1009
958
869
699
668
592
328
413
420
213
252
208
150
98
98
80
16
-244
-43
38
-277
-68
-140
-145
-139
-115
-124
-212
-232
-139
-66
-111
-59
-55
125
50
196
253
98
312
360
229
233
465
182
244
383
472
217
3
428
612
-329
171
560
-134
153
-193
816
-182
-406
838
-302
-260
150
-166
-342
-374
8
-180
-679
163
-458
-627
79
-702
-411
-399
-773
-207
-392
-888
-144
-459
-595
-248
-470
-176
-634
-641
40
-440
-533
-292
-269
-330
-308
-207
-273
-448
-459
-182
-443
-650
-274
-223
-349
-200
-90
-44
-139
-116
-11
-166
-184
55
25
138
391
376
639
725
766
902
818
1010
1049
1132
1298
1438
1550
1682
1906
1867
1875
1943
1851
1724
1738
1673
1508
1496
1487
1453
1418
1332
1219
1162
1004
911
847
789
701
657
629
447
730
311
420
427
48
299
82
161
-54
-117
90
79
-189
-47
92
-197
-28
-146
91
-136
-107
29
117
8
-44
380
-323
265
242
-229
269
256
-344
323
510
-232
104
428
313
-338
260
186
-216
-25
-13
109
-24
-513
311
-225
-521
212
-995
347
-987
-432
143
-1243
-327
-228
-987
-632
-184
-1408
-549
-788
-989
-922
-747
-604
-804
-768
-737
-304
-1176
-529
-729
-974
-714
-700
-673
-822
-596
-1120
-287
-1091
-1009
-674
-1324
-1001
-1085
-1008
-876
-990
-765
-635
-657
-669
-539
-532
-697
-609
-444
-509
-252
-184
21
123
362
519
446
600
635
694
811
1048
1135
1471
1506
1710
1956
1777
1942
1835
1772
1776
1702
1704
1615
1707
1670
1621
1564
1536
1374
1309
1273
1134
1091
942
1229
908
1087
1169
708
904
721
619
395
252
449
290
-18
557
266
-285
607
-186
282
-221
-131
380
-247
247
-78
254
109
159
82
131
-292
206
-143
-417
186
-362
-140
212
-248
91
-729
605
-563
-476
166
-739
-262
-484
-94
-867
109
-875
-206
-324
-932
-157
-833
-730
-516
-716
-437
-891
-550
-787
-742
-627
-1549
49
-1473
-874
-159
-1773
-12
-1146
-916
-783
-834
-1228
-446
-1312
-946
-894
-1112
-575
-1102
-765
-1173
-778
-904
-911
-1306
-943
-895
-1087
-911
-764
-978
-886
-513
-620
-776
-725
-563
-586
-732
-364
-569
-459
-98
-39
102
153
374
444
511
710
754
904
1092
1140
1513
1395
1583
1738
1730
1736
1739
1763
1602
1666
1715
1633
1753
1736
1751
1724
1698
1610
1466
1234
1278
1085
1111
1034
993
1111
765
935
885
711
203
616
477
95
820
-52
706
453
-113
671
286
-147
227
440
-323
525
-287
476
239
-318
-106
689
-859
393
227
-775
775
-557
436
-306
-174
285
-62
-705
263
-105
-456
93
84
-506
-181
-235
-425
-273
-658
-587
-509
-336
-982
-875
185
-1763
169
-1306
-679
-474
-1521
-353
-1547
-534
-1622
-676
-1220
-1377
-1063
-937
-1519
-959
-1536
-1145
-1363
-1561
-945
-1679
-1428
-1167
-1317
-1341
-873
-1394
-971
-1035
-1336
-913
-1194
-1311
-1011
-1363
-796
-1033
-1099
-601
-710
-593
-533
-336
-450
-330
-237
-342
-70
-303
200
98
127
532
506
664
882
820
898
1085
1097
1178
1466
1472
1421
1776
1642
1918
1777
1840
1869
1587
1832
1684
1771
1598
1664
1871
1372
1497
1400
1477
860
1249
1268
771
1061
1043
918
696
687
634
538
-73
783
23
459
397
180
893
-238
660
198
25
113
343
-340
99
197
-116
531
-302
695
-500
411
31
-462
693
-567
179
66
-192
118
-177
40
-497
427
-1091
246
-229
-853
-64
-459
-578
-478
-294
-1443
242
-1070
-1042
-505
-1041
-957
-742
-1052
-1162
-652
-1717
-867
-1159
-1374
-1101
-1925
-746
-1415
-1321
-1456
-1409
-1001
-1342
-1794
-969
-1133
-1619
-1140
-1244
-765
-1703
-949
-982
-1033
-1362
-1075
-765
-1221
-1172
-981
-984
-977
-1021
-1048
-310
-1018
-542
-250
-615
-239
-478
-35
-207
-336
300
200
162
225
550
498
591
508
920
1019
940
1345
1346
1488
1552
1637
1589
1839
1851
1741
2105
1893
1913
1994
1987
1768
1958
1846
1713
2126
1321
2296
1407
1476
2106
873
1817
986
1413
1028
949
1067
746
1009
578
429
684
501
197
536
98
502
-177
493
278
-422
195
375
-351
31
190
-190
52
160
-95
-42
104
-218
268
-622
-35
273
-356
-94
-58
181
-515
-170
-43
-516
-358
-685
-147
-240
-1294
228
-309
-1551
236
-1452
-48
-1443
-671
-604
-1443
-438
-1326
-1053
-1014
-1060
-1726
-691
-1613
-1039
-1470
-1333
-1015
-1752
-1232
-1120
-1803
-1107
-1661
-1620
-1108
-1391
-1984
-689
-1271
-2054
-842
-1329
-1673
-1220
-1248
-1453
-941
-1701
-943
-1264
-1156
-1021
-712
-1096
-403
-558
-725
-303
-572
-324
-265
-418
-238
115
-173
176
385
194
355
514
704
755
855
1111
1269
1336
1447
1625
1310
1729
1609
1698
1722
1648
1788
1853
1926
1879
1695
1974
1665
1808
1954
1643
1960
1530
2050
1846
1482
1571
1854
1281
1476
1362
1241
1354
892
1139
969
1107
542
1092
928
521
707
884
572
525
743
32
914
113
307
560
-261
592
-201
48
350
-185
-96
163
-80
-119
-54
-263
-341
-131
-383
-214
-630
-503
-43
-1076
-232
-793
-541
-425
-859
-525
-783
-868
-1123
-624
-1033
-1065
-1101
-1009
-1093
-925
-1669
-815
-1230
-2079
-505
-1870
-1454
-1061
-1869
-1117
-1492
-1426
-1400
-1606
-1341
-1074
-1665
-1183
-1199
-1425
-1174
-1532
-1275
-1428
-1127
-1695
-1176
-1024
-1414
-1206
-1088
-1511
-1074
-1299
-740
-679
-1178
-332
-589
-419
-526
-528
-426
-301
-275
-29
144
119
183
451
326
495
515
540
716
799
905
1170
1214
1367
1332
1384
1587
1342
1475
1581
1473
1537
1757
1743
1730
1768
1583
1780
1314
1837
1634
1460
1996
1444
1840
1648
1596
1486
1354
1332
1197
1292
1143
1067
1219
768
1250
386
1054
718
44
1106
436
524
332
949
188
153
554
154
78
161
256
274
340
-93
442
-29
118
146
-622
233
-535
177
-583
-125
95
-1138
-78
-552
-779
-726
-484
-746
-678
-634
-1267
-428
-1421
-1359
-771
-1526
-455
-1219
-1084
-718
-1349
-987
-1708
-1150
-1479
-1346
-985
-1557
-868
-1659
-1250
-1046
-2256
-1668
-1008
-2015
-707
-1184
-1728
-684
-1495
-1380
-1060
-2101
-1095
-1265
-1417
-916
-1072
-1313
-1292
-1273
-1543
-1031
-1152
-1229
-458
-631
-919
-280
-746
-693
-428
-539
165
280
62
681
444
414
535
527
597
974
892
1273
1622
1340
1393
1482
1324
1406
1404
1521
1695
1548
1822
1854
1705
1704
1585
1449
1560
1417
1720
1787
1575
1876
1644
1637
1596
1347
1241
1185
1282
1259
1540
1436
1268
1309
1350
957
841
1052
684
940
1122
840
1104
936
495
577
702
2
545
584
187
731
163
615
-40
-59
225
-345
95
49
428
-154
104
-20
-819
-302
-623
-915
-445
-593
-900
-80
-698
-1183
-788
-1524
-1382
-976
-1240
-1201
-1064
-923
-1282
-1243
-1622
-2182
-1475
-1867
-1303
-1470
-1877
-996
-1737
-1921
-1878
-2180
-1880
-2155
-1537
-1753
-2157
-1434
-1956
-2170
-1577
-2107
-1887
-1555
-1848
-1447
-1967
-1621
-1672
-1479
-1230
-1332
-930
-1102
-986
-678
-855
-868
-529
-385
80
268
327
614
471
578
690
732
913
1184
1233
1335
1691
1556
1473
1610
1433
1495
1779
1703
1848
1862
1698
1653
1628
1489
1296
1400
1416
1429
1579
1499
1526
1294
1130
1295
1251
1108
1163
1269
1281
1205
1242
1273
1085
1044
906
1186
1159
899
1142
1220
914
979
1098
952
888
981
1140
914
923
807
813
399
613
600
330
816
493
385
371
132
8
83
36
-155
64
17
-252
29
-749
-518
-352
-611
-391
-526
-580
-493
-471
-974
-701
-1242
-1108
-705
-1103
-1253
-910
-1542
-1290
-1088
-1685
-1248
-1542
-1479
-1362
-1478
-1688
-1458
-1778
-1932
-1912
-1639
-1835
-1873
-1747
-2027
-1699
-2106
-1941
-2016
-2471
-1903
-1454
-1303
-1097
-1321
-1157
-1222
-1422
-1069
-1109
-832
-475
-61
409
220
230
199
238
429
548
1226
1521
1434
1656
1732
1635
1483
1382
1597
1636
1824
2072
1954
1899
1389
1148
1164
954
1049
1176
1113
959
864
706
388
226
111
261
325
418
498
313
199
45
93
322
334
430
609
790
894
617
747
779
609
951
1207
1353
1402
1426
1258
1189
1321
1119
1241
1355
1209
1304
1275
998
840
692
692
687
683
611
499
394
-49
215
-123
-500
121
-301
-370
-274
-545
-903
-797
-765
-1212
-691
-886
-977
-851
-1317
-1298
-1144
-1745
-1168
-1155
-1607
-1262
-1836
-1620
-2142
-2355
-1931
-1921
-2224
-2040
-1787
-2161
-2418
-2500
-2190
-2522
-2345
-2160
-2227
-2548
-2604
-2165
-1987
-1575
-1218
-1152
-1041
-1160
-1266
-1033
-1052
-675
-256
267
825
777
846
600
525
640
1194
1865
2067
2199
2143
2062
1880
1619
1676
1899
1695
2006
2228
1991
1629
1072
949
943
801
1115
1118
827
534
199
104
-273
-408
-284
-242
-190
17
-82
-236
-455
-513
-141
-84
340
582
454
492
440
511
605
671
899
1142
1528
1782
1581
1681
1387
1353
1576
1614
1867
1631
1655
1588
1444
1511
1308
1217
1057
1082
1203
1045
804
579
359
401
642
504
481
157
-31
-86
-148
-44
-368
-468
-424
-485
-725
-920
-1017
-1243
-1375
-1239
-1177
-1370
-1292
-1467
-1826
-1713
-2022
-2093
-1896
-1893
-1959
-1913
-2011
-2132
-2325
-2648
-2567
-2445
-2514
-2540
-2582
-2802
-2547
-2186
-1589
-1347
-1408
-1386
-1563
-1217
-965
-695
-201
-63
516
941
1047
1175
928
938
1448
1920
2429
2708
2410
2230
2004
2108
2302
2430
2461
2328
2357
2110
1922
1775
1424
1312
1283
1202
1230
805
212
-26
-371
-468
-310
-472
-616
-950
-1190
-1196
-1222
-1281
-1377
-1331
-1232
-945
-768
-813
-886
-942
-750
-273
8
167
46
-29
140
320
708
1040
1043
1075
1067
1130
1190
1112
1134
1108
1237
1480
1465
1417
1206
918
1048
1084
1169
1074
854
736
577
523
488
432
289
235
319
297
137
-133
-335
-417
-527
-447
-425
-683
-909
-938
-1064
-1132
-1144
-1253
-1331
-1568
-1510
-1388
-1634
-1706
-1761
-1947
-2047
-2096
-2085
-2230
-2302
-2166
-2423
-2296
-2485
-2542
-1841
-1307
-605
-805
-994
-1147
-1133
-671
-157
321
501
614
924
1186
1172
1178
1333
1755
2249
2708
2935
2617
2265
2136
2404
2881
3142
2963
2608
2156
1918
1925
1838
1725
1516
1257
1060
743
264
-140
-537
-678
-592
-601
-877
-1353
-1818
-2158
-2031
-1796
-1590
-1491
-1613
-1776
-1725
-1657
-1509
-1442
-1338
-967
-737
-443
-427
-516
-528
-401
36
463
774
926
763
744
817
863
1112
1231
1277
1236
1222
1115
973
1003
990
1104
1180
1097
922
605
415
423
458
518
438
186
-12
-220
-207
-94
-146
-151
-248
-361
-506
-591
-611
-730
-746
-698
-801
-812
-995
-1219
-1253
-1338
-1315
-1451
-1567
-1628
-1828
-1710
-1761
-1900
-1920
-2090
-1936
-1996
-2000
-2107
-1865
-1463
-511
-164
-658
-882
-1388
-717
25
690
1170
870
812
1098
1521
1922
1945
2090
2533
2795
3078
3156
2923
2875
2881
3419
4015
3883
3420
2758
2364
2479
2473
2746
2394
1627
1083
697
704
490
112
-172
-606
-866
-1119
-1525
-1871
-2228
-2345
-2063
-2085
-2211
-2568
-2838
-2656
-2582
-2137
-2041
-2110
-2121
-2103
-1557
-1230
-1027
-850
-806
-603
-335
-158
146
204
209
504
714
1000
899
962
1051
912
1145
1023
909
843
621
754
803
724
664
420
322
316
412
515
332
150
-101
-205
-193
-147
-176
-333
-408
-515
-630
-680
-845
-884
-947
-982
-998
-1099
-1221
-1327
-1298
-1362
-1237
-1320
-1445
-1501
-1684
-1585
-1541
-1536
-1529
-1779
-1782
-1900
-1933
-1848
-2026
-1575
-939
22
169
-444
-921
-1009
-204
584
1259
1432
1157
1040
1565
2394
2738
2763
2842
3233
3550
3850
4023
3908
3663
3592
4127
4424
4256
3634
3144
3124
3187
3375
3252
2614
1713
1150
1156
1237
1055
534
-78
-618
-970
-1160
-1302
-1685
-2057
-2234
-2287
-2390
-2810
-3063
-3244
-2966
-2465
-2406
-2452
-3069
-3247
-2801
-2312
-1608
-1569
-1852
-1836
-1786
-1094
-487
-212
-76
-244
-70
154
360
532
562
614
799
858
722
516
309
432
659
858
842
386
-15
-122
125
463
475
211
-207
-513
-504
-287
-165
-278
-583
-772
-797
-755
-703
-833
-935
-1083
-1108
-1108
-1216
-1411
-1605
-1463
-1352
-1210
-1343
-1529
-1660
-1702
-1451
-1259
-1235
-1510
-1775
-1741
-1817
-1671
-1681
-1720
-1400
-698
455
533
-29
-619
-569
385
1217
1869
1976
1473
1476
2233
3227
3636
3299
3137
3504
3886
4444
4710
4580
4194
3869
4474
5036
4776
4068
3513
3448
3568
3639
3621
2995
2047
1528
1564
1751
1299
519
-176
-789
-997
-995
-1105
-1575
-2305
-2670
-2649
-2593
-2769
-3068
-3270
-3315
-3162
-2965
-2717
-3141
-3365
-3175
-2719
-2058
-2153
-2193
-2308
-2231
-1634
-969
-414
-653
-1090
-1009
-561
-21
256
284
183
-25
-56
132
313
305
225
358
478
420
131
-162
-186
-50
156
220
-107
-600
-868
-785
-455
-251
-401
-759
-1102
-1210
-995
-741
-710
-1030
-1321
-1436
-1451
-1201
-1148
-1120
-1248
-1228
-1149
-1293
-1232
-1566
-1555
-1346
-1361
-1197
-1342
-1655
-1544
-1671
-1368
-1167
-1559
-1538
-1730
-1023
384
795
606
-329
-851
135
981
1885
2276
1682
1647
2115
3090
3958
3468
3141
3423
3782
4570
4805
4677
4305
3731
4313
5070
5150
4543
3542
3343
3669
3875
4019
3423
2333
1601
1427
1857
1849
1064
282
-384
-607
-575
-700
-975
-1713
-2321
-2417
-2406
-2456
-2825
-3207
-3246
-3087
-2819
-2720
-3047
-3370
-3355
-2926
-2252
-1962
-2031
-2169
-2115
-1698
-1126
-793
-811
-991
-992
-678
-212
21
-15
-30
-153
18
245
332
299
97
89
170
270
202
-17
-117
-53
66
101
-124
-512
-685
-623
-394
-317
-552
-953
-1202
-1091
-832
-647
-765
-1136
-1398
-1311
-1092
-970
-1011
-1284
-1459
-1425
-1308
-1046
-1165
-1387
-1547
-1645
-1421
-1237
-1249
-1206
-1308
-1262
-1027
-982
-825
-900
-1102
-726
-29
958
1340
614
78
56
823
1938
2426
2505
2066
1765
2458
3354
3837
3617
3202
3477
3937
4237
4625
4478
4122
3848
4166
4822
4727
4012
3388
3341
3519
3605
3467
2902
1926
1260
1367
1635
1431
559
-349
-854
-1000
-923
-893
-1259
-2030
-2658
-2733
-2542
-2492
-2735
-3021
-3155
-3188
-2918
-2587
-2538
-2575
-2644
-2440
-2088
-1968
-1837
-1689
-1513
-1264
-1016
-773
-696
-783
-702
-412
-51
132
89
50
-117
-125
109
344
438
204
84
60
136
198
104
-13
-216
-332
-283
-234
-288
-424
-589
-643
-692
-803
-941
-1105
-1136
-1136
-1133
-1220
-1373
-1509
-1514
-1375
-1286
-1286
-1395
-1557
-1688
-1585
-1542
-1480
-1563
-1779
-1732
-1829
-1695
-1629
-1652
-1508
-1554
-1487
-1283
-1338
-1204
-1281
-1342
-893
-276
669
725
136
-365
-104
983
1992
2428
2197
1773
1790
2614
3564
3825
3341
3012
3304
3859
4359
4414
4159
3668
3567
4164
4783
4621
3767
3102
3047
3272
3341
3109
2398
1517
987
1193
1472
1084
166
-675
-927
-845
-691
-839
-1422
-2150
-2489
-2260
-1971
-2022
-2397
-2628
-2547
-2202
-1853
-1708
-1886
-2076
-1926
-1435
-952
-827
-906
-968
-785
-414
-91
113
67
-97
-67
262
563
677
564
457
665
757
834
787
523
377
300
503
525
174
-192
-469
-449
-345
-336
-492
-857
-1229
-1295
-1120
-1013
-1177
-1473
-1638
-1659
-1574
-1507
-1544
-1725
-1906
-1868
-1731
-1563
-1558
-1620
-1750
-1702
-1688
-1758
-1766
-1978
-1925
-1889
-1872
-1712
-1863
-1937
-1860
-1722
-1346
-1192
-1406
-1502
-1605
-1533
-942
220
995
817
-16
-564
165
931
1852
2431
2209
1946
1944
2773
3660
3431
3054
3284
3719
4256
4318
4272
4045
3398
3703
4498
4738
4053
2932
2638
3025
3233
3330
2943
2008
1038
673
1079
1192
539
-400
-1044
-1195
-1216
-1221
-1383
-1926
-2413
-2475
-2222
-2078
-2374
-2646
-2391
-2116
-1708
-1427
-1447
-1600
-1574
-988
-364
-30
-189
-343
-229
-26
487
908
1058
933
714
835
1034
962
951
932
1021
1191
1072
900
548
288
443
734
845
518
-143
-568
-639
-350
-75
-213
-720
-1306
-1473
-1319
-1093
-1124
-1391
-1615
-1755
-1736
-1623
-1632
-1754
-1925
-1953
-1831
-1760
-1829
-2098
-2091
-2081
-1969
-1735
-2076
-2100
-2331
-2417
-1924
-2077
-1868
-2033
-2561
-2343
-2392
-1884
-1605
-1903
-1982
-2156
-2321
-1426
160
655
644
-758
-976
215
717
1978
2256
1957
2059
1921
3034
3607
2775
2777
3325
4151
4711
4208
4120
3594
2941
3681
4570
4764
3620
2189
2173
2423
2492
2577
2063
1288
223
-66
435
250
-375
-1055
-1388
-1349
-1623
-1739
-1971
-2538
-2660
-2314
-1837
-1777
-2364
-2542
-2200
-1663
-996
-606
-653
-875
-979
-277
667
915
834
499
577
856
1104
1619
1778
1630
1535
1643
1763
1382
1116
1239
1575
1857
1648
1166
658
342
708
1204
1304
872
3
-405
-355
-84
217
38
-404
-763
-790
-494
-455
-730
-978
-997
-803
-724
-927
-1290
-1637
-1687
-1356
-963
-958
-1485
-2022
-2102
-1848
-1599
-1557
-1905
-2332
-2550
-2553
-2191
-2274
-2270
-2369
-2519
-2287
-2527
-2213
-2355
-2596
-2387
-2461
-2247
-1970
-832
95
160
-357
-691
-131
357
921
1733
2045
2113
2322
2872
3229
2558
2382
3303
4248
4607
4218
3720
3015
2370
2955
4132
4296
3350
2126
1698
1664
1468
1609
1481
865
65
-266
-144
-437
-1115
-1486
-1360
-1196
-1270
-1578
-2045
-2537
-2574
-1868
-1154
-981
-1292
-1587
-1432
-1153
-640
-23
230
243
9
608
1197
1200
1322
1144
1586
1782
1707
2017
1735
1651
1749
1974
2142
1443
934
947
1240
1628
1484
1045
357
-87
229
612
775
379
-177
-354
-328
-322
-358
-572
-759
-738
-490
-403
-729
-1257
-1418
-1035
-579
-460
-774
-1259
-1635
-1597
-1226
-860
-1053
-1573
-2121
-2213
-2076
-2005
-1855
-2183
-2453
-2563
-2578
-2503
-2704
-2984
-2955
-2726
-2575
-2480
-2562
-2739
-2782
-2604
-2456
-2221
-2584
-2390
-1117
76
824
362
-178
-31
132
877
1952
2553
2805
2719
3063
3313
2642
2273
2764
3641
4215
4088
3770
3011
2004
1866
2507
2962
2753
1906
1424
909
301
61
1
-102
-334
-517
-599
-1157
-1966
-2343
-2121
-1488
-1153
-1202
-1532
-2097
-2253
-1888
-1219
-577
-491
-445
-405
-259
97
556
891
972
1072
1460
1945
2096
1888
1687
1552
1643
1888
2150
2284
1913
1559
1517
1387
1186
964
1007
1292
1247
919
403
-33
-250
-53
375
587
359
-122
-458
-551
-485
-310
-197
-147
-138
-249
-415
-667
-869
-772
-541
-325
-305
-625
-1049
-1413
-1438
-1231
-1077
-1130
-1467
-1789
-1893
-1934
-1929
-2007
-2182
-2197
-2326
-2352
-2345
-2511
-2537
-2572
-2405
-2106
-2128
-2103
-2021
-2088
-1740
-1767
-1659
-1730
-1565
-405
799
1652
1502
898
610
652
1204
2182
2828
3185
3191
3281
3290
2727
2200
2259
2835
3532
3756
3562
2831
1744
1161
1353
1808
1943
1567
1206
734
194
-191
-432
-520
-623
-533
-306
-365
-875
-1360
-1582
-1454
-1191
-823
-533
-583
-746
-718
-495
-240
-145
1
298
728
1120
1418
1397
1163
929
1074
1555
2095
2328
2060
1704
1345
1288
1438
1659
1736
1609
1351
1133
885
626
510
626
793
831
693
473
254
102
132
315
373
306
197
156
148
140
93
47
-34
-150
-176
-183
-172
-276
-356
-511
-709
-803
-853
-847
-882
-1066
-1260
-1513
-1774
-1964
-2004
-1953
-1949
-2025
-2209
-2318
-2431
-2503
-2376
-2273
-2121
-2040
-1972
-1881
-1910
-1826
-1629
-1353
-1097
-1048
-1097
-1242
-1383
-1406
-795
78
1038
1551
1292
1113
820
814
1145
1428
1852
2188
2531
2974
2713
2143
1509
1232
1444
1719
2018
2003
1569
1111
735
651
463
125
-35
-100
44
195
12
-424
-1039
-1339
-1194
-931
-660
-653
-852
-1033
-1141
-1174
-1183
-1258
-1105
-806
-467
-234
-192
-287
-342
-303
-44
205
386
475
550
695
856
857
657
378
302
553
863
1149
1040
717
378
126
107
152
177
206
244
303
213
72
-199
-404
-329
-113
160
306
201
21
-211
-332
-315
-383
-424
-323
-112
23
-19
-296
-583
-811
-889
-841
-739
-700
-791
-954
-1087
-1255
-1468
-1607
-1645
-1615
-1546
-1403
-1344
-1460
-1647
-1788
-1723
-1633
-1567
-1512
-1469
-1333
-1222
-1131
-1071
-961
-824
-609
-468
-402
-315
-214
-209
-104
-207
-106
271
661
1256
1350
1317
1278
990
901
769
663
924
1175
1694
1895
1732
1391
921
773
665
617
727
650
806
924
1053
1099
650
245
-180
-381
-149
146
514
698
580
425
63
-298
-580
-687
-525
-261
19
118
-32
-212
-357
-314
-256
-279
-375
-425
-287
10
321
433
327
119
-34
12
141
321
445
463
515
519
541
511
492
526
490
500
432
355
384
422
565
622
561
518
378
284
243
214
279
317
260
203
69
-113
49
257
57
-165
-264
-425
-468
-450
-431
-484
-605
-584
-456
-546
-800
-911
-851
-690
-561
-436
-367
-436
-472
-366
-242
-214
-139
59
266
363
381
409
514
696
808
879
910
923
927
980
1064
1164
1146
1017
991
1010
987
888
777
608
400
211
128
164
159
37
-176
-432
-689
-907
-1055
-1140
-1206
-1308
-1464
-1575
-1654
-1715
-1742
-1744
-1692
-1680
-1667
-1609
-1529
-1372
-1193
-1046
-998
-991
-885
-682
-420
-167
94
294
358
342
325
408
610
782
906
981
988
925
866
914
933
894
851
813
783
750
740
746
655
489
407
444
477
446
372
341
310
247
323
431
442
332
230
260
245
185
119
65
65
102
204
269
166
-10
-121
-115
-29
-13
-73
-153
-260
-306
-322
-340
-382
-448
-436
-375
-279
-226
-254
-336
-417
-412
-279
-157
-65
-40
-67
4
165
361
538
673
723
795
868
962
1075
1114
1207
1292
1316
1289
1223
1185
1165
1136
1063
931
812
753
733
739
687
531
309
137
57
37
3
-115
-277
-455
-630
-791
-939
-1025
-1132
-1273
-1377
-1451
-1482
-1489
-1503
-1548
-1603
-1659
-1705
-1744
-1725
-1665
-1509
-1443
-1510
-1555
-1586
-1460
-1263
-1029
-839
-781
-721
-624
-439
-191
-2
58
36
67
203
366
517
624
693
733
741
796
827
834
838
869
906
872
827
815
807
855
935
967
952
909
851
803
822
888
956
965
912
845
798
823
866
887
873
828
786
743
682
600
519
416
348
352
379
373
308
220
199
176
170
219
248
251
230
218
292
390
436
479
568
696
748
807
909
1023
1118
1199
1332
1470
1550
1635
1713
1768
1792
1771
1827
1883
1865
1779
1661
1559
1423
1335
1330
1292
1208
1102
1015
895
781
670
609
547
469
557
617
479
114
-379
-688
-791
-746
-601
-569
-640
-777
-913
-1029
-1215
-1420
-1519
-1473
-1325
-1247
-1267
-1334
-1454
-1519
-1445
-1333
-1259
-1272
-1282
-1165
-1065
-929
-720
-576
-481
-415
-335
-194
-81
37
175
256
307
340
327
262
207
192
201
190
103
-58
-185
-233
-227
-187
-153
-121
-185
-214
-246
-254
-214
-198
-244
-280
-172
54
252
128
-168
-537
-835
-834
-665
-504
-145
153
255
-33
-734
-1433
-1822
-1680
-1200
-795
-635
-556
-590
-812
-1070
-1529
-1819
-1742
-1688
-1337
-1086
-926
-815
-754
-629
-809
-1030
-1113
-1248
-1287
-1044
-805
-614
-429
-325
-294
-343
-502
-671
-837
-918
-833
-869
-931
-967
-833
-674
-605
-613
-1008
-1225
-1453
-1674
-1774
-1904
-1648
-1645
-1720
-1730
-1863
-1983
-1956
-2130
-2435
-2582
-2634
-2430
-2400
-2461
-2381
-2371
-2475
-2549
-2764
-2929
-2959
-2806
-2651
-2695
-2680
-2651
-2538
-2421
-2307
-2274
-2387
-2365
-2313
-2190
-2084
-1859
-1459
-1059
-717
-590
-611
-702
-728
-641
-525
-387
-141
175
502
787
975
1008
897
804
724
687
662
681
817
1007
1243
1434
1483
1364
1208
1019
842
730
642
600
614
733
903
1053
1061
900
671
462
312
242
208
186
240
305
365
412
406
429
482
483
422
336
249
280
425
676
940
1109
1220
1177
1086
1031
961
936
1005
1127
1296
1481
1623
1724
1776
1823
1868
1849
1720
1559
1494
1540
1613
1663
1686
1666
1621
1560
1443
1258
1069
895
819
777
719
688
625
611
628
540
440
295
33
-154
-333
-399
-448
-551
-593
-632
-706
-754
-817
-999
-1110
-1231
-1428
-1555
-1667
-1703
-1622
-1638
-1639
-1685
-1739
-1790
-1887
-1904
-1932
-1945
-2014
-2056
-1953
-1678
-1111
-572
-152
67
18
-78
-222
-271
-191
-18
310
602
911
1181
1319
1378
1300
1232
1127
969
798
638
640
733
910
1068
1103
1110
1004
905
744
510
305
135
145
236
346
432
438
442
487
552
532
455
411
371
330
339
406
498
601
733
922
1039
1059
1029
956
870
776
698
646
653
694
715
737
693
645
664
704
794
834
776
691
616
656
779
882
1002
1077
1106
1128
1095
1078
1034
996
1018
1045
1068
1070
1041
965
909
866
802
681
523
401
266
105
-33
-176
-281
-357
-401
-455
-564
-650
-735
-821
-933
-1050
-1171
-1316
-1429
-1544
-1623
-1680
-1753
-1783
-1788
-1790
-1809
-1887
-1954
-1985
-1993
-2008
-2065
-2103
-2091
-2038
-1939
-1926
-2021
-2131
-2203
-2152
-2087
-2009
-1877
-1624
-1170
-638
-136
182
310
381
381
370
314
282
319
421
632
897
1177
1398
1524
1603
1596
1520
1406
1268
1149
1022
930
859
823
852
917
988
977
889
771
599
409
217
85
-33
-117
-115
-72
24
145
287
422
502
560
625
689
737
769
798
832
918
1037
1198
1376
1479
1543
1521
1405
1282
1128
1016
961
911
895
884
928
980
947
926
861
767
689
577
487
377
272
213
172
203
252
260
259
194
118
48
-20
-42
-90
-161
-240
-297
-342
-343
-338
-384
-431
-494
-543
-579
-661
-746
-798
-810
-853
-904
-951
-1011
-1034
-1060
-1063
-1122
-1213
-1266
-1305
-1264
-1238
-1244
-1228
-1190
-1122
-1073
-1084
-1104
-1122
-1183
-1204
-1213
-1240
-1262
-1250
-1135
-887
-515
-135
173
414
588
753
913
1000
988
920
885
903
992
1100
1134
1160
1159
1221
1352
1362
1302
1209
1147
1108
983
822
592
375
235
195
192
178
165
145
181
220
213
138
-6
-144
-269
-450
-559
-638
-656
-504
-304
-99
66
191
342
494
612
687
746
799
827
879
989
1088
1178
1298
1383
1388
1348
1287
1250
1231
1262
1328
1328
1284
1262
1258
1244
1210
1133
1102
1052
1040
1063
1065
1157
1193
1187
1131
983
906
873
866
849
722
588
462
374
327
197
52
-125
-255
-312
-378
-436
-520
-607
-731
-822
-937
-1088
-1227
-1360
-1410
-1421
-1420
-1430
-1440
-1395
-1357
-1351
-1369
-1414
-1434
-1406
-1348
-1287
-1233
-1223
-1224
-1201
-1168
-1168
-1211
-1284
-1366
-1505
-1685
-1790
-1779
-1634
-1321
-962
-654
-393
-142
225
569
772
799
704
669
710
830
855
695
565
599
781
928
987
999
1025
1169
1334
1329
1153
958
818
776
768
635
402
178
50
48
18
-52
-122
-194
-231
-292
-377
-462
-544
-577
-604
-637
-611
-497
-340
-207
-106
9
174
403
646
824
886
908
990
1108
1184
1162
1076
978
925
959
975
914
830
772
808
838
780
712
662
602
519
408
248
116
40
67
104
80
61
47
110
179
279
369
370
351
317
285
244
138
31
-72
-143
-157
-182
-171
-166
-201
-280
-376
-468
-517
-550
-582
-574
-617
-664
-704
-762
-804
-853
-858
-839
-841
-840
-877
-900
-853
-798
-771
-781
-785
-756
-702
-638
-601
-653
-749
-798
-862
-935
-1048
-1180
-1317
-1475
-1674
-1874
-2074
-2101
-1840
-1543
-1269
-1145
-981
-629
-293
-2
97
49
143
292
488
486
174
55
162
418
565
480
465
617
948
1267
1349
1199
1067
1112
1168
1076
783
488
261
62
-59
-214
-416
-530
-566
-551
-563
-543
-382
-254
-206
-172
-140
-8
153
261
290
242
282
503
730
865
926
985
1180
1372
1508
1506
1408
1394
1457
1497
1378
1179
1004
927
883
811
723
556
418
328
261
161
-3
-126
-237
-309
-303
-286
-255
-220
-215
-146
-33
65
168
222
255
288
324
409
468
504
520
533
576
575
545
501
451
415
369
301
201
103
26
-23
-43
-115
-217
-368
-510
-602
-701
-800
-931
-1066
-1145
-1198
-1205
-1180
-1226
-1260
-1228
-1190
-1142
-1104
-1077
-1079
-1084
-1101
-1156
-1217
-1337
-1453
-1511
-1532
-1525
-1535
-1587
-1650
-1693
-1660
-1572
-1499
-1423
-1331
-1230
-1135
-1028
-891
-752
-651
-545
-407
-297
-180
6
170
320
472
659
836
963
1041
1061
1079
1134
1196
1209
1195
1165
1152
1135
1074
1023
982
920
906
898
872
804
738
737
720
673
604
535
479
477
503
527
546
560
624
668
730
814
848
893
915
934
980
1006
1048
1062
1059
1051
1008
972
956
946
906
845
782
731
726
715
667
601
566
553
525
499
440
379
337
319
272
183
136
107
106
112
136
178
173
204
262
281
316
360
380
370
335
322
310
248
169
88
-11
-111
-195
-244
-303
-409
-470
-481
-448
-396
-377
-385
-442
-516
-566
-643
-768
-894
-1022
-1125
-1190
-1256
-1317
-1391
-1420
-1379
-1360
-1338
-1322
-1301
-1242
-1192
-1168
-1198
-1255
-1316
-1374
-1428
-1437
-1394
-1339
-1287
-1247
-1151
-1024
-869
-707
-569
-446
-307
-126
58
228
346
440
540
631
724
815
861
913
977
1034
1064
1042
1046
1073
1115
1167
1155
1113
1087
1072
1083
1088
1069
1030
978
930
869
810
724
620
545
457
368
300
248
213
210
243
325
434
541
642
731
822
908
981
1037
1069
1089
1094
1079
1058
1041
1010
957
950
979
998
1029
1050
1044
1043
1043
1094
1136
1087
985
879
786
715
658
598
564
550
543
548
554
591
633
616
591
546
522
523
489
431
333
231
145
41
-74
-206
-362
-504
-633
-742
-841
-969
-1075
-1150
-1225
-1312
-1435
-1584
-1706
-1803
-1862
-1927
-2036
-2156
-2253
-2314
-2348
-2371
-2396
-2428
-2459
-2474
-2476
-2457
-2435
-2436
-2458
-2489
-2500
-2498
-2495
-2496
-2498
-2506
-2516
-2509
-2492
-2469
-2438
-2374
-2290
-2208
-2156
-2114
-2045
-1948
-1832
-1725
-1605
-1464
-1290
-1091
-902
-748
-604
-450
-310
-187
-98
-17
65
139
196
219
204
185
159
104
38
-49
-130
-207
-281
-354
-436
-503
-539
-563
-601
-630
-636
-610
-598
-590
-585
-571
-513
-461
-405
-347
-321
-291
-242
-164
-97
-22
56
133
225
315
415
511
573
619
659
705
774
813
809
777
745
722
688
621
511
376
260
186
124
68
6
-70
-108
-117
-131
-161
-195
-201
-169
-121
-85
-70
-89
-124
-156
-192
-230
-294
-374
-448
-518
-577
-623
-677
-748
-823
-879
-911
-908
-839
-730
-647
-597
-543
-480
-425
-395
-383
-371
-356
-316
-285
-291
-306
-318
-312
-296
-304
-309
-300
-243
-136
-51
9
42
73
104
140
176
194
193
184
184
177
168
141
110
70
42
55
86
135
182
221
261
319
402
490
564
666
797
910
997
1065
1139
1205
1243
1241
1213
1171
1112
1033
948
841
725
613
496
391
307
265
236
193
170
156
142
137
136
159
199
225
247
285
348
429
488
545
603
672
783
913
1029
1089
1122
1177
1233
1287
1334
1331
1285
1227
1186
1155
1105
1033
960
906
857
832
793
727
673
641
672
711
729
734
723
720
752
789
785
744
691
663
657
658
660
657
643
634
624
609
603
582
551
475
372
281
172
58
-55
-185
-310
-394
-463
-543
-636
-708
-764
-816
-852
-872
-887
-899
-858
-770
-709
-669
-640
-607
-553
-496
-446
-401
-350
-302
-254
-210
-181
-193
-239
-284
-322
-326
-317
-314
-326
-346
-360
-360
-372
-395
-426
-453
-435
-389
-335
-286
-219
-152
-92
-31
40
107
180
255
338
427
486
534
592
682
764
811
848
850
815
766
740
735
710
657
595
523
453
383
317
251
174
81
-7
-76
-146
-191
-180
-137
-117
-75
-10
45
91
138
181
210
235
267
309
352
404
456
498
527
563
608
630
657
677
661
626
619
623
618
579
525
468
424
428
435
436
390
329
274
232
206
164
124
89
73
54
30
20
27
27
14
2
0
-14
-31
-26
-26
-51
-86
-129
-176
-224
-266
-284
-322
-355
-390
-441
-494
-547
-567
-594
-605
-630
-672
-707
-718
-712
-715
-722
-760
-808
-841
-820
-790
-776
-780
-800
-824
-820
-796
-800
-834
-882
-892
-883
-878
-877
-883
-878
-825
-774
-728
-677
-643
-614
-595
-552
-504
-452
-404
-339
-235
-128
-32
47
135
212
292
385
486
566
627
691
757
817
863
886
881
848
825
835
845
870
872
841
811
797
775
727
668
626
594
566
569
576
559
525
509
524
533
546
545
560
606
651
699
757
821
856
889
942
1002
1046
1089
1127
1143
1174
1180
1163
1153
1145
1140
1131
1118
1095
1038
956
879
821
763
715
678
646
611
571
534
476
435
380
324
295
265
258
256
268
293
281
264
258
243
223
203
198
195
197
178
152
142
130
116
85
57
27
3
-12
-23
-60
-97
-136
-188
-224
-265
-318
-378
-428
-458
-457
-445
-444
-427
-409
-416
-399
-374
-356
-325
-297
-261
-223
-183
-162
-171
-173
-146
-105
-48
25
85
114
139
191
259
334
408
480
546
612
688
773
861
944
1025
1098
1163
1202
1240
1279
1338
1457
1549
1599
1611
1587
1546
1484
1423
1371
1318
1258
1187
1124
1054
973
893
806
735
669
603
546
479
420
352
273
195
119
39
-44
-128
-215
-295
-384
-463
-536
-612
-684
-748
-818
-885
-944
-1001
-1053
-1107
-1172
-1229
-1294
-1355
-1407
-1453
-1492
-1527
-1555
-1586
-1605
-1623
-1642
-1647
-1643
-1635
-1632
-1637
-1645
-1656
-1663
-1664
-1665
-1670
-1697
-1715
-1707
-1692
-1680
-1667
-1652
-1638
-1619
-1600
-1584
-1576
-1561
-1542
-1514
-1484
-1473
-1480
-1497
-1491
-1467
-1457
-1453
-1449
-1449
-1440
-1431
-1423
-1414
-1406
-1392
-1378
-1352
-1322
-1309
-1295
-1270
-1249
-1211
-1157
-1105
-1059
-1002
-944
-892
-832
-764
-690
-615
-556
-497
-447
-399
-343
-279
-208
-136
-70
-13
35
81
127
172
217
271
328
373
416
455
486
520
553
578
601
614
617
630
644
653
662
671
671
673
686
690
694
709
732
756
772
791
811
822
838
860
877
881
874
852
815
781
743
715
685
647
603
564
520
478
440
389
347
307
269
238
215
195
174
153
135
128
115
105
97
91
90
96
94
88
77
58
50
31
14
4
-14
-28
-36
-54
-86
-120
-152
-187
-215
-241
-256
-273
-306
-313
-321
-341
-370
-405
-440
-457
-454
-453
-465
-478
-495
-520
-541
-563
-585
-604
-615
-620
-627
-630
-636
-638
-641
-650
-639
-635
-602
-530
-469
-411
-359
-307
-251
-207
-168
-124
-70
-23
27
82
137
192
243
287
350
412
467
515
575
659
735
796
848
895
928
956
987
1023
1060
1074
1088
1115
1114
1109
1092
1069
1052
1023
999
979
945
904
871
839
812
791
770
748
731
711
686
667
650
640
633
628
615
596
583
577
570
555
539
516
491
463
434
404
364
324
309
292
262
233
205
164
119
73
20
-28
-86
-140
-197
-264
-323
-377
-426
-481
-532
-578
-624
-650
-666
-693
-713
-712
-706
-694
-694
-684
-683
-692
-702
-709
-706
-703
-700
-694
-684
-675
-665
-650
-631
-618
-601
-572
-535
-501
-464
-432
-394
-353
-330
-301
-282
-271
-249
-227
-210
-198
-188
-177
-156
-142
-136
-121
-104
-86
-73
-66
-57
-54
-50
-35
-30
-26
-23
-24
-28
-45
-51
-54
-60
-59
-58
-46
-33
-12
27
70
116
150
170
189
221
246
264
280
305
332
353
363
365
375
379
377
386
388
377
361
340
324
314
294
281
276
263
254
241
234
228
224
225
223
218
212
200
181
168
151
136
126
116
109
104
100
95
87
76
69
61
55
50
40
27
29
38
39
45
57
64
64
69
72
68
72
75
83
91
91
89
97
97
96
93
85
72
55
37
16
3
-13
-28
-39
-48
-59
-69
-88
-74
-46
-35
-28
-20
-18
-24
-30
-37
-35
-47
-55
-59
-61
-61
-63
-67
-66
-54
-47
-45
-44
-38
-30
-27
-33
-43
-55
-69
-76
-84
-88
-93
-113
-136
-155
-180
-202
-224
-248
-263
-269
-279
-288
-288
-282
-285
-286
-280
-276
-273
-274
-271
-261
-251
-224
-185
-161
-142
-130
-115
-95
-65
-39
-16
18
39
55
76
100
112
115
117
126
140
151
162
181
203
218
228
240
246
249
263
275
286
286
286
279
272
271
257
260
270
273
279
276
269
260
248
236
227
222
220
210
202
195
195
207
208
196
185
176
166
153
132
109
81
44
12
-9
-35
-69
-94
-106
-123
-140
-159
-174
-191
-213
-236
-265
-296
-319
-336
-337
-329
-325
-318
-322
-329
-338
-349
-356
-343
-316
-298
-272
-253
-233
-208
-179
-152
-119
-87
-57
-28
-1
24
38
61
84
105
129
152
169
188
203
215
237
259
274
287
293
298
302
291
280
270
262
248
231
213
189
160
125
90
62
41
12
-11
-28
-45
-60
-77
-98
-112
-125
-140
-152
-164
-174
-176
-173
-171
-167
-169
-172
-172
-171
-168
-165
-157
-137
-113
-92
-76
-61
-47
-34
-18
-5
14
29
46
70
94
112
128
139
147
150
151
160
176
190
203
212
218
218
217
215
211
207
202
197
194
187
179
174
167
158
148
136
123
119
121
118
116
111
100
86
67
47
29
13
-3
-16
-28
-45
-63
-84
-101
-119
-141
-162
-176
-190
-200
-210
-220
-230
-240
-249
-256
-261
-264
-267
-264
-257
-253
-255
-258
-258
-255
-248
-239
-230
-219
-200
-182
-166
-147
-130
-116
-104
-96
-90
-80
-70
-54
-34
-20
-14
-12
-13
-16
-17
-19
-22
-22
-23
-24
-22
-16
-15
-16
-19
-24
-27
-29
-31
-27
-18
-9
-2
4
7
11
15
19
22
27
31
35
41
44
49
59
69
76
83
87
90
98
109
119
132
144
156
163
172
182
197
217
235
247
259
271
278
287
291
293
300
304
308
312
313
316
322
323
320
313
306
299
296
293
291
289
286
284
274
261
247
232
215
201
186
171
153
136
117
96
76
51
25
3
-17
-37
-55
-74
-99
-125
-148
-175
-203
-229
-252
-273
-291
-307
-325
-345
-364
-381
-398
-411
-421
-429
-434
-434
-429
-424
-420
-417
-415
-415
-406
-397
-385
-372
-356
-337
-318
-299
-281
-265
-250
-231
-214
-198
-185
-170
-153
-134
-117
-106
-97
-87
-77
-69
-60
-52
-45
-36
-26
-20
-17
-10
-6
-1
11
23
30
36
41
45
47
48
51
55
62
66
71
75
78
81
85
91
102
111
121
131
144
155
168
180
194
205
215
226
241
253
265
277
290
305
320
333
343
353
359
361
362
364
364
367
368
368
367
365
363
362
357
352
342
333
325
317
307
297
287
277
264
250
235
215
196
176
155
135
113
89
64
36
9
-18
-39
-60
-78
-98
-118
-139
-163
-191
-217
-243
-268
-291
-313
-332
-351
-368
-384
-400
-417
-434
-450
-466
-477
-484
-489
-491
-493
-493
-493
-491
-487
-479
-468
-448
-423
-399
-372
-345
-321
-296
-274
-252
-226
-199
-172
-141
-110
-83
-57
-39
-22
-10
0
13
23
35
45
55
63
69
73
76
77
79
85
91
98
102
102
99
95
86
79
72
66
61
58
55
52
51
47
43
38
36
37
43
52
64
84
105
125
145
163
181
200
218
234
251
266
282
296
310
320
328
333
341
344
346
348
350
348
350
348
346
343
339
336
331
327
321
313
303
293
282
271
258
243
227
209
190
169
149
127
109
89
69
52
32
13
-8
-27
-44
-63
-80
-92
-103
-111
-113
-120
-129
-142
-156
-171
-186
-199
-213
-226
-244
-263
-282
-303
-323
-343
-361
-375
-387
-399
-408
-413
-420
-425
-429
-433
-433
-430
-420
-407
-390
-368
-351
-336
-326
-317
-308
-298
-286
-274
-259
-243
-228
-213
-201
-189
-177
-165
-149
-133
-115
-96
-74
-51
-32
-16
0
13
25
37
50
63
73
81
84
86
84
81
78
78
81
86
89
92
95
98
102
105
109
115
123
136
148
164
179
194
207
218
227
236
247
257
265
272
279
283
283
282
281
279
277
275
274
273
275
277
278
279
280
279
278
276
276
279
281
280
274
269
258
246
233
217
201
185
166
147
128
110
91
75
59
43
29
18
4
-7
-15
-22
-29
-36
-43
-51
-60
-69
-78
-90
-104
-118
-132
-146
-160
-172
-184
-195
-208
-222
-233
-244
-252
-257
-260
-258
-255
-252
-247
-238
-230
-221
-217
-212
-207
-201
-197
-195
-193
-192
-193
-197
-201
-205
-206
-207
-207
-204
-201
-198
-194
-191
-187
-182
-175
-161
-146
-129
-113
-98
-85
-78
-70
-67
-63
-60
-57
-54
-50
-49
-49
-52
-55
-57
-57
-57
-54
-49
-43
-36
-26
-17
-7
4
16
29
43
58
73
86
100
113
122
129
132
134
135
136
139
144
150
156
160
166
171
173
177
184
191
200
210
219
229
236
245
251
254
256
256
255
254
249
244
236
225
214
203
191
182
173
163
154
144
134
127
120
118
116
112
109
103
93
84
76
65
55
43
27
10
-8
-25
-41
-55
-69
-85
-98
-111
-122
-131
