-6
-6
-8
-6
-6
-7
-9
-12
-12
-10
-12
-14
-17
-14
-11
-6
-5
-10
-14
-16
-14
-7
-5
-2
-2
-2
-2
-6
-2
-1
10
15
12
2
-11
-9
-2
14
20
15
6
-8
-7
-4
5
9
2
2
-3
5
3
2
5
0
6
5
5
0
-5
0
3
10
7
1
-3
-1
6
9
3
-8
-12
-10
-1
2
-1
-8
-15
-10
-7
0
4
5
6
-1
-1
-4
-1
4
4
4
-1
-2
-1
2
3
0
6
12
15
11
0
-6
-6
0
5
3
-1
-8
-8
-8
-8
-10
-8
-8
-4
-5
-8
-8
-11
-6
-5
-5
-5
-9
-6
-8
-5
-3
-1
4
-3
-3
-6
-5
1
-2
-1
-12
-15
-13
-10
0
-4
-4
-11
-19
-17
-18
-7
0
0
-7
-23
-26
-19
-2
10
7
-4
-16
-15
-7
3
5
2
-3
-6
-9
-13
-17
-21
-14
-6
-4
-11
-23
-28
-25
-16
-9
-8
-13
-19
-18
-13
-7
-8
-8
-7
-8
-4
-4
-4
-8
-4
4
10
14
7
8
4
7
11
6
10
14
25
29
22
11
4
10
20
28
30
26
25
27
37
49
53
56
59
69
69
59
58
59
76
80
79
72
57
56
49
55
44
32
31
21
23
12
0
0
5
19
21
25
18
5
8
4
5
3
0
2
-1
-5
-10
-11
-14
2
19
26
26
11
2
-12
-14
-12
-3
-6
-28
-43
-64
-72
-74
-77
-80
-73
-78
-82
-85
-92
-96
-112
-108
-107
-91
-84
-86
-97
-127
-127
-110
-87
-77
-78
-79
-75
-62
-43
-33
-19
-23
-25
-25
-44
-47
-38
-12
30
66
79
88
91
78
64
76
85
83
81
80
88
90
93
88
95
99
88
99
68
23
-11
-45
-66
-79
-94
-100
-96
-115
-139
-180
-100
11
388
601
569
282
-245
-267
-160
203
311
19
-234
-469
-245
-63
-40
-92
-260
-69
-30
-64
-187
-369
-232
-89
83
33
-180
-373
-496
-347
-135
38
78
-34
-114
-146
-89
12
123
175
174
184
180
220
302
426
522
579
594
569
519
439
446
407
405
415
382
341
218
141
105
58
83
70
71
30
20
-19
182
450
616
743
424
294
117
165
439
387
399
155
157
358
311
383
83
18
27
-44
34
-259
-286
-332
-382
-272
-445
-549
-673
-756
-732
-769
-746
-643
-532
-552
-654
-762
-882
-792
-658
-388
-167
16
109
121
217
267
452
451
484
330
174
195
133
266
289
350
428
286
162
-327
-577
-694
-441
30
-230
-246
-674
-887
-485
-433
13
-340
-758
-714
-753
-158
-287
85
271
157
543
-171
-82
-301
-264
289
47
403
39
89
265
156
444
120
229
183
97
152
-337
-128
-284
-238
-194
-526
-342
-760
-600
-521
-465
-340
-793
-574
-597
-404
-298
-686
-539
-678
-356
-138
-312
-316
-372
-188
-15
-40
-144
-129
-24
149
195
15
-175
-148
-12
222
304
335
316
300
347
398
535
499
576
644
703
759
709
737
762
792
863
929
879
793
772
816
1007
1080
1084
1143
1083
1031
979
941
987
982
914
867
746
698
626
473
352
194
113
17
-84
-77
-150
-254
-359
-419
-348
-334
-422
-482
-480
-469
-390
-413
-474
-550
-574
-560
-555
-715
-716
-547
-525
-365
-463
-403
-191
-290
-194
-491
-663
165
977
1785
1264
227
-407
-824
-24
343
511
108
-734
-299
-306
-201
-74
-550
-210
-347
-401
-579
-918
-666
-576
-521
-808
-978
-1276
-1589
-1404
-1600
-1506
-1765
-1557
-1107
-1410
-1432
-1840
-1663
-1505
-1069
-580
-477
-262
-358
70
709
1148
1476
1408
1662
1979
2142
2023
1756
1769
1749
2021
1925
1712
1417
1063
1040
1094
1137
1104
853
759
686
537
497
511
610
463
425
327
137
121
16
216
252
52
52
-89
90
37
-70
-75
-193
51
14
99
95
-28
146
123
274
309
238
221
118
109
26
-54
-251
-288
-416
-557
-483
-608
-520
-597
-640
-745
-1017
-1177
-1104
-797
-671
-612
-850
-932
-879
-715
-404
-513
-291
-425
-392
-136
-377
-174
-608
-786
-848
-993
-720
-561
-7
402
638
671
365
-194
-448
-642
-539
-688
-1338
-1768
-2319
-2323
-2326
-2598
-2898
-3365
-1326
1654
2460
148
-3674
-2799
602
3026
3260
1858
876
-416
270
2937
3952
2417
555
1752
2891
935
-900
-6
2351
1964
313
710
1647
374
-1856
-1320
1319
1707
-135
-1129
-215
139
-1093
-1508
-591
236
-381
-1811
-1978
-1332
-747
-413
-317
420
498
-63
106
1294
2483
2087
1132
1316
2037
2409
1922
1450
1445
1187
1035
1104
1270
950
95
-266
110
382
-164
-871
-977
-615
-231
-331
-494
-888
-1120
-889
-687
-442
-425
-461
-371
-444
-293
-80
-34
152
182
274
41
-203
-180
-16
288
112
-293
-376
-122
-61
-326
-1123
-1594
-1653
-1559
-1488
-1829
-1877
-2043
-1585
-1450
-1697
-1661
-2119
-1894
-2060
-2518
-3216
-2294
1848
4845
3820
-849
-3185
-644
2131
3519
3284
1888
-325
-1357
1324
3694
2244
-52
539
2303
782
-1578
-715
1361
1402
509
1311
2046
417
-1553
-1038
827
1287
295
-612
-950
-1217
-1618
-2066
-1867
-1007
-445
-1181
-2397
-2254
-1241
-116
467
1018
1304
475
307
1574
3319
3851
2774
2212
2504
2854
2991
3146
3277
2839
2039
1797
2320
2150
1350
714
825
1009
295
-218
-622
-745
-745
-993
-969
-1605
-2266
-2355
-1934
-1254
-1231
-1484
-1677
-1446
-1213
-1120
-692
-357
-364
-925
-1297
-1052
-961
-721
-616
-898
-1330
-2210
-2400
-2260
-2053
-1473
-1904
-2338
-3272
-3730
-3419
-3334
-2302
-2059
-2209
-2759
-3155
-1937
869
4333
4821
2102
-790
-360
2821
4595
4742
3728
2136
1320
1993
3861
3787
1567
824
1890
2408
832
-636
-131
475
185
96
619
462
-1116
-2411
-1971
-824
-351
-721
-1142
-1357
-1853
-2327
-2032
-946
-132
-312
-1269
-1572
-955
-132
667
1033
1331
1293
1248
1919
2774
3335
3094
2629
2727
2992
3072
2645
2082
1724
1477
1339
1362
1389
865
248
11
397
621
-198
-895
-1082
-757
-402
-432
-359
-777
-1406
-1424
-790
-192
-326
-690
-532
-164
-221
-298
-202
-60
26
-165
-98
-350
-885
-1127
-1257
-1090
-1397
-1864
-2238
-2779
-2711
-3075
-3343
-3526
-3550
-2774
-2633
-2652
-3291
-3643
-3398
-3060
-2204
-2617
-2786
-2665
-1165
3063
5088
3708
-462
-2405
1194
4649
5763
4043
1537
291
704
3933
5656
3639
728
358
1878
1363
65
599
1825
1666
22
-203
443
165
-737
-1183
-495
-122
-714
-1202
-1523
-1312
-1766
-2445
-1882
-831
-179
-1113
-2088
-1144
243
1138
1142
1051
1153
729
1218
2839
3986
3493
1916
1223
1894
2662
2815
2311
1454
860
624
697
1162
1054
417
-450
-769
-76
-50
-608
-848
-438
395
301
-429
-873
-790
-284
155
372
576
618
234
131
420
1084
1412
1023
571
48
-336
-549
-691
-683
-817
-1409
-2061
-2789
-3071
-2840
-3096
-3183
-3061
-2975
-3058
-3625
-3857
-3333
-2708
-2314
-2029
-2244
-2862
-3452
-3614
-1931
2269
5903
5086
121
-3823
-1962
2912
6111
5748
2652
-708
-1646
1514
5135
4688
1424
-223
1116
1716
374
-252
609
1240
500
231
1091
984
-688
-2145
-1453
224
777
96
-907
-1466
-2041
-2241
-1674
-788
-341
-1342
-2561
-2230
-725
718
734
104
57
268
999
2314
3357
3181
1952
1376
1982
2862
3200
3052
2408
1430
685
719
1472
1673
1141
387
-67
-50
-511
-1068
-1054
-436
507
466
-388
-1122
-1372
-554
382
657
615
391
527
643
630
825
1067
1285
1168
879
745
557
250
-79
-277
-361
-729
-1555
-2201
-2514
-2895
-3309
-3851
-3932
-3777
-3884
-3726
-3987
-4823
-5446
-5258
-4180
-3637
-4081
-4763
-1824
3452
5320
1906
-3804
-3729
1718
6137
7006
4242
715
-1529
577
6120
7936
4524
150
-22
1421
659
312
1910
3153
1110
-1708
-1364
-72
-69
-1458
-1750
-482
-329
-1286
-2348
-2332
-1440
-1451
-1487
-1150
-734
-1038
-2677
-2635
-261
1927
2583
1268
339
394
894
2982
5114
5574
3774
1529
1260
2528
4039
4693
3991
2260
519
-124
592
1627
1635
733
-330
-764
-935
-1553
-1734
-1168
-328
66
-616
-1555
-2245
-2370
-1197
192
542
133
-714
-839
-287
285
1246
1571
1270
534
-288
-265
171
724
831
25
-875
-1768
-1930
-1708
-1993
-2154
-2863
-3443
-4050
-4317
-3637
-3619
-3900
-4625
-4507
-4471
-5393
-5910
-5797
-378
5806
6607
731
-6890
-4609
3087
8529
8495
3856
-108
-2481
1349
8150
9431
5132
283
1306
2392
390
159
2365
4305
1371
-2001
-1141
357
-36
-2352
-2245
-215
-291
-1767
-3124
-2530
-1974
-2719
-2343
-1058
-39
-1168
-3769
-3559
-989
2011
3193
2010
796
-296
172
3148
6210
6919
4224
1280
1093
3148
4985
4984
3434
1664
606
363
1158
1786
1156
-290
-1305
-722
-581
-1772
-2720
-2379
-748
2
-528
-1516
-2636
-2673
-1263
612
1240
343
-946
-1134
-194
783
1955
2133
1367
225
-718
-108
916
1515
1473
288
-908
-1729
-1756
-1411
-1424
-1736
-2712
-3600
-4471
-4396
-3852
-3611
-3808
-4638
-5191
-5566
-5605
-5456
-5521
-3035
2218
5729
3171
-3234
-5066
51
5979
7525
5398
1920
-930
129
5889
9944
7408
2301
1354
2966
2202
788
2349
4421
2519
-784
-694
914
407
-2079
-2902
-1284
-713
-1650
-2883
-3456
-3106
-3546
-3690
-2752
-1752
-1704
-3494
-4646
-2778
221
2253
2117
746
-9
190
2110
5585
7368
6000
3073
1590
3067
4972
5762
5152
3175
1394
307
925
2253
1905
345
-1326
-1420
-846
-1381
-2280
-2508
-1877
-1203
-920
-1240
-2020
-2985
-2533
-634
279
-71
-899
-830
59
423
970
1577
1461
697
-55
258
1059
1314
996
474
-260
-967
-1532
-1686
-1249
-1600
-2565
-3769
-4524
-4000
-3433
-3448
-4004
-5508
-6016
-5800
-5167
-4732
-5220
-921
4366
4821
-1158
-6995
-2798
5051
8523
6681
2677
-404
-2016
2919
10167
11139
4818
-499
1919
3493
2238
1874
4630
5585
199
-2921
-1144
1736
1166
-2116
-2089
-1669
-2361
-3771
-4298
-2541
-2484
-3549
-4462
-4332
-3263
-3864
-4580
-3681
-1134
596
436
-242
-244
718
1751
4250
6614
6257
4153
1984
2920
5446
6449
6167
4057
2376
1408
1040
2220
2772
2182
12
-1856
-1737
-1701
-1986
-2337
-1935
-1527
-2262
-2577
-2166
-1707
-1847
-1666
-442
328
220
-385
-11
896
1569
2524
2914
2566
1297
284
891
1905
2644
2537
1292
-677
-2249
-2248
-1015
-311
-1138
-2909
-5232
-6188
-5535
-3779
-2947
-4431
-6560
-7710
-7472
-6574
-6364
-5760
-804
4307
3475
-3960
-8902
-3217
6046
9641
7066
2361
-2083
-3128
3755
12801
13481
5066
-462
2249
4098
3207
3896
7741
6657
-526
-3134
355
3726
1802
-1160
-1064
-1730
-3243
-4358
-3284
-2011
-2907
-4272
-5477
-5035
-3765
-3838
-4883
-4635
-2195
-282
18
-476
-24
423
871
4039
7026
7084
4128
2023
3944
6553
7881
7278
5174
2932
1568
2543
4684
4992
2474
-812
-1953
-876
-246
-1470
-2749
-2746
-2295
-2486
-2930
-2682
-2785
-3315
-2917
-1434
-472
-1176
-1801
-1020
252
986
1360
1810
1911
1286
871
1138
1672
2345
2610
1917
517
-811
-980
-569
-469
-794
-2217
-4151
-5438
-4797
-3618
-3551
-5323
-7061
-7588
-7191
-6454
-6047
-5835
-4614
-895
1284
-722
-5298
-5571
605
6218
6584
3292
161
-1156
1141
7908
12681
9804
2611
380
3636
5474
5754
6840
7687
3406
-2038
-1466
2677
4534
1858
-688
-1962
-3698
-4357
-3623
-1898
-1932
-4010
-6120
-7281
-6197
-4337
-3927
-4710
-4306
-2439
-1272
-1290
-1239
178
1250
2522
5080
6443
5614
3434
3636
6177
7763
7645
6344
4909
3589
3436
4663
5397
4225
1657
-82
-359
-231
-850
-1818
-2375
-2691
-2955
-3241
-3280
-3556
-4237
-3850
-2464
-1434
-1905
-2434
-1648
-369
285
572
1425
1807
1523
1154
1535
2503
2702
2859
2509
1576
583
-161
114
183
8
-1130
-2994
-4705
-4979
-3716
-3163
-4282
-6938
-8408
-8442
-6833
-5928
-6273
-7443
-5560
-1149
377
-3070
-6989
-4119
2381
5313
3489
1061
-447
-572
3587
10672
12174
5942
105
2593
6453
6870
6831
8785
7501
653
-2068
2537
7323
5810
994
-1132
-2770
-3737
-2997
-513
239
-2544
-6032
-7983
-7060
-4431
-2968
-4286
-6105
-5130
-3329
-2443
-2309
-1042
286
112
1400
4010
5215
3826
2549
4643
7130
7749
6609
5616
4887
4723
5564
6694
6501
4105
1885
1081
1587
1722
487
-1076
-2109
-2179
-1949
-2314
-3178
-4332
-4727
-3835
-2656
-2537
-3347
-3500
-2384
-1175
-559
4
362
80
-294
378
2136
3263
3294
2703
1770
1084
920
1578
2297
1836
668
-1171
-2835
-3072
-1939
-1004
-2129
-4831
-7069
-7340
-6590
-5381
-5129
-6189
-7356
-5279
-1888
-1448
-5044
-6983
-3097
1981
2812
412
-1023
-1258
489
5082
9966
9066
2893
501
4222
7878
8157
7479
7920
4857
609
1308
6157
8122
4070
-209
-1604
-1818
-1787
-821
322
-1610
-5060
-7600
-7230
-5400
-4203
-4609
-6739
-7397
-6007
-3997
-2995
-3133
-2609
-2348
-1480
963
3411
3619
1833
1994
4755
6917
6731
5899
5937
5808
5528
5888
7114
6730
4535
2838
2782
3303
2362
590
-789
-1277
-1305
-1298
-2097
-3650
-5008
-4950
-3480
-2991
-3801
-4644
-4496
-3339
-2574
-1710
-1073
-1213
-1790
-1712
-103
1518
2080
1609
1111
773
709
1261
2038
2397
1381
-224
-1207
-1172
-477
-402
-1360
-2927
-4552
-5280
-5178
-4548
-4563
-5368
-6576
-6258
-3642
-2146
-3199
-6153
-5896
-2241
413
-28
-1540
-1441
-593
1379
4828
7066
5062
1459
2393
6250
8175
7423
7063
7107
4406
3016
5753
8956
7424
2551
449
874
1349
1359
1564
411
-2912
-5386
-5419
-3915
-3475
-4106
-5801
-7586
-7274
-5288
-3308
-3408
-4312
-4256
-3446
-1633
749
2280
1867
857
1814
4147
5632
5681
5805
6040
5863
5705
6458
7748
7257
5615
4334
4202
4305
3383
2335
1514
953
337
-452
-1482
-2678
-3395
-3040
-2469
-2928
-4022
-4556
-4182
-3273
-2623
-2090
-2105
-2948
-3265
-2520
-844
361
428
30
-694
-796
-157
1039
1753
1158
-29
-854
-754
-220
385
-40
-1256
-2691
-3461
-3110
-2892
-2984
-3764
-4773
-5236
-3498
-1608
-1965
-4939
-6158
-3360
-752
-951
-2453
-2275
-1688
-938
1734
4932
4155
437
202
4394
6848
5900
5176
6274
5011
2778
4756
8897
8919
3869
692
1754
3279
3543
3387
2700
-622
-3985
-4467
-2250
-944
-2089
-4529
-6894
-7269
-5604
-3445
-2842
-4018
-5237
-5610
-4369
-1624
729
751
-919
-1262
625
2689
3630
4133
4603
4316
3839
4449
6291
7038
6043
4772
4364
4433
4105
3795
3547
2874
1832
1112
649
32
-820
-1170
-1088
-1550
-2379
-2811
-2635
-2413
-2536
-2556
-2515
-2799
-3217
-3032
-2150
-1289
-1038
-1332
-1720
-2078
-1652
-535
326
170
-924
-1623
-1392
-662
-17
-19
-750
-1975
-2600
-2525
-1956
-2056
-2352
-3224
-3985
-4612
-3406
-1085
-946
-3318
-5781
-4279
-1418
-444
-1353
-1780
-1705
-1707
146
3480
4454
1449
-490
2383
5200
5156
4273
5299
5397
3093
3547
6898
7998
4537
1630
2681
3811
3227
2573
2847
1101
-1756
-2632
-1409
-710
-1873
-3041
-4271
-4967
-4315
-2858
-2665
-4208
-4742
-3953
-2921
-2033
-831
-284
-1385
-2003
-383
1937
2693
2530
2888
2885
2495
3010
5030
6157
4944
3442
3256
3783
3903
3840
3730
3183
2074
1388
1148
594
403
494
447
-599
-1757
-1722
-1170
-1036
-1447
-1702
-2001
-2389
-2615
-2078
-1286
-1015
-1329
-1888
-2240
-2152
-1532
-840
-422
-678
-1417
-2069
-1795
-701
213
-184
-1410
-2116
-2325
-1791
-1291
-978
-1635
-3467
-4428
-4369
-2937
-2121
-1360
-1437
-3034
-4792
-5101
-2007
645
528
-1695
-3015
-2151
-707
1810
3843
3509
462
-1162
1694
4813
5459
4141
4156
4005
2584
3066
5557
7016
4425
1627
1682
2859
3156
2700
2656
941
-1543
-2617
-1299
103
-587
-2155
-3744
-4424
-4241
-3273
-2340
-2363
-3029
-3827
-3664
-2563
-1112
-651
-1205
-1282
-472
849
1521
1716
1920
2060
2526
3030
3654
3670
3096
2741
3181
3881
3743
2821
2071
2251
2371
2124
1739
1452
1055
243
94
533
949
609
-128
-545
-771
-711
-413
106
63
-543
-1197
-1453
-1357
-1157
-726
-433
-677
-1429
-2012
-1780
-947
-295
-371
-1251
-2036
-2155
-1609
-1148
-1058
-1404
-2094
-2834
-3106
-2663
-2263
-2410
-3427
-3946
-3892
-1822
-324
-945
-3520
-4676
-1989
607
991
-593
-1147
-1489
-1274
1070
4239
4223
255
-1077
1930
4655
4561
3867
4667
3359
937
2264
6487
7683
4170
1395
1803
2710
2783
3512
3971
1517
-1499
-2039
221
1200
12
-1912
-3554
-3873
-2979
-1483
-1262
-2521
-4007
-4624
-3881
-1740
247
-77
-2122
-3332
-1829
573
1791
1724
879
-213
-559
579
2958
4038
2718
660
137
1320
2593
2852
2329
1630
622
420
1005
1970
1968
915
57
-217
125
531
855
593
-223
-855
-803
-401
-321
-632
-968
-1194
-1251
-1119
-1038
-1236
-1386
-1106
-918
-1221
-1751
-1664
-1180
-1281
-1578
-1679
-1545
-1998
-2417
-2242
-1547
-1775
-2496
-3226
-3216
-3085
-3051
-2900
-3276
-3434
-3608
-1923
-649
-820
-2912
-3875
-1864
283
845
-425
-829
-1192
-1026
1153
4119
4414
788
-989
1412
4186
4501
4172
4978
3903
1483
2146
6004
7525
4482
2006
2396
3314
3121
3567
4154
2030
-771
-1051
1277
2039
619
-964
-2068
-2773
-2515
-842
15
-1152
-3143
-3698
-2767
-1176
106
-133
-1734
-2987
-2325
-709
198
293
-20
-1002
-1814
-1101
1061
1996
702
-598
-379
737
1323
1742
2025
1494
502
550
1590
2281
2030
1595
1415
983
804
1164
1431
1020
400
362
413
7
-375
-393
-459
-674
-653
-519
-952
-1676
-1850
-1298
-927
-1004
-1271
-1681
-2163
-2461
-1991
-1354
-1206
-1787
-2457
-2691
-2454
-1945
-1790
-1877
-2491
-2796
-2830
-2407
-1885
-2069
-2386
-2441
-921
-22
-580
-2372
-2663
-847
512
852
266
-127
-935
-680
1752
4010
3296
786
735
2498
3326
3214
3889
4760
3107
1850
3496
5698
4970
2632
2569
3509
3194
2523
3242
3524
1734
147
456
1776
1561
683
-249
-1119
-1451
-934
35
-190
-1313
-2327
-2595
-2304
-1583
-1006
-1328
-2553
-3429
-2977
-1700
-722
-755
-1644
-2419
-2242
-1161
215
643
264
-315
-377
266
1257
2098
2133
1585
1128
1559
2149
2370
2307
2266
2169
1851
1703
1957
1916
1396
1202
1532
1504
758
41
76
293
32
-240
-295
-426
-993
-1480
-1335
-835
-879
-1503
-1939
-1997
-1857
-1851
-1744
-1680
-1941
-2341
-2213
-1765
-1652
-1849
-2127
-2029
-2018
-1997
-1669
-1821
-2184
-2656
-2418
-1925
-1376
-460
-328
-1306
-3202
-2545
33
1766
970
-835
-1203
-1253
-344
1857
3842
2649
-531
-869
1474
3271
2985
3144
3647
2041
448
1921
5331
5648
2992
1450
2059
2692
2807
3845
4131
2337
308
558
2048
2113
1208
258
-760
-1786
-1478
-251
-486
-2246
-3461
-3112
-2646
-2631
-2513
-2587
-3586
-4313
-3391
-1966
-1782
-2570
-2870
-2513
-2140
-1286
-151
-78
-961
-1070
336
1441
1315
1003
1378
1487
1321
1988
2964
2955
1857
1656
2380
2750
2341
2029
1989
1467
976
1193
1560
1137
342
9
50
-333
-696
-622
-592
-944
-1268
-1349
-1492
-1887
-1924
-1365
-1232
-1632
-2079
-2151
-2126
-1986
-1566
-1266
-1635
-2284
-2150
-1615
-1208
-1249
-1327
-1546
-2052
-2074
-1423
-986
-1433
-2075
-1396
81
506
-508
-2031
-1791
-341
819
745
-96
-938
-1499
-704
1395
3104
1832
-359
-476
1226
2585
2855
3578
3746
2079
945
2949
5929
6171
4013
2589
2663
2877
3539
4834
4670
2349
65
166
1602
2173
1748
297
-1673
-3031
-2178
-416
-341
-2001
-3631
-4144
-3977
-3050
-1933
-1816
-3442
-4760
-4120
-2452
-1466
-1673
-2161
-2482
-2408
-1598
-299
310
44
-178
220
1012
1671
2030
2078
1800
1891
2647
3244
3233
2734
2529
2503
2653
3088
3390
2840
1641
1216
1862
2437
2008
1158
456
81
57
501
890
393
-706
-1318
-1106
-565
-248
-510
-1095
-1709
-1753
-1131
-580
-637
-1050
-1463
-1584
-1306
-796
-267
-458
-1193
-1551
-1406
-1061
-1116
-1164
-1072
-1377
-2179
-2803
-2462
-1817
-802
-300
-685
-2470
-4050
-2925
-365
1147
140
-1503
-2365
-2058
-330
2308
3583
1914
-212
-251
1572
3188
3995
4486
3624
1848
1469
3350
5248
4953
3449
2464
1996
2037
2972
3964
3307
1252
-135
225
842
798
228
-729
-1937
-2705
-2351
-1788
-2253
-3447
-4196
-4207
-3830
-3556
-3572
-4141
-4956
-4720
-3599
-2801
-2984
-3514
-3528
-3153
-2464
-1180
-191
-391
-1223
-1191
6
1071
1410
1471
1475
1328
1470
2236
3084
2963
2329
2124
2480
2937
3000
2847
2444
2003
2016
2429
2532
2088
1523
1222
1114
1016
1144
1351
981
179
-419
-331
230
503
345
-236
-1008
-1462
-1281
-801
-581
-901
-1496
-2076
-2371
-2168
-1798
-1733
-2117
-2546
-2779
-2874
-2801
-2497
-2331
-2625
-3048
-3115
-2805
-2658
-2521
-1604
-684
-449
-1492
-2428
-2031
-833
355
725
359
-616
-1039
-175
1549
2441
1743
1091
1179
1704
2146
2661
3404
3443
2851
2799
3566
4050
3807
3416
3281
3141
2974
3156
3288
2531
1474
915
1031
945
473
-136
-915
-1703
-2126
-1914
-1910
-2590
-3438
-3811
-3786
-3644
-3422
-3311
-3594
-4114
-3942
-3117
-2491
-2378
-2522
-2572
-2371
-1784
-673
121
-211
-921
-668
525
1580
1885
1944
2006
1924
2152
3036
3903
3818
3206
3107
3767
4487
4770
4720
4296
3765
3608
4180
4684
4466
3744
3074
2786
2678
2761
2841
2414
1566
823
538
466
204
-166
-587
-1132
-1693
-1959
-2044
-2238
-2609
-2946
-3066
-3146
-3128
-3086
-3079
-3168
-3087
-2684
-2481
-2523
-2557
-2373
-2206
-2035
-1655
-1288
-1413
-1857
-1917
-1464
-1048
-1171
-1172
-875
-420
-253
-381
-466
-435
-159
36
279
481
695
1051
1391
1557
1345
1174
1563
2243
2701
2528
2152
1886
1749
1875
2225
2523
2342
1743
1201
955
940
932
876
483
-146
-681
-855
-902
-1152
-1535
-1970
-2384
-2732
-2837
-2713
-2745
-3066
-3442
-3572
-3453
-3241
-3032
-2936
-3014
-3119
-3012
-2599
-2075
-1755
-1686
-1663
-1448
-902
-247
235
421
477
686
1193
1882
2511
2855
2906
3002
3293
3697
4006
4188
4297
4227
4067
4020
4108
4094
3799
3400
3084
2897
2768
2537
2187
1767
1352
947
635
465
274
-88
-551
-811
-892
-964
-1166
-1447
-1691
-1882
-1983
-1998
-1960
-2083
-2328
-2527
-2491
-2286
-2220
-2409
-2718
-2782
-2590
-2283
-2047
-1957
-1999
-2167
-2150
-1711
-1140
-878
-933
-972
-844
-614
-302
151
548
623
542
519
593
715
936
1253
1518
1545
1284
945
693
675
741
723
545
308
127
-66
-204
-273
-352
-577
-906
-1079
-1127
-1071
-1103
-1252
-1500
-1656
-1533
-1322
-1233
-1410
-1552
-1590
-1533
-1319
-993
-764
-844
-1037
-1006
-674
-276
-71
-6
-33
-50
98
410
744
990
1054
1049
1183
1404
1714
1950
2066
2147
2133
2113
2128
2188
2339
2461
2474
2335
2082
1938
2022
2176
2205
2033
1792
1555
1380
1390
1570
1677
1489
1108
824
830
928
874
671
443
238
45
-75
-111
-228
-523
-824
-899
-804
-898
-1179
-1446
-1621
-1680
-1645
-1534
-1566
-1831
-2060
-1987
-1765
-1615
-1574
-1583
-1540
-1452
-1211
-961
-886
-878
-719
-448
-219
-125
-2
106
105
202
488
787
761
589
590
826
967
921
827
721
566
414
406
514
429
73
-268
-466
-573
-757
-899
-946
-1003
-1222
-1538
-1782
-1802
-1600
-1394
-1349
-1551
-1717
-1654
-1347
-1040
-866
-763
-697
-633
-500
-195
146
467
625
723
766
802
1003
1329
1626
1701
1676
1667
1638
1555
1671
1853
1887
1670
1439
1409
1402
1332
1295
1301
1089
762
568
645
868
1035
1043
868
625
570
717
857
901
934
957
743
469
494
830
924
544
99
17
105
57
0
-67
-248
-639
-870
-816
-776
-967
-1186
-1218
-1268
-1399
-1473
-1338
-1318
-1470
-1643
-1643
-1452
-1273
-1148
-1083
-1077
-1087
-992
-793
-547
-361
-331
-377
-301
-134
68
188
254
271
188
122
112
214
344
445
371
119
-179
-338
-315
-232
-193
-364
-793
-1253
-1411
-1227
-1011
-1053
-1360
-1702
-1830
-1630
-1264
-1068
-1213
-1488
-1540
-1282
-916
-684
-607
-598
-596
-492
-254
14
134
56
10
142
393
568
591
501
406
395
511
640
655
582
456
342
358
481
619
613
463
431
521
602
574
578
717
785
704
676
763
838
848
922
1078
1109
969
836
841
957
1133
1260
1177
838
561
620
874
1009
904
638
352
180
246
412
406
207
-29
-174
-266
-331
-324
-313
-424
-562
-613
-602
-584
-575
-481
-390
-417
-443
-354
-225
-150
-128
-101
-47
-20
65
153
186
162
109
88
30
0
8
-39
-196
-301
-276
-270
-394
-561
-628
-670
-720
-730
-738
-820
-940
-925
-807
-758
-848
-836
-693
-628
-613
-479
-203
35
146
185
251
372
559
804
961
1005
961
939
983
1041
1137
1174
1069
868
726
745
825
831
760
600
369
211
268
441
470
300
85
36
83
94
101
127
120
37
8
70
161
214
255
307
315
329
364
439
507
534
564
550
504
455
457
515
504
376
232
138
150
205
155
-78
-389
-556
-533
-434
-453
-631
-837
-1006
-1073
-1044
-929
-846
-904
-998
-994
-869
-767
-688
-592
-512
-503
-497
-342
-109
21
-29
-107
-114
-96
-16
101
168
85
-83
-191
-183
-130
-80
-122
-312
-537
-628
-499
-354
-370
-520
-666
-727
-678
-507
-376
-410
-556
-600
-421
-206
-136
-105
-57
10
60
159
300
332
311
414
566
570
421
309
325
401
500
565
471
199
-12
-4
132
213
118
-72
-288
-364
-287
-199
-211
-341
-439
-511
-523
-469
-396
-401
-445
-401
-285
-203
-202
-219
-194
-82
78
221
254
161
76
151
415
646
661
468
303
423
745
937
796
505
342
374
535
693
696
490
202
61
120
234
254
152
28
-7
10
56
103
91
65
12
49
141
165
88
0
25
80
77
-14
-58
-66
-83
-57
-10
19
-108
-317
-383
-289
-141
-174
-322
-445
-495
-397
-271
-170
-185
-291
-405
-358
-147
58
83
-59
-98
-3
155
301
377
393
404
468
610
719
747
756
743
754
779
838
878
827
716
639
638
670
670
606
468
304
237
258
235
111
-12
-58
-81
-175
-244
-274
-320
-419
-463
-439
-464
-536
-564
-465
-422
-476
-526
-519
-492
-461
-337
-206
-162
-245
-316
-245
-70
152
270
221
77
6
163
404
550
495
315
176
198
370
524
490
279
129
122
250
350
345
248
69
-40
1
127
183
96
-46
-113
-95
-48
-28
-102
-236
-331
-341
-285
-288
-378
-534
-700
-753
-674
-559
-578
-714
-822
-837
-816
-752
-661
-658
-732
-833
-796
-618
-421
-323
-371
-434
-381
-202
-17
143
263
281
246
262
410
608
690
641
566
519
490
528
576
542
394
281
286
316
289
215
156
55
-31
-84
-77
-94
-195
-288
-371
-392
-385
-339
-327
-406
-524
-576
-517
-414
-361
-397
-472
-557
-574
-493
-328
-156
-107
-195
-310
-308
-167
40
163
96
-78
-207
-177
-56
98
199
180
106
31
85
207
302
342
341
348
351
370
405
463
507
597
708
725
644
587
652
743
727
645
566
464
347
325
402
412
282
94
-60
-168
-213
-186
-207
-340
-514
-603
-595
-573
-566
-615
-724
-843
-847
-693
-551
-522
-582
-600
-543
-399
-189
10
95
77
135
296
515
710
808
822
824
910
1096
1258
1310
1236
1079
980
1019
1178
1262
1146
903
723
710
760
774
686
496
256
86
39
40
-48
-213
-383
-507
-548
-561
-561
-610
-742
-892
-946
-905
-821
-789
-828
-845
-772
-688
-671
-718
-705
-566
-406
-315
-329
-394
-465
-456
-337
-177
-128
-218
-323
-365
-332
-215
-65
2
-73
-175
-141
-3
112
165
221
278
261
261
363
496
573
593
572
555
585
646
720
723
660
596
544
492
482
481
444
354
250
196
134
44
-38
-95
-184
-328
-477
-542
-552
-574
-581
-580
-603
-649
-663
-637
-541
-412
-319
-278
-247
-151
-26
100
197
257
354
431
482
552
612
643
665
726
838
938
929
865
851
866
908
918
883
772
633
567
585
602
471
276
156
135
130
78
-3
-147
-324
-457
-487
-462
-494
-601
-717
-777
-761
-710
-709
-781
-888
-941
-885
-804
-765
-796
-908
-976
-898
-729
-610
-675
-805
-861
-792
-641
-476
-401
-484
-580
-540
-348
-140
-29
-33
-92
-120
-38
172
387
457
410
357
379
467
587
706
710
646
621
652
670
667
697
725
671
515
398
386
421
407
355
270
95
-118
-257
-266
-206
-219
-314
-456
-583
-603
-530
-424
-401
-454
-534
-585
-556
-464
-334
-284
-311
-324
-262
-177
-100
-19
23
-8
-39
56
244
406
407
329
275
296
398
485
498
420
298
235
289
371
398
344
233
126
76
112
196
260
188
34
-62
-58
-50
-54
-29
-25
-114
-294
-387
-357
-333
-375
-423
-476
-611
-736
-743
-657
-648
-777
-898
-944
-942
-934
-886
-864
-900
-947
-940
-890
-856
-839
-812
-752
-684
-609
-542
-478
-418
-339
-228
-127
-62
-4
85
205
338
457
529
568
644
747
881
995
1058
1074
1030
1019
1055
1153
1202
1141
993
856
803
779
763
734
654
511
378
326
322
286
198
125
108
102
57
16
17
31
10
-14
5
29
43
67
112
148
149
132
157
213
259
263
230
199
209
275
357
393
339
234
178
207
269
290
252
176
124
116
156
253
297
264
222
227
280
352
431
482
487
453
432
451
465
465
473
489
452
373
321
298
253
176
69
-45
-170
-275
-331
-399
-485
-610
-734
-849
-941
-999
-1038
-1094
-1158
-1231
-1261
-1239
-1204
-1185
-1223
-1268
-1283
-1229
-1139
-1027
-950
-933
-950
-935
-807
-619
-483
-433
-416
-392
-349
-265
-139
-20
24
9
22
89
138
148
163
196
212
172
131
158
190
164
129
142
163
158
154
189
210
175
178
243
325
341
318
312
334
369
403
446
457
426
395
409
423
413
388
358
322
268
223
157
93
22
-33
-102
-181
-222
-263
-302
-369
-421
-469
-498
-481
-430
-381
-404
-464
-469
-391
-314
-249
-191
-152
-132
-94
22
143
198
191
217
280
326
383
466
513
492
463
501
541
542
508
454
441
436
431
397
293
162
73
42
46
29
-47
-172
-267
-278
-233
-235
-290
-347
-396
-408
-376
-323
-302
-323
-347
-315
-260
-243
-250
-261
-249
-211
-162
-129
-118
-131
-145
-124
-78
-48
-67
-134
-187
-149
-36
38
42
1
-46
-67
-25
113
234
276
287
314
350
403
506
635
685
653
673
760
837
888
943
955
874
796
836
926
916
817
719
667
615
561
547
510
402
259
200
181
161
91
4
-59
-111
-155
-183
-174
-202
-262
-351
-395
-395
-364
-343
-339
-366
-400
-407
-411
-351
-280
-255
-271
-262
-223
-181
-167
-147
-103
-87
-97
-99
-49
0
11
1
8
9
6
18
35
51
63
66
67
82
103
147
197
214
185
154
153
169
200
241
275
237
145
84
82
100
86
64
5
-95
-188
-217
-197
-200
-258
-340
-398
-435
-458
-462
-464
-475
-483
-497
-549
-578
-556
-535
-518
-507
-476
-450
-445
-444
-392
-304
-276
-259
-189
-101
-43
13
112
194
206
225
294
373
391
359
381
425
418
383
374
376
336
285
251
215
154
65
21
22
-17
-93
-178
-230
-260
-264
-255
-269
-309
-355
-368
-334
-275
-270
-319
-357
-349
-299
-248
-210
-212
-258
-292
-251
-163
-107
-108
-164
-229
-241
-199
-160
-128
-119
-146
-168
-150
-74
-19
3
-10
-13
37
108
202
266
278
258
280
355
459
546
549
497
438
420
466
541
562
478
360
288
237
243
267
238
150
44
-30
-62
-59
-74
-128
-206
-283
-338
-365
-370
-388
-407
-431
-454
-456
-450
-463
-473
-465
-443
-423
-419
-369
-295
-228
-201
-159
-73
-8
69
158
244
276
270
297
362
436
471
479
486
470
451
461
490
482
414
344
326
336
312
261
215
168
116
62
13
-28
-85
-154
-206
-234
-268
-320
-357
-368
-389
-425
-448
-447
-442
-447
-440
-422
-403
-418
-431
-433
-408
-380
-355
-338
-359
-364
-334
-282
-233
-178
-146
-138
-123
-58
33
99
136
150
171
216
314
442
521
553
571
599
642
708
777
809
811
801
804
820
847
847
810
741
681
652
606
546
474
406
371
320
248
160
71
0
-36
-34
-84
-177
-270
-328
-335
-310
-285
-310
-372
-418
-412
-354
-285
-235
-217
-216
-216
-167
-100
-36
-9
-18
-12
9
62
121
165
196
215
232
277
316
330
348
366
381
389
393
396
400
394
372
328
278
239
195
169
142
73
-9
-100
-155
-180
-226
-294
-375
-447
-503
-544
-563
-569
-620
-699
-788
-830
-822
-814
-825
-854
-884
-896
-879
-835
-778
-747
-748
-756
-748
-679
-555
-463
-426
-419
-376
-302
-202
-90
2
50
63
109
221
359
458
503
522
554
617
704
792
860
891
894
876
871
913
969
969
940
876
807
756
716
726
716
649
549
453
398
364
341
298
187
73
-1
-23
-27
-61
-145
-249
-348
-399
-403
-406
-459
-535
-591
-632
-643
-639
-621
-627
-653
-652
-593
-537
-510
-489
-480
-446
-377
-299
-226
-174
-156
-127
-67
13
98
167
211
241
282
334
366
384
404
441
461
452
431
426
418
380
339
277
201
123
52
-3
-52
-122
-211
-313
-393
-432
-449
-461
-493
-557
-622
-666
-681
-677
-673
-670
-700
-723
-722
-707
-676
-640
-618
-591
-554
-525
-476
-409
-358
-325
-296
-275
-220
-136
-68
-6
22
38
74
104
161
222
276
338
400
443
483
517
564
633
711
781
822
838
824
826
859
905
950
947
898
852
825
813
809
789
724
645
557
489
442
391
311
216
109
5
-76
-138
-181
-248
-337
-418
-475
-523
-557
-581
-589
-611
-644
-650
-641
-618
-605
-574
-533
-515
-485
-431
-362
-303
-270
-230
-179
-122
-60
-8
29
50
80
149
205
219
212
222
235
238
250
257
260
235
193
170
155
150
163
160
130
76
44
50
72
83
66
43
14
9
35
78
98
76
33
8
26
61
78
58
6
-36
-33
-4
13
-6
-74
-126
-137
-133
-129
-160
-212
-262
-275
-254
-239
-266
-306
-346
-354
-318
-252
-190
-166
-147
-104
-38
19
65
114
150
182
242
327
391
428
469
499
516
528
532
523
506
492
496
458
386
307
262
242
211
153
75
-19
-113
-152
-154
-179
-250
-318
-371
-406
-407
-389
-369
-397
-439
-442
-424
-382
-359
-357
-364
-376
-367
-346
-329
-318
-310
-317
-326
-315
-298
-292
-294
-306
-306
-301
-298
-312
-331
-345
-353
-341
-313
-293
-290
-293
-281
-262
-228
-179
-134
-95
-66
-18
24
73
127
162
201
237
299
351
381
386
390
417
441
464
461
449
434
423
419
404
361
300
250
213
197
177
128
59
11
-29
-73
-106
-123
-135
-158
-169
-176
-177
-161
-139
-96
-55
-31
-5
41
98
148
205
261
313
361
388
406
422
442
469
464
457
447
435
429
402
376
349
320
290
266
241
230
209
192
164
117
88
65
50
53
51
16
-37
-77
-90
-76
-65
-58
-72
-99
-99
-70
-36
-33
-59
-98
-116
-110
-98
-98
-124
-165
-214
-253
-273
-279
-295
-332
-373
-393
-397
-406
-414
-427
-446
-443
-432
-395
-372
-361
-348
-340
-310
-268
-203
-146
-102
-60
-25
36
98
164
231
282
329
364
404
436
467
483
484
456
427
423
411
401
374
331
287
260
262
252
211
163
123
86
67
73
80
72
57
60
91
110
103
96
89
94
117
142
145
144
121
113
131
146
139
117
94
80
90
108
93
45
13
-5
-15
-34
-73
-114
-157
-195
-215
-224
-244
-280
-299
-310
-322
-328
-336
-339
-333
-305
-261
-223
-195
-177
-156
-137
-114
-87
-60
-44
-33
-25
-40
-42
-31
-31
-36
-45
-51
-66
-89
-111
-135
-172
-209
-246
-257
-266
-276
-263
-266
-274
-288
-289
-285
-276
-257
-225
-199
-195
-180
-159
-124
-83
-38
-16
-19
1
27
70
97
108
109
109
135
156
185
194
176
159
165
177
187
179
151
132
112
115
116
103
75
39
30
36
46
52
44
20
7
13
38
68
76
75
74
86
108
141
169
166
167
173
174
186
189
177
149
135
144
147
135
95
45
31
32
32
23
-5
-58
-114
-137
-150
-148
-169
-188
-204
-214
-198
-182
-169
-169
-183
-188
-171
-154
-145
-142
-130
-118
-126
-114
-93
-91
-96
-85
-55
-48
-66
-80
-84
-77
-79
-71
-61
-70
-63
-81
-94
-107
-116
-114
-126
-128
-119
-105
-103
-110
-121
-118
-114
-96
-75
-76
-74
-57
-34
1
49
67
68
84
115
155
193
220
216
193
187
204
229
196
145
110
99
110
113
108
68
28
14
27
59
58
38
2
-14
24
50
48
15
-31
-47
-26
7
26
34
26
20
35
63
90
86
82
88
110
136
160
167
174
166
158
160
156
148
147
162
159
147
134
123
93
67
68
76
67
49
39
35
45
43
28
15
-29
-66
-67
-61
-66
-67
-94
-128
-153
-156
-132
-127
-160
-191
-201
-193
-164
-154
-154
-164
-176
-169
-156
-143
-144
-176
-199
-171
-111
-48
-22
-27
-26
-11
28
68
74
67
83
120
147
174
171
179
183
188
223
237
235
226
228
258
298
330
335
311
278
261
250
243
249
242
219
186
164
141
106
40
28
52
49
32
-3
-44
-79
-114
-134
-142
-181
-242
-269
-285
-294
-306
-284
-255
-270
-289
-301
-320
-322
-299
-277
-258
-224
-195
-180
-157
-124
-93
-91
-89
-85
-59
-12
-1
3
13
33
49
55
85
112
126
122
125
137
143
123
116
118
115
104
84
70
17
-21
-50
-99
-111
-120
-151
-169
-183
-194
-211
-253
-288
-306
-321
-316
-291
-288
-280
-267
-270
-258
-248
-234
-230
-210
-196
-177
-155
-163
-140
-111
-84
-56
-29
-13
6
46
94
156
204
206
239
293
340
343
352
383
434
475
505
576
706
1245
1555
976
500
323
518
1015
1063
831
619
600
715
804
335
-413
-500
-193
137
220
-123
-281
-13
156
-274
-928
-1136
-897
-716
-667
-572
-681
-946
-981
-1205
-1437
-1511
-1586
-1190
-649
-417
-422
-581
-691
-691
-764
-734
-389
-17
259
535
705
628
277
48
165
272
326
512
581
613
589
429
177
6
-31
35
258
384
305
286
134
-31
-101
-175
-193
-279
-188
3
-18
-114
-240
-365
-401
-324
-214
-69
13
20
166
205
125
57
55
124
239
369
417
365
268
219
286
309
278
277
250
231
263
268
267
242
159
155
244
232
244
241
182
208
222
259
288
296
313
332
360
349
308
265
251
295
396
470
458
414
346
274
237
235
196
181
195
219
179
108
20
-65
-96
-149
-122
-57
-21
-23
-77
-192
-276
-284
-259
-155
-61
2
62
75
36
-54
-115
-105
-75
-27
4
-6
2
-38
-108
-177
-227
-208
-179
-154
-150
-170
-191
-261
-318
-314
-310
-287
-241
-222
-217
-211
-241
-251
-270
-298
-295
-263
-155
-138
-154
-100
-50
-11
-21
-41
-43
-24
-3
3
4
6
8
16
-7
-84
-146
-188
-225
-224
-216
-225
-229
-228
-222
-236
-280
-316
-345
-334
-263
-175
-85
-43
-80
-98
-147
-184
-167
-136
-46
34
81
96
66
36
30
21
26
73
113
139
150
139
122
100
73
50
34
36
79
167
238
191
103
36
10
24
24
49
93
139
174
151
129
107
110
148
196
249
259
227
152
92
51
15
-4
-22
-31
-44
-59
-65
-73
-74
-97
-133
-130
-115
-85
-69
-72
-70
-97
-110
-116
-105
-68
-39
-11
-20
-36
-39
-36
11
70
111
135
154
163
141
130
140
176
182
158
162
178
189
150
103
57
2
2
53
71
45
29
15
12
-25
-73
-100
-55
2
40
56
39
22
-13
-55
-84
-81
-68
-47
-27
-25
-37
-68
-97
-112
-115
-79
-44
-32
-30
-44
-57
-22
-8
-8
7
2
6
9
37
52
40
14
-23
-28
-20
-2
18
28
31
16
-7
-21
-30
-9
6
29
22
-6
-4
19
36
-6
-40
-41
-42
-38
-14
-1
-36
-71
-79
-79
-80
-83
-83
-80
-88
-96
-100
-107
-131
-149
-150
-173
-164
-172
-169
-155
-160
-147
-164
-194
-194
-176
-102
-34
-18
-15
5
50
83
103
130
155
185
241
257
270
283
276
280
270
268
292
314
321
345
351
362
361
338
316
280
253
245
247
229
206
202
167
102
56
19
-1
4
-4
-33
-64
-98
-94
-97
-109
-111
-121
-147
-161
-133
-122
-127
-131
-153
-204
-242
-240
-238
-230
-212
-194
-191
-212
-230
-218
-184
-149
-129
-124
-118
-104
-77
-67
-68
-68
-60
-34
-21
-24
-38
-20
-21
-49
-50
-46
-16
13
4
-9
-10
-12
-14
-29
-10
16
-1
-2
0
-7
-20
-62
-108
-132
-152
-163
-160
-159
-180
-217
-234
-254
-278
-281
-245
-209
-197
-187
-165
-136
-136
-152
-134
-89
-61
-46
-10
0
-3
-14
-14
21
58
92
142
203
213
188
164
152
174
204
246
265
283
294
268
236
227
207
186
169
174
209
224
237
228
161
105
81
66
75
98
136
158
145
108
57
-1
-40
-34
-11
6
4
-22
-55
-95
-136
-157
-152
-158
-176
-175
-159
-139
-129
-153
-184
-199
-202
-189
-168
-125
-79
-48
-32
-28
-53
-62
-29
15
49
79
113
141
139
152
174
187
204
208
211
229
244
257
265
258
253
220
191
174
149
150
160
166
146
116
78
29
-39
-90
-104
-97
-84
-101
-135
-169
-217
-255
-293
-312
-311
-311
-281
-252
-257
-266
-270
-279
-288
-284
-240
-188
-142
-117
-105
-99
-100
-103
-91
-56
-10
47
91
123
154
136
120
125
134
176
225
267
292
284
262
232
215
222
235
250
254
264
236
190
142
96
73
59
52
48
59
55
41
23
-22
-78
-108
-109
-77
-40
-22
-15
-60
-113
-142
-165
-161
-136
-116
-94
-76
-80
-98
-130
-148
-137
-127
-98
-50
-4
19
15
-5
-25
-26
-16
4
22
53
75
100
100
70
46
28
26
28
63
109
134
134
115
93
58
47
52
79
108
128
150
154
133
98
58
28
18
10
19
30
15
-10
-37
-76
-116
-141
-144
-128
-109
-94
-84
-92
-124
-158
-180
-173
-149
-120
-91
-75
-74
-76
-71
-67
-75
-70
-43
9
66
91
92
89
84
94
111
123
148
173
186
191
176
155
132
111
88
82
87
94
91
64
20
-14
-39
-57
-69
-77
-80
-87
-96
-105
-118
-140
-141
-133
-119
-107
-111
-120
-131
-142
-150
-145
-129
-114
-94
-78
-64
-63
-69
-84
-94
-78
-63
-36
-9
-1
-16
-37
-34
-25
-7
0
-2
3
5
4
-1
-3
-5
6
25
47
66
83
90
99
104
91
86
87
95
103
107
100
94
86
70
48
28
17
6
-2
-5
-10
-11
-14
-19
-24
-27
-36
-39
-35
-35
-32
-25
-28
-32
-40
-50
-52
-41
-27
-27
-32
-25
-7
6
5
-3
-11
-6
15
42
71
84
72
66
55
31
15
8
21
40
48
43
42
28
1
-15
-24
-19
-4
18
35
30
17
3
-10
-11
-24
-31
-26
-15
4
9
0
-21
-45
-51
-46
-34
-11
2
4
6
-6
-25
-40
-50
-35
-13
2
27
35
39
29
14
16
35
51
61
75
80
85
90
87
75
75
80
80
86
86
88
88
73
58
40
20
17
12
12
18
16
13
-2
-30
-45
-58
-56
-38
-37
-45
-51
-63
-55
-48
-48
-44
-47
-48
-51
-49
-42
-39
-39
-39
-46
-47
-38
-29
-14
0
9
10
10
18
20
15
22
29
35
46
37
33
32
28
34
42
41
47
54
61
68
72
84
94
101
104
106
114
117
110
105
91
79
73
69
63
44
21
8
-12
-27
-44
-66
-71
-84
-98
-101
-113
-130
-138
-147
-148
-148
-150
-149
-154
-161
-165
-166
-156
-153
-154
-144
-132
-119
-103
-98
-90
-80
-66
-42
-21
5
22
25
32
37
48
60
66
80
91
90
97
99
92
87
72
68
77
83
89
83
71
64
54
53
53
45
42
37
36
40
36
27
14
5
5
5
8
15
15
16
10
-3
-10
-24
-34
-32
-36
-36
-43
-57
-68
-82
-91
-91
-95
-94
-93
-96
-91
-88
-88
-83
-79
-75
-68
-63
-51
-37
-28
-20
-12
-4
3
7
14
15
22
28
34
48
57
59
61
57
58
65
68
77
89
91
92
82
73
66
55
52
50
48
44
34
27
16
-1
-14
-23
-29
-27
-22
-17
-13
-17
-20
-25
-30
-33
-31
-16
0
5
8
2
-5
-7
-14
-9
-1
0
9
15
15
13
6
5
9
9
10
13
14
17
17
15
16
11
6
3
4
13
20
25
24
20
24
25
29
39
47
57
69
75
85
90
89
93
94
93
89
82
85
80
73
72
64
53
38
19
7
4
-3
-8
-11
-23
-38
-56
-74
-91
-104
-111
-114
-108
-103
-111
-123
-138
-148
-145
-136
-121
-106
-93
-79
-71
-62
-54
-50
-41
-24
-7
16
30
37
37
26
15
15
21
26
34
36
33
25
11
-8
-25
-26
-21
-15
-6
-7
-15
-26
-41
-47
-48
-43
-39
-34
-24
-23
-25
-26
-32
-30
-21
-9
9
24
29
27
20
15
16
23
33
40
43
47
46
43
39
31
28
30
31
31
28
20
12
3
-3
1
11
25
33
46
50
49
53
53
55
68
83
98
110
114
111
101
90
86
85
89
89
84
72
54
36
18
0
-16
-27
-38
-48
-61
-80
-104
-126
-144
-154
-157
-155
-154
-159
-164
-171
-177
-179
-181
-175
-161
-139
-117
-100
-90
-85
-75
-64
-48
-22
5
24
40
49
50
50
46
43
42
50
58
65
63
55
40
27
20
17
18
18
17
16
11
6
0
-10
-18
-19
-12
-3
5
10
9
9
11
13
20
31
41
49
59
65
62
60
55
52
53
58
64
67
64
54
40
27
18
9
3
-5
-8
-8
-13
-18
-21
-24
-25
-19
-8
6
19
27
29
36
42
50
62
72
85
97
107
111
114
116
114
114
116
118
121
115
103
85
68
53
35
21
8
-7
-19
-33
-50
-68
-86
-102
-116
-123
-127
-128
-132
-140
-146
-148
-148
-141
-130
-117
-105
-90
-74
-63
-55
-49
-43
-37
-26
-12
-1
4
5
2
-1
-5
-9
-9
-12
-13
-17
-23
-34
-48
-62
-74
-77
-76
-71
-65
-62
-63
-62
-61
-60
-53
-41
-27
-11
5
18
28
35
40
47
59
75
94
110
121
126
128
126
124
123
119
115
113
111
107
97
86
73
61
52
47
45
44
40
36
29
24
17
15
16
23
32
43
52
58
60
61
61
66
72
79
85
89
88
83
76
68
58
51
45
37
31
20
5
-13
-33
-51
-69
-86
-98
-113
-128
-142
-153
-163
-170
-177
-180
-177
-168
-158
-151
-141
-133
-125
-115
-103
-89
-72
-53
-35
-19
-4
7
16
20
23
28
34
39
40
39
34
27
21
11
4
-3
-7
-9
-15
-22
-32
-45
-58
-67
-72
-69
-65
-61
-56
-54
-50
-50
-47
-40
-28
-14
4
22
36
45
49
51
52
60
69
80
92
96
96
88
78
69
61
59
59
62
62
55
42
26
13
4
5
9
19
29
33
35
32
29
27
30
40
56
72
84
93
96
94
91
92
101
111
124
129
128
116
99
82
66
53
46
41
35
23
3
-22
-52
-79
-94
-102
-102
-102
-107
-115
-131
-146
-160
-165
-159
-145
-126
-109
-101
-100
-101
-104
-101
-90
-74
-53
-38
-29
-27
-32
-39
-41
-39
-29
-15
-4
2
-3
-13
-31
-47
-55
-56
-53
-48
-46
-52
-63
-75
-86
-90
-85
-73
-57
-41
-32
-28
-27
-26
-22
-7
15
40
62
78
87
90
89
89
94
101
112
122
129
126
118
107
94
84
81
83
86
87
80
67
51
37
27
26
29
35
38
37
30
21
12
6
9
18
30
40
44
44
42
35
32
32
37
44
53
57
53
