238
125
-211
-328
-297
-361
38
205
-281
-318
-249
64
-268
-143
-87
-17
487
212
40
-60
-21
48
361
46
340
288
402
481
-34
375
-170
231
297
58
334
15
157
276
463
246
245
454
336
458
484
412
248
348
474
384
123
286
289
8
549
387
36
207
250
-71
-187
82
-309
-79
89
-201
70
85
-151
179
348
142
191
321
-244
177
262
-174
376
105
174
121
214
273
310
462
146
315
506
210
-94
139
-61
-46
418
212
137
329
264
-17
187
108
-172
66
26
-137
-360
-445
-396
-367
-305
-380
-375
-168
-213
-369
-543
-373
-194
-534
-535
-821
-816
-300
-622
-676
-378
-379
-100
-141
-60
-345
-296
248
-417
-219
-269
-474
-66
-90
175
14
90
19
-233
131
-5
186
-121
-440
-330
-249
-498
-733
-638
-816
-235
-166
-357
-258
-412
-344
-532
-575
-535
-681
-328
-347
-205
-339
-315
40
-221
-54
120
-180
-303
5
-70
-425
-108
127
-66
271
284
361
524
655
767
953
915
663
745
464
423
771
507
221
683
727
881
1205
692
299
579
320
197
437
-42
-195
-77
-93
50
116
55
-51
307
133
404
490
33
-35
-89
-305
-572
63
-111
-79
92
420
429
321
536
102
338
398
542
443
149
104
20
432
55
536
496
502
599
427
391
63
531
-115
172
84
-110
-16
-104
-205
-187
319
-8
-160
189
-84
-250
-176
-653
-814
-774
-602
-794
-633
-534
-405
-475
-531
-543
-772
-124
-548
-419
-668
-539
-255
-391
-232
-620
-251
-1
441
340
362
325
299
91
93
-113
-180
144
18
139
81
295
256
286
199
213
89
221
139
86
-243
-185
37
-350
-482
-432
-73
-306
-22
-152
-475
-451
-439
-540
-759
-485
-667
-509
-490
-280
68
-214
-136
-390
-164
-353
43
57
-508
-11
-164
-150
-248
280
135
353
665
295
552
619
685
409
652
139
374
690
204
243
303
636
368
667
596
613
767
314
521
-34
99
121
-201
-82
-189
-172
-155
403
101
135
268
264
208
51
288
-279
-166
46
-173
70
80
74
78
91
481
-6
104
190
-371
127
217
86
11
68
19
109
504
297
13
303
-128
-102
315
267
-49
-258
-170
-310
31
74
72
-113
-15
503
148
-40
-497
-542
-526
-152
308
-422
-275
-90
-468
-519
-399
-286
-555
-297
-47
-92
-229
-767
-706
-840
-813
-197
-166
-396
-489
-271
-539
-295
-69
-630
-196
-180
-178
-149
-191
-584
-337
-216
103
153
-428
-46
-202
200
91
116
-181
-362
273
-109
62
-68
53
252
483
528
317
274
113
326
258
182
349
324
160
185
329
0
256
396
586
392
152
158
-178
-29
139
61
266
330
-31
208
151
34
155
330
251
265
414
146
-142
-60
-396
-205
-2
123
168
363
553
109
96
-21
53
-164
140
140
88
250
24
141
231
666
465
635
604
207
522
339
189
8
321
188
-55
377
214
244
273
374
-198
18
130
-252
-195
39
-218
-533
193
-98
65
-144
-128
-326
-199
-147
-657
-124
-213
-243
-535
-410
-395
-452
-251
-386
-433
-405
-384
0
163
-243
137
365
-235
-7
140
-98
-33
-71
-68
-203
230
294
93
169
0
16
-350
-492
-259
-150
-492
-97
-17
-373
-330
-335
-382
-471
-91
-357
-898
-605
-527
-723
-356
-386
-558
-38
-1
-22
257
-43
-116
-417
-551
-417
8
73
-264
-15
321
347
505
913
419
253
306
369
118
-59
269
128
110
739
477
596
896
640
521
150
110
71
481
369
-68
-15
51
123
175
141
-157
-512
-500
-593
-592
-273
-233
-284
-57
-22
-22
-76
-55
21
-273
25
-132
-46
286
-167
-41
53
73
244
395
375
-388
-73
282
172
641
549
311
360
719
278
352
236
-16
557
497
324
151
155
-260
-78
851
721
99
174
57
-176
-37
-166
-765
-204
-87
-342
-158
-339
-499
-330
164
-404
-359
-273
-481
-290
-143
-196
-543
178
249
89
16
-160
-429
-524
403
396
153
53
88
274
-62
465
-7
-124
-172
297
287
-957
-153
-284
-81
384
393
-183
-174
-67
-353
-133
-205
-370
-376
-224
-285
-38
-91
-535
-418
-18
-213
-32
77
-280
-310
32
-287
-296
-133
-406
-318
-419
-474
-53
553
197
248
415
-152
-193
-173
-154
-163
-297
-17
135
103
-215
75
19
-393
680
390
315
697
-117
-76
-121
121
-333
261
267
-336
-85
389
499
9
789
213
102
288
371
-294
-51
269
-150
619
668
397
-1
554
-45
141
904
605
331
384
774
194
442
711
277
490
395
67
280
1065
613
-3
172
312
99
130
115
-184
-359
185
339
129
208
47
-445
-789
-178
-637
-905
-862
-832
-1154
-711
-480
-1179
-850
-1440
-1243
-503
-691
-843
-938
-531
-1416
-1173
-625
-1209
-835
-501
1
-220
193
196
-731
280
486
201
341
31
262
155
847
544
614
1368
1276
1053
1184
996
213
984
931
498
641
871
524
376
742
781
550
837
762
527
607
176
601
110
-364
72
-72
-417
-277
-153
-555
-581
-267
-566
-317
-228
-301
-57
-161
-224
-522
-483
-643
-931
-575
-500
-355
-323
-410
-811
-786
230
-254
-552
-18
-3
-189
267
278
-34
-216
-98
-360
127
262
205
290
-24
118
30
387
254
-182
-163
82
174
-376
-27
47
-186
158
284
51
-439
51
-223
-206
-303
-545
-323
-208
-73
-499
-492
-349
-329
314
279
228
259
131
6
84
39
-277
-155
-290
-202
-315
-50
326
366
436
719
520
-90
257
505
219
70
314
446
84
772
706
135
253
244
310
-277
336
274
213
578
430
456
513
377
246
298
58
321
833
1057
805
700
219
-213
115
129
-43
-206
-396
79
167
2
-127
-459
-801
-620
-234
-545
-178
-26
-128
-67
-483
-810
-1069
-815
-586
-659
-825
-751
-806
-649
-627
-723
-738
-694
-424
-625
-582
-690
-677
-506
-161
-175
-378
-334
-580
-497
-142
207
467
838
1072
831
706
363
225
31
228
429
162
408
483
460
496
688
552
493
397
136
56
52
-171
-240
269
402
270
658
1302
728
425
338
-521
-486
-311
-217
-551
-797
-693
-997
-648
-281
-77
271
476
577
423
204
-194
-454
-220
-399
-384
62
191
331
746
441
87
279
91
-9
-75
-13
-355
44
206
-304
-386
-327
-612
-842
-708
-602
-426
0
702
573
605
1087
954
469
678
642
81
72
187
-331
-775
-517
-695
-730
-294
10
66
138
214
312
410
567
212
164
140
267
351
367
574
318
540
594
486
158
137
-128
-624
-413
-595
-823
-588
-108
104
257
669
343
117
341
227
158
-229
-243
-213
-56
3
-14
-18
-260
76
269
-88
-305
183
-190
154
450
57
113
383
322
-167
-246
-445
-425
61
196
76
277
551
347
127
-109
-266
-207
-81
-248
-551
-444
-381
-316
-294
-392
-485
-473
-576
-783
-858
-845
-550
-215
20
136
289
331
83
24
-132
-189
-221
-52
411
177
139
412
395
496
577
226
333
568
488
347
236
143
-156
187
35
-209
-63
-121
-132
-94
236
329
312
279
198
39
-195
-298
-394
-233
-120
-172
-83
-119
-103
-439
-588
-566
-465
-389
-81
147
124
143
15
92
86
193
72
-170
-405
-570
-356
-216
-144
230
530
480
425
355
164
193
-20
0
-146
-151
-8
119
236
287
518
473
526
523
536
246
50
-13
1
64
48
252
217
143
-3
-188
-354
-599
-464
-386
-399
-199
-15
125
257
345
620
513
316
172
-163
-93
-249
-381
-459
-290
-81
104
173
113
97
296
392
127
-2
-139
-269
-192
-125
-504
-763
-762
-748
-832
-997
-1208
-1506
-1581
-1435
-1459
-1563
-1549
-1350
-1493
-1457
-1265
-1359
-1298
-1074
-953
-1084
-844
-528
-396
-162
41
123
355
702
865
915
1209
1510
1637
1796
1898
1884
1998
2200
2205
2105
2032
1938
1785
1657
1579
1296
1047
1049
1141
1328
1485
1510
1380
1382
1392
1318
1185
1055
840
600
527
548
628
507
428
379
239
23
-219
-427
-642
-739
-677
-541
-399
-236
-285
-404
-452
-370
-423
-525
-545
-787
-727
-603
-673
-615
-570
-563
-599
-627
-584
-759
-906
-1002
-1136
-1008
-884
-861
-959
-1192
-1469
-1601
-1632
-1756
-1966
-2378
-2679
-3044
-3430
-3699
-3999
-4366
-4712
-4957
-5178
-4521
-3782
-2744
-1806
-891
969
3055
5065
5751
5916
6259
6734
6846
5671
3739
1965
916
188
-989
-2164
-2565
-2113
-975
62
1256
2461
3641
4411
5060
5653
5508
4846
3413
1974
804
-356
-1641
-2827
-3343
-2952
-2144
-1371
-223
1102
2537
3635
4087
4421
4508
4242
3415
2139
819
-329
-1458
-2543
-3240
-3461
-3438
-3275
-2822
-1911
-871
-1
685
1241
1678
1940
1858
1417
974
627
314
-58
-513
-776
-1061
-1559
-2020
-2478
-2974
-3411
-3640
-3738
-3653
-3607
-3423
-3064
-2572
-2162
-1814
-1739
-1781
-1860
-2338
-3024
-3888
-4732
-5696
-6519
-7713
-8222
-9600
-8860
-6629
-5632
-3274
-2827
-191
4430
8859
11617
10644
10504
11711
13255
12377
6991
2474
355
73
-217
-4126
-6502
-6502
-4047
-1464
-475
1631
3957
6329
7135
8482
9408
8934
6873
3261
1476
951
-470
-3141
-5804
-6199
-4010
-2144
-1216
-215
1570
3746
5821
6584
6791
6268
4632
3764
2675
1651
154
-1892
-2977
-2964
-2353
-2574
-3251
-3192
-2259
-818
-515
-750
-839
-560
524
911
718
409
435
1014
1514
1545
789
-15
-785
-1340
-1783
-3062
-4461
-5630
-6154
-6113
-6415
-6536
-6602
-5843
-4108
-2707
-1688
-1284
-615
137
556
466
-911
-2209
-3572
-4892
-6005
-7663
-9250
-10024
-10739
-8699
-5779
-4128
-1805
-1132
2378
8026
13054
15447
13788
13324
15132
17540
16086
9357
3768
1480
1662
894
-4136
-7694
-7827
-5012
-2658
-2073
-225
2256
4848
5914
7424
9086
9290
7238
3539
1838
1773
481
-2898
-6714
-7380
-4567
-2639
-2428
-2433
-977
1836
4466
5553
5477
4859
4013
3676
2352
722
-1135
-3431
-4692
-4604
-4061
-4250
-4867
-4648
-3207
-1299
-437
-594
-1076
-928
543
1039
330
-607
-821
13
621
722
380
-86
-242
-193
-592
-1794
-3020
-4017
-4692
-4831
-5248
-5924
-6301
-5610
-3779
-2084
-1033
3
1239
2475
3156
2961
1864
662
-527
-1854
-3561
-5817
-7488
-8890
-10130
-10989
-8665
-6194
-4598
-2806
-1990
3083
9673
14751
16081
14007
14919
17945
19468
15327
7061
2057
427
494
-2317
-8644
-11276
-9656
-5727
-3678
-2975
-382
2932
5565
7105
9546
11179
10448
7362
3747
3008
3378
601
-4754
-8710
-7602
-3840
-3086
-4598
-4882
-2148
1843
4105
3976
3550
3495
3574
3044
1266
-508
-3001
-5691
-7335
-7071
-6037
-6522
-7111
-6408
-3619
-255
1040
902
719
2171
4184
3971
2130
294
26
504
285
-696
-2079
-2323
-1849
-1273
-1132
-2033
-2754
-3164
-2804
-2098
-2671
-3823
-4440
-3511
-1703
-851
-617
-205
1114
2963
3855
3296
2113
1221
273
-885
-2838
-5266
-7827
-10079
-11459
-9652
-7372
-6621
-5064
-4255
829
8196
13348
15155
13520
14811
18561
20508
16825
8020
2370
678
222
-3081
-10574
-14085
-12957
-9417
-7112
-6578
-3359
859
4060
6447
9637
12131
11676
8526
5163
4861
5675
2589
-3792
-8291
-7380
-3840
-3617
-5753
-6175
-2986
1567
4057
4126
3956
4351
4614
4103
2383
714
-1613
-4703
-6534
-6423
-5831
-6590
-7433
-6465
-3758
-536
817
1006
1863
3920
6150
5954
4459
3150
2659
2356
1263
-166
-1749
-2536
-2242
-1466
-960
-1385
-2143
-2306
-1591
-784
-1651
-3380
-4015
-3028
-1617
-1377
-1725
-956
1008
2647
3135
2513
1861
1533
283
-1549
-3964
-6361
-8713
-11085
-13343
-13094
-9856
-8645
-6888
-5463
-2382
5288
11230
14420
13680
13175
16841
19414
17776
9849
2495
298
-664
-2671
-10012
-15864
-15327
-11910
-8676
-8339
-5913
-641
3690
6621
9725
13233
14294
11914
8128
6571
7667
5578
-1344
-7282
-7815
-3864
-2617
-5605
-7051
-4282
936
4192
4127
3793
4928
5952
5788
4410
2874
892
-2336
-5231
-6019
-5424
-6223
-8098
-7982
-5038
-923
1465
1339
1842
4432
7655
8147
6087
4365
3876
4239
3386
1313
-774
-2162
-2165
-1832
-1829
-2506
-3671
-3913
-3052
-1711
-1868
-3755
-4527
-3235
-1461
-1168
-1860
-1393
420
2312
2924
1936
1292
1449
1065
-430
-2582
-4994
-7234
-9836
-12161
-13998
-12760
-10398
-9981
-7833
-6189
-859
7048
11979
14544
13681
15133
18993
20177
16239
7391
1954
309
-892
-4527
-12563
-15930
-13933
-10463
-8358
-7825
-3676
1664
5344
8207
11682
14737
14558
11516
8628
8600
9273
4651
-3295
-7171
-5427
-2374
-4219
-8190
-7413
-2457
2251
3401
2484
3555
5734
6171
4703
2769
1600
-646
-4282
-6624
-6498
-6188
-8051
-9545
-7909
-3606
103
800
922
3367
7409
9671
8298
5415
3906
3896
3309
1255
-1464
-3704
-4560
-4378
-4100
-4204
-5187
-5960
-4889
-2834
-1502
-2389
-3685
-2710
-506
884
105
-773
642
2520
3302
2370
1008
1027
859
-238
-2247
-4244
-5938
-7976
-10505
-12020
-13470
-12899
-10644
-10326
-7918
-6166
-2401
4844
9942
13325
13440
14373
18028
19752
17291
9384
3525
1774
74
-3377
-11020
-14973
-13115
-10219
-8215
-7686
-3998
1589
5245
7890
11052
14547
15193
12452
9483
9056
9632
5291
-2185
-5713
-4791
-2713
-5080
-9153
-7730
-3000
808
1378
1105
3631
6589
6662
4749
3232
2592
460
-3922
-7137
-7068
-6407
-8284
-10179
-9163
-5489
-1872
-1029
-460
2100
5690
8290
7896
6374
6147
6442
5741
3154
126
-2378
-4051
-4607
-5194
-5598
-6485
-6814
-5336
-3696
-2195
-2156
-2397
-1125
490
1671
1251
1080
2277
3114
3431
2590
2163
2199
1278
215
-1169
-2384
-3477
-5668
-7902
-8871
-9803
-11494
-13465
-11368
-8602
-7224
-5447
-5015
512
8070
12293
13421
11958
14478
18549
18719
13895
6359
3357
2439
804
-3376
-9954
-11180
-8880
-6673
-5483
-4696
-893
2925
5227
8003
11381
13612
12529
9924
8438
8689
7369
1391
-4663
-6359
-5495
-5164
-7712
-9523
-7396
-4147
-1570
-355
874
2796
3845
3809
3924
3749
2067
-1323
-4349
-5176
-5234
-6702
-9800
-10887
-8786
-5463
-3082
-2479
-867
2705
6423
8696
8493
7629
7574
7633
6984
4560
1585
-1069
-2853
-3685
-4806
-5913
-7102
-7019
-5189
-3465
-2089
-1740
-1072
1363
3813
5075
4611
3611
4001
4929
4738
3046
521
-1156
-1102
-1329
-2803
-4946
-7236
-7508
-7093
-7558
-9350
-11617
-12589
-10041
-6223
-5717
-5219
-4519
-999
6315
10852
11875
11195
12153
16463
19248
17410
11075
6254
5213
4493
2335
-4037
-8947
-8669
-7261
-5875
-5298
-4148
-1256
1267
4097
8031
10662
10138
7794
6404
7173
7311
2467
-4555
-7471
-6593
-5577
-7840
-11261
-10515
-6957
-3606
-1689
-674
1198
3036
3867
4235
4193
2953
-598
-4448
-6066
-6478
-7743
-11160
-13344
-11474
-7579
-4313
-3206
-2111
1497
6311
9734
10395
9327
8910
9222
8821
6443
2925
-276
-2391
-2873
-3606
-4998
-6000
-5585
-2927
-449
1014
1647
2332
4528
6628
7478
6378
4652
4500
4478
3620
1671
-967
-2125
-2264
-2292
-3040
-4954
-6385
-6490
-5808
-6389
-8051
-10330
-11697
-11969
-9468
-7802
-8819
-7680
-6443
-1681
4921
8534
10045
10449
13103
18286
21025
18163
11519
7419
7263
6764
2505
-5819
-10672
-9101
-6833
-6974
-7971
-6471
-2381
890
3486
6974
9223
9143
7137
5724
7086
6784
1144
-5819
-7865
-5573
-4492
-7984
-11878
-9648
-4038
-210
481
482
2823
5647
6908
6261
4717
2696
-850
-4141
-5412
-6062
-8118
-11886
-12744
-9299
-5287
-3113
-2935
-988
4045
8753
10150
8889
8020
9177
10054
7891
4051
1236
-602
-1789
-2745
-4105
-4925
-5330
-4080
-1484
749
1779
1114
1562
4060
6259
5647
2391
925
2208
2918
1270
-2240
-3971
-2970
-2070
-2267
-3723
-4727
-4156
-4053
-4537
-5871
-7193
-8853
-10443
-11169
-11899
-9370
-9238
-9190
-6777
-5162
1133
6878
9928
11574
12377
16834
20811
21160
15911
8817
7026
6801
4642
-2034
-10429
-11777
-8846
-7928
-9246
-9540
-6132
-1114
2191
4628
7799
9074
8548
6984
6221
7057
4222
-2726
-7778
-7593
-5271
-6184
-10079
-11189
-6397
-379
2194
2065
2940
6478
9374
9162
6759
4292
2444
-552
-3616
-5452
-6856
-8655
-10562
-9606
-6271
-3274
-1794
-1237
1538
6423
9814
9717
7881
7670
9180
8921
5561
1753
-147
-352
-511
-1886
-3454
-3467
-2287
-596
886
1666
1802
1659
2238
3543
3394
968
-1155
-1489
-423
-62
-1707
-3325
-3128
-1778
-1029
-2099
-3474
-3795
-3602
-3866
-5385
-7247
-9025
-10671
-10895
-11935
-13502
-10437
-8985
-6993
-4343
-3561
2458
8351
12624
13666
13007
16403
19303
20050
14689
7688
6004
5143
3012
-3139
-10062
-10992
-8715
-8121
-8986
-8477
-5125
-1009
1423
3744
7285
8631
7647
5536
4815
6033
4074
-1982
-6694
-6392
-3937
-4468
-7584
-8747
-4914
317
2165
2047
2741
4811
6549
6020
4256
2608
449
-2851
-5328
-5905
-6101
-7879
-10392
-9381
-5657
-2222
-891
-765
1648
6133
9444
9224
7516
7273
8426
8509
5852
2797
1055
616
334
-366
-1253
-1847
-1617
-911
313
868
44
-968
-591
948
1125
-1131
-3007
-2499
-796
-330
-2058
-3334
-2439
-831
-369
-1794
-3020
-3158
-3036
-3316
-4826
-6105
-7561
-8263
-8897
-9296
-11213
-11300
-7788
-7073
-4544
-4051
-2207
4559
9614
13296
12355
13154
17013
19371
19337
12532
7645
6253
5256
2529
-4311
-9528
-9706
-7449
-7438
-8020
-6708
-3427
175
2265
5025
7764
8207
6801
4902
5059
5395
2255
-3714
-6944
-5613
-3673
-4901
-7990
-7535
-2867
1871
3218
2375
3036
4792
6283
5688
3131
817
-1659
-4007
-5260
-6024
-7207
-9071
-9558
-7004
-3552
-1059
-133
1149
4175
7881
9720
8466
7067
7027
7524
7111
4710
2097
667
537
1024
600
-342
-1120
-838
543
996
408
-1043
-1865
-537
172
-1079
-3276
-4111
-2543
-1333
-1992
-3192
-3082
-1170
349
-9
-1271
-1934
-1850
-2453
-3603
-5256
-6836
-8360
-9216
-10049
-10484
-12434
-10116
-7452
-6544
-3579
-3768
1560
7937
12666
14438
12712
15663
18573
20051
16454
8702
5832
4543
2960
-1957
-8122
-10462
-8616
-7119
-7711
-6460
-3539
-394
1146
3256
6816
8154
6057
2535
1876
3023
1634
-4178
-9891
-8738
-5149
-4281
-6946
-7632
-3361
1932
4593
3851
3911
5487
6203
5468
3337
1124
-1042
-3988
-6438
-6458
-6191
-7291
-8441
-7122
-2930
253
1543
1977
4033
7767
10326
9612
6839
6007
6723
6478
4506
1399
-305
-213
498
409
-802
-1344
-1466
-612
191
-665
-1988
-3362
-3010
-1765
-2316
-4222
-5614
-4560
-2204
-1541
-2419
-2552
-1397
907
1771
392
-785
-1271
-1348
-2352
-3891
-6127
-7812
-8775
-8424
-8876
-9384
-10966
-9110
-4404
-3827
-1439
-2181
1360
8158
12280
13980
11473
12742
15450
17196
15341
8150
4055
2898
2835
235
-5163
-8919
-8281
-5554
-5049
-4261
-3238
-1194
309
2317
4790
5300
3312
294
19
871
657
-2791
-7407
-6813
-3092
-316
-1292
-2315
143
4085
7612
7436
5748
4804
4238
3922
2134
-1139
-4164
-6398
-7469
-6914
-6109
-5982
-5914
-4653
-999
2204
3931
4182
4122
5314
7256
7902
5113
2450
2240
3554
3776
1719
-103
-270
1560
2530
1356
282
-395
833
1170
-186
-1446
-3249
-3537
-3523
-3917
-4228
-4982
-4219
-2330
-681
230
218
396
829
1448
1398
-14
-1900
-2802
-3254
-3560
-5014
-6567
-6978
-6901
-6349
-7215
-7913
-8926
-4823
-3086
-2861
-1523
-2212
3339
7393
10426
10151
8967
11655
14344
16051
12036
6088
3378
3716
3522
-855
-6111
-8880
-6574
-4586
-4715
-5291
-4571
-1944
-113
1954
2977
2813
1113
836
1680
1878
1105
-1844
-2900
-1291
832
1484
232
681
1913
3936
5301
4364
2591
827
143
-110
-1059
-3379
-5579
-6328
-5482
-3886
-3434
-3596
-3198
-1350
1492
3030
3270
2770
3404
4983
6052
5341
3864
3404
3747
4434
3860
2953
2597
2581
3120
3284
2834
1106
-607
-1332
-1684
-1925
-3844
-5676
-5667
-4734
-3889
-4561
-4943
-3292
-1241
252
428
199
891
1582
1367
381
-1075
-1869
-2585
-3167
-3899
-4216
-4720
-5410
-5683
-5519
-5479
-6393
-8648
-9607
-5558
-5315
-4067
-4705
-2862
4410
9361
12847
11336
13096
16820
19072
18193
12329
6997
4103
2602
-142
-5009
-9441
-10994
-9185
-7409
-4818
-3390
-1872
-213
2714
6364
7717
6109
2281
1700
2437
2292
-638
-4636
-5359
-3391
-1195
-1277
-1822
-644
838
2368
3253
3248
2099
328
-763
-647
-1253
-3246
-5702
-7230
-5918
-3547
-2992
-3400
-2997
-771
1780
3502
3653
2853
2716
2875
3681
3297
2312
1364
1584
3190
4341
4372
3269
2405
3072
3786
2960
700
-2148
-3237
-3432
-4142
-5545
-7255
-7094
-5176
-3233
-1990
-1347
-484
1100
2966
4145
4162
2573
1234
980
1115
439
-2181
-4227
-4526
-3650
-3537
-4969
-6347
-5952
-4501
-4716
-5477
-7543
-7917
-9662
-7637
-4729
-4685
-2252
-3054
2057
7900
13451
14631
12072
13365
15437
17339
13606
6470
495
-1366
-1576
-3862
-7637
-11147
-9984
-6797
-3308
-115
1121
2463
3543
6685
8448
7536
2997
-1352
-1991
-1604
-2251
-5897
-8588
-7896
-3966
-734
391
1259
2239
3754
5237
6383
5011
2209
-799
-2340
-1989
-2924
-4634
-6576
-6632
-3598
-588
857
971
1698
3679
5347
6420
5329
3431
2015
1544
1702
1485
728
36
549
2090
4151
4544
3932
3283
3228
3369
1814
-657
-3181
-4110
-3838
-4047
-4573
-4784
-3808
-1449
581
1336
1785
1939
2262
2500
1800
662
-1249
-2519
-3097
-3448
-3782
-4819
-5120
-4441
-3358
-2983
-3641
-3809
-3818
-3555
-4020
-5305
-6928
-8548
-9351
-9872
-5578
-4578
-2453
-989
1017
7080
11345
15775
13944
12734
11922
12483
11612
5751
-1461
-6627
-6567
-5488
-6240
-9124
-9497
-5609
-969
2992
4190
4125
3306
4001
5144
4388
1498
-3284
-5158
-5585
-4899
-5120
-5784
-5109
-3103
277
3114
5718
7026
6296
5108
5003
4408
2079
-1311
-4472
-5390
-4840
-3695
-2843
-2909
-2070
775
3913
5791
5447
3984
2762
2735
2536
616
-2053
-4119
-3955
-2929
-1123
128
731
2274
4486
7171
8510
7487
6143
5003
4313
3434
973
-1364
-2837
-3024
-2731
-2501
-1920
-1056
-27
772
1922
2671
2417
975
-739
-1362
-1925
-2626
-4095
-5128
-4600
-3365
-2456
-2460
-2462
-1801
-568
-263
-569
-1611
-2428
-3030
-3513
-4118
-4395
-5274
-5816
-6802
-6351
-2056
-1392
429
153
1510
5430
8465
10841
8138
6136
5294
6531
6559
2483
-3185
-6466
-5232
-2797
-2501
-5163
-6051
-3082
1311
4511
4189
2136
797
2161
2817
1145
-2173
-4447
-4394
-4448
-3804
-2828
-1446
-219
849
2227
3969
5340
5166
3033
1224
792
406
-372
-2024
-3597
-3618
-1827
635
2160
2076
2286
3380
4302
4387
2985
811
-1248
-2066
-2529
-3202
-3804
-3605
-1846
109
2196
4058
5616
7088
7616
7866
7986
6743
5166
2931
1268
507
-579
-1448
-2726
-3534
-3509
-2952
-2678
-2673
-2909
-2984
-2482
-2926
-3525
-4154
-4207
-3355
-2921
-2152
-1503
-816
219
1371
2169
2958
3193
3025
2234
1059
472
-281
-1059
-2543
-3214
-3879
-4076
-4798
-5384
-6410
-6623
-7847
-7537
-5192
-5307
-3230
-4287
-2878
-436
3462
6634
5130
3894
3671
6222
7210
4426
-264
-2351
-1347
731
236
-1752
-1481
493
3047
3754
3131
2011
1359
1530
149
-1599
-3564
-3957
-3731
-3715
-2790
-1690
171
2607
4505
5112
5357
6070
6690
5040
2776
998
-248
-654
-1071
-1226
-681
299
1364
2528
3080
3863
3360
1931
833
-392
-1500
-2894
-3998
-4537
-4194
-3254
-1812
-142
1697
3670
5313
6385
6585
6539
6027
5126
3747
2262
874
-407
-1225
-2105
-2905
-3238
-3404
-3733
-4056
-4263
-3931
-3781
-3891
-3430
-2960
-1830
-833
-196
538
1065
2448
3532
4027
3961
3305
2928
2870
2156
1019
-264
-1042
-1310
-1877
-2374
-3002
-3437
-3838
-4829
-5629
-6750
-7375
-8510
-9581
-10970
-10180
-7979
-6218
-3328
-2259
800
4089
8301
11055
11238
10224
8379
7842
6716
4016
165
-2351
-3113
-1768
-793
-580
-122
532
2357
3852
3901
2155
-66
-1447
-1994
-2890
-4944
-6510
-6305
-4109
-1071
1442
3054
4690
6339
8015
8703
7370
4601
1799
761
-164
-1742
-3685
-4656
-3415
-895
1028
2422
3467
4256
5403
5287
4136
1710
-813
-2503
-3849
-4977
-6300
-6803
-5736
-3714
-1716
-178
1276
2523
3548
3956
3490
2699
1377
466
-40
-1048
-1885
-2421
-2282
-1403
-698
-484
-553
-538
-482
-537
-1201
-1570
-1912
-1525
-723
-253
488
1307
2506
3621
3929
3461
3114
2782
2292
1162
-654
-1679
-2067
-2223
-2510
-3181
-3073
-2765
-2281
-2170
-2472
-2951
-3519
-3947
-4516
-5357
-6401
-6904
-7010
-6729
-5293
-4124
-1858
460
1888
3723
5013
7132
8138
7527
6136
4716
3910
2903
1156
-347
-1225
-408
1357
1958
2242
2133
2523
3224
2724
1322
-351
-1386
-1831
-2376
-2764
-3073
-2512
-1311
107
1586
2363
2867
3317
3682
3535
2475
1092
-367
-1171
-1331
-1637
-1749
-1679
-1086
283
1460
2100
2102
1752
1582
926
-413
-2259
-3994
-4859
-5100
-4864
-4331
-3416
-1713
205
1922
2908
3198
3150
2811
2161
1068
107
-470
-853
-1020
-1180
-1162
-560
30
717
1213
1381
1228
256
-673
-1491
-1856
-2180
-2664
-2864
-2368
-1446
-443
579
853
1324
1806
2207
1962
1300
725
-107
-745
-978
-939
-804
-288
161
819
1469
1603
1504
1180
879
436
-205
-808
-1049
-926
-507
135
941
1573
1852
1950
2065
2001
1554
761
69
-326
-764
-1352
-1856
-2114
-2069
-2123
-2288
-2110
-1992
-1730
-1598
-1347
-1148
-1124
-1075
-1055
-797
-591
-260
3
310
666
1032
1499
1844
2092
2175
2160
2059
1904
1586
1161
756
394
92
234
498
408
402
464
497
101
-598
-1021
-1152
-1257
-1538
-1830
-1689
-1243
-869
-535
-213
230
634
917
1291
1610
1826
1565
1271
1252
1334
1593
1612
1630
1727
1731
1833
1604
977
437
-53
-327
-835
-1793
-2382
-2670
-2665
-2602
-2868
-2654
-2372
-2111
-1968
-2023
-1713
-1478
-1096
-785
-726
-790
-1001
-946
-872
-656
-419
-231
193
549
825
930
1093
1499
1933
1964
1977
1977
2093
2153
1853
1572
1358
1264
1277
1366
1365
1015
349
-234
-692
-717
-800
-717
-324
-74
233
89
22
8
-62
-96
-600
-918
-959
-842
-683
-742
-622
-208
-51
-14
96
22
-96
-439
-696
-912
-1160
-1240
-1179
-1076
-1051
-1161
-1272
-1143
-906
-611
-425
-397
-391
-204
191
660
1174
1556
1708
1715
1705
1618
1581
1738
1911
2044
2128
2286
2433
2398
2231
1937
1814
1991
2209
2205
1916
1564
1286
1036
526
-156
-867
-1336
-1676
-2205
-2689
-3189
-3368
-3498
-3766
-3987
-4024
-3767
-3367
-2973
-2564
-2203
-1746
-1456
-1312
-1058
-841
-756
-947
-1078
-885
-573
-456
-242
189
857
1380
1656
1859
2187
2570
2695
2620
2532
2475
2387
2161
1943
1880
1859
1690
1355
1240
1262
1330
1332
1230
1236
1269
1298
1300
1248
1339
1237
1030
834
650
454
-20
-410
-456
-352
-348
-514
-754
-738
-561
-383
-490
-705
-644
-583
-516
-685
-836
-888
-846
-888
-1129
-1365
-1593
-1561
-1620
-1608
-1518
-1351
-852
-464
-160
74
344
803
1215
1282
1188
965
687
338
-59
-303
-437
-459
-444
-234
164
500
456
251
159
103
-111
-559
-1175
-1676
-1935
-2031
-2041
-2122
-2117
-1987
-1785
-1518
-1278
-1004
-583
-77
353
716
865
741
621
628
773
779
472
214
187
346
550
453
385
409
603
673
374
208
109
272
510
695
918
1068
1247
1324
1370
1425
1344
1199
1136
1177
1094
922
736
648
648
558
500
399
275
158
-242
-630
-999
-1086
-916
-657
-325
-23
396
532
554
534
669
854
801
703
525
408
426
296
67
-26
-25
1
-203
-674
-1060
-1312
-1214
-1098
-1120
-934
-796
-530
-438
-566
-564
-390
-131
121
448
588
693
857
803
879
962
714
292
113
181
156
111
-76
-339
-520
-496
-792
-1173
-1350
-1655
-1846
-1956
-2082
-2131
-1794
-1389
-1348
-1199
-628
-166
238
649
720
798
1019
1218
1111
882
955
845
500
117
-312
-605
-775
-812
-734
-709
-526
-361
-135
103
375
721
976
1235
1184
1051
824
693
579
239
-125
-403
-261
-58
57
-3
42
144
228
391
114
-191
-498
-780
-1011
-1298
-1437
-1424
-1265
-994
-809
-698
-480
-295
-248
-300
-194
-51
19
-11
-68
-42
-130
-131
6
-27
45
177
85
-167
-343
-509
-818
-1068
-1302
-1573
-1704
-1668
-1674
-1667
-1497
-1123
-769
-387
61
390
636
898
1232
1559
1786
1814
1839
1897
1976
1925
1444
833
474
310
135
-195
-561
-784
-804
-704
-720
-686
-489
-217
20
108
75
-174
-336
-363
-499
-681
-882
-1011
-1060
-1042
-942
-838
-618
-283
25
345
559
508
462
328
224
168
-17
-122
-160
-97
28
130
194
163
79
54
93
101
-37
-124
-122
137
432
414
520
753
1099
1535
1708
1654
1534
1549
1480
1185
904
588
353
184
36
4
35
57
98
299
576
715
715
682
682
856
1065
974
713
700
939
871
653
570
417
423
528
442
129
-86
57
35
-95
-128
-422
-797
-842
-732
-886
-985
-876
-908
-881
-765
-953
-1286
-1437
-1312
-1378
-1548
-1390
-1365
-1255
-885
-583
-355
60
610
918
1109
1195
1123
1094
1175
1196
1015
785
635
447
243
78
-72
-188
-271
-366
-432
-531
-603
-592
-654
-742
-837
-817
-665
-537
-431
-379
-306
-270
-311
-426
-594
-579
-531
-444
-428
-267
-106
42
385
528
661
839
1131
1327
1450
1455
1344
1272
1253
1264
1122
1013
1033
1045
981
866
760
801
855
811
706
608
651
790
922
896
843
944
1066
1080
1016
923
807
764
651
489
182
-161
-381
-526
-523
-478
-342
-175
-46
-26
-56
-111
-183
-210
-422
-668
-827
-1085
-1425
-1737
-1868
-1804
-1652
-1438
-1296
-1160
-1049
-1029
-976
-914
-818
-770
-718
-655
-612
-516
-495
-441
-150
99
234
209
154
238
214
125
-75
-242
-257
-313
-452
-559
-598
-502
-442
-455
-417
-442
-387
-370
-420
-347
-203
-72
-28
47
153
174
199
236
264
277
297
314
227
234
332
282
286
351
367
338
304
332
362
408
480
498
586
741
749
623
522
540
577
547
393
273
423
692
848
876
882
944
961
830
617
411
332
305
155
37
-10
-80
-219
-272
-167
-41
33
-62
-178
-232
-203
-363
-631
-643
-627
-671
-720
-711
-673
-606
-538
-538
-439
-352
-422
-674
-802
-684
-678
-607
-487
-294
-14
216
369
523
800
1070
1143
1092
1116
1156
1160
1148
1129
1210
1402
1468
1501
1486
1439
1295
1013
754
533
326
-67
-444
-762
-972
-1077
-1163
-1151
-1084
-848
-664
-492
-293
-77
3
-91
-93
-113
-66
-115
-163
-200
-314
-321
-433
-488
-454
-437
-424
-377
-288
-200
-218
-262
-216
-173
-96
-81
-64
-24
44
99
43
-5
64
206
260
286
315
401
486
572
644
622
598
457
277
124
11
-185
-426
-599
-727
-803
-1000
-1217
-1329
-1264
-1089
-1072
-1149
-1186
-1211
-1244
-1317
-1439
-1499
-1428
-1351
-1320
-1302
-1202
-1081
-933
-661
-459
-333
-197
-149
-113
-57
32
26
43
187
202
222
265
354
493
673
889
1002
1062
1107
1108
1048
989
879
756
605
475
312
95
23
-141
-236
-188
-166
-141
-185
-232
-245
-215
-174
-210
-314
-376
-450
-518
-544
-629
-669
-625
-534
-525
-575
-576
-495
-319
-199
-103
-44
48
129
131
190
117
72
37
-22
13
-43
-76
-38
72
220
375
487
628
846
1022
1156
1187
1158
1149
1135
1059
930
898
898
860
874
881
861
792
775
766
740
754
641
503
381
311
176
-17
-60
-143
-266
-407
-511
-612
-695
-688
-800
-899
-845
-783
-827
-821
-662
-503
-318
-182
-151
-34
130
176
158
172
202
185
134
63
-36
-86
-36
-42
28
211
226
208
207
210
167
57
-19
-132
-143
-93
-125
-163
-107
34
79
50
56
102
96
98
61
-27
17
35
-16
-53
-55
13
73
51
80
141
126
96
73
80
79
74
28
-38
-42
-24
-92
-114
-21
10
13
2
60
150
250
329
334
384
435
385
269
199
146
110
101
69
57
65
68
58
45
111
168
216
287
293
300
277
238
183
194
207
107
22
-90
-165
-236
-294
-298
-295
-246
-225
-195
-98
42
91
106
174
234
310
306
273
263
282
335
366
412
454
548
635
692
773
828
860
850
832
765
676
567
384
234
122
27
-55
-131
-115
-64
-71
-92
-119
-93
-14
61
106
146
227
301
342
357
366
354
336
293
253
209
132
13
-128
-209
-254
-281
-300
-293
-271
-234
-203
-239
-282
-286
-302
-332
-376
-398
-354
-303
-198
-146
-103
17
122
217
296
380
411
370
334
298
207
92
-46
-222
-373
-513
-681
-863
-983
-1070
-1151
-1210
-1233
-1176
-1090
-940
-814
-731
-606
-511
-454
-447
-465
-488
-516
-530
-555
-622
-655
-701
-777
-805
-850
-878
-901
-929
-925
-940
-933
-920
-865
-747
-634
-547
-451
-306
-175
-85
-22
3
36
70
70
72
83
107
97
76
82
81
79
33
-19
-43
-38
-22
-16
-7
22
56
82
114
158
270
366
431
519
603
679
724
781
853
917
994
997
970
973
928
797
582
402
268
111
-53
-204
-292
-291
-264
-256
-218
-103
83
253
412
606
785
910
1012
1091
1134
1132
1086
996
896
802
653
451
256
133
13
-143
-298
-378
-371
-350
-338
-370
-344
-252
-181
-151
-134
-61
42
101
137
194
255
301
320
331
365
396
409
385
365
360
305
211
117
52
-19
-146
-273
-354
-426
-511
-624
-715
-753
-763
-749
-733
-680
-589
-523
-529
-541
-500
-464
-475
-511
-553
-603
-630
-675
-740
-793
-789
-765
-778
-749
-685
-629
-577
-478
-356
-230
-118
-29
68
179
299
353
388
471
556
572
538
508
484
463
400
333
272
230
203
130
63
46
77
114
121
159
212
253
307
336
359
383
419
443
436
432
410
359
308
282
238
158
62
-26
-95
-155
-222
-302
-330
-320
-312
-329
-362
-354
-327
-291
-276
-240
-161
-68
11
76
157
245
355
444
500
554
609
640
656
674
678
664
636
626
595
568
540
491
471
461
447
394
326
275
206
128
48
-54
-147
-246
-357
-470
-549
-575
-603
-643
-685
-693
-689
-686
-700
-688
-638
-584
-533
-515
-493
-484
-462
-441
-437
-424
-413
-397
-389
-358
-313
-259
-210
-163
-121
-110
-108
-135
-154
-150
-149
-163
-185
-174
-159
-188
-226
-211
-153
-84
-29
19
84
179
281
333
369
425
472
476
437
380
321
258
209
146
84
24
-73
-165
-232
-260
-283
-306
-308
-291
-265
-272
-278
-268
-216
-171
-150
-123
-94
-54
-43
-60
-57
-14
42
72
71
112
197
273
343
412
508
587
623
646
653
671
686
662
613
574
541
474
380
318
253
159
54
-45
-138
-218
-287
-374
-422
-404
-389
-423
-444
-430
-417
-412
-398
-367
-319
-250
-225
-248
-234
-181
-141
-125
-93
-50
-8
21
40
73
99
122
111
94
81
45
-21
-111
-171
-189
-219
-271
-304
-312
-307
-320
-322
-295
-232
-148
-90
-43
24
101
153
200
252
313
349
352
340
321
320
301
273
247
215
181
126
64
26
6
-11
-49
-76
-84
-118
-172
-223
-272
-297
-299
-307
-319
-301
-253
-213
-175
-95
0
92
181
248
313
388
465
516
567
637
677
672
657
648
625
600
550
496
449
404
341
252
180
115
56
7
-42
-89
-133
-178
-223
-246
-253
-268
-298
-320
-332
-345
-348
-359
-355
-331
-292
-260
-237
-203
-164
-132
-107
-78
-34
18
41
44
42
55
78
83
71
65
66
53
15
-29
-60
-97
-128
-165
-203
-215
-232
-260
-277
-265
-245
-223
-181
-127
-83
-45
-10
13
53
106
150
184
230
291
327
350
369
388
408
414
372
306
256
202
128
40
-28
-84
-135
-195
-268
-321
-342
-346
-343
-316
-274
-238
-202
-149
-97
-38
31
106
194
278
352
398
437
497
552
566
548
525
503
467
409
355
309
285
261
215
162
133
114
68
15
-41
-86
-133
-183
-244
-289
-301
-317
-342
-348
-323
-313
-313
-304
-304
-309
-320
-336
-336
-307
-285
-290
-280
-235
-183
-149
-126
-97
-49
2
12
-6
-7
2
-2
-15
-31
-33
-12
3
-8
-19
-18
-21
-50
-77
-89
-102
-124
-160
-169
-159
-137
-108
-72
-20
12
17
8
17
43
64
58
49
64
72
61
29
2
-8
-5
-21
-68
-102
-116
-135
-168
-198
-219
-225
-213
-183
-146
-95
-39
0
50
103
134
155
169
183
201
220
237
255
297
342
351
360
385
418
447
452
433
415
409
392
348
305
284
258
221
177
127
95
72
38
-1
-33
-62
-104
-143
-168
-189
-205
-228
-257
-274
-291
-315
-332
-346
-349
-353
-359
-359
-345
-332
-343
-374
-388
-383
-373
-357
-346
-317
-271
-223
-196
-181
-153
-128
-109
-89
-71
-50
-14
19
47
87
132
166
200
249
287
308
328
355
373
382
370
340
320
308
272
221
183
147
104
66
24
-21
-41
-60
-92
-110
-107
-90
-86
-77
-77
-90
-93
-102
-122
-148
-171
-194
-210
-212
-205
-199
-193
-185
-166
-126
-92
-64
-30
3
34
69
106
146
200
241
261
288
334
383
418
441
447
453
469
479
487
491
495
503
515
523
519
526
548
552
543
525
490
452
412
364
301
242
182
109
54
3
-53
-102
-149
-206
-279
-344
-394
-444
-494
-547
-614
-676
-715
-758
-810
-839
-861
-880
-884
-881
-862
-833
-794
-759
-717
-660
-597
-528
-466
-405
-341
-269
-198
-136
-84
-50
-26
7
54
95
119
136
148
165
188
212
230
244
262
288
313
322
325
342
357
364
367
378
389
395
388
365
347
341
336
319
303
265
214
175
130
82
38
5
-30
-63
-93
-140
-204
-248
-278
-312
-334
-344
-355
-352
-332
-310
-290
-251
-211
-180
-143
-100
-43
26
89
138
176
223
264
289
313
337
369
413
462
507
539
572
595
610
616
615
618
612
593
578
573
566
554
530
498
465
421
365
301
229
151
72
1
-70
-150
-218
-279
-349
-413
-466
-517
-564
-601
-636
-690
-736
-769
-794
-796
-787
-787
-790
-777
-758
-740
-721
-698
-673
-641
-602
-565
-519
-458
-404
-363
-314
-263
-211
-150
-91
-44
-6
26
63
100
154
207
260
316
361
394
415
437
459
482
509
530
539
535
515
491
472
448
421
381
331
277
224
169
121
82
35
-21
-72
-115
-146
-153
-145
-146
-155
-165
-174
-170
-155
-140
-124
-100
-78
-63
-40
-14
4
28
64
93
117
162
206
231
262
294
322
350
389
425
455
478
488
492
495
500
502
510
513
493
468
449
430
412
389
351
305
258
214
179
143
101
49
-14
-74
-130
-180
-232
-281
-332
-380
-416
