-37
-40
-47
-55
-60
-67
-76
-85
-88
-91
-99
-104
-109
-115
-123
-123
-126
-131
-140
-146
-144
-144
-146
-147
-143
-141
-142
-145
-144
-143
-146
-147
-151
-151
-152
-148
-140
-138
-142
-145
-146
-152
-156
-159
-159
-158
-155
-152
-150
-150
-151
-147
-139
-132
-129
-123
-115
-105
-96
-90
-82
-79
-74
-70
-64
-59
-58
-54
-48
-47
-50
-46
-39
-37
-39
-39
-38
-36
-34
-34
-35
-37
-36
-35
-41
-49
-56
-61
-66
-73
-83
-86
-91
-99
-105
-108
-112
-117
-120
-121
-125
-128
-128
-131
-133
-137
-138
-138
-136
-134
-132
-130
-126
-121
-120
-116
-113
-111
-111
-109
-103
-97
-93
-90
-83
-74
-63
-55
-47
-37
-29
-21
-12
-4
6
18
30
45
57
66
75
87
96
106
123
142
161
178
192
206
222
240
256
272
292
314
339
367
391
414
444
469
494
515
537
560
576
590
609
629
645
655
666
675
678
677
674
665
653
635
622
611
595
569
537
504
463
417
373
335
292
250
219
195
169
134
107
83
63
44
31
24
20
18
24
31
35
44
54
70
75
83
98
112
123
131
144
156
162
160
157
149
136
123
119
118
111
111
122
134
135
136
144
148
153
159
173
193
209
227
247
273
287
292
298
306
307
293
291
287
275
250
229
207
168
123
73
19
-47
-115
-178
-234
-301
-366
-418
-480
-539
-594
-646
-705
-756
-810
-851
-880
-912
-941
-959
-966
-984
-995
-983
-976
-976
-964
-944
-926
-923
-911
-891
-881
-871
-850
-826
-804
-787
-768
-744
-724
-710
-705
-696
-695
-695
-692
-692
-693
-695
-689
-697
-696
-706
-719
-745
-776
-799
-839
-877
-899
-919
-955
-969
-979
-1006
-1029
-1052
-1079
-1099
-1120
-1118
-1110
-1084
-1040
-978
-902
-815
-713
-640
-536
-430
-336
-226
-119
21
160
299
455
626
779
893
1026
1157
1255
1307
1388
1474
1501
1528
1571
1617
1620
1580
1575
1559
1484
1372
1304
1224
1088
963
864
788
659
551
485
412
304
197
129
46
-49
-151
-200
-230
-277
-298
-278
-260
-254
-235
-199
-180
-173
-165
-149
-104
-86
-48
15
84
151
202
272
313
331
356
359
362
367
374
391
409
443
453
470
490
472
448
419
384
337
290
268
232
222
193
171
171
139
99
64
24
-32
-116
-133
-162
-243
-265
-272
-248
-326
-325
-289
-325
-389
-422
-420
-464
-545
-594
-492
-580
-679
-532
-571
-642
-639
-635
-644
-738
-743
-772
-772
-790
-773
-737
-676
-613
-551
-517
-424
-390
-384
-305
-242
-166
-93
16
171
342
426
548
711
806
849
911
1016
1068
1080
1141
1253
1315
1312
1361
1415
1408
1327
1282
1244
1166
1045
968
935
858
764
692
661
570
443
328
268
169
22
-62
-101
-166
-267
-260
-255
-299
-331
-333
-305
-321
-346
-333
-314
-314
-294
-254
-202
-181
-158
-90
-32
-9
10
49
87
101
95
131
142
117
138
169
172
180
184
199
167
157
106
140
8
-26
-79
62
-193
-251
70
-414
-249
-333
-283
-639
-594
-500
-669
-746
-812
-648
-841
-895
-884
-759
-1099
-1111
-951
-1000
-1207
-1091
-1026
-1067
-1166
-1048
-1008
-1124
-1097
-1035
-1036
-1057
-1084
-951
-1038
-950
-947
-873
-867
-900
-811
-828
-732
-669
-540
-547
-406
-265
-190
-184
-46
33
90
166
311
446
545
683
842
982
1083
1200
1323
1360
1467
1478
1550
1651
1727
1795
1837
1961
1928
1926
1891
1837
1767
1667
1620
1576
1489
1401
1392
1342
1191
1079
1005
894
741
623
525
453
336
265
237
205
100
13
-9
-87
-163
-233
-241
-282
-310
-295
-231
-191
-196
-171
-155
-191
-228
-223
-220
-270
-299
-268
-227
-166
-176
-169
-110
-131
-107
-204
-94
-557
-117
-302
-570
38
-794
-158
-179
-739
-292
-468
-911
-401
-875
-932
-636
-900
-1018
-799
-739
-1010
-1034
-1022
-980
-1072
-1158
-1189
-802
-1452
-1002
-806
-1064
-994
-930
-880
-616
-1029
-771
-622
-625
-716
-536
-230
-526
-260
-240
-114
-224
-82
-107
33
-170
-54
99
25
-24
177
224
317
332
407
435
393
378
405
476
392
383
547
612
670
683
687
842
805
820
839
920
868
850
987
1097
1063
1121
1198
1221
1225
1143
1115
1070
942
897
855
818
723
700
673
608
530
479
393
262
146
117
57
-58
-73
-74
-63
-90
-153
-168
-193
-368
-356
-316
-396
-607
-539
-255
-517
-522
-314
-336
-495
-411
-239
-443
-481
-332
-212
-302
-195
-54
-56
28
-193
137
163
-305
347
-143
191
211
-46
315
77
-67
305
-56
-137
76
-218
180
-377
-155
-246
-42
-339
-533
106
-482
-555
-325
-462
-391
-650
-658
-253
-547
-716
-416
-402
-749
-692
-410
-610
-422
-996
-360
-414
-529
-624
-424
-475
-395
-321
-606
-149
-236
-481
-289
-64
-375
-307
-236
-148
-335
-379
-357
-214
-491
-471
-206
-319
-300
-269
-197
-103
-192
-232
-107
-171
-221
-102
-36
-22
97
187
330
388
439
507
541
640
649
744
899
937
1070
1129
1256
1301
1240
1261
1209
1145
1067
1069
1106
991
1001
1068
1053
1000
940
949
823
658
744
534
381
489
639
64
314
497
99
99
8
58
-155
-231
-283
55
-311
-130
7
-39
-59
-23
-100
19
-232
-141
-93
-278
-105
20
-292
-276
314
-315
-186
37
-176
-329
40
-342
256
-298
-267
503
-239
12
-28
-98
-138
-24
-516
107
-224
-471
-192
-57
-478
-232
-399
-462
-192
-858
-352
-427
-670
-508
-523
-372
-390
-774
-356
-170
-1082
-377
-317
-737
-404
-515
-369
-314
-566
-387
36
-848
-251
-243
-439
-577
-347
-171
-428
-406
-381
-18
-616
-553
-201
-665
-600
-495
-548
-473
-613
-469
-375
-573
-495
-491
-482
-568
-475
-441
-343
-283
-227
-38
-108
72
132
134
334
316
389
505
636
738
808
916
1027
1163
1091
1156
1222
1092
1094
1176
1113
1162
1133
1175
1042
1119
1019
658
1151
735
601
993
663
808
650
567
840
265
588
322
193
271
130
175
220
-38
183
267
-44
95
129
-126
-194
352
-145
-218
150
303
-297
259
97
225
-61
208
406
-69
261
262
327
-128
418
178
243
267
-237
414
148
-25
11
291
2
41
307
113
-86
-56
89
-217
-84
-573
10
-220
-598
-382
-273
-743
-502
-580
-622
-676
-807
-742
-575
-948
-1079
-657
-1117
-1210
-931
-1214
-1191
-900
-1538
-1090
-1087
-1508
-951
-1561
-1002
-1165
-1657
-889
-1314
-1320
-1189
-1441
-985
-1228
-1232
-850
-943
-1184
-771
-878
-790
-870
-597
-396
-583
-479
-156
-254
-279
-48
215
34
262
514
542
708
704
1058
1092
1008
1298
1374
1310
1373
1493
1611
1534
1602
1733
1692
1662
1763
1659
1641
1649
1467
1727
1359
1775
1062
1554
1321
1247
1305
721
1633
604
992
925
861
448
876
734
526
534
342
470
339
252
136
36
278
162
7
-41
239
170
-408
109
-12
-304
86
-419
24
-39
-901
246
-308
-360
-499
-453
-237
-446
-469
-572
-281
-405
-720
-322
-649
-591
-362
-874
-269
-800
-685
-400
-940
-681
-831
-762
-951
-758
-988
-1197
-546
-1331
-1092
-927
-1145
-1208
-1004
-974
-1591
-839
-1170
-997
-1188
-976
-1173
-1144
-980
-1426
-614
-1259
-961
-599
-1101
-995
-726
-816
-1070
-795
-506
-641
-739
-683
-288
-753
-769
-202
-556
-807
-89
-439
-168
-408
-462
-140
-312
-338
-167
-280
56
2
55
230
128
348
259
484
451
485
709
899
814
896
1112
1185
1024
1276
1264
1261
1275
1339
1549
1461
1510
1565
1706
1649
1498
1629
1606
1574
1635
1571
1625
1348
1689
1476
1297
1627
1253
1101
1498
1113
990
1475
743
1135
1144
846
634
750
1066
397
924
724
874
527
775
719
223
758
122
761
-12
656
252
53
419
462
-103
245
55
100
64
-161
-178
127
-360
-176
-433
-129
-73
-1072
-117
-450
-567
-1008
-496
-680
-621
-1782
-151
-775
-1794
-749
-854
-1341
-1178
-1446
-894
-1246
-1855
-840
-1416
-1317
-1648
-1004
-1274
-1494
-1510
-1100
-1310
-1651
-847
-1329
-1136
-877
-1104
-955
-963
-733
-904
-804
-661
-620
-312
-855
-308
-89
-500
-355
-268
-48
-195
-300
12
229
-182
164
111
280
12
287
597
281
434
256
630
709
461
598
696
801
768
722
899
994
790
1024
1312
951
1166
1252
1289
1269
1252
1508
1183
1554
1315
1446
1493
1335
1496
1368
1406
1307
1380
1198
1152
1450
1134
1007
1235
1148
1044
843
1249
873
993
570
1105
1102
263
932
854
870
683
276
1038
867
-86
504
1106
-53
201
745
185
335
135
276
545
-369
81
350
-622
345
-14
-717
314
-517
-295
-526
-556
-396
-476
-827
-540
-470
-888
-967
-707
-776
-1374
-662
-1213
-819
-1361
-867
-1122
-1281
-1037
-1314
-1123
-1239
-1271
-1199
-1593
-1078
-1107
-1530
-1406
-981
-1217
-1591
-604
-1671
-983
-945
-1366
-327
-1546
-865
-414
-1062
-1085
-222
-898
-1142
-102
-992
-731
-24
-1268
15
-66
-1235
208
-164
-940
-31
-189
-658
-103
-401
62
-351
-507
142
31
-594
-8
253
4
-458
269
465
-199
-10
636
453
-53
419
797
418
367
894
845
565
917
982
847
1005
1069
1041
1102
1253
1125
1258
1220
1143
1222
1368
1297
1116
1144
1220
1143
1077
1019
1425
803
1005
1419
531
1014
826
763
555
861
725
705
697
539
686
501
621
18
718
385
270
499
400
297
369
197
247
91
83
174
-312
485
-148
194
-205
218
-56
-434
100
-504
-358
-360
-223
-621
-34
-1069
-487
-299
-997
-886
-619
-906
-379
-1289
-975
-331
-1588
-664
-977
-1070
-1782
-736
-750
-1903
-911
-1381
-1346
-647
-2159
-864
-1278
-1660
-964
-1481
-1227
-1271
-1207
-1482
-799
-1592
-851
-1201
-1145
-788
-1129
-959
-832
-713
-1197
-910
-409
-953
-717
-730
-690
-581
-723
-495
-669
-316
-519
-398
-272
-2
-632
-101
4
-224
30
137
14
272
398
300
421
566
517
515
914
820
1104
968
1413
1375
1188
1518
1563
1462
1552
1851
1782
1877
2171
1909
2039
1960
1913
1986
1881
1723
1900
1942
1756
1869
1717
1586
1496
1584
1256
1462
1393
1011
1420
1186
885
1147
719
825
636
722
580
557
747
143
658
440
245
299
313
-70
15
496
-248
180
9
-328
263
-267
-237
-70
-552
-131
-227
-449
-314
-287
-792
-85
-530
-998
-49
-1080
-341
-533
-1219
-120
-925
-1216
-540
-869
-1516
-752
-1023
-1403
-1185
-1121
-1033
-1786
-1075
-1070
-2125
-1117
-1127
-2039
-1436
-1089
-1865
-2098
-518
-1854
-1729
-1302
-1505
-1643
-1412
-1183
-1767
-1697
-1253
-1793
-1225
-1239
-1709
-801
-1881
-527
-1387
-1749
-757
-1087
-1658
-630
-920
-1111
-974
-1135
-832
-1170
-959
-1066
-279
-555
-484
83
-47
-150
149
-146
387
417
161
1128
1017
1028
1347
1343
1398
1170
1569
1680
1671
1829
2148
2452
2214
2292
2363
2300
2026
2325
2360
2288
2445
2548
2309
2146
2263
1781
1697
1965
1690
1604
1879
1452
1595
1232
967
1104
841
895
921
690
708
696
540
373
451
315
53
604
144
272
75
265
121
3
103
93
257
-198
7
3
109
-266
-72
9
-406
-257
51
-268
-380
-250
-784
-232
-533
-1114
-8
-772
-1290
128
-776
-950
-141
-1155
-1051
-361
-1027
-1054
-231
-1491
-507
-1096
-1255
-449
-1985
-988
-1017
-1341
-1255
-965
-1141
-1070
-1846
-1380
-948
-2015
-1352
-1460
-1437
-1253
-1601
-1197
-1476
-1754
-1453
-1415
-1496
-1556
-1268
-1575
-1537
-978
-1910
-1269
-1464
-1970
-911
-952
-718
-247
-475
-249
-46
-360
-4
15
169
654
976
1222
1483
1446
1447
1514
1422
1679
2243
2439
2347
2791
3015
2593
2414
2694
2607
2436
2891
2936
2905
2875
2679
2460
2205
1906
2001
2028
1888
2026
1948
1658
1484
1294
1011
1079
1089
992
1092
1294
965
845
1051
538
366
650
471
584
769
780
818
696
701
790
594
538
688
594
518
507
387
5
-189
-317
-260
-568
-692
-499
-825
-616
-1189
-1395
-1015
-1593
-1511
-1710
-1509
-1357
-2176
-2013
-1877
-2481
-2376
-2043
-2257
-2217
-2366
-2364
-2271
-2805
-2829
-2716
-2810
-2471
-3014
-2815
-2420
-2919
-3221
-2777
-2732
-3518
-2785
-2638
-3203
-2873
-3169
-3127
-3087
-3377
-2875
-2953
-3236
-2876
-3145
-3146
-2928
-3329
-3179
-3095
-3340
-3014
-2343
-2152
-2034
-2010
-1831
-1880
-2169
-1774
-1439
-1116
-814
-245
287
231
45
204
116
59
696
1338
1660
1909
1745
1646
1793
1344
1524
1868
1708
1977
2220
2180
1875
1277
1122
1135
891
1126
1427
1155
934
699
426
268
85
190
215
326
519
406
345
139
-44
61
169
393
490
560
660
408
575
514
376
512
579
719
615
828
775
649
629
535
453
319
389
329
288
324
111
107
82
-214
-332
-286
-396
-357
-306
-519
-572
-667
-651
-774
-857
-952
-1080
-926
-865
-1080
-1058
-918
-1426
-1279
-1144
-1732
-1350
-1547
-1500
-1272
-1776
-1460
-1570
-2131
-1976
-1923
-2071
-1875
-2091
-2130
-1835
-2278
-2401
-2053
-2664
-2398
-2094
-2060
-1955
-2276
-2260
-2231
-2726
-2239
-1190
-910
-86
-271
-398
-517
-963
-494
-235
411
977
1444
1994
1831
1689
1323
1335
1777
2169
3156
3579
3334
3090
2687
2661
2533
2788
3216
3207
3175
3114
2856
2402
1936
1741
1834
1910
2092
2127
1752
1235
763
675
771
801
1010
990
874
777
444
535
368
435
840
786
1168
1081
903
931
693
962
1284
1378
1584
1487
1223
1178
1195
1332
1558
1605
1573
1413
1080
1011
932
928
1042
1062
959
795
705
341
172
122
110
100
69
19
-264
-457
-725
-938
-842
-762
-775
-783
-956
-1167
-1445
-1538
-1514
-1562
-1603
-1446
-1500
-1711
-1856
-2005
-2171
-2221
-2050
-2259
-2149
-2271
-2569
-2549
-2545
-2822
-2782
-2617
-2781
-2619
-2787
-2793
-3025
-3078
-3153
-3070
-2041
-1045
-337
-512
-1070
-1248
-1223
-619
280
949
1227
1322
1811
2116
1974
1708
1893
2574
3191
3755
4088
3817
2964
2543
2979
3572
3833
3621
3348
2802
2256
2149
2317
2245
1799
1721
1637
1218
757
304
-9
-116
67
331
363
-233
-754
-971
-992
-772
-440
-81
-141
-343
-468
-537
-309
-321
-69
357
431
677
837
807
743
573
916
1462
1662
1690
1482
1193
837
919
1228
1389
1437
1101
849
480
254
325
306
423
355
319
127
-328
-579
-747
-698
-413
-250
-345
-636
-1048
-1220
-1108
-992
-929
-967
-1231
-1328
-1458
-1609
-1668
-1772
-1719
-1754
-1627
-1837
-2237
-2413
-2713
-2657
-2578
-2445
-2759
-3031
-3035
-3218
-2944
-2937
-3044
-3193
-3445
-3528
-3360
-2813
-1540
-616
-539
-1226
-1971
-1690
-1016
57
1157
1312
1058
939
1382
1952
1918
2140
2920
3515
3773
3931
3966
3465
3025
3477
4376
4779
4299
3464
2850
2401
2484
3077
3266
2659
1662
959
664
448
300
279
92
-255
-564
-826
-1312
-1800
-1960
-1753
-1396
-1232
-1217
-1531
-1957
-2049
-1582
-937
-575
-575
-821
-924
-790
-140
359
327
166
-4
385
753
1021
1150
850
626
618
1134
1346
1135
848
513
506
515
718
725
254
103
120
293
187
-185
-391
-549
-339
-188
-129
-316
-861
-1009
-786
-544
-311
-464
-821
-1070
-1174
-1095
-1058
-1152
-1372
-1519
-1471
-1346
-1489
-1548
-1950
-2277
-2079
-2101
-2033
-2261
-2473
-2650
-2689
-2457
-2572
-2661
-2987
-3182
-3028
-3028
-1643
-483
-345
-861
-2073
-1611
-779
59
1291
1326
871
620
1229
2388
2605
2408
2966
3398
3548
3796
4124
4232
3463
3530
4544
4958
4545
3610
3182
2821
2642
3301
3643
3084
1736
878
964
1024
1039
921
477
-262
-860
-791
-750
-1092
-1382
-1395
-1213
-1310
-1657
-1771
-1987
-1977
-1420
-890
-565
-1082
-1488
-1287
-1015
-223
254
305
135
-298
-19
647
1051
1299
1151
844
901
1007
1342
1609
1432
1394
1033
871
951
769
881
859
791
641
303
120
-180
-131
77
162
166
-274
-647
-758
-643
-377
-263
-229
-526
-951
-1116
-1119
-917
-791
-800
-861
-1145
-1329
-1340
-1380
-1250
-1341
-1404
-1377
-1557
-1537
-1847
-1948
-2010
-1923
-1596
-1816
-2081
-2332
-2676
-2597
-1540
-87
569
-24
-1327
-1537
-651
495
1947
2295
1711
950
1246
2689
3510
3487
3610
3872
3934
4123
4713
5126
4738
4303
4845
5400
5254
4491
3831
3693
3497
3734
4134
3702
2405
1211
954
1245
1314
1075
479
-518
-1304
-1462
-1226
-1250
-1717
-2152
-2364
-2565
-2703
-2722
-2755
-2849
-2757
-2442
-2163
-2148
-2523
-2615
-2418
-1805
-1126
-966
-1123
-1466
-1472
-814
-13
492
455
-12
-290
-131
449
1019
1211
911
472
219
343
659
772
567
147
26
-115
-188
-145
-302
-353
-418
-418
-493
-861
-1051
-1001
-741
-565
-686
-885
-1306
-1592
-1464
-1030
-741
-888
-1367
-1714
-1802
-1689
-1379
-1372
-1368
-1719
-1915
-1852
-1896
-1773
-1748
-1885
-1970
-2043
-2076
-2160
-2237
-2069
-2063
-2126
-2269
-1221
8
211
-216
-1214
-852
-15
910
2050
2035
1424
1116
1918
3350
3765
3434
3542
3583
3811
4372
5095
5504
4683
4153
4632
4976
4980
4551
4166
3812
3280
3375
3539
3029
1992
1219
1290
1277
940
502
-259
-1013
-1481
-1360
-1148
-1505
-2130
-2714
-2984
-3081
-2925
-2524
-2642
-3028
-3255
-3192
-2846
-2756
-2622
-2184
-2038
-1922
-1664
-1506
-1442
-1448
-978
-193
229
302
103
-175
-124
255
908
1299
1138
842
388
276
633
937
990
759
366
105
42
98
153
144
139
14
-125
-250
-476
-544
-453
-258
-137
-306
-709
-984
-926
-665
-352
-392
-669
-1052
-1353
-1150
-751
-537
-632
-1071
-1375
-1429
-1210
-913
-918
-1198
-1467
-1475
-1495
-1280
-1275
-1269
-1408
-1583
-1411
-1466
-1233
-416
625
955
454
-159
37
700
1494
2503
2656
2267
2025
2678
3828
4192
4098
4203
4349
4454
4719
5316
5481
4850
4511
4931
5357
5063
4419
4010
3654
3314
3436
3595
3019
1921
1121
991
937
741
423
-166
-1050
-1704
-1761
-1677
-1880
-2310
-2700
-2977
-3246
-3273
-3120
-2950
-3034
-3084
-3039
-3009
-2934
-2903
-2346
-2009
-1910
-1688
-1507
-1300
-1271
-1018
-512
-257
-272
-197
-83
-133
-126
178
620
675
334
40
-78
-44
192
425
392
46
-401
-450
-223
-43
112
90
-183
-490
-667
-531
-227
-98
-93
-301
-606
-719
-639
-397
-279
-349
-513
-700
-887
-852
-652
-685
-629
-850
-912
-972
-1118
-949
-970
-979
-1118
-1243
-1225
-1212
-1044
-825
-939
-863
-1152
-1027
-1294
-956
824
1389
1922
764
60
839
1153
2605
3420
2957
2459
2084
3025
4138
3795
3928
4079
3901
4148
4400
4956
4566
3504
3795
4384
4445
3955
3072
2712
2021
1946
2630
2463
1372
-164
-771
-746
-777
-782
-1208
-2252
-3469
-3940
-3571
-3416
-3702
-4088
-4572
-5014
-5332
-5174
-4719
-4789
-4812
-4698
-4635
-4562
-4766
-4367
-3831
-3621
-3168
-3004
-2968
-2986
-3113
-2382
-1740
-1575
-1513
-1857
-1900
-1813
-1640
-1008
-906
-1204
-1504
-1865
-1752
-1552
-1399
-1215
-1514
-1768
-1844
-1939
-1814
-1723
-1583
-1528
-1806
-2031
-2097
-2038
-1854
-1632
-1531
-1636
-1969
-2118
-1902
-1691
-1532
-1546
-1734
-1842
-1894
-1768
-1526
-1645
-1758
-1770
-1914
-1733
-1706
-1678
-1812
-2026
-1903
-1869
-1691
-1863
-1821
-1851
-2081
-1876
-1816
-1752
-1751
-1366
-132
718
671
198
-376
107
929
2064
3046
2866
2514
2659
3449
4260
4340
4420
4722
4751
5063
5549
5773
5554
4954
5064
5548
5568
5249
4700
4188
3788
3663
3924
3671
2747
1737
1082
916
822
677
300
-549
-1393
-1759
-1708
-1691
-1903
-2215
-2601
-2955
-3008
-2835
-2564
-2490
-2509
-2259
-2234
-2206
-2087
-1862
-1382
-1220
-995
-737
-746
-636
-482
-110
218
186
316
367
416
417
357
420
349
232
190
109
-24
-155
-213
-148
-292
-327
-375
-497
-561
-591
-452
-505
-667
-840
-898
-816
-703
-578
-574
-758
-906
-921
-736
-713
-864
-977
-1201
-1239
-1146
-889
-930
-1206
-1511
-1585
-1409
-1382
-1282
-1494
-1715
-1953
-1983
-1732
-1740
-1691
-1734
-1982
-1920
-2142
-2049
-2149
-2073
-317
860
1301
519
-624
-265
213
1593
3190
3369
2919
2542
3063
4091
4063
4281
4974
5092
5193
5409
5852
5447
4434
4628
5573
5951
5466
4665
3974
3142
2836
3497
3909
3158
1679
856
549
278
306
290
-146
-1124
-1852
-1867
-1962
-2243
-2304
-2232
-2284
-2624
-2694
-2432
-2453
-2329
-1857
-1401
-1305
-1587
-1536
-1144
-892
-432
44
205
201
-20
354
777
843
997
825
739
604
507
695
633
440
332
140
-33
-117
-221
-284
-405
-604
-629
-785
-965
-938
-907
-859
-1029
-1291
-1352
-1450
-1316
-993
-920
-982
-1316
-1558
-1412
-1288
-1217
-1151
-1479
-1596
-1741
-1666
-1300
-1683
-1733
-1889
-1983
-1738
-2088
-2001
-2272
-2643
-2385
-2738
-2270
-2536
-2701
-2367
-2800
-2472
-2528
-2567
-2454
-2128
-926
417
541
162
-445
-343
357
1253
2555
2999
2926
2959
3509
4053
3966
3969
4537
4897
5262
5564
5664
5143
4154
4310
4974
5367
5029
4314
3702
2938
2529
2737
2744
2142
1311
771
559
84
-259
-465
-931
-1330
-1556
-1539
-1651
-2138
-2337
-2303
-2247
-1999
-1786
-1541
-1445
-1562
-1356
-967
-885
-554
-317
15
233
93
379
579
708
893
1133
1326
1220
949
866
962
868
850
888
837
589
266
85
-97
-263
-283
-177
-67
-324
-631
-800
-1005
-903
-665
-453
-526
-824
-1041
-1017
-852
-629
-507
-718
-970
-1073
-923
-804
-936
-1227
-1480
-1567
-1520
-1263
-1351
-1794
-2164
-2430
-2291
-2105
-2148
-2291
-2673
-3113
-3057
-3039
-2945
-2909
-3176
-3081
-3161
-3213
-2884
-2926
-2839
-2236
-1473
42
401
4
-281
-666
108
1043
2139
3000
2894
2914
3304
3702
3975
3747
3983
4289
4649
5135
5222
4783
3776
3233
3543
3954
4146
3901
3188
2327
1464
1309
1404
1114
706
293
101
-264
-754
-1086
-1566
-1862
-1814
-1624
-1367
-1613
-1911
-2131
-2253
-1865
-1475
-937
-554
-626
-533
-513
-407
-65
253
761
1019
1062
1186
1242
1259
1245
1303
1459
1699
1669
1587
1416
974
657
556
707
766
561
392
94
-107
-242
-325
-380
-630
-620
-455
-277
-194
-405
-594
-808
-856
-577
-288
-123
-208
-384
-645
-902
-899
-786
-589
-575
-794
-1005
-1305
-1534
-1591
-1598
-1594
-1676
-1785
-1971
-2126
-2318
-2470
-2565
-2691
-2730
-2710
-2843
-2859
-2847
-2801
-2763
-2672
-2698
-2509
-2512
-2214
-1309
-416
628
720
512
274
283
678
1367
2119
2866
3418
4042
4277
4103
3542
3158
3527
4153
4894
5271
5089
4455
3642
3240
3176
3119
3092
2973
2918
2747
2360
1858
1101
398
18
72
420
538
288
-260
-980
-1489
-1738
-1577
-1244
-1005
-842
-788
-868
-946
-1017
-908
-620
-271
190
535
742
793
811
796
758
997
1331
1689
1827
1790
1830
1735
1593
1485
1406
1371
1339
1423
1478
1347
1000
712
615
584
606
668
638
398
180
253
433
521
512
487
419
199
166
299
502
577
553
572
481
219
42
72
232
299
224
130
21
13
-294
-479
-411
-319
-310
-416
-583
-914
-1043
-1210
-1254
-1257
-1234
-1169
-1275
-1368
-1547
-1643
-1377
-1058
-965
-916
-950
-981
-981
-949
-766
-296
249
351
497
637
535
419
268
346
611
759
1020
1219
1202
1027
706
593
580
535
415
320
258
192
204
204
163
47
-208
-468
-659
-801
-883
-925
-874
-751
-706
-781
-1002
-1271
-1407
-1405
-1316
-1222
-1158
-1165
-1256
-1277
-1268
-1247
-1288
-1352
-1361
-1261
-1138
-1076
-1081
-1163
-1236
-1237
-1157
-1045
-994
-1022
-1087
-1173
-1129
-1115
-1133
-1091
-1052
-939
-929
-1036
-1111
-1169
-1116
-963
-786
-651
-742
-832
-793
-650
-413
-309
-312
-392
-491
-453
-323
-229
-239
-316
-346
-359
-390
-455
-561
-729
-900
-918
-797
-698
-837
-1085
-1300
-1394
-1365
-1316
-1236
-1232
-1321
-1432
-1506
-1533
-1575
-1540
-1411
-1253
-1102
-1048
-1011
-955
-878
-716
-517
-327
-187
-102
-48
3
129
282
431
518
545
582
612
624
624
590
577
546
497
467
375
270
174
95
36
-66
-195
-329
-480
-593
-678
-719
-721
-743
-760
-806
-860
-884
-828
-690
-529
-422
-392
-380
-311
-185
25
262
456
607
665
692
773
828
915
1033
1149
1302
1418
1518
1574
1512
1431
1420
1510
1601
1617
1568
1434
1302
1189
1174
1201
1178
1134
1026
891
778
632
552
482
413
429
457
434
304
207
196
193
173
162
169
155
99
46
74
44
-68
-128
-143
-87
-20
-38
-106
-262
-381
-388
-322
-213
-224
-309
-415
-499
-444
-363
-322
-394
-536
-574
-583
-545
-477
-401
-331
-335
-314
-257
-175
-115
-85
-28
31
114
188
264
346
378
383
378
404
464
521
572
569
512
440
368
384
450
502
491
350
151
3
-82
-65
-35
-69
-180
-389
-618
-797
-871
-852
-811
-817
-913
-1076
-1233
-1310
-1276
-1185
-1110
-1080
-1108
-1139
-1136
-1059
-911
-771
-663
-554
-432
-317
-200
-87
61
224
395
581
749
865
893
896
958
1052
1144
1241
1302
1320
1238
1162
1152
1110
1066
1008
990
970
898
830
758
674
598
548
577
604
569
511
453
424
407
402
394
353
296
271
289
291
267
270
262
235
222
200
194
151
75
58
109
133
131
92
72
75
82
128
141
122
89
101
142
140
120
128
157
219
284
364
419
378
338
344
393
504
571
610
602
548
500
480
541
602
630
626
594
534
446
385
360
328
299
235
153
62
-21
-110
-185
-243
-312
-386
-508
-632
-747
-830
-865
-878
-880
-951
-1093
-1231
-1324
-1306
-1271
-1266
-1312
-1384
-1454
-1513
-1504
-1450
-1406
-1372
-1343
-1310
-1280
-1264
-1269
-1227
-1150
-1058
-877
-737
-677
-674
-641
-532
-387
-250
-105
-2
15
57
141
273
335
384
503
598
645
687
777
844
869
876
894
933
973
1006
1093
1177
1172
1139
1114
1141
1151
1160
1200
1224
1188
1130
1050
941
851
759
739
749
703
664
622
528
419
353
353
369
369
398
447
438
418
429
457
465
454
435
426
406
389
392
382
424
463
443
413
357
377
417
478
490
672
891
868
825
539
438
550
678
771
600
517
654
835
801
471
120
-12
78
173
138
8
-101
-26
13
-196
-527
-812
-765
-599
-495
-477
-613
-764
-897
-902
-876
-926
-1078
-1159
-1163
-1172
-1168
-1237
-1234
-1172
-1063
-999
-1017
-1119
-1214
-1179
-1096
-968
-739
-613
-622
-666
-849
-834
-726
-592
-540
-529
-467
-347
-159
-202
-307
-323
-275
-203
-106
-101
-154
-66
2
75
71
92
133
149
355
454
418
209
266
398
432
551
437
497
767
777
766
652
483
703
868
653
586
787
953
1112
742
317
383
386
660
582
106
-16
159
307
225
-85
-223
285
341
14
-223
-547
-360
-120
-143
-127
-137
93
301
102
-337
-512
-175
161
252
125
54
376
724
646
273
-55
56
578
922
852
638
645
912
925
573
143
-104
35
495
622
336
29
159
362
144
-351
-702
-615
-324
-177
-442
-746
-878
-617
-491
-760
-1197
-1393
-1204
-946
-859
-1102
-1362
-1419
-1333
-1318
-1580
-1821
-1539
-898
-303
-97
-293
-496
-486
-329
-194
-245
-342
-173
328
872
1065
762
321
82
108
269
303
213
209
464
731
749
457
44
-224
-306
-282
-228
-193
-183
-83
14
-62
-271
-470
-558
-521
-445
-360
-235
-117
20
125
108
137
217
260
294
289
407
649
905
1109
1188
1094
970
901
840
788
714
637
626
697
789
805
723
561
385
309
243
196
117
112
182
174
159
67
-15
-117
-216
-226
-279
-210
-28
19
-23
-52
-30
-11
-36
-60
-91
-51
140
386
470
418
324
193
98
-11
-206
-301
-261
-170
-73
-130
-211
-401
-709
-877
-1016
-1028
-891
-771
-718
-773
-814
-881
-1051
-1192
-1408
-1578
-1670
-1713
-1529
-1054
-315
396
789
679
285
-166
-385
-304
-175
3
353
965
1722
2094
1788
1018
313
10
-3
97
61
79
324
692
976
869
299
-360
-794
-883
-744
-616
-504
-304
-37
159
186
-43
-431
-810
-1005
-927
-663
-317
65
369
535
609
567
395
140
-80
-114
93
444
859
1218
1396
1364
1189
944
706
476
314
313
482
708
892
1038
1039
908
692
412
211
168
249
378
536
703
820
892
859
706
448
184
104
186
321
452
573
686
774
759
546
260
51
-42
-40
-51
-107
-136
-89
-25
-70
-265
-516
-729
-842
-856
-827
-850
-884
-859
-797
-785
-878
-983
-1099
-1174
-1222
-1287
-1316
-1324
-1246
-1178
-1163
-1167
-1145
-987
-589
100
776
1333
1574
1505
1456
1436
1406
1287
1070
1098
1501
2108
2642
2698
2339
1887
1590
1381
1132
735
285
126
318
716
901
708
339
-5
-152
-238
-436
-751
-1017
-992
-718
-406
-232
-218
-261
-285
-313
-450
-633
-770
-723
-465
-193
45
219
398
558
605
558
414
245
163
249
387
487
568
634
730
767
728
654
524
424
382
364
373
374
419
502
599
687
683
612
481
354
315
369
504
606
646
601
535
534
552
551
448
305
208
213
273
295
273
236
191
172
122
20
-141
-333
-486
-604
-701
-808
-892
-986
-1041
-1083
-1179
-1276
-1365
-1430
-1488
-1566
-1636
-1724
-1755
-1788
-1872
-1962
-2075
-2095
-1989
-1688
-1087
-289
435
898
1070
1173
1323
1453
1420
1140
861
903
1381
1992
2311
2213
2054
2065
2113
1947
1374
630
66
-108
22
118
-40
-288
-367
-265
-183
-338
-680
-1021
-1198
-1218
-1231
-1298
-1327
-1186
-929
-631
-476
-470
-490
-547
-654
-752
-792
-767
-617
-444
-314
-187
3
219
341
229
-4
-179
-222
-161
-128
-207
-305
-296
-138
131
299
286
122
-8
-27
-1
-20
-215
-434
-480
-314
-100
25
56
82
194
320
415
420
314
236
269
386
504
571
616
614
598
601
658
702
627
514
418
351
312
274
220
95
-40
-83
-35
-42
-163
-327
-513
-616
-648
-680
-772
-938
-1036
-1012
-942
-866
-869
-950
-1089
-1203
-1249
-1313
-1372
-1422
-1291
-864
-242
458
975
1230
1402
1593
1719
1594
1258
910
852
1185
1561
1673
1518
1480
1768
2027
1933
1462
860
458
324
237
-20
-411
-686
-650
-447
-291
-248
-300
-370
-433
-530
-639
-806
-984
-1094
-1178
-1185
-1093
-934
-797
-781
-776
-675
-531
-343
-247
-303
-320
-223
-42
82
45
1
96
317
547
649
572
429
385
382
329
174
-52
-229
-313
-293
-249
-250
-271
-292
-316
-326
-332
-353
-413
-488
-528
-483
-325
-164
-77
-27
27
180
373
477
495
413
365
424
520
604
604
564
557
599
656
663
564
377
248
204
220
273
225
74
-44
-74
31
126
89
2
-121
-165
-120
-78
-35
-72
-112
-70
-29
5
-16
-92
-179
-262
-292
-349
-300
-54
362
716
866
1058
1399
1787
2000
1843
1599
1482
1612
1853
1704
1295
1002
1053
1313
1334
1142
868
723
791
824
670
290
-38
-169
-208
-292
-427
-526
-581
-595
-552
-511
-491
-511
-611
-778
-978
-1075
-1066
-1120
-1268
-1353
-1208
-901
-630
-513
-523
-484
-250
90
357
458
482
563
712
857
891
830
678
577
554
488
449
398
344
289
167
76
7
-122
-317
-500
-592
-569
-476
-382
-263
-86
183
422
558
654
724
862
958
936
857
716
623
606
582
505
404
407
496
582
628
605
569
544
493
421
330
236
138
22
-41
-25
55
123
163
189
235
353
512
600
625
619
642
701
736
706
627
539
424
315
215
60
-137
-373
-597
-774
-875
-714
-539
-514
-597
-637
-252
133
170
-3
-395
-547
-480
-467
-674
-1301
-1689
-1531
-1277
-1253
-1538
-1736
-1722
-1665
-1597
-1683
-1916
-2125
-2121
-2069
-2193
-2317
-2395
-2449
-2605
-2759
-2713
-2697
-2743
-2780
-2821
-2765
-2619
-2468
-2470
-2670
-2764
-2587
-2367
-2288
-2341
-2358
-2153
-1787
-1462
-1339
-1404
-1370
-1133
-906
-813
-878
-1003
-1084
-1082
-1015
-1004
-1107
-1200
-1214
-1175
-1105
-1034
-958
-902
-849
-726
-589
-527
-570
-692
-814
-831
-777
-742
-775
-826
-739
-538
-333
-131
43
185
301
382
436
420
323
216
73
-28
-27
-35
-72
-143
-176
-118
-32
34
50
50
111
247
360
334
232
185
223
228
145
45
-47
-63
-22
10
21
74
256
462
574
598
601
625
615
539
444
336
231
167
90
-37
-144
-216
-256
-275
-275
-243
-222
-210
-186
-152
-111
-77
-89
-171
-266
-306
-328
-364
-416
-472
-506
-498
-434
-377
-354
-340
-284
-203
-116
-40
11
56
56
60
75
49
12
-58
-140
-209
-242
-203
-188
-205
-220
-225
-221
-236
-223
-140
-30
64
132
157
144
172
219
237
242
254
296
364
446
546
662
789
942
1070
1072
1034
1056
1092
1101
1048
990
965
953
969
941
867
809
789
815
808
737
646
566
534
536
529
508
452
440
489
541
608
667
685
673
609
548
506
431
381
365
375
443
495
508
510
547
628
690
732
753
739
700
698
734
730
639
484
312
163
57
-32
-162
-328
-433
-470
-488
-501
-535
-558
-569
-566
-542
-568
-605
-554
-495
-461
-459
-478
-474
-504
-527
-490
-453
-390
-330
-285
-242
-212
-147
-106
-145
-213
-277
-322
-358
-367
-365
-397
-423
-399
-320
-245
-178
-97
-43
14
109
207
272
266
218
151
86
48
-17
-139
-268
-351
-366
-357
-388
-424
-421
-385
-303
-214
-138
-53
82
236
349
403
427
459
485
495
504
531
584
646
692
721
770
849
894
867
830
826
840
816
742
624
481
378
330
319
272
215
222
278
317
336
339
321
323
336
329
318
329
341
352
364
399
489
572
608
593
552
537
547
549
530
487
460
482
500
494
457
411
380
343
323
310
283
259
232
171
66
-37
-119
-178
-191
-176
-180
-182
-166
-123
-77
-71
-90
-98
-63
-49
-80
-150
-253
-349
-447
-556
-638
-678
-704
-725
-751
-752
-742
-714
-664
-634
-587
-534
-484
-481
-510
-525
-509
-463
-419
-383
-365
-356
-346
-331
-301
-234
-134
-68
-56
-61
-62
-48
-20
-18
-67
-120
-156
-153
-130
-150
-174
-204
-227
-229
-222
-228
-255
-249
-209
-165
-127
-99
-96
-75
-27
23
75
98
91
52
-7
-56
-62
-51
-68
-108
-129
-114
-78
-35
17
73
132
191
223
198
138
88
63
45
39
38
31
35
81
142
180
204
227
259
321
403
467
506
532
556
566
562
549
527
516
493
468
465
469
480
500
512
514
542
576
576
540
478
396
302
218
148
68
-31
-127
-198
-258
-293
-314
-325
-319
-307
-259
-213
-197
-168
-153
-148
-154
-179
-199
-233
-270
-273
-283
-335
-359
-356
-348
-343
-323
-274
-256
-225
-177
-153
-151
-186
-218
-231
-279
-315
-283
-274
-306
-329
-353
-360
-350
-339
-340
-373
-377
-346
-345
-355
-350
-320
-250
-171
-120
-62
38
179
318
432
541
645
762
862
925
986
1030
1053
1060
1030
980
931
872
814
759
684
611
553
506
482
458
398
354
326
309
288
247
208
170
160
192
224
254
269
280
299
276
241
203
131
52
-5
-52
-83
-89
-50
18
88
172
253
336
424
502
576
620
627
629
634
603
544
490
429
385
349
319
313
292
254
239
252
292
339
370
374
358
359
367
350
305
254
204
165
108
39
-4
-58
-102
-141
-195
-250
-299
-334
-354
-388
-448
-499
-559
-622
-652
-691
-704
-706
-693
-648
-617
-576
-528
-465
-386
-314
-260
-224
-196
-143
-80
-32
4
31
64
107
127
146
166
165
169
168
147
128
103
73
46
15
-35
-88
-127
-164
-210
-265
-307
-355
-405
-428
-448
-482
-513
-527
-523
-510
-479
-441
-418
-398
-375
-367
-379
-405
-439
-471
-517
-556
-593
-633
-652
-674
-673
-663
-657
-643
-621
-597
-561
-514
-477
-453
-433
-426
-406
-378
-362
-333
-292
-241
-192
-131
-54
39
142
264
386
494
588
672
742
783
811
829
812
800
776
745
728
700
682
680
673
663
653
644
646
651
662
673
676
662
655
642
610
581
536
498
444
388
344
298
269
230
195
169
136
110
79
28
-29
-101
-173
-231
-286
-333
-377
-416
-434
-438
-413
-372
-327
-260
-194
-140
-93
-56
-13
25
59
79
88
109
129
165
186
183
158
120
84
51
10
-17
-44
-65
-71
-81
-89
-102
-107
-105
-101
-112
-120
-140
-152
-153
-157
-154
-150
-120
-81
-59
-42
-27
-12
6
29
19
-10
-43
-64
-76
-101
-121
-158
-198
-244
-293
-329
-350
-368
-376
-379
-367
-331
-302
-272
-233
-188
-140
-90
-41
7
65
128
197
266
349
442
543
637
721
800
865
913
943
969
1004
1031
1049
1060
1069
1077
1076
1065
1052
1050
1060
1069
1070
1063
1075
1102
1114
1111
1090
1067
1054
1052
1036
1012
978
944
917
864
823
786
764
755
731
711
694
679
678
670
656
632
615
629
639
625
591
543
491
436
381
327
262
181
106
40
-17
-66
-122
-184
-246
-286
-320
-356
-398
-459
-530
-593
-655
-719
-785
-853
-915
-978
-1039
-1101
-1155
-1196
-1240
-1290
-1343
-1395
-1448
-1501
-1560
-1620
-1684
-1734
-1769
-1786
-1801
-1828
-1852
-1867
-1884
-1898
-1917
-1946
-1970
-1974
-1960
-1947
-1937
-1931
-1921
-1902
-1882
-1867
-1838
-1798
-1755
-1704
-1655
-1612
-1577
-1551
-1517
-1487
-1448
-1407
-1344
-1264
-1196
-1133
-1075
-1011
-952
-898
-832
-769
-715
-670
-629
-577
-509
-426
-351
-281
-220
-164
-86
-12
45
94
132
166
189
208
229
261
292
305
300
290
290
290
306
317
318
310
300
301
322
347
353
359
361
372
392
406
407
398
402
426
441
448
463
506
571
611
633
653
685
721
741
748
744
748
768
780
756
717
683
651
622
587
558
547
527
502
478
462
452
439
423
407
380
364
345
320
287
246
203
156
112
72
22
-34
-85
-127
-157
-183
-219
-270
-321
-369
-419
-451
-481
-522
-564
-611
-650
-662
-651
-643
-645
-645
-629
-608
-568
-510
-452
-391
-332
-273
-223
-189
-146
-99
-51
5
46
85
130
163
202
230
246
258
262
274
284
305
326
351
383
406
428
444
470
509
559
623
675
715
745
768
803
851
889
909
922
912
909
905
888
863
824
789
762
723
678
638
603
584
571
553
524
491
463
422
382
334
283
254
216
191
170
147
125
106
92
92
85
76
84
88
77
70
89
129
148
154
150
143
146
141
135
125
123
122
106
86
59
32
17
2
-11
-21
-39
-52
-70
-94
-113
-144
-189
-210
-213
-232
-258
-261
-260
-276
-306
-341
-372
-390
-412
-440
-471
-496
-509
-529
-567
-595
-614
-633
-641
-643
-635
-619
-602
-595
-584
-558
-530
-519
-504
-471
-449
-433
-413
-378
-343
-317
-291
-246
-199
-155
-111
-83
-49
-10
18
46
65
72
88
102
104
108
103
101
99
93
94
102
123
142
148
151
159
167
179
194
200
213
215
212
207
195
211
237
245
246
260
265
270
266
255
240
223
196
162
140
120
102
89
86
82
69
56
49
33
34
52
75
103
138
168
180
178
202
243
269
278
277
288
306
300
287
270
258
263
266
273
278
275
272
252
238
234
215
186
152
120
95
68
35
6
-21
-49
-83
-125
-164
-199
-246
-281
-309
-349
-395
-437
-468
-491
-502
-517
-544
-573
-587
-586
-588
-595
-598
-603
-602
-598
-597
-590
-588
-584
-577
-575
-555
-531
-504
-471
-438
-396
-350
-299
-245
-194
-151
-88
-29
28
87
131
160
183
200
207
221
243
260
268
261
252
250
243
238
235
233
227
213
195
189
180
168
160
158
161
165
167
173
195
222
235
246
258
274
289
299
303
315
332
338
327
306
299
297
283
258
234
213
191
162
131
105
92
93
82
67
46
21
5
-8
-17
-23
-33
-41
-48
-60
-68
-71
-69
-58
-48
-47
-42
-30
-15
-8
-14
-17
-7
3
7
8
9
6
4
17
28
27
20
13
17
18
16
16
19
20
10
-4
-15
-18
-20
-33
-54
-61
-68
-71
-84
-109
-133
-145
-142
-146
-157
-163
-174
-185
-189
-192
-189
-188
-184
-177
-172
-167
-159
-147
-121
-93
-76
-64
-39
-8
12
26
36
44
55
62
67
74
81
93
100
94
89
90
91
85
82
88
82
76
73
63
48
29
20
18
11
2
-5
-11
-7
0
-1
3
9
16
28
35
45
62
79
88
82
74
75
77
74
61
47
35
17
-6
-27
-48
-72
-89
-102
-128
-154
-173
-183
-183
-186
-195
-198
-193
-175
-163
-151
-126
-98
-71
-47
-24
-3
18
36
53
64
76
85
89
97
101
95
96
100
99
92
75
62
58
59
51
39
30
19
10
2
-12
-31
-46
-57
-72
-93
-106
-119
-137
-159
-183
-202
-222
-238
-254
-269
-282
-294
-310
-323
-336
-351
-362
-366
-362
-362
-366
-369
-362
-352
-345
-340
-337
-327
-315
-303
-292
-275
-255
-235
-212
-185
-153
-120
-90
-63
-35
0
29
52
75
95
111
125
138
148
153
157
164
164
165
167
170
169
169
172
176
179
176
176
177
179
182
183
186
191
193
191
188
186
183
180
177
172
162
152
142
135
127
115
103
92
83
79
81
82
83
83
85
87
93
101
107
115
124
131
138
146
157
165
170
177
189
204
220
237
253
276
301
324
343
363
384
404
422
441
456
468
484
498
507
517
528
542
553
563
574
586
601
618
632
650
666
682
702
722
738
754
771
788
799
805
813
822
829
827
816
796
772
745
714
675
631
583
532
479
425
371
314
256
199
142
84
25
-28
-79
-132
-189
-241
-291
-339
-388
-436
-485
-528
-567
-607
-647
-682
-714
-741
-767
-790
-810
-826
-839
-848
-859
-868
-875
-878
-879
-881
-884
-883
-881
-874
-868
-866
-863
-858
-851
-844
-838
-829
-822
-811
-798
-785
-774
-758
-742
-727
-716
-703
-687
-667
-645
-625
-608
-592
-573
-559
-543
-533
-522
-513
-500
-486
-476
-465
-451
-431
-417
-400
-383
-363
-340
-320
-299
-279
-261
-240
-219
-201
-183
-166
-152
-137
-123
-109
-97
-84
-74
-70
-67
-64
-61
-57
-56
-56
-59
-57
-54
-51
-55
-57
-58
-59
-59
-57
-56
-58
-60
-59
-59
-60
-56
-50
-45
-40
-34
-27
-19
-8
1
12
23
41
55
69
83
95
108
119
126
129
134
141
147
148
146
147
145
145
147
147
149
147
150
152
154
155
157
162
170
171
176
185
192
197
198
200
200
199
196
194
196
198
198
198
198
195
194
195
193
190
188
186
185
185
183
181
186
194
197
198
199
204
208
211
214
217
221
227
233
239
242
248
260
271
281
289
297
308
316
323
332
339
345
354
361
366
368
370
373
374
374
368
361
357
354
347
335
320
308
298
288
279
268
258
244
226
210
197
185
171
152
135
118
100
79
54
27
6
-12
-28
-42
-58
-75
-94
-115
-130
-145
-157
-167
-178
-188
-200
-207
-208
-212
-215
-215
-217
-214
-215
-211
-207
-204
-199
-195
-191
-187
-185
-182
-177
-170
-162
-155
-148
-138
-123
-114
-106
-99
-90
-81
-76
-72
-68
-66
-63
-57
-54
-50
-47
-44
-40
-37
-38
-42
-46
-45
-47
-55
-60
-66
-77
-85
-95
-105
-113
-121
-129
-137
-146
-154
-156
-162
-167
-170
-173
-173
-175
-174
-169
-163
-158
-148
-137
-127
-113
-89
-67
-47
-27
-10
9
30
49
67
89
110
125
138
147
156
167
179
187
195
198
197
194
191
182
174
168
159
151
143
132
122
112
104
91
80
68
54
42
32
22
16
12
7
4
0
-2
-5
-7
-8
-11
-15
-11
-7
-4
0
1
3
7
11
12
10
7
6
3
2
-2
-4
-3
-2
-3
-5
-9
-12
-14
-16
-21
-24
-29
-35
-38
-46
-52
-56
-60
-64
-66
-67
-69
-67
-67
-68
-65
-63
-59
-56
-53
-52
-49
-44
-37
-31
-26
-22
-18
-15
-11
-10
-5
-2
0
2
1
-2
-5
-10
-10
-11
-12
-13
-14
-15
-18
-22
-24
-23
-21
-19
-17
