-10
-13
-14
-15
-16
-16
-19
-16
-12
-9
-5
0
4
5
7
4
2
-6
-13
-14
-15
-12
-10
-2
9
17
23
26
23
20
20
13
6
4
5
2
5
11
12
12
10
7
4
-6
-13
-17
-21
-26
-32
-35
-39
-37
-32
-29
-26
-23
-28
-26
-28
-39
-39
-41
-35
-28
-21
-10
-2
1
0
-10
-22
-26
-27
-27
-25
-18
-5
2
7
2
4
6
-1
-3
-15
-18
-13
-9
-6
5
10
12
15
12
8
1
-5
-6
-10
-10
-4
9
15
26
37
30
24
19
16
11
4
5
9
6
3
-1
0
5
3
1
-1
-14
-23
-35
-49
-39
-51
-57
-52
-42
-36
-38
-21
-4
-2
-4
-1
-20
-32
-44
-50
-45
-37
-19
1
24
30
44
33
10
-13
-23
-19
-24
-18
-13
6
19
31
50
50
45
35
40
31
10
6
30
45
44
45
29
31
43
37
23
34
39
29
21
1
-18
-27
-21
-32
-31
-36
-37
-15
-10
-16
-11
-18
-31
-40
-54
-70
-81
-62
-55
-53
-37
-28
-5
15
11
15
7
-8
-23
-26
-32
-21
-3
20
49
56
55
48
54
33
13
-4
-14
-10
7
16
6
-5
-21
-25
-9
-1
-11
-3
23
35
42
40
23
0
-17
5
3
-11
-66
9
175
127
79
95
54
-32
-41
-45
-93
-116
-71
57
76
-10
-1
40
-1
-51
-67
-133
-164
-118
-66
-37
-44
-27
7
-12
-46
-47
-63
-83
-66
-17
-5
-3
17
15
32
30
13
32
57
75
129
156
135
108
81
20
-16
-15
-38
-44
-28
11
24
33
42
20
-34
-91
-125
-158
-168
-125
-90
-63
-4
20
20
-6
-54
-61
-65
-102
-122
-115
-97
-67
-7
27
4
-10
-26
-66
-90
-91
-100
-77
-19
10
-11
-31
-12
7
-28
-37
-65
-31
-20
-59
-14
0
20
-16
6
-34
-54
-49
-72
15
57
19
31
127
85
69
46
18
30
-9
7
30
49
44
54
29
6
13
-66
-68
-52
-41
-111
-102
-21
-73
-97
-56
-33
-67
-123
-109
-36
-103
-121
-44
7
-86
-81
-38
-33
-61
-105
-22
-50
-92
-106
38
61
-62
-8
135
76
-66
-7
76
20
-65
105
126
-16
26
139
112
18
8
48
60
-73
-63
94
69
-22
61
136
13
-74
38
95
-61
3
142
50
-8
75
86
-2
-17
2
-7
5
-44
24
117
-7
-18
85
-10
-175
-2
46
-110
-46
131
49
24
175
84
37
103
62
20
7
-65
82
107
9
87
155
60
34
138
-19
-28
1
45
55
12
97
60
81
162
185
88
42
146
74
-33
2
152
42
-2
187
117
48
90
99
35
45
24
63
134
50
88
185
121
179
216
92
152
140
83
71
155
88
57
173
87
43
-18
22
-21
-58
-59
-11
-34
-51
85
7
72
34
60
17
-27
26
-48
-39
-27
63
20
57
37
59
42
75
6
-4
-29
-16
77
-59
111
95
-57
76
202
-4
-38
158
-60
87
236
-56
80
147
137
105
44
53
99
14
-67
161
-62
-126
11
53
20
-163
-87
20
0
-156
-7
-45
-147
-108
-201
-51
-233
-224
-108
-181
-273
-227
-82
-274
-226
-255
-135
-134
-271
-96
-80
-202
-166
-154
-87
-100
-184
-148
44
-142
-181
162
-32
-95
-65
-49
-47
-5
-126
-58
116
-95
-172
145
-1
-212
9
80
12
-96
131
24
13
3
-59
76
11
-32
-28
151
-141
-72
295
-89
-165
90
14
-176
-67
82
-88
-88
-137
23
38
-215
-152
-9
-212
-314
64
-104
-257
47
-37
-117
43
-102
-75
-83
-299
-31
12
-395
-73
80
-199
-110
9
-39
-74
45
23
-62
135
-10
18
56
79
132
3
11
-18
263
-141
11
145
-109
182
94
76
139
209
76
121
244
197
131
108
-92
301
122
-170
353
28
-34
270
90
-121
198
19
-232
53
108
-57
-107
-102
122
74
-216
182
32
-105
-59
35
-47
-61
93
-226
-48
26
-204
-122
-189
-111
67
-275
-271
-36
1
-240
-44
-40
-183
47
-314
10
74
-116
-229
-44
184
-232
18
-55
51
71
-91
-40
282
-83
-68
175
-102
45
-106
-119
-68
92
-101
-139
276
-21
-37
71
-21
167
-31
16
214
157
20
162
159
103
12
83
-153
115
-37
-42
66
116
129
-86
109
192
25
-192
297
148
-13
200
-13
276
195
-45
241
56
207
115
62
229
85
-17
9
244
42
4
130
290
131
-48
343
143
-24
73
326
151
41
210
14
169
-50
55
150
-32
83
-162
286
-15
-212
241
40
89
-155
158
227
-162
96
271
139
-163
100
208
111
-179
-76
455
-276
-308
347
-17
-267
-129
333
-220
-110
-52
-41
250
-361
269
99
40
-233
350
148
-136
226
12
277
-33
-120
-85
215
-462
-212
270
-390
-401
216
-241
-302
193
-353
64
145
-180
-45
149
-115
-263
232
-68
-271
4
42
-187
-85
62
-477
31
-41
-391
-75
-24
-193
-324
218
-222
-110
41
-277
130
2
-357
108
127
-336
-80
162
-2
-288
122
35
111
-426
45
298
-415
-295
117
274
-521
-44
650
-190
-118
164
293
-62
-182
-39
323
38
-834
960
-193
-335
384
205
-66
-290
287
21
-6
-343
409
59
-113
123
686
-72
34
378
253
178
-279
389
-160
121
8
-26
282
-367
187
298
-162
130
227
-136
-195
460
-228
135
-77
242
191
-287
593
-308
133
-36
-53
136
-351
236
-5
-287
214
92
-227
94
-127
68
-75
-141
-392
514
-465
-176
541
-397
368
-198
454
-147
109
58
19
260
-273
282
-228
125
-421
325
-363
18
20
-263
343
-294
100
226
-238
215
9
-241
569
-609
282
122
-104
-235
437
-455
-255
434
-876
499
-682
31
49
-247
-191
230
-232
-442
323
-489
-240
54
-433
-180
240
-355
66
-134
213
-280
-365
503
-536
89
-90
98
-83
30
104
-198
394
-436
275
22
-374
420
-313
49
201
-240
240
-52
-14
89
237
-106
-135
462
-109
246
-26
-7
368
-345
142
-283
431
-531
38
266
-287
-16
-74
307
-427
441
-251
17
66
-47
76
111
-307
573
-354
-74
355
-366
99
117
-129
429
-179
190
583
-400
611
166
122
288
-4
201
597
-271
82
796
-265
455
-27
429
151
122
371
-274
628
-275
154
497
-109
95
604
54
-243
863
-39
-7
711
84
425
203
211
246
-67
115
-200
19
83
-135
-396
541
-276
-230
53
-95
289
-630
599
-90
-119
384
182
-425
789
-669
128
-130
-427
-178
-585
492
-1469
719
-559
-199
-521
193
-91
-844
850
-997
508
-353
-71
-4
-142
-26
-89
-23
-234
545
-896
663
-112
-495
454
-65
-501
291
263
-971
811
-420
-73
353
16
-296
347
188
-613
397
-30
-161
-115
280
-488
291
-328
-42
-93
-283
224
-379
-317
-71
-50
-320
-420
-19
68
-810
714
-556
24
-42
-40
-606
74
47
-850
526
-668
15
243
-396
-433
251
-210
-853
21
295
-1277
422
-212
-752
377
-696
121
-419
186
-475
212
-110
-194
-157
305
-168
-298
604
-577
327
-83
-46
-143
196
130
-464
797
-600
230
323
-338
743
-229
567
96
559
368
78
785
176
-34
489
79
-122
432
-174
108
671
-441
829
-195
36
208
-21
317
-664
1336
-985
685
238
-131
541
-361
656
-423
687
-612
386
216
-381
156
-150
318
-627
316
149
-327
349
165
184
135
165
546
-112
249
591
-363
462
-215
528
148
-245
602
-220
282
-437
450
46
4
65
437
243
-187
647
-108
395
-295
461
114
184
-34
307
556
-792
973
-272
296
-100
-242
798
-870
408
-323
-159
-2
-272
-102
332
-434
-5
696
-379
-36
565
-30
-439
467
-189
-149
-11
-94
-87
-99
-498
163
-488
-219
-165
-331
-238
-264
-125
-122
126
-465
290
52
-151
103
118
-310
263
-394
397
-5
-87
57
-165
171
-201
214
-234
30
477
-199
23
-26
413
-362
-38
258
-43
176
-13
203
522
71
-15
398
356
-432
296
103
-738
622
-450
-285
423
-575
-198
407
-383
-341
482
-888
137
424
-916
605
-125
-665
811
-697
128
-95
229
-653
384
34
-510
697
-887
484
81
-225
-104
381
-101
-220
-76
300
30
-376
196
245
-31
-231
158
31
367
-544
297
165
-516
-96
-109
-117
-663
188
-130
-309
-152
-218
197
-485
-778
658
-520
-672
462
-455
81
-233
-711
507
-671
-563
-396
240
-531
-578
537
-707
247
-338
-233
290
-604
111
83
-62
-444
-7
559
-1128
285
281
-681
365
-328
-102
367
-834
88
140
-72
-815
419
-98
-720
529
-733
804
-500
392
-315
197
79
-577
834
-828
730
-573
292
180
-154
116
-106
141
-185
346
-464
365
-60
1
52
507
310
-322
1005
-435
512
378
-244
469
137
489
-235
792
-293
399
336
-144
388
611
-483
447
572
-512
479
137
358
-61
1037
-504
210
791
-691
468
577
-135
382
768
-357
537
-95
329
-388
414
43
-123
986
-1048
473
293
48
-350
465
43
-164
359
-659
1009
-675
695
-349
469
332
-1017
1264
-1076
717
-266
-123
-63
-287
443
-934
886
-845
159
211
-987
326
-196
-88
-169
-220
131
275
-576
-91
378
-467
35
-137
330
-739
358
-364
-116
-288
-440
201
-572
101
-1063
649
-1079
200
-136
5
301
-1303
1766
-1574
569
-160
-896
963
-979
665
-663
614
-1072
291
-359
-836
1345
-1612
507
-50
141
-425
574
-258
247
-63
-189
526
-610
843
-1037
1221
-649
-191
646
-1078
710
-1093
835
-723
-93
724
-826
815
-1090
1251
-720
-140
537
-472
642
-455
347
46
326
293
-955
930
-177
-719
896
-370
423
-232
397
-182
193
35
-406
436
545
-587
642
381
-265
416
-294
1177
-1334
1576
-706
576
315
-240
1091
-878
873
-603
739
-126
-345
779
-345
-2
184
249
249
-201
720
-224
464
-298
60
353
269
-410
549
294
-682
656
-352
462
-436
1095
-1034
405
146
-627
447
-553
536
-383
179
-18
-69
328
-407
-73
734
-875
743
-553
169
-20
-191
351
-641
542
-517
403
-265
-380
464
-648
50
-469
89
-510
-132
12
-551
646
-722
290
216
-538
248
-109
-274
-126
-109
42
-463
246
44
-658
313
-607
365
-1014
526
-731
336
-378
-454
771
-892
818
-900
948
-841
431
12
-729
776
-705
228
-541
251
-549
-258
165
-236
128
-417
-4
-23
-36
-427
662
-455
438
-130
356
216
-503
714
-308
-19
244
-503
602
-379
48
281
36
0
-70
34
-52
72
-205
609
2
-235
679
-426
297
-212
-63
-32
92
163
-298
479
-490
428
-203
109
72
109
264
-122
448
-30
-50
624
-351
539
-161
17
-50
-175
222
-427
200
-368
322
-137
-497
671
-647
463
-295
366
274
-505
1046
-880
884
-232
53
272
-74
348
-500
428
-333
118
-370
165
36
-274
265
-221
204
-201
-219
-86
223
-510
441
-147
66
89
-566
735
-724
519
71
-242
410
-60
177
-6
44
108
-98
431
-225
-12
-268
-81
32
-789
764
-1312
1141
-836
98
-8
-341
712
-1057
1425
-1146
782
-286
77
398
-105
-51
-17
553
-701
654
-339
-244
254
-97
-334
319
-522
357
-118
-293
519
-341
340
-72
405
284
118
55
226
347
-152
354
41
93
-243
-21
320
-548
59
259
-221
70
-83
289
-405
569
-155
140
292
-590
881
-653
736
-814
910
95
-460
1306
-1078
825
-35
-244
737
-974
1227
-1202
844
172
-805
1439
-1516
1726
-1458
504
-100
-427
891
-1283
1982
-1701
917
133
-595
352
-185
170
-678
353
-439
-77
433
-583
234
614
-1326
1125
-514
-406
750
-834
868
-472
571
-572
506
-377
-88
278
-658
667
-836
691
-928
829
-544
-12
274
-891
634
-572
378
-706
1119
-1187
459
284
-1160
1093
-1152
499
-476
136
-295
-403
1151
-1382
679
-165
-187
-363
124
49
-600
1102
-1171
1098
-322
-115
142
-301
-98
-185
-249
122
-237
-399
468
-705
273
-168
-128
110
-86
54
-70
85
-61
8
-196
-121
153
-504
317
-566
287
-453
-58
233
-737
833
-954
557
-373
21
-232
92
38
-306
977
-1076
1091
-584
141
251
-346
552
-596
899
-877
1341
-748
480
497
-506
993
-1135
1660
-1458
960
-306
-93
470
-429
795
-736
1036
-1137
1105
-672
514
-128
393
340
-247
817
-341
704
-619
733
-639
800
-502
667
266
-262
1362
-1245
1660
-889
504
457
-331
675
-396
947
-558
969
-864
1231
-719
314
194
-308
142
-337
512
-709
772
-837
355
193
-197
-15
62
330
-481
687
-173
30
514
-389
139
375
-471
300
-49
329
-304
371
-332
-58
241
-866
576
-504
99
-250
222
-10
38
-14
338
-711
960
-870
611
-168
-146
351
34
78
-598
761
-1145
789
-868
300
-31
-790
304
-542
356
-847
304
82
-507
282
118
-620
747
-749
327
-278
-252
29
-1077
1029
-1705
1095
-931
-413
289
-845
137
-926
722
-965
188
149
-924
328
-331
-395
-132
-225
-330
-276
138
-900
607
-703
-256
146
-615
-246
81
-216
-492
134
-189
-340
264
-502
482
-412
18
65
-166
-119
-327
675
-851
408
186
261
-485
409
326
-449
806
-384
408
531
201
236
600
-584
72
428
-810
626
-221
434
-159
564
212
-191
392
-3
238
-87
13
208
-178
-17
244
81
358
-562
906
-288
-289
599
-313
423
-254
881
-338
667
486
-189
1460
-691
373
899
-510
512
535
90
82
139
759
-914
826
-115
252
903
-810
1177
-329
159
278
176
607
-791
1335
-343
431
-449
234
-424
-106
-715
86
-244
-185
-314
178
-144
-998
1009
-1465
978
-654
107
67
55
-20
-570
1327
-1256
782
-204
-298
39
-593
219
-125
-218
-132
409
-104
-5
-386
376
-226
-378
518
-193
591
-603
198
114
-819
324
-829
583
-672
453
-84
-240
170
-778
461
-633
228
-361
177
78
-499
790
-648
474
169
-348
734
-525
-88
225
-544
183
35
-141
350
-405
499
-605
235
-298
-374
256
-886
399
-775
173
-602
-129
-60
-443
151
-327
44
-32
298
-207
116
225
-6
-306
102
33
-424
172
-105
128
-319
310
-95
148
-281
-30
-92
-22
151
-256
512
-31
122
464
295
-495
1116
-705
281
447
-342
286
-512
479
-534
283
-334
-1
-75
-145
62
-151
258
-155
332
-59
687
-558
371
-59
126
413
70
456
24
181
484
-188
628
-342
486
192
5
354
318
192
-221
701
-179
495
-444
364
269
-537
455
107
-159
-101
-156
404
-625
553
-214
-53
26
-666
460
-221
-151
-209
41
-109
-401
-22
290
-440
84
234
170
34
-665
437
-769
932
-627
136
641
-1047
397
-179
-306
-149
-82
433
-323
407
-335
0
89
-195
-62
122
-302
-204
240
255
-478
423
445
-500
962
-1072
951
-497
-24
418
-236
658
-862
548
-436
333
-195
211
117
-142
458
-743
668
-502
-70
-205
440
-199
609
-74
228
202
-196
294
-519
268
-484
517
-63
-271
809
-496
47
127
-88
-169
-301
250
-710
397
-435
-29
-146
-298
-99
-294
38
-395
-279
421
-843
429
-14
-602
759
-1015
847
-652
574
-445
98
163
-424
418
-754
903
-1090
1168
-793
979
-800
405
-158
-551
409
-493
626
-689
980
-944
1343
-990
462
473
-630
573
-662
1044
-1145
853
-29
-701
994
-847
353
-94
-793
717
-795
718
-568
203
578
-840
1235
-1334
1210
-1138
543
261
-775
1241
-833
1171
-894
907
-460
326
322
-928
1705
-1515
691
-2
-438
131
40
237
-305
788
-828
570
43
-439
423
-314
480
-917
480
-431
-299
223
-447
508
-623
727
-910
233
-553
-492
402
-289
-319
572
90
-436
710
-119
222
-399
-27
358
-294
-538
480
-106
-680
1246
-672
654
342
-46
338
323
-645
-33
169
-654
151
-165
442
-713
967
-921
418
193
-738
1252
-711
871
-907
915
-643
-160
581
-1032
965
-703
350
322
-344
418
-218
-48
-174
-203
362
-170
182
394
-317
1028
-5
206
190
202
-185
368
260
-611
1081
-1074
619
-321
-343
112
-225
67
-521
745
-894
951
-665
412
-135
209
674
-788
1087
-608
733
-56
101
603
-386
587
-888
878
-1252
174
-35
-275
103
-628
698
-664
318
-108
-496
622
-603
-6
382
-875
714
-329
837
-904
794
144
-1137
1558
-1949
1522
-819
43
135
-473
332
-329
60
-425
-73
73
-184
-117
469
-539
420
-27
56
441
-1041
877
-111
-197
-57
-61
364
-816
417
-626
392
-69
-756
858
-685
-361
352
-531
462
-477
264
-298
96
-500
-323
445
-715
277
-95
82
-33
-390
357
-900
817
-599
-104
608
-705
718
-413
359
-493
805
-688
200
-188
-41
184
-417
506
-221
163
123
-62
-155
619
-960
477
231
-140
551
-246
285
-163
180
-395
402
-132
5
-12
734
-670
744
-247
483
110
-108
922
-1082
1246
-853
857
-559
419
68
-30
476
-518
709
-604
856
-361
701
205
307
235
-226
1142
-710
481
613
-714
687
6
-258
485
-112
-467
215
547
-284
-6
501
-461
669
-117
-206
1023
-735
467
-614
491
163
-672
1115
-397
689
-200
625
-405
-3
26
-907
1134
-1316
836
307
-744
1034
-633
411
-214
463
-331
772
671
-1040
601
273
-1405
882
-685
-708
1111
-1292
558
-208
-263
-52
-298
900
-537
889
-3
-539
388
-897
-163
-481
-151
-188
140
-305
-119
379
-73
-138
-85
221
-720
674
-1208
-135
-418
-206
-276
-66
570
-886
1016
-366
-283
-219
-151
-1308
566
-1024
-539
1151
-1199
617
-209
57
-138
-248
-775
500
-692
-180
-99
-163
178
-1335
1148
-1145
97
-224
-334
162
-508
9
-150
208
-264
-44
254
380
-1185
951
64
-701
700
-22
-136
-1110
1142
-1197
248
-49
-364
799
-765
-60
248
493
-801
895
-397
288
31
-409
754
-606
288
-187
97
258
-70
-688
423
-219
-333
-154
249
544
-388
392
423
398
188
-22
975
-233
121
356
-60
72
-459
220
98
-620
-201
607
-425
-117
277
400
178
120
375
510
442
-317
723
597
-977
787
-256
71
228
-37
-12
-340
957
-487
219
251
389
380
-156
-24
710
400
-278
616
-40
179
-38
-55
98
-43
365
159
-58
283
-113
-176
187
-252
270
133
-858
732
57
-617
812
-264
522
-187
271
-68
74
316
-831
506
-192
-545
742
-623
253
242
-311
416
-307
315
-272
614
-572
-226
400
-858
234
-396
616
-559
275
-470
153
44
-1179
536
-242
529
-876
475
32
-353
237
-169
498
-215
79
-121
240
-555
87
-397
237
-86
-552
967
-612
-202
239
-84
-78
278
474
108
258
-252
93
-165
-335
465
-106
148
-73
-72
-339
-306
224
-34
-99
-157
830
-631
135
213
-185
-47
333
-218
759
151
-783
1047
-1302
494
-132
-299
555
-741
829
-584
235
291
-436
1103
-628
772
-101
42
526
-916
1231
-1098
706
-619
-148
495
-1173
1055
-1076
639
-329
-509
313
-591
284
-115
876
-104
-266
422
-70
-64
421
295
25
528
-587
1267
-132
-170
-45
53
263
-1143
740
-503
-98
-314
534
75
-549
306
-501
439
-427
204
483
-684
125
-65
193
52
-460
449
-460
-130
538
-356
74
-142
-160
122
-319
-16
-337
-295
-183
-356
683
-1138
685
-156
-36
335
-149
417
-558
153
-163
-102
-103
-196
-563
61
-461
303
335
-726
345
-323
435
-389
387
-55
-302
651
-140
660
-358
218
-185
82
9
-288
71
-108
-134
-104
174
-370
-34
-83
-87
165
220
113
92
363
-338
359
-333
56
159
-167
158
-194
135
-358
152
-144
39
45
446
127
-87
433
-191
379
-13
379
-12
229
290
-141
388
-352
197
125
-419
-205
-32
-329
-137
36
-173
-42
-330
-16
266
200
143
-151
546
-188
-5
130
-64
325
-443
605
484
-536
171
-197
175
203
29
362
119
-419
6
172
-694
156
-343
94
204
-409
-96
-323
-159
-427
282
-34
129
-82
-134
94
-313
40
173
-55
267
423
-496
333
203
-753
31
-160
-326
331
115
-59
186
-131
52
391
72
-107
313
30
-63
620
-119
102
-177
-141
207
-342
-279
-538
15
-302
182
445
-396
-636
-365
52
-726
-111
-268
-439
-197
-258
-94
-184
-588
-451
338
-51
-154
227
-255
-80
-259
-307
17
-302
161
257
332
195
201
136
-40
452
232
320
612
323
98
330
251
0
104
157
365
153
110
61
-40
-110
-366
-13
-240
-86
-232
157
69
-276
97
-73
-47
-302
323
136
120
112
149
29
-191
63
-264
-177
-465
-107
-142
-569
-569
-516
-626
-826
-500
-709
-519
-759
-549
-370
-770
-465
-314
-337
-243
204
411
319
640
779
726
589
840
1278
1236
1689
1823
2169
1952
1771
2130
1612
1714
1995
2118
2157
1931
2007
1705
1400
1169
1262
1068
771
681
850
467
97
-170
-697
-579
-751
-872
-752
-1009
-1088
-1167
-1284
-1438
-1505
-1349
-1422
-1049
-1399
-1423
-1727
-1701
-1697
-1831
-1533
-1614
-1320
-1672
-1684
-1786
-2445
-2495
-2490
-2568
-2560
-2593
-2497
-3092
-3537
-3484
-3663
-4505
-3890
-1751
-23
1812
869
369
-12
-1250
-66
610
1024
1600
3236
5035
5596
4683
2849
2240
1878
3030
3795
3431
3449
2919
3429
3062
1931
1319
373
-112
378
1263
1227
-3
-891
-1644
-1683
-1968
-2208
-2060
-2354
-1672
-1100
-933
-1322
-1477
-1553
-876
357
1111
1949
1532
1913
2331
2325
2542
2306
2618
2789
3580
3794
3174
2262
1213
1598
1713
2072
2029
1396
877
346
57
-1126
-2239
-2867
-2716
-2056
-1893
-1841
-2731
-3573
-3824
-3672
-3344
-3443
-3086
-2421
-1995
-2025
-2762
-3437
-4303
-4822
-4253
-4593
-4573
-4873
-3660
555
2675
4146
2302
-1172
-1668
-2455
-908
197
383
1558
3223
5632
5824
3784
557
-447
1087
3657
5000
4355
3568
3179
3774
3773
3037
2241
1439
1688
3010
3814
3477
1158
-1165
-2052
-1878
-1192
-1437
-1844
-2257
-2166
-1893
-2036
-2766
-3191
-3179
-2175
-363
649
761
287
-157
546
1433
1786
2348
3080
4019
4698
4780
3560
1737
592
544
1636
2594
2314
1485
468
-478
-1359
-2173
-3330
-3750
-3059
-1807
-891
-1312
-2502
-3431
-3588
-2940
-1579
-823
-274
416
831
754
-258
-1738
-2482
-2650
-2108
-1657
-2346
-3703
-5433
-6776
-7938
-9215
-9501
-10067
-6982
-559
3557
5185
1842
-2068
-2783
-2720
-238
2538
3854
5692
8492
11111
10531
5701
1059
177
3052
6417
7304
6024
4074
2742
2308
1417
334
-445
-930
510
2759
4387
2901
-1316
-4416
-5128
-3148
-1423
-976
-656
-945
-994
-968
-1632
-2765
-3430
-3198
-652
2316
3251
2154
-326
-1547
-703
161
889
1820
2083
2989
3374
2763
1255
-1462
-2736
-1293
1327
3512
3645
1832
45
-1178
-2129
-2364
-3179
-2765
-1365
68
1524
510
-1270
-2625
-2255
352
2820
4053
3896
3316
2817
2248
809
-549
-1533
-1405
-506
-275
-1327
-3988
-6652
-8476
-8474
-8560
-8899
-9479
-10385
-10303
-9990
-8683
-4588
307
3799
5766
4526
3111
2467
1858
3846
5140
6335
8219
9644
10677
8653
5008
1666
586
1502
2500
2533
2043
1427
596
418
-134
-83
39
269
1857
3413
4266
3054
1107
-20
-50
905
1529
1332
1054
147
-925
-1773
-2806
-3367
-3609
-3156
-2353
-1889
-2706
-3941
-5029
-4963
-3862
-2527
-687
807
1481
1423
1132
653
228
-490
-28
1207
2061
2367
1841
1339
341
135
-37
-385
-652
-1255
-1319
-1370
-1611
-2031
-2239
-2201
-1416
289
1966
3167
3814
4214
4092
3896
3764
3637
3510
2985
2662
2267
1292
252
-995
-1670
-2348
-3719
-4223
-5281
-6247
-7023
-8081
-8710
-9622
-10493
-10161
-5640
1999
7079
7685
4023
1029
633
1024
3478
5388
5903
6156
7659
10187
8765
2425
-2868
-2581
1348
3843
2732
798
-891
-2526
-2767
-1175
434
642
-118
1034
3570
3904
1257
-2882
-4416
-2953
-704
594
212
-1275
-3500
-5666
-6240
-5437
-5499
-6092
-5167
-2230
-367
-2048
-4542
-5139
-3578
-1184
1322
3983
5037
4277
3452
3862
3588
1910
403
579
2683
3821
3584
2272
-224
-2680
-3558
-3441
-3077
-2580
-1726
-506
-457
-1117
-1505
-1758
-897
1436
5053
7658
7979
7574
7538
6951
5953
5939
6879
7695
7366
6087
4088
1139
-2239
-4389
-4765
-4795
-4722
-4990
-5955
-7222
-8976
-10231
-11095
-11264
-10588
-9167
-9028
-8592
-5500
1506
8753
10072
7616
3662
2383
2747
3810
6954
7536
6093
5527
7770
8294
2513
-4975
-6544
-2077
1048
304
-1891
-3311
-5456
-6976
-4816
-1275
149
-1058
-595
3211
5515
3673
-342
-1986
-337
2120
3574
3988
2667
-663
-3988
-4879
-3608
-3700
-5288
-4643
-1680
365
-1050
-3252
-3594
-3068
-2005
529
4103
5707
4567
3688
4256
4092
1901
144
566
2142
2914
2885
1737
-1186
-3960
-4041
-1911
-366
88
535
424
-346
-594
-194
403
1158
3478
7100
9443
8934
7505
6421
5167
4613
5468
7019
6562
4323
1520
-1102
-3685
-6199
-6731
-6090
-5792
-6227
-6996
-7984
-9491
-10551
-10246
-9136
-7459
-6077
-5271
-5335
-6114
-7558
-7511
-5357
1644
10439
12813
11182
5642
2149
662
-868
1405
3179
3355
2999
4287
5126
393
-6978
-9136
-4563
79
1699
1242
1055
-671
-3309
-2081
1565
4153
4388
5283
8844
10058
6823
1630
-1684
-1692
-485
1091
2370
1754
-1748
-6274
-8477
-8055
-7980
-8753
-6916
-3288
-427
-822
-2767
-3213
-3127
-1802
1721
6207
8646
7886
6490
6132
4948
2089
587
1125
2375
2643
2268
1359
-1759
-5098
-5810
-3919
-2347
-2354
-1637
-522
-183
337
1734
3280
4019
5387
8118
10609
9888
7541
6353
5552
5017
4651
4861
4106
1616
-717
-2472
-4478
-7126
-8574
-7935
-6779
-6851
-7490
-8233
-8914
-9082
-8432
-7089
-5459
-4024
-3515
-3198
-3755
-4523
-5612
-5748
-3217
4997
12724
13760
9838
2832
136
-820
-412
3047
4534
4041
2846
4454
5126
-694
-8188
-8614
-2212
3191
4041
2650
1381
-2009
-4773
-1882
3586
6407
5588
5863
8805
8627
3835
-1397
-3046
-1572
-23
1844
2929
239
-5583
-10551
-11265
-9464
-8792
-8222
-4621
-566
929
-713
-2639
-2769
-2119
512
5508
9491
9849
7414
5320
4847
3182
827
118
519
1295
1564
1130
-915
-5137
-7586
-5965
-3074
-1663
-1594
-844
198
242
1339
3174
3936
3821
4820
8186
9762
8105
5196
3633
2981
2253
2424
2762
1719
-1043
-3362
-4771
-5978
-7415
-7821
-6124
-4330
-3753
-4313
-5391
-6311
-6290
-5012
-2843
-1438
-825
-1042
-1429
-2273
-3785
-5468
-5768
-4073
2190
10686
13341
10072
2404
-2359
-2525
-1642
2375
5656
5773
3740
3400
5424
2702
-4539
-8170
-3122
4133
6327
4196
2019
-819
-5249
-5497
-116
4973
5076
2598
4132
6138
3156
-2448
-5394
-3916
-2149
-1539
-221
-316
-4045
-9551
-11707
-9322
-7145
-6532
-3934
284
2170
590
-1646
-1222
-116
907
4055
7897
9239
7269
4579
3427
1811
-1001
-2023
-1059
389
456
-271
-1383
-4164
-6766
-6312
-3604
-1340
-311
935
2748
3022
2655
3068
3891
5152
7218
10056
11463
9537
6080
3853
2787
2262
2240
3175
3774
2475
92
-2789
-5525
-7918
-8849
-6968
-3897
-1968
-2016
-3681
-5441
-6467
-6478
-5655
-3797
-1881
-185
814
106
-1095
-4179
-6708
-6598
-3252
6074
12859
13120
7904
380
-2441
-3904
-2780
799
3032
3165
2059
3476
3488
-2053
-9290
-9628
-3096
1979
2790
1099
599
-1737
-4993
-3233
991
4374
3850
3821
7192
7104
3056
-2122
-3836
-2499
-2578
-1920
-408
-735
-4458
-9064
-10247
-9098
-8324
-6784
-2207
1999
2662
742
-767
-5
573
1749
4893
7649
8947
8120
6709
5072
1779
-984
-1491
-390
1324
2097
1739
-104
-3047
-4473
-3989
-3056
-1691
204
2693
4694
5116
5042
4361
3646
4441
6526
9047
9292
7359
5295
3517
2096
822
213
488
336
-701
-2141
-4070
-6236
-8100
-8249
-6604
-4676
-3456
-3466
-3575
-3829
-4457
-4577
-4120
-2597
-989
-158
479
-237
-1873
-4844
-7016
-6723
-4114
3239
8681
9603
5330
-1402
-4019
-5161
-3760
-1158
961
2072
1775
3148
3068
-819
-6243
-6865
-1932
2349
3247
2274
2420
1210
-1445
-1320
1123
4190
4330
4376
6140
5743
2753
-1505
-3019
-2533
-3088
-3197
-2538
-2145
-3711
-6363
-7632
-7734
-7687
-6022
-1526
2661
3944
2599
1322
1888
2493
3795
5809
7144
7912
7704
7783
6898
3661
147
-1992
-2012
-493
937
1649
740
-1697
-3180
-3232
-2922
-2484
-1881
501
3716
5637
6219
4976
3417
2549
2860
4615
6096
6592
5971
5216
4425
2925
724
-1194
-1958
-1870
-1480
-1891
-2781
-4219
-5575
-6214
-6540
-6219
-6240
-5796
-4831
-4320
-3567
-3767
-4101
-4247
-4677
-3844
-3426
-3840
-4509
-5532
-5225
-4096
83
5716
8282
6907
2352
-218
-1132
-1568
-807
407
1817
1739
2720
4258
3564
-314
-3990
-3219
-1076
-39
-153
1252
3450
2774
1712
1664
2921
3583
2375
2919
3780
3952
2719
929
277
-1570
-3812
-5255
-4897
-3603
-3645
-3998
-4395
-4256
-3745
-2424
-535
725
1477
1874
3167
4693
5653
6136
5320
4693
4770
5284
5499
4099
2517
1354
378
-443
-971
-1044
-1413
-2121
-2283
-1457
-1193
-1665
-1774
-1087
-13
456
1242
2496
3418
3799
3450
3110
2543
2131
2572
3606
4220
3649
2051
375
-803
-1806
-2548
-3393
-4386
-5032
-5031
-4883
-5429
-6479
-7228
-7131
-6293
-5358
-4685
-4090
-3477
-3002
-2285
-1793
-1846
-2036
-2055
-1560
-1349
-1494
-1753
-1566
854
4431
7274
7279
3991
714
-1518
-2285
-1775
-1144
-214
581
2019
3775
4338
3148
1030
-209
-437
23
754
2377
4373
5414
5707
5137
4271
2716
939
349
171
15
-703
-1787
-2280
-2835
-3738
-4853
-5951
-6675
-6969
-6446
-4709
-2364
-309
1328
2139
2048
1579
1446
2272
3137
3935
4945
5716
6136
5493
4174
2842
1471
424
-80
-44
279
563
561
260
-593
-1667
-2101
-2190
-1822
-1339
-810
-359
-323
-355
-206
41
189
325
733
1532
2403
3018
3134
3132
2803
2262
2044
2178
2227
1631
695
-237
-1152
-2032
-2687
-3000
-2998
-3185
-3949
-4807
-5218
-4965
-4356
-3741
-3143
-2639
-2303
-1841
-1159
-548
-403
-976
-1736
-2011
-1383
39
2233
4405
5497
5026
3214
1331
-340
-1657
-2316
-2452
-1918
-797
588
1839
2415
2183
1582
963
245
-751
-1761
-1850
-895
461
1671
2528
3085
2909
1841
374
-1255
-2371
-2927
-2872
-1969
-1051
-579
-903
-1677
-2180
-2559
-2592
-2186
-1632
-925
-270
302
756
1013
1106
1374
1499
1439
1267
707
737
1498
2700
3653
3626
3161
2409
1354
504
30
199
411
94
-47
213
568
478
-238
-904
-1426
-1665
-1359
-738
-308
-403
-432
148
1133
2085
2729
3208
3616
3692
3410
3180
3054
3068
3112
3083
2895
2421
1769
1036
-84
-1545
-2600
-2848
-2616
-2532
-2665
-2803
-2954
-3154
-3413
-3237
-2646
-2510
-2710
-2836
-2469
-1922
-1882
-2372
-2941
-3384
-3035
-1330
717
2131
2015
1113
529
-331
-1252
-2249
-2832
-2829
-2416
-1104
723
2223
2549
2096
1246
-270
-2298
-3819
-3459
-2001
-360
1072
2424
3765
3679
2640
1344
153
-808
-1792
-1730
-635
578
1540
2042
2397
2028
619
-1035
-2056
-2329
-2180
-1803
-1184
-353
101
145
325
577
980
1191
1495
2291
2824
3159
3270
3297
3306
2772
2089
1908
2015
2025
1386
392
-448
-1269
-1764
-1624
-1103
-699
-848
-1099
-991
-1047
-1448
-1868
-1591
-350
1140
2556
3569
4066
4039
3516
3021
2685
2446
2374
2600
2781
2654
2109
1235
276
-730
-1475
-1838
-2195
-2512
-2599
-2354
-2187
-2635
-3312
-3828
-3947
-3694
-3130
-2593
-2680
-3474
-4537
-5179
-5439
-5513
-5102
-3194
-256
2218
3360
2662
1289
-267
-1578
-2174
-2285
-2200
-2308
-1718
-264
1325
2081
1807
1338
469
-977
-2631
-3058
-1933
-550
895
2278
3809
4750
4717
4449
3993
3014
1576
616
759
1263
1429
1349
1333
1262
638
-53
-470
-934
-1952
-2938
-3327
-2877
-1918
-630
1254
2910
3761
3749
3225
2615
1736
938
1031
1886
2812
3095
2630
1814
487
-1049
-2272
-2788
-2556
-1989
-1263
-593
-165
-266
-848
-1469
-1643
-1099
-237
563
944
822
586
653
1223
1870
2380
2717
2838
2662
2151
1446
699
-83
-771
-791
-222
368
397
-164
-885
-1784
-2586
-3085
-3025
-2616
-2398
-2166
-1968
-1850
-2001
-2292
-2441
-2582
-2718
-2814
-2661
-2446
-2658
-3254
-3918
-3485
-1570
734
2474
2673
1716
371
-1072
-2061
-2529
-2651
-2631
-2096
-582
1269
2572
2973
3170
3246
2598
1134
-315
-424
439
1664
3063
4489
5862
6334
6128
5412
3822
1461
-1059
-2320
-2163
-1366
-428
264
622
174
-851
-1821
-2588
-3080
-3215
-2553
-1280
102
1308
2172
2581
2330
2155
2279
2611
2517
1841
1096
336
-155
-257
13
404
444
170
-206
-578
-976
-1438
-1636
-1552
-1018
-321
580
1208
1145
679
-95
-687
-1135
-1305
-813
284
1729
2920
3358
3147
2530
1854
1450
1335
1424
1436
1313
1200
846
219
-617
-1389
-1673
-1840
-2096
-2499
-2970
-3182
-3115
-2838
-2511
-2228
-2055
-1871
-1587
-1387
-1470
-1830
-2090
-2177
-2181
-2432
-2975
-3643
-4067
-3194
-1406
395
1258
533
-598
-1702
-2800
-3617
-4077
-3821
-2768
-836
1585
3580
4364
4184
3832
3223
2084
683
216
1029
2284
3479
4405
5111
5186
4360
3222
2168
930
-579
-1745
-1925
-1400
-864
-388
205
665
647
157
-336
-796
-1504
-1880
-1661
-755
429
1368
2268
2708
2482
1797
898
267
-306
-739
-698
-152
735
1513
1857
1765
1229
474
-140
-507
-380
-2
273
444
384
217
-76
-517
-975
-1381
-1567
-1503
-1115
-381
509
1221
1653
1841
2034
2100
1897
1436
851
425
273
483
723
782
489
15
-557
-1000
-1393
-1754
-2054
-2304
-2298
-2227
-2201
-2185
-1995
-1754
-1626
-1772
-1859
-1739
-1691
-1935
-2365
-2630
-2901
-3375
-3842
-3997
-3407
-1702
257
1803
2088
1055
-75
-1051
-1369
-1159
-805
-246
396
1522
2775
3504
3492
3114
2725
2014
749
-373
-410
353
1293
2038
2659
3301
3461
3180
2671
1813
865
-80
-403
-125
263
663
989
1368
1370
516
-910
-2225
-3024
-3234
-2979
-2536
-1766
-689
486
1297
1233
709
172
-85
124
606
1420
2252
3026
3701
3997
3631
2545
1280
273
-363
-829
-1089
-1066
-968
-903
-1062
-1519
-2260
-3143
-3587
-3459
-2859
-2011
-1044
-43
702
1073
1148
1169
1310
1481
1753
2153
2451
2298
1685
967
419
25
-301
-525
-710
-1019
-1503
-2091
-2738
-3406
-3962
-3918
-3222
-2217
-1429
-1191
-1235
-1400
-1644
-1765
-1631
-1338
-878
-546
-465
-738
-1383
-2223
-2340
-750
1685
3674
3905
2624
1022
-517
-1411
-1598
-1413
-1094
-580
927
2769
3534
2772
1545
839
265
-617
-1117
-130
1586
3087
4023
4456
4638
4012
3076
2317
1532
755
-253
-829
-866
-949
-1139
-1463
-1674
-2043
-2689
-3182
-3266
-2892
-2136
-906
457
1725
2521
2868
2973
2547
2017
1556
1339
1614
1953
2287
2284
1755
1030
115
-981
-2143
-2754
-2655
-2058
-1625
-1485
-1489
-1680
-1619
-1356
-955
-651
-739
-825
-659
-125
749
1483
2069
2343
2365
2202
1951
1752
1446
1119
792
629
515
314
-5
-432
-826
-1213
-1491
-1640
-1573
-1380
-1184
-1028
-1063
-1217
-1322
-1155
-693
-213
23
-108
-428
-729
-905
-1073
-1307
-1590
-2158
-2795
-3530
-4160
-4978
-4660
-1683
1882
4352
3598
1236
-630
-2159
-2278
-1744
-861
-324
525
2784
5045
5416
3429
1557
569
-232
-1144
-1312
497
2109
2832
2920
2678
2436
1048
-187
-937
-1558
-1697
-1625
-426
852
1195
629
-497
-1288
-1890
-1858
-1260
-257
517
1146
2023
2356
2292
1645
945
493
-98
39
450
1063
1530
1421
1317
928
467
-186
-1005
-1430
-1290
-553
421
1055
950
315
-462
-1136
-1515
-1584
-1237
-764
-310
50
29
-139
-441
-519
-169
262
865
1409
1928
2462
2505
2169
1671
1253
1024
912
906
788
414
-84
-578
-1063
-1461
-1944
-2535
-3080
-3528
-3475
-3114
-2577
-1883
-1577
-1454
-1377
-1302
-1309
-1451
-1634
-1651
-1974
-2343
-2860
-3439
-4310
-4788
-1688
3079
6297
5535
1527
-1132
-3001
-3647
-2372
-397
1263
1588
3120
5290
5246
1702
-1880
-2503
-1926
-1288
-589
2027
4426
3953
2444
1031
1034
766
318
1218
2183
2867
2474
2312
2347
1357
-262
-2065
-2503
-1807
-494
777
983
431
-574
-663
-304
61
412
574
1212
1620
2194
2678
2349
1811
1161
881
901
919
1043
694
-179
-1111
-1552
-1665
-1803
-2322
-2860
-3111
-3280
-3119
-2803
-2042
-1183
-739
-475
-220
349
974
1467
2048
2762
3662
4524
5082
4950
4057
2666
1400
641
170
-268
-939
-1643
-2257
-2653
-2963
-3457
-3940
-4189
-3881
-3195
-2443
-1610
-889
-274
328
980
1440
1564
1338
904
627
198
-252
-1125
-2214
-3557
-4831
-6513
-7085
-2753
3097
6526
4552
-484
-3210
-5132
-4960
-2335
1175
3207
2813
4142
6341
5803
834
-3170
-2524
-581
876
1903
4687
6245
3541
557
-416
992
1458
1073
1976
3087
3294
1360
-142
-823
-1617
-2705
-3858
-3086
-1557
-199
157
-995
-2072
-2505
-1307
197
1265
1947
1988
2187
2065
2348
2408
1351
356
-109
373
904
722
27
-1324
-2923
-3957
-3858
-3262
-2925
-3219
-3576
-3455
-3275
-3034
-2674
-1896
-872
-45
738
1750
2691
3151
3359
3573
4419
5178
5443
5402
4635
3297
1442
169
-272
-536
-1115
-1993
-2400
-2651
-2900
-3324
-3711
-3686
-3458
-2562
-1237
231
1172
1203
1146
1121
1707
2220
2575
2804
2380
1938
1044
-210
-1369
-2948
-3952
-4784
-5287
-6080
-7270
-4033
1414
5018
3782
-1239
-3348
-4441
-3983
-1062
2659
5127
3644
3809
5643
5271
966
-3077
-1401
1787
3094
3338
4630
5217
1738
-2055
-2513
30
975
556
1371
2443
2423
-550
-2801
-3301
-3825
-3618
-3456
-1357
943
1103
72
-1985
-2695
-2176
-426
1819
3236
3900
3204
2203
1332
953
669
-536
-1072
-378
845
1346
652
-512
-2031
-3761
-4731
-3982
-2595
-1514
-1082
-1208
-1217
-1687
-1945
-1248
119
1449
1880
2062
2533
3175
3325
3178
3319
3639
4171
4250
4019
3305
1560
-236
-1177
-1047
-681
-927
-1445
-1758
-2139
-2706
-2927
-2525
-1582
-585
311
1108
1385
1090
414
366
1128
2034
2629
2400
2009
1575
323
-1115
-2605
-3616
-3980
-4237
-4526
-4752
-5890
-6970
-9108
-9709
-4638
1052
4728
2875
-432
-574
-1759
-1177
861
3355
4162
2305
4021
6256
4618
-223
-2721
-225
1732
733
91
1555
1232
-1413
-3201
-1994
412
-278
-203
1368
2653
2628
-140
-974
-906
-822
275
922
2610
2917
1796
886
-298
-380
48
1090
2296
2519
2025
1046
-76
-797
-1199
-1781
-1850
-928
550
1535
964
15
-1344
-3246
-4166
-3502
-1227
468
298
-500
-1200
-1292
-1243
-1050
-278
537
1073
1318
1870
2588
2603
2215
2080
2550
3146
3119
2946
2735
2045
848
-298
-414
173
401
149
-327
-789
-1304
-1615
-1300
-506
318
705
823
674
530
668
797
920
907
664
500
275
-458
-1052
-1915
-2848
-3405
-3991
-3985
-4157
-4933
-5881
-6657
-7526
-8176
-9547
-7236
-289
5002
6700
2728
118
-311
-1932
-885
969
3075
2887
2382
5434
6061
1983
-2907
-2979
446
1603
745
1392
2775
1293
-879
-1109
963
2178
1261
2720
4533
4863
3130
64
-327
-579
68
1648
2214
2753
1470
108
-537
-1551
-1558
-1001
-35
731
287
-781
-1761
-2392
-2176
-1418
-902
-73
649
953
533
-818
-1720
-2434
-2972
-2557
-1259
724
1488
589
-784
-1703
-1331
-734
-392
247
1188
2169
2481
2210
2038
1886
1650
1799
2613
3717
4023
3295
2261
1536
976
621
726
1265
1744
1461
707
42
-306
-331
-443
-387
-51
274
684
849
808
395
-495
-1237
-1687
-1690
-1291
-1078
-1260
-1939
-2550
-2975
-3393
-4031
-4602
-4959
-5398
-6066
-6325
-6576
-6597
-7805
-6895
-1069
4025
6619
4016
1364
993
-955
-559
1226
3143
3348
3108
6237
7142
2696
-2815
-2909
765
1850
386
360
1951
839
-986
-558
1589
2561
962
2054
4530
5161
3605
768
558
797
1113
2218
2130
1438
-598
-2008
-1804
-2236
-3120
-3824
-3639
-2553
-1757
-1858
-2159
-2661
-2976
-2485
-1964
-1076
-88
322
714
743
890
691
-511
-1217
-942
672
2002
1960
1467
676
168
-447
-1095
-964
-348
541
1467
2319
2642
1892
1008
926
2015
3296
3906
4430
5031
5528
4955
3621
2261
1422
1373
1612
2273
2489
2001
1076
-31
-713
-1288
-1581
-1660
-1464
-908
-412
-288
-1200
-2463
-3327
-3451
-2708
-2060
-1436
-1359
-1849
-2681
-3964
-4791
-5147
-5183
-4925
-4751
-4235
-4282
-4670
-6437
-6273
-1500
2888
5644
3720
1456
1348
-638
-1031
-185
1117
1418
1041
3811
5257
2060
-2541
-2708
901
2445
1143
1006
2802
2879
2133
2458
3662
3698
1504
1680
3611
4672
3946
1471
565
-175
-555
-202
-1129
-2107
-3448
-3841
-2914
-3020
-3415
-3478
-3017
-1957
-1220
-1254
-1646
-2125
-1834
-539
519
1316
1790
1823
1925
1589
1243
361
-1538
-2680
-2582
-1322
-376
-479
-325
-377
-577
-1070
-1714
-1743
-1586
-636
1077
2931
4280
4338
3984
3815
4053
4402
4509
5125
5863
5802
4613
3145
2211
1493
660
-63
-105
-142
-812
-1715
-2269
-2215
-2352
-2600
-2678
-2253
-1501
-1010
-671
-757
-990
-1139
-1177
-870
-624
-365
-365
-938
-1576
-2408
-3264
-3809
-4028
-4197
-4107
-4617
-5188
-5806
-6799
-7159
-7556
-4397
815
4736
5934
3286
2202
944
-745
-224
1149
2941
3213
4574
7373
6790
2253
-1361
-437
1613
1459
806
2183
3299
2022
1303
1680
2055
511
-716
1464
3556
3777
2133
352
-426
-1841
-2460
-2143
-1708
-1368
-1648
-1497
-1396
-2417
-3792
-4700
-4544
-3012
-1097
284
886
614
206
-57
-331
10
699
1312
1701
1662
1639
1008
-404
-1396
-1737
-1567
-1300
-966
-340
82
-5
-96
231
823
1487
2099
3047
4246
5087
5458
5319
5128
4889
4535
4377
4315
4280
3721
2826
2084
1091
-13
-1021
-1443
-1294
-1481
-1837
-1954
-1862
-1835
-1860
-1495
-930
-751
-898
-926
-713
-610
-826
-896
-824
-1041
-1428
-1779
-2125
-2670
-3550
-4291
-4652
-4829
-4791
-4727
-4536
-4409
-4578
-4660
-4665
-4651
-4523
-4634
-5178
-2879
1576
5218
6600
4221
2749
1855
356
810
1530
2045
1464
2200
5174
5272
1681
-1512
-784
1132
919
569
1883
2627
1113
417
1614
2214
650
-844
590
2405
2522
1519
550
-133
-1648
-2366
-1970
-2051
-2369
-2689
-2089
-1146
-1147
-1411
-1777
-2196
-1836
-926
-140
-17
-134
663
1830
2209
1919
1178
211
-520
-839
-318
66
-784
-1808
-2061
-1405
-643
-527
-64
987
2312
3416
3767
4041
4056
3793
3895
4225
4792
4780
4151
3957
3969
3898
3111
1965
1352
881
523
277
-81
-511
-1025
-1169
-824
-824
-1314
-1573
-1387
-1024
-808
-655
-449
-557
-667
-419
-242
-668
-1657
-2277
-2144
-1999
-2271
-2778
-3236
-3428
-3489
-3582
-3699
-4153
-4763
-5058
-4918
-4234
-3524
-3004
-2897
-3226
-3252
-3015
-2886
-3437
-2654
1196
5062
6663
5089
3098
2514
916
88
720
1467
1617
1877
4680
6459
3544
-732
-1988
-55
735
209
1123
2187
1366
-239
152
1456
862
-612
-244
1903
3139
2886
2179
1298
76
-738
-395
-370
-1377
-2388
-2392
-1524
-1244
-1563
-1920
-2496
-2523
-1914
-1359
-1411
-2040
-1925
-1050
-402
-110
-22
-17
-105
11
582
1077
666
154
589
1641
2494
2302
1816
1711
1963
2604
3014
3169
2756
1895
1502
1578
2014
2042
1582
1676
2216
2755
2599
1904
1358
782
568
868
1634
2247
1975
1401
882
324
-490
-1175
-1085
-518
-95
-363
-1116
-2004
-2895
-3430
-3640
-3505
-3240
-2924
-2486
-2079
-2041
-2573
-3099
-3134
-2610
-1944
-1523
-1236
-1134
-1280
-1697
-2081
-2271
-2421
-2597
-2646
-2433
-2283
-2522
-3089
-3743
-4300
-3862
-1723
1219
3468
4036
3888
3823
3017
1889
1210
1190
1562
2340
4465
6371
5529
2623
63
-787
-1335
-2095
-1609
-441
-22
-262
8
844
565
-519
-503
649
1522
1497
1423
1596
1103
289
-58
-248
-844
-1710
-1974
-1814
-2171
-2676
-2588
-2127
-1928
-1947
-1676
-1413
-1472
-1482
-900
-72
357
756
1389
2114
2401
2228
2258
2112
1742
1431
1269
1550
1849
2291
2788
2952
2975
2700
2306
1798
1305
1306
1564
1962
2555
3257
3859
3879
3304
2438
1487
820
719
950
1130
1035
768
425
-320
-1322
-2167
-2605
-2502
-2153
-1661
-1232
-1197
-1399
-1834
-2263
-2618
-2825
-2682
-2252
-1597
-1135
-1113
-1544
-2114
-2559
-2989
-3210
-3291
-3125
-2894
-2825
-2588
-2347
-2132
-2093
-2135
-1946
-1596
-1113
-573
73
632
825
643
265
7
-97
309
1470
2575
2838
2100
1285
1034
865
545
51
-337
-366
119
1160
1922
1845
1294
920
919
887
807
865
914
794
829
1351
2114
2503
2037
1140
259
-328
-542
-765
-957
-1103
-1114
-1044
-1249
-1755
-2338
-2674
-2754
-2570
-2033
-1419
-1036
-1041
-1099
-807
-296
118
353
579
901
1161
1188
1116
1058
1012
978
1002
1206
1385
1293
1166
1189
1456
1757
1960
2213
2327
2263
2162
1940
1635
1234
931
916
848
695
637
745
893
691
290
-1
-143
-114
-6
250
534
589
500
478
467
333
0
-339
-435
-537
-702
-982
-1326
-1592
-1973
-2204
-2115
-1833
-1677
-2014
-2446
-2621
-2548
-2400
-2304
-1964
-1384
-869
-444
-82
237
393
325
377
633
912
1071
979
834
575
141
-240
-642
-1003
-1378
-1678
-1640
-1441
-1257
-1108
-744
-164
303
560
631
707
882
1098
1201
872
382
338
814
1199
1045
518
-134
-666
-893
-683
-514
-717
-770
-328
390
771
765
780
715
635
773
1168
1432
1188
869
881
1075
1021
560
-7
-387
-549
-595
-558
-568
-667
-917
-1260
-1332
-1151
-735
-264
220
818
1017
819
483
272
289
199
247
509
714
745
694
782
746
422
202
325
690
907
998
1254
1580
1708
1562
1275
1039
859
741
750
796
779
716
581
420
306
197
209
207
198
238
65
-248
-678
-924
-883
-764
-425
-67
193
190
-226
-717
-1099
-1264
-1266
-1111
-692
-138
107
-248
-939
-1533
-1909
-2252
-2324
-1951
-1439
-1220
-1469
-1684
-1691
-1778
-1953
-2038
-1625
-967
-514
-287
-275
-380
-631
-930
-969
-747
-212
604
1241
1242
595
-255
-936
-1280
-1229
-922
-722
-693
-618
-343
-72
-144
-369
-433
-170
482
1312
1931
2025
1761
1598
1614
1591
1436
1378
1479
1675
1777
1700
1399
868
459
241
185
78
-68
-5
45
55
-87
-349
-633
-922
-966
-790
-642
-582
-473
-263
-15
86
22
-128
-380
-569
-480
-146
237
389
502
653
633
425
120
152
417
611
645
593
789
1006
1020
942
833
848
955
1315
1892
2203
2001
1505
1219
1161
1078
1078
1279
1542
1620
1455
1251
946
469
76
-7
164
318
328
261
110
-246
-714
-1077
-1262
-1351
-1402
-1309
-1114
-1053
-1139
-1323
-1456
-1668
-1931
-2014
-1928
-1690
-1578
-1591
-1732
-2032
-2370
-2621
-2600
-2390
-2102
-1894
-1769
-1788
-1893
-1919
-1992
-1900
-1503
-803
-44
156
-87
-396
-504
-314
-93
228
405
526
967
1659
2200
2048
1525
1174
1084
1327
1726
2074
2038
1699
1630
1707
1635
1391
1327
1360
1111
819
730
736
426
-68
-211
-115
11
176
493
761
456
-286
-1011
-1314
-1168
-909
-670
-703
-931
-1048
-1101
-1207
-1455
-1620
-1505
-1306
-1175
-1095
-925
-776
-685
-407
92
647
1092
1419
1641
1686
1602
1629
1768
1908
2074
2244
2374
2348
2249
2242
2148
1781
1411
1309
1366
1365
1261
1182
1153
1098
1017
1066
1253
1307
1084
789
535
321
82
-52
96
232
93
-346
-866
-1373
-1902
-2251
-2421
-2471
-2480
-2597
-2735
-2947
-3250
-3494
-3620
-3541
-3292
-2921
-2450
-2045
-1812
-1719
-1706
-1619
-1453
-1259
-901
-620
-481
-513
-754
-918
-1146
-1267
-1238
-1000
-339
381
887
927
698
531
495
755
1124
1368
1517
1994
2890
3354
2941
2117
1486
1142
986
1249
1593
1453
865
532
775
893
731
645
786
948
864
755
533
195
-12
-85
-56
-102
-31
245
321
46
-581
-1268
-1796
-2114
-2040
-1907
-1989
-2214
-2230
-1748
-1257
-1112
-1122
-1028
-746
-464
-146
368
786
847
817
1044
1474
1752
1716
1726
1852
1869
1755
1626
1690
1727
1534
1449
1665
2067
2264
2132
2027
1966
1870
1725
1602
1553
1351
1163
1222
1379
1374
1036
599
293
24
-223
-437
-642
-849
-1043
-1147
-1229
-1478
-1743
-1833
-1787
-1684
-1740
-1952
-2192
-2411
-2492
-2512
-2552
-2517
-2426
-2262
-2138
-2095
-2038
-2114
-2222
-2215
-2036
-1752
-1539
-1296
-952
-604
-375
-390
-510
-675
-761
-741
-665
-293
464
1423
2076
2128
1748
1229
874
834
1071
1231
1170
1212
1494
1749
1608
1180
818
619
566
681
731
477
88
41
449
922
1231
1417
1515
1385
1117
913
657
373
177
173
209
2
-273
-436
-647
-951
-1266
-1414
-1307
-1190
-1101
-1071
-1161
-1253
-1232
-897
-445
-208
-146
-135
-28
-9
-207
-375
-437
-326
-33
389
825
1134
1297
1359
1364
1288
1208
1181
1177
1217
1354
1636
1886
1918
1740
1511
1446
1419
1333
1190
900
527
210
203
485
597
436
313
379
517
435
273
137
-130
-420
-519
-293
-117
-330
-601
-749
-879
-1146
-1502
-1669
-1778
-1943
-1977
-1862
-1741
-1815
-1986
-1920
-1715
-1515
-1369
-1301
-1194
-1037
-833
-580
-399
-216
-1
185
371
406
259
66
-19
78
215
209
9
-236
-248
220
908
1267
1052
607
344
320
495
679
576
183
27
524
1194
1257
800
339
107
27
178
398
175
-302
-431
-107
130
46
96
358
509
456
355
246
39
-52
48
111
30
-59
34
135
16
-260
-610
-924
-1196
-1378
-1494
-1604
-1555
-1345
-908
-403
-132
-9
17
92
106
11
-19
16
145
311
524
687
695
638
619
630
449
168
18
51
216
357
518
670
776
911
1027
1061
920
834
930
1085
1161
1035
909
895
916
920
853
803
646
369
112
-75
-187
-339
-449
-461
-431
-402
-373
-317
-370
-553
-738
-836
-793
-775
-684
-452
-256
-170
-222
-264
-343
-489
-645
-733
-697
-709
-718
-654
-546
-495
-618
-747
-720
-553
-369
-282
-281
-358
-526
-669
-784
-908
-1050
-1011
-457
280
636
393
-124
-563
-854
-819
-563
-413
-522
-406
289
807
656
139
-239
-317
-346
55
561
563
300
272
589
650
583
846
1181
1185
908
783
671
359
114
81
144
49
14
192
351
323
64
-189
-340
-447
-507
-630
-726
-719
-609
-349
-111
-30
-121
-219
-223
-285
-488
-742
-821
-646
-319
62
370
661
883
955
864
579
311
188
371
753
964
909
655
482
401
282
194
82
5
0
130
320
284
110
36
178
408
615
902
1164
1261
1222
1129
1032
842
667
584
553
415
235
159
67
-59
-308
-525
-628
-738
-793
-788
-734
-643
-556
-390
-193
-93
-118
-187
-235
-285
-264
-203
-225
-382
-509
-598
-701
-849
-1007
-1045
-1080
-1151
-1207
-1242
-1301
-1462
-1672
-1764
-1475
-726
-13
294
108
-220
-396
-480
-258
-46
-246
-593
-363
578
1038
676
156
-148
-219
-195
308
755
597
359
542
888
812
766
1178
1586
1681
1613
1683
1545
1169
997
907
718
408
425
756
800
488
-72
-459
-684
-902
-972
-1018
-1006
-1021
-987
-741
-582
-599
-654
-518
-257
-210
-345
-417
-348
-394
-585
-618
-448
-198
15
211
294
11
-433
-646
-543
-382
-311
-147
98
249
268
300
505
680
754
849
983
1051
1006
1079
1258
1316
1223
1170
1340
1519
1546
1433
1160
861
639
573
471
233
24
-36
51
87
78
2
-194
-390
-534
-517
-457
-489
-565
-679
-720
-767
-862
-915
-940
-976
-1010
-929
-763
-671
-680
-753
-755
-667
-584
-515
-455
-358
-322
-327
-427
-650
-859
-1011
-1032
-1050
-1066
-889
-485
-26
189
181
81
-34
-63
69
359
535
600
865
1331
1635
1536
1267
1097
1064
1118
1174
1107
876
596
448
428
392
352
414
498
491
368
130
-114
-286
-341
-335
-389
-461
-483
-359
-211
-249
-470
-782
-1032
-1187
-1283
-1321
-1380
-1487
-1538
-1438
-1279
-1220
-1222
-1174
-1075
-979
-833
-638
-488
-410
-306
-81
206
443
618
705
728
745
832
1007
1115
1143
1112
1051
1062
1096
1141
1150
1110
1108
1065
1051
1043
1027
1023
1008
1026
999
986
1000
1033
1062
966
770
526
328
234
203
150
51
-29
-135
-301
-493
-688
-800
-878
-919
-901
-888
-862
-872
-918
-992
-1149
-1283
-1307
-1218
-1099
-1024
-967
-971
-975
-961
-886
-743
-606
-451
-267
-23
182
246
231
227
292
415
549
674
793
904
957
930
808
669
549
441
406
389
405
446
455
459
380
243
176
187
248
288
332
318
297
353
388
360
253
217
213
143
24
-151
-290
-442
-635
-878
-1137
-1315
-1361
-1307
-1301
-1321
-1306
-1275
-1271
-1320
-1326
-1268
-1138
-972
-798
-619
-533
-525
-481
-351
-189
-109
-114
-60
68
189
247
258
282
326
439
620
813
970
1003
936
857
783
770
852
944
1009
1031
1013
1059
1107
1095
1086
1084
1065
976
856
791
732
645
565
529
536
481
400
321
173
-84
-384
-568
-640
-678
-738
-815
-918
-1030
-1077
-1058
-1011
-977
-952
-878
-783
-662
-498
-336
-241
-178
-117
-65
48
180
298
353
290
185
109
54
34
75
142
216
285
346
382
360
291
229
221
285
424
589
707
768
846
959
1011
1011
1014
1073
1113
1066
968
864
809
764
659
483
339
255
138
-33
-271
-534
-778
-965
-1076
-1199
-1370
-1491
-1474
-1398
-1329
-1282
-1260
-1260
-1300
-1343
-1382
-1465
-1568
-1628
-1586
-1475
-1386
-1346
-1341
-1346
-1391
-1389
-1260
-1064
-905
-817
-664
-399
-158
9
102
185
318
516
803
1121
1387
1519
1514
1510
1536
1568
1590
1583
1623
1704
1713
1609
1454
1283
1149
1089
1018
912
816
738
684
650
608
499
404
404
493
582
502
339
141
-47
-79
-45
-1
-23
-52
-48
-106
-192
-257
-280
-320
-316
-204
-125
-122
-150
-105
-51
-80
-70
-30
14
-6
-3
11
18
39
5
5
27
87
156
165
170
196
228
221
174
146
140
200
268
304
270
131
22
-38
-19
-5
-67
-182
-313
-382
-410
-454
-500
-483
-429
-397
-411
-411
-387
-401
-461
-510
-561
-618
-657
-669
-650
-684
-764
-872
-976
-1050
-1046
-964
-885
-824
-807
-820
-837
-829
-789
-747
-726
-672
-606
-561
-535
-483
-396
-315
-234
-155
-82
-49
-15
60
176
277
356
441
491
490
448
453
513
543
573
615
660
692
652
621
628
628
619
598
590
598
630
653
674
684
693
707
710
740
715
620
468
357
302
228
154
66
-31
-142
-246
-318
-407
-525
-606
-681
-746
-798
-854
-931
-1038
-1107
-1119
-1073
-995
-836
-664
-567
-550
-587
-615
-619
-533
-382
-223
-33
192
423
537
558
581
609
702
820
983
1098
1134
1191
1220
1222
1203
1216
1274
1309
1311
1323
1309
1224
1110
1034
957
895
887
904
911
834
694
510
298
81
-150
-366
-531
-677
-849
-1019
-1123
-1221
-1298
-1339
-1328
-1266
-1241
-1221
-1162
-1087
-1080
-1118
-1110
-1086
-1057
-1032
-982
-924
-910
-883
-872
-895
-927
-955
-930
-888
-812
-668
-425
-150
20
123
173
190
195
219
311
457
621
765
912
1024
1023
926
830
790
790
800
849
918
916
825
683
537
404
303
258
260
262
211
142
61
-17
-93
-191
-242
-252
-197
-143
-147
-191
-263
-331
-390
-402
-375
-347
-334
-366
-397
-415
-427
-392
-302
-151
5
88
112
111
103
109
147
233
340
425
500
580
596
530
462
399
398
468
582
672
660
602
525
472
415
360
367
376
371
335
335
355
334
265
220
256
293
298
233
140
21
-120
-236
-297
-347
-380
-385
-377
-417
-534
-640
-692
-672
-610
-525
-450
-358
-245
-175
-185
-204
-212
-206
-188
-182
-189
-215
-224
-216
-228
-249
-270
-273
-227
-175
-116
-55
-28
-19
9
36
46
49
74
132
176
189
155
147
165
172
132
22
-91
-164
-186
-160
-126
-111
-103
-128
-143
-151
-185
-196
-166
-113
-49
41
115
152
119
73
92
92
51
51
102
166
186
153
92
11
-107
-225
-273
-265
-211
-170
-144
-116
-117
-116
-141
-160
-138
-83
-11
28
33
-4
-60
-110
-126
-89
-28
4
-28
-77
-93
-85
-98
-130
-144
-63
62
129
189
269
329
350
368
438
533
572
579
611
674
746
803
826
820
786
774
766
727
662
607
588
552
503
451
427
430
421
424
464
479
416
327
247
144
48
-33
-107
-178
-241
-280
-318
-399
-518
-602
-640
-654
-677
-681
-643
-637
-666
-700
-693
-649
-637
-660
-699
-760
-831
-898
-915
-896
-907
-958
-1010
-1008
-979
-927
-873
-823
-787
-783
-736
-612
-481
-406
-349
-297
-242
-130
45
201
307
377
419
462
459
416
380
388
439
479
518
541
540
531
516
485
438
400
401
449
507
554
530
460
398
345
315
296
292
279
232
189
134
48
-67
-156
-159
-135
-136
-136
-137
-153
-179
-218
-247
-230
-184
-158
-144
-128
-133
-163
-166
-155
-150
-137
-126
-71
22
82
94
67
54
48
64
137
193
211
195
186
209
280
343
377
400
404
438
485
531
557
564
607
666
723
758
720
643
570
504
481
453
426
410
389
379
332
277
195
116
59
0
-54
-116
-150
-188
-250
-311
-362
-419
-457
-484
-509
-535
-561
-602
-669
-718
-755
-777
-757
-723
-699
-684
-667
-655
-664
-679
-678
-633
-547
-478
-445
-440
-422
-345
-254
-182
-131
-109
-74
-37
25
89
110
134
180
259
337
395
401
372
348
341
343
331
327
328
344
366
345
291
238
202
161
104
47
-9
-57
-90
-119
-163
-228
-300
-338
-341
-327
-349
-392
-451
-532
-601
-654
-668
-664
-626
-597
-598
-584
-546
-506
-496
-501
-483
-412
-295
-189
-116
-50
-14
35
116
211
325
410
486
586
681
746
788
851
908
943
1002
1067
1103
1102
1070
1035
989
945
953
950
901
817
719
640
562
489
413
341
263
219
188
131
63
-20
-81
-139
-188
-252
-357
-468
-537
-578
-645
-729
-800
-843
-868
-904
-960
-1027
-1079
-1083
-1026
-963
-957
-965
-947
-901
-829
-765
-717
-664
-599
-483
-365
-278
-212
-138
-61
-20
46
137
253
353
412
456
475
484
530
605
679
754
859
961
1014
1044
1023
969
927
932
982
1016
1003
955
893
821
718
587
458
361
294
245
209
131
22
-120
-267
-386
-479
-512
-496
-491
-544
-629
-711
-770
-808
-810
-790
-792
-795
-771
-756
-762
-776
-784
-767
-716
-659
-590
-504
-446
-380
-333
-309
-283
-228
-134
-32
48
97
159
251
356
461
537
583
646
693
746
800
829
855
879
912
931
934
915
894
862
818
796
732
647
592
564
580
581
529
427
299
180
90
42
13
-13
-54
-123
-198
-282
-359
-433
-515
-584
-619
-660
-712
-737
-775
-817
-867
-903
-889
-872
-839
-773
-686
-627
-586
-545
-503
-451
-367
-255
-153
-58
16
102
184
235
291
349
400
434
482
536
577
604
614
608
587
577
573
586
597
617
652
646
604
538
468
427
393
355
327
297
249
174
108
39
-53
-157
-264
-339
-410
-470
-517
-577
-670
-783
-836
-867
-907
-939
-957
-936
-909
-903
-876
-832
-810
-808
-789
-744
-706
-688
-642
-579
-512
-463
-423
-362
-334
-285
-201
-102
2
83
194
326
452
562
664
767
857
931
983
1035
1077
1126
1191
1224
1225
1213
1186
1139
1087
1053
1015
975
928
858
783
719
661
616
569
489
379
240
101
-31
-132
-215
-313
-389
-459
-532
-630
-726
-799
-848
-883
-908
-913
-924
-924
-939
-971
-1022
-1078
-1108
-1121
-1087
-1019
-955
-914
-873
-831
-799
-752
-709
-629
-519
-402
-278
-177
-77
30
118
214
342
470
560
642
741
804
834
861
870
890
919
972
1058
1126
1164
1155
1119
1084
1044
989
930
877
820
736
636
541
454
366
294
219
149
76
-17
-114
-229
-317
-400
-497
-570
-603
-612
-648
-707
-761
-818
-901
-962
-996
-1016
-1025
-1050
-1049
-1047
-1022
-968
-895
-805
-736
-654
-578
-522
-459
-391
-304
-200
-94
12
108
187
257
316
372
417
449
486
553
620
664
718
760
791
790
776
751
729
735
751
743
701
662
610
559
518
486
438
374
296
192
92
-3
-60
-89
-131
-185
-258
-327
-375
-419
-500
-597
-685
-757
-792
-831
-866
-897
-915
-911
-893
-870
-835
-796
-762
-709
-643
-576
-499
-413
-312
-212
-113
-15
71
144
187
237
291
345
426
502
566
618
678
743
797
840
863
891
939
982
1011
1017
1001
974
953
927
924
902
841
765
678
586
456
353
266
189
124
105
86
19
-69
-165
-237
-313
-379
-457
-519
-560
-584
-592
-625
-664
-725
-791
-834
-843
-810
-803
-821
-812
-816
-835
-825
-775
-729
-690
-636
-545
-447
-392
-354
-311
-272
-211
-109
0
104
197
296
406
469
484
502
531
594
666
725
776
797
787
775
756
734
715
698
695
684
660
615
561
509
441
356
285
212
136
85
34
-37
-94
-168
-270
-365
-473
-564
-620
-675
-705
-723
-761
-796
-824
-845
-871
-894
-884
-854
-822
-784
-728
-679
-635
-592
-559
-520
-485
-440
-355
-285
-216
-158
-116
-62
-4
66
135
213
268
344
411
439
458
497
538
561
611
670
679
661
668
674
659
623
585
561
528
499
488
467
421
365
310
253
180
127
116
92
26
-50
-122
-174
-218
-265
-317
-362
-391
-423
-441
-448
-478
-531
-555
-548
-558
-549
-527
-510
-481
-464
-438
-414
-404
-372
-315
-220
-136
-75
-20
11
55
121
215
287
346
396
432
487
528
542
547
568
580
587
582
578
593
585
589
574
543
524
499
474
475
483
476
451
405
347
265
165
88
9
-74
-156
-229
-269
-289
-315
-327
-340
-391
-405
-407
-455
-479
-475
-464
-451
-439
-415
-417
-454
-500
-515
-503
-506
-494
-482
-479
-474
-472
-457
-429
-374
-291
-177
-73
22
84
130
189
233
277
313
359
430
496
532
549
545
531
538
539
558
590
607
630
643
637
623
592
569
529
502
485
454
415
362
297
205
114
44
-23
-82
-137
-196
-242
-278
-311
-353
-404
-445
-482
-491
-491
-512
-554
-596
-627
-657
-667
-668
-674
-663
-621
-573
-535
-498
-455
-404
-359
-302
-242
-182
-120
-69
-10
24
47
61
76
105
129
143
155
180
215
229
225
244
245
250
280
324
374
416
415
399
377
338
298
261
231
184
142
117
94
47
12
-21
-44
-36
-26
-9
8
3
-47
-82
-113
-141
-187
-227
-236
-240
-254
-280
-293
-329
-365
-377
-370
-340
-311
-272
-213
-178
-156
-151
-168
-149
-102
-52
7
38
37
37
37
50
41
24
41
71
126
167
193
228
242
243
262
297
306
307
314
318
308
263
241
207
150
120
103
99
79
41
11
-17
-64
-120
-154
-167
-159
-158
-146
-134
-154
-203
-231
-227
-227
-236
-263
-250
-251
-269
-287
-300
-292
-294
-268
-235
-214
-210
-199
-165
-133
-106
-70
-42
-25
2
18
56
100
139
161
193
217
212
208
236
261
252
248
228
222
220
234
246
256
256
238
236
227
217
206
215
220
224
228
214
190
181
184
178
187
201
216
211
174
118
74
54
19
-12
-24
-39
-62
-82
-88
-82
-72
-91
-106
-98
-85
-89
-97
-97
-101
-111
-117
-105
-93
-82
-61
-42
-61
-77
-88
-95
-101
-108
-104
-105
-101
-99
-74
-45
-33
-17
29
83
125
145
139
133
137
143
164
206
229
243
251
241
228
206
200
215
210
220
207
201
198
174
146
122
115
93
88
104
98
81
75
68
33
-40
-110
-144
-161
-177
-191
-216
-257
-312
-373
-430
-461
-464
-471
-454
-443
-447
-454
-463
-464
-466
-466
-478
-467
-442
-412
-369
-330
-322
-323
-321
-322
-285
-241
-191
-133
-94
-73
-67
-52
-25
-5
43
122
184
229
264
293
293
288
296
315
342
390
427
449
472
467
461
457
456
427
414
419
438
451
429
395
330
276
226
188
175
144
110
83
47
-3
-57
-99
-138
-145
-123
-108
-104
-105
-129
-177
-201
-234
-243
-223
-194
-169
-149
-133
-136
-114
-96
-94
-83
-61
-22
26
69
83
89
91
82
70
78
106
130
165
194
208
200
175
177
195
217
232
237
236
217
198
197
183
165
147
148
145
131
84
36
-2
-27
-60
-90
-88
-99
-118
-131
-142
-173
-221
-276
-302
-313
-310
-297
-288
-280
-288
-319
-353
-385
-412
-423
-411
-398
-398
-394
-403
-383
-362
-347
-319
-272
-224
-181
-146
-117
-78
-50
-21
2
35
62
82
99
114
115
114
107
89
73
72
82
89
86
86
89
97
99
85
86
85
98
114
124
113
91
67
40
29
3
-31
-61
-86
-109
-126
-146
-167
-179
-186
-174
-171
-160
-141
-105
-63
-41
-37
-42
-49
-52
-51
-44
-30
-32
-28
-38
-39
-36
-10
43
79
109
128
144
167
203
238
274
298
315
322
311
295
263
239
230
224
232
236
254
265
259
268
269
272
273
291
316
352
373
360
343
298
253
205
165
133
105
76
50
23
-19
-50
-81
-109
-118
-108
-91
-84
-106
-121
-135
-165
-197
-223
-237
-251
-260
-275
-286
-304
-319
-332
-329
-302
-293
-265
-227
-187
-155
-132
-115
-109
-107
-97
-76
-55
-54
-64
-53
-49
-65
-79
-85
-63
-24
14
51
81
110
127
158
189
192
188
175
178
185
181
156
138
131
112
85
59
36
24
18
8
4
-5
-19
-12
0
7
-6
-9
-20
-49
-78
-106
-138
-170
-193
-214
-233
-247
-253
-263
-257
-258
-253
-239
-215
-191
-170
-153
-130
-111
-98
-84
-73
-60
-42
-29
-23
-4
20
41
57
86
117
140
175
199
222
249
268
287
294
298
316
329
349
362
362
355
331
299
271
245
242
245
249
247
231
211
180
145
120
102
89
67
59
56
27
-24
-71
-115
-172
-226
-266
-289
-321
-340
-360
-384
-408
-433
-444
-452
-448
-439
-418
-386
-353
-330
-311
-287
-267
-274
-268
-244
-218
-191
-175
-165
-153
-146
-137
-101
-64
-26
27
87
136
173
183
188
197
187
183
181
191
200
201
189
173
141
106
85
63
61
70
83
89
86
68
40
9
-24
-59
-83
-82
-90
-101
-124
-150
-191
-233
-261
-283
-281
-265
-238
-215
-178
-151
-139
-129
-119
-103
-80
-59
-34
-11
9
22
43
58
60
78
95
126
162
198
244
292
334
374
407
432
458
486
511
531
543
538
539
538
539
532
520
509
498
484
459
441
426
423
410
399
385
360
336
309
278
231
195
165
125
77
38
-5
-54
-104
-156
-203
-245
-274
-291
-301
-308
-316
-332
-348
-362
-377
-383
-374
-360
-351
-349
-346
-346
-352
-356
-351
-345
-335
-317
-281
-247
-224
-204
-189
-167
-154
-135
-105
-76
-48
-22
2
12
12
12
20
32
44
65
81
99
101
88
78
69
55
45
38
37
37
31
23
4
-20
-48
-68
-97
-132
-160
-179
-191
-212
-228
-245
-261
-278
-292
-289
-292
-284
-295
-302
-305
-317
-324
-326
-316
-301
-286
-265
-237
-225
-207
-186
-174
-153
-126
-98
-70
-43
-16
13
44
76
111
143
181
223
255
293
331
360
374
387
398
417
434
448
459
457
457
451
443
432
414
403
391
373
363
346
326
302
281
259
239
219
189
161
129
85
44
10
-34
-74
-105
-129
-149
-177
-208
-222
-224
-224
-234
-234
-226
-220
-215
-209
-209
-219
-229
-230
-216
-212
-205
-185
-167
-147
-130
-109
-91
-70
-42
-3
49
92
126
157
196
222
234
244
239
237
245
246
254
254
256
256
236
216
191
165
149
137
132
129
113
94
62
21
-17
-57
-81
-110
-142
-175
-213
-242
-281
-321
-345
-373
-394
-418
-432
-438
-444
-439
-430
-421
-405
-387
-372
-346
-331
-320
-309
-298
-277
-249
-216
-179
-149
-119
-83
-51
-27
7
56
102
147
186
236
276
313
338
355
372
379
382
383
394
392
394
382
357
343
328
316
304
297
304
299
288
269
247
224
191
157
116
82
60
41
1
-51
-113
-169
-216
-256
-281
-300
-301
-296
-298
-299
-315
-321
-315
-304
-284
-266
-253
-249
-252
-250
-246
-245
-243
-241
-226
-203
-179
-150
-115
-90
-68
-32
6
37
70
105
142
190
234
260
266
271
259
248
236
227
232
228
226
242
246
246
245
246
253
253
262
269
271
259
230
200
161
109
68
34
4
-16
-44
-78
-109
-139
-170
-197
-224
-235
-230
-215
-196
-193
-199
-218
-243
-246
-237
-223
-212
-205
-199
-205
-217
-234
-240
-232
-204
-156
-110
-67
-25
11
44
69
88
111
135
156
171
191
208
212
210
190
176
175
177
174
187
217
242
272
283
280
272
256
232
223
211
197
192
179
160
132
90
38
-14
-40
-41
-48
-45
-56
-62
-77
-109
-138
-162
-168
-164
-171
-169
-160
-151
-157
-168
-179
-198
-196
-195
-191
-178
-164
-160
-150
-139
-136
-118
-96
-62
-36
-10
13
25
43
60
69
82
90
93
95
104
120
132
143
145
145
129
117
112
108
114
138
168
182
191
196
174
139
115
104
89
66
55
53
38
15
-10
-36
-67
-102
-130
-147
-152
-151
-143
-149
-161
-182
-206
-222
-233
-236
-229
-222
-206
-190
-192
-202
-219
-236
-241
-241
-248
-238
-218
-200
-179
-176
-183
-183
-180
-168
-145
-109
-68
-37
-21
2
22
31
26
19
29
45
72
106
136
161
171
175
174
172
176
190
211
239
258
278
286
266
241
218
202
189
168
157
166
165
167
149
116
93
71
69
83
107
121
108
91
59
16
-20
-51
-88
-119
-119
-113
-116
-138
-147
-154
-168
-185
-192
-173
-146
-110
-72
-42
-38
-52
-65
-74
-88
-82
-66
-49
-26
-3
16
18
9
-10
-18
-8
20
64
107
148
168
170
164
163
174
182
186
186
205
222
222
211
187
160
131
106
96
94
93
102
112
100
66
34
4
-26
-40
-39
-42
-53
-64
-73
-83
-105
-135
-156
-166
-170
-168
-158
-150
-140
-136
-146
-152
-160
-166
-160
-151
-131
-100
-81
-73
-68
-62
-58
-51
-46
-38
-31
-14
7
13
24
31
36
34
39
59
88
129
162
178
182
183
178
170
160
155
155
155
154
148
138
110
77
54
43
37
34
35
40
44
39
36
15
-12
-43
-64
-80
-100
-109
-121
-132
-142
-156
-176
-191
-197
-202
-188
-172
-159
-150
-144
-142
-152
-156
-157
-152
-146
-137
-127
-119
-110
-107
-102
-100
-87
-73
-59
-34
-12
11
36
52
56
55
57
57
61
78
93
102
108
102
99
100
100
102
94
83
76
79
76
69
62
54
50
40
32
23
19
12
0
-15
-33
-51
-63
-75
-84
-90
-89
-94
-89
-87
-91
-92
-86
-87
-87
-89
-91
-86
-87
-88
-83
-80
-72
-66
-61
-54
-50
-43
-32
-25
-8
12
29
50
64
83
98
115
136
154
176
197
216
224
230
224
218
213
205
205
202
195
192
201
208
206
200
202
204
198
196
189
176
150
126
108
80
46
18
-9
-34
-55
-77
-93
-114
-137
-158
-180
-194
-202
-206
-210
-214
-208
-211
-224
-234
-235
-238
-242
-239
-237
-234
-237
-237
-231
-222
-208
-187
-162
-135
-107
-71
-37
-7
17
41
64
86
106
122
139
150
158
166
172
174
181
187
197
211
219
226
231
234
237
240
238
231
213
191
178
160
137
110
85
59
39
21
1
-16
-39
-66
-80
-97
-116
-130
-139
-151
-164
-174
-189
-196
-205
-211
-225
-237
-247
-252
-248
-240
-231
-228
-223
-216
-201
-186
-168
-139
-115
-93
-70
-46
-25
-6
11
28
40
55
71
88
101
108
120
131
142
153
163
178
192
203
209
210
213
212
210
202
192
184
174
154
135
117
97
80
59
37
22
6
-5
-18
-34
-52
-73
-93
-113
-126
-131
-136
-142
-147
-158
-167
-177
-182
-183
-184
-186
-175
-163
-151
-141
-130
-125
-120
-110
-98
-82
-64
-43
-24
-10
5
20
29
41
57
69
85
103
115
125
136
142
146
147
148
148
158
166
167
166
161
153
138
124
112
98
83
70
57
42
23
6
-11
-27
-48
-62
-76
-83
-88
-97
-105
-113
-121
-131
-138
-144
-148
-152
-155
-155
-160
-169
-175
-179
-178
-181
-176
-164
-153
-133
-113
-90
-71
-58
-44
-29
-13
5
23
40
54
74
92
108
116
119
125
132
144
156
167
177
187
192
187
182
177
171
165
158
152
146
136
123
106
82
62
48
31
20
13
9
3
-7
-18
-32
-48
-66
-81
-95
-107
-112
-113
-119
-129
-140
-147
-151
-154
-150
-138
-124
-107
-91
-81
-71
-64
-55
-50
-40
-28
-15
1
12
28
38
43
47
48
51
60
75
92
106
117
126
130
130
126
122
120
127
137
142
144
140
133
121
102
83
69
57
52
45
39
32
17
-3
-29
-54
-74
-86
-92
-96
-98
-103
-110
-122
-143
-162
-174
-183
-182
-173
-163
-158
-155
-151
-154
-155
-151
-147
-138
-125
-109
-98
-86
-77
-70
-66
-63
-57
-45
-26
-12
9
30
42
53
62
66
67
74
86
101
113
121
128
132
133
125
116
110
107
111
111
109
105
99
88
79
66
51
43
40
39
42
38
33
27
17
5
-9
-19
-24
-23
-21
-17
-14
-17
-20
-26
-37
-41
-39
-38
-31
-19
-10
-8
-7
-7
-10
-10
0
12
26
42
56
71
80
89
94
100
105
114
120
129
137
141
142
136
128
122
111
106
105
106
111
113
112
106
96
81
70
58
50
46
42
36
27
16
-6
-28
-47
-69
-88
-96
-100
-103
-109
-122
-138
-154
-172
-185
-190
-189
-183
-178
-171
-173
-180
-187
-199
-201
-201
-196
-184
-173
-160
-146
-136
-130
-126
-124
-118
-109
-95
-80
-64
-46
-31
-23
-20
-21
-24
-22
-13
-4
7
21
31
39
40
41
43
41
43
50
62
72
75
75
71
64
56
45
36
23
21
23
27
31
30
25
16
4
-5
-11
-10
-4
0
4
5
-1
-10
-19
-30
-36
-34
-29
-18
-5
2
4
4
5
5
0
-2
3
13
22
32
39
41
38
38
39
40
44
51
64
77
89
100
106
105
101
98
97
101
106
115
120
123
122
115
107
97
90
86
88
92
98
101
100
93
85
79
71
66
63
64
65
65
63
54
39
27
14
4
-4
-9
-10
-13
-16
-20
-27
-35
-43
-49
-50
-50
-47
-44
-44
-44
-46
-51
-58
-65
-71
-73
-70
-63
-55
-50
-47
-46
-47
-49
-49
-47
-44
-40
-33
-26
-22
-23
-26
-29
-31
-35
-35
-32
-27
-22
-16
-13
-14
-20
-26
-33
-38
-40
-39
-36
-37
-38
-41
-46
-53
-61
-68
-71
-72
-71
-70
-71
-73
-77
-82
-88
-95
-100
-100
-97
-94
-90
-87
-84
-84
-85
-85
-84
-82
-79
-72
-63
-55
-49
-43
-40
-37
-32
-24
-16
-8
2
13
23
32
36
39
43
46
53
63
72
80
86
90
93
95
95
96
98
101
106
111
114
113
110
105
101
95
90
88
86
84
83
81
78
71
62
53
47
43
39
37
32
29
24
19
10
2
-6
-13
-16
-19
-20
-21
-21
-23
-25
-28
-32
-36
-36
-37
-36
-34
-33
-32
-32
-33
-34
-36
-36
-35
-32
-28
-23
-20
-19
-21
-23
-27
-29
-29
-27
-21
-19
-17
-17
-17
-19
-22
-26
-29
-30
-32
-30
-27
-29
-30
-32
-37
-41
-44
-45
-43
-40
-36
-36
-36
-38
-40
-45
-48
-52
-53
-54
-53
-52
-50
-51
-53
-55
-57
-59
-57
-50
-44
-37
-30
-26
-26
-26
-26
-26
-23
-17
-11
-6
1
7
11
13
15
18
24
31
39
49
57
64
70
73
74
75
76
77
81
83
87
91
91
91
90
90
89
86
86
87
91
93
94
93
89
86
81
77
74
70
69
69
68
65
61
58
51
44
39
34
31
32
33
31
30
24
18
13
9
6
2
2
1
0
-3
-4
-8
-13
-16
-21
-22
-22
-24
-24
-26
-27
-28
-33
-36
-38
-40
-38
-35
-32
-32
-34
-35
-39
-42
-47
-50
-51
-50
-50
-48
-48
-50
-52
-55
-60
-61
-62
-61
-59
-59
-59
-58
-61
-63
-65
-69
-72
-75
-73
-73
-72
-72
-74
-75
-79
-82
-81
-80
-77
-73
-71
-69
-68
-67
-68
-66
-63
-59
-54
-49
-46
-42
-37
-32
-27
-24
-21
-17
-10
-2
5
10
16
19
21
24
26
29
31
35
39
41
42
42
40
41
42
44
44
46
49
50
50
49
46
44
42
41
41
37
36
36
36
33
32
28
24
21
20
19
19
20
21
22
23
23
21
19
16
15
16
15
15
18
19
19
20
21
21
20
21
23
25
27
32
34
36
41
40
38
38
40
41
40
41
42
39
38
38
38
37
37
39
40
42
44
44
43
41
38
34
32
29
26
24
22
20
14
9
4
-1
-5
-9
-11
-13
-10
-10
-8
-9
-10
-12
-14
-14
-13
-12
-11
-10
-10
-12
-13
-16
-17
-20
-20
-18
-16
-13
-10
-10
-10
-9
-9
-9
-7
-6
-4
-3
-2
-2
-3
-3
-6
-5
-5
-7
-8
-7
-7
-10
-13
-17
-21
-22
-24
-26
-29
-31
-31
-34
-36
-39
-43
-46
-48
-48
-49
-49
-50
-50
-52
-53
-55
-55
-57
-58
-59
-59
-59
-58
-59
-61
-60
-59
-58
-55
-54
-50
-50
-48
-44
-42
-36
-34
-31
-27
-25
-20
-18
-14
-11
-9
-7
-7
-7
-5
-6
-4
-4
-1
1
2
4
5
6
6
6
9
12
16
17
17
17
15
17
17
16
16
16
20
23
24
26
28
28
28
28
29
31
33
36
39
40
42
43
42
42
43
45
49
53
58
62
64
65
66
67
66
68
67
68
68
68
69
68
67
67
65
64
64
64
63
64
61
60
61
58
55
50
48
45
44
41
38
35
30
25
19
13
9
3
-1
-6
-8
-10
-14
-16
-18
-22
-23
-24
-26
-25
-26
-27
-29
-32
-34
-35
-35
-37
-37
-37
-34
-33
-33
-32
-32
-34
-34
-33
-31
-30
-29
-27
-28
-29
-29
-28
-30
-30
-29
-27
-26
-23
-22
-23
-25
-28
-30
-33
-36
-38
-37
-36
-37
-38
-39
-40
-42
-43
-45
-44
-43
-41
-39
-35
-34
-33
-34
-32
-32
-31
-31
-30
-28
-28
-25
-24
-24
-24
-23
-25
-22
-20
-17
-16
-12
-9
-8
-7
-7
-7
-5
-1
4
7
10
13
13
14
16
14
11
7
6
8
9
10
10
11
10
9
8
7
6
7
9
9
