-32
-49
-30
-28
-38
-23
-13
-16
-14
-36
-69
-74
-54
-20
3
14
18
20
6
3
6
0
32
68
71
79
94
89
76
43
18
12
11
38
53
34
12
2
-4
19
15
7
15
5
7
14
15
6
4
-8
-11
5
13
15
31
26
15
-4
-23
-18
-22
-4
1
-1
-10
-25
-1
15
5
2
-7
-15
-9
1
20
27
10
-2
-14
-24
-5
8
4
-8
-46
-39
-12
-17
-5
-12
-33
-34
-43
-56
-58
-64
-48
-34
-14
6
17
10
1
-20
-44
-41
-13
25
28
21
-3
-20
-18
-15
-6
2
-12
-31
-31
-5
7
2
-31
-60
-71
-72
-52
-17
9
5
-19
-19
3
28
23
20
24
-3
-21
-11
17
0
-9
-14
1
47
63
60
51
40
76
66
30
63
75
172
213
212
259
283
333
349
323
280
252
295
349
355
297
264
325
364
335
266
162
101
88
28
-23
-109
-185
-214
-150
-203
-231
-516
-451
-304
-578
-642
-600
-661
-641
-623
-676
-707
-743
-575
-657
-718
-677
-575
-691
-589
-515
-518
-501
-449
-376
-366
-389
-332
-332
-353
-324
-240
-221
-230
-180
-203
-230
-230
-187
-225
-197
-187
-271
-330
-270
-187
-128
-141
-133
-57
25
13
11
46
105
179
234
399
480
529
600
688
797
832
852
893
996
1072
1035
1090
1169
1209
1189
1155
1225
1143
1045
1036
953
882
764
754
813
683
597
532
411
285
115
51
9
-71
-127
-211
-257
-310
-327
-260
-277
-381
-426
-428
-435
-469
-467
-467
-467
-375
-302
-205
-190
-174
-216
-203
-171
-232
-247
-174
-183
-198
-184
-139
-102
-87
-135
-171
-124
-279
-124
-377
-135
-292
-404
-228
-198
-329
-562
-72
-506
-430
-587
-463
-447
-864
-428
-607
-816
-505
-675
-711
-619
-664
-687
-774
-773
-809
-795
-814
-716
-949
-879
-668
-693
-677
-618
-568
-558
-440
-380
-358
-391
-296
-33
30
105
252
289
448
567
751
852
894
995
1136
1250
1356
1365
1451
1606
1616
1636
1725
1726
1642
1645
1700
1646
1516
1410
1388
1325
1294
1250
1078
1041
912
796
679
497
301
166
98
23
-55
-114
-120
-181
-178
-180
-260
-350
-401
-385
-382
-414
-426
-407
-390
-353
-307
-334
-304
-307
-242
-210
-263
-309
-376
-232
-197
-149
-203
-104
-154
-152
-284
-143
-123
-353
-211
-370
-255
-398
-373
-482
-468
-395
-533
-732
-440
-530
-753
-535
-411
-894
-888
-645
-807
-941
-1070
-803
-1043
-1188
-700
-1238
-1114
-873
-1060
-1069
-1201
-870
-1410
-1226
-1053
-1069
-1302
-1036
-983
-1037
-1211
-1157
-1199
-1243
-1225
-1098
-1201
-1060
-1015
-897
-654
-676
-589
-662
-565
-537
-531
-460
-252
-103
8
217
465
602
746
785
905
1020
1153
1247
1304
1513
1644
1749
2021
2050
1976
1956
1940
1867
1722
1727
1661
1550
1572
1601
1557
1489
1357
1258
1111
857
573
400
288
204
114
203
295
186
178
181
102
-102
-303
-347
-366
-380
-297
-270
-217
-101
7
-2
-55
-39
-79
-64
-93
-29
-10
-73
145
174
220
151
6
487
-104
-111
142
-202
-416
32
88
-399
49
-254
-101
-311
-267
-498
-399
-810
-678
-377
-873
-788
-819
-690
-928
-809
-1090
-980
-1245
-988
-953
-1312
-806
-1250
-1099
-968
-1259
-1225
-1146
-1101
-1281
-1147
-1177
-860
-1264
-1007
-912
-1110
-717
-1037
-1073
-643
-1037
-1104
-795
-817
-816
-643
-408
-390
-212
-238
13
-75
-136
-17
77
275
315
421
620
847
898
1095
1312
1294
1518
1591
1658
1780
1810
1854
1875
1999
2038
2088
2088
2036
1940
1964
1925
1734
1719
1598
1477
1408
1279
1193
1122
1004
795
789
708
604
505
454
433
263
270
200
234
131
-34
71
-125
-287
-292
-164
-278
-352
-127
-153
-225
-337
-306
10
-408
-436
165
-339
-330
49
-94
-129
-230
9
-185
-206
-95
-342
64
-334
-328
-315
171
-617
-353
-263
-517
-566
-609
-357
-1004
-692
-525
-901
-876
-319
-1469
-506
-1056
-813
-1195
-961
-567
-1290
-838
-910
-647
-1052
-924
-625
-675
-664
-1123
-117
-615
-1111
-274
-471
-727
-527
-313
-341
-366
-525
-107
-67
-619
37
-332
-262
-6
-479
12
167
-190
81
365
151
113
301
198
205
119
206
478
398
560
629
846
784
769
712
889
805
744
1039
959
1036
1123
1313
1306
1302
1267
1110
1086
1011
947
988
895
874
862
928
806
730
728
645
481
426
412
335
408
272
427
393
525
121
441
238
111
167
62
27
-27
153
-224
-5
-140
81
-421
104
-301
-300
-275
-34
-521
-4
-150
-234
91
-325
200
-284
41
21
-283
-257
300
-700
56
-351
94
-356
-387
89
-793
-211
-756
-159
-858
-175
-826
-375
-291
-1087
-171
-943
-808
-626
-1009
-808
-409
-1195
-1040
-203
-1293
-995
-491
-983
-847
-960
-559
-726
-1139
-340
-669
-1133
-107
-573
-654
-240
-153
-383
-365
-116
-99
-218
-296
-77
33
-330
-222
98
-235
-305
-71
77
-156
-352
139
-193
-265
-219
2
-248
-54
12
57
180
66
164
320
343
299
497
517
448
597
635
677
720
799
895
750
933
968
815
928
1025
963
947
995
981
844
927
1030
804
858
910
953
741
715
781
693
857
547
879
867
496
774
531
371
593
363
105
507
380
257
165
444
341
3
345
169
-71
155
404
-439
61
296
-219
-90
-41
-190
190
-634
81
-166
-463
-32
-724
97
-832
-534
-268
-719
-797
-332
-770
-788
-36
-1143
-481
-310
-1036
-909
-568
-703
-938
-966
-249
-941
-739
-770
-699
-541
-1469
-14
-956
-829
-503
-719
-414
-797
-420
-315
-829
-270
-453
-583
-139
-434
-218
-79
-239
155
-225
-285
243
-393
-112
-106
-190
-34
-222
-131
-58
-427
-124
-109
-318
-121
-200
-159
-253
-132
-204
-210
-184
-234
-107
-139
-45
-54
-62
52
113
142
205
199
251
283
399
443
404
480
586
579
636
501
518
532
446
454
476
579
582
560
640
588
605
482
545
871
249
553
780
442
469
572
699
531
372
566
982
-55
470
1075
-169
762
610
68
804
252
152
762
73
236
683
118
466
182
394
203
264
-123
465
156
-437
385
-45
-390
250
-134
-371
359
-439
-191
414
-867
319
-568
222
-307
-256
262
23
-461
204
473
-727
690
-432
517
-177
184
632
-378
191
473
7
-345
531
-320
352
-739
233
625
-1452
500
458
-1334
100
166
-725
-320
-81
-369
-380
-456
-112
-516
-503
-259
-613
-957
-91
-815
-971
-361
-531
-968
-613
-309
-779
-572
-723
-379
-406
-674
-119
-78
-145
-31
581
174
461
687
698
878
1059
1207
1165
1374
1616
1542
1498
1806
1759
1738
2070
2061
2023
2128
2218
2226
2065
2200
2181
2162
2162
2256
1963
2314
2018
1789
2348
1897
1395
2271
1495
1678
1669
1097
1863
1162
940
1491
1519
128
1931
423
1069
1184
93
1211
770
423
710
743
367
703
-474
865
403
-284
-160
950
-325
-331
530
-34
87
-657
168
-138
-682
-106
-111
-933
157
-605
-785
-39
-374
-969
-410
406
-1218
-115
-262
-269
-844
-626
-369
-931
-1159
-824
-946
-1443
-1235
-1454
-1226
-1781
-1759
-1775
-1458
-2423
-2102
-1790
-2044
-2544
-2289
-2010
-2473
-2837
-2592
-1951
-3278
-2668
-2158
-2901
-3059
-2636
-2660
-2950
-3358
-2688
-2720
-3529
-2710
-2930
-3121
-3111
-2970
-2869
-3144
-3012
-2636
-2995
-2837
-2606
-2596
-2655
-2498
-2299
-2306
-2314
-1899
-1793
-1970
-1495
-1484
-1349
-1253
-1088
-959
-889
-764
-684
-324
-375
-347
-87
80
-110
119
259
176
350
383
326
590
279
585
597
350
485
476
613
90
861
156
326
681
28
538
95
307
250
-137
307
314
-392
169
251
-29
-474
207
-171
70
-748
162
127
-1008
245
-380
-419
-637
-114
-1068
-50
-1051
-662
-367
-867
-925
-193
-1133
-728
-618
-993
-704
-861
-829
-484
-928
-750
-285
-1160
-442
-1021
-425
-902
-658
-396
-341
-1054
-69
-402
-1362
209
-708
-1275
-40
-741
-635
-1029
-578
-428
-1064
-674
-495
-250
-1439
-68
-562
-894
-348
-1002
-239
-854
-1014
-26
-818
-837
-242
-687
-560
-589
-643
-283
-1062
-237
-328
-1203
327
-891
-637
299
-1064
69
-284
-347
166
-452
13
275
-29
336
372
417
696
556
778
1017
870
704
1404
1217
1074
1510
1495
1675
1828
1627
2173
1897
1889
2070
2156
2371
2052
2337
2634
2233
2475
2644
2360
2505
2266
2577
2292
2160
2583
2008
2162
2209
1914
1654
2043
1724
1201
1889
1694
861
1351
1478
1014
585
825
1432
167
494
1197
475
231
567
824
-109
-48
1124
-899
571
452
-684
442
46
-250
-410
451
-476
-140
-197
-325
242
-793
-417
443
-834
-922
713
-1108
-467
74
-747
-518
-184
-1180
228
-1234
-688
-416
-915
-560
-612
-924
-1039
-91
-1797
-497
-627
-1449
-674
-1317
-891
-587
-1869
-293
-1259
-1303
-358
-946
-1499
-407
-725
-1275
-590
-462
-1015
-887
-526
-614
-802
-543
-420
-863
-406
-596
-384
-810
-369
-377
-737
-97
-473
-254
-289
-135
66
-72
-201
343
213
-21
350
610
226
555
849
530
885
940
872
805
1279
953
1094
1269
1300
1382
1506
1675
1486
1752
1658
1537
1788
1614
1528
1789
1882
1756
1622
2451
1284
1547
2403
1030
1699
2080
1311
1675
2008
1162
1831
1245
1028
1965
484
1147
1715
458
1439
642
1063
1058
-33
1079
654
365
101
1216
-261
269
647
-227
355
-28
183
211
-193
245
58
-642
235
-509
-637
136
-609
-578
-497
-293
-982
-596
-272
-826
-604
-650
-414
-1028
-960
-386
-975
-998
-458
-1167
-947
-856
-1109
-1139
-795
-1032
-1409
-687
-1467
-881
-1830
-908
-1104
-1696
-1175
-995
-1274
-1531
-816
-1487
-1449
-1249
-1509
-752
-1928
-643
-1050
-1104
-969
-1256
-681
-1757
-811
-924
-1397
-484
-510
-1403
-219
-680
-803
-994
-534
-351
-1134
-302
216
-639
-416
305
-480
-234
-25
-144
-267
338
346
358
513
641
728
463
1150
903
606
1313
1122
1118
1535
1549
1126
1823
1566
1117
1882
1614
1285
2091
1612
1780
1850
1588
1904
1786
1522
1696
1866
1610
1983
1071
2216
1721
1001
1969
1623
1116
1357
1669
1096
1254
1446
1040
1051
1009
1036
694
923
877
179
879
806
122
14
1379
-487
216
620
-664
562
-621
-298
228
-608
-178
-517
-435
-256
-1172
-322
-716
-847
-903
-315
-993
-938
-826
-1023
-938
-716
-1419
-1146
-187
-1615
-1233
-38
-1838
-926
-267
-1969
-602
-1158
-1400
-632
-928
-1468
-668
-1376
-1279
-1126
-1259
-1190
-1073
-1672
-898
-997
-1755
-734
-1817
-1043
-936
-1690
-1111
-1081
-1522
-1178
-764
-1135
-1182
-1104
-1064
-1108
-970
-955
-1020
-694
-713
-734
-673
-619
-763
-576
-591
85
-430
-229
3
-244
375
-136
39
420
237
32
813
642
586
791
1134
874
1023
1284
1025
1463
1517
1584
1638
1781
1730
1870
1829
1918
2159
1831
2246
2447
2080
2063
2653
2135
1772
2556
2206
1696
2556
2124
2380
1961
2022
2214
1584
1837
2040
1636
1835
2122
1044
1809
1769
728
1037
1828
649
991
1015
1426
306
424
1702
69
-155
1188
162
-261
727
312
-233
-56
487
-560
-499
12
-276
-925
115
-319
-1106
-397
-257
-1185
-615
-812
-489
-804
-1096
-579
-1143
-831
-1092
-1020
-602
-926
-1184
-799
-1614
-414
-1924
-1016
-661
-1740
-1229
-761
-2080
-1081
-1763
-1646
-752
-1881
-1334
-897
-1974
-1589
-1128
-1917
-1105
-1457
-1143
-1382
-830
-1689
-1149
-1289
-1446
-1146
-927
-1196
-930
-1093
-1069
-489
-1192
-828
-442
-1016
-265
-370
-907
341
-601
-309
15
-45
-128
223
250
546
586
468
923
908
735
1095
1333
840
1490
1633
1390
1820
1760
1969
1937
1837
2483
1844
2267
2159
2242
2636
2262
2138
2413
2215
2264
2044
2099
2686
1652
2356
2558
1761
2095
1694
1511
1551
1900
1249
1467
1630
1156
873
988
1478
-302
1023
789
119
888
163
-248
773
-929
-273
524
-1385
246
-349
-799
-369
-551
-1529
-9
-1592
-700
-764
-1394
-696
-1661
-1323
-1309
-1509
-1113
-1508
-1448
-724
-2569
-605
-1579
-2171
-925
-1421
-2156
-737
-1739
-2230
-1059
-2318
-1515
-1679
-1571
-1868
-1333
-1838
-1851
-1755
-2035
-1915
-1727
-2323
-832
-1823
-2527
-367
-2894
-1739
-1441
-2325
-1265
-1709
-2092
-736
-2047
-1856
-1464
-2299
-1262
-1545
-1490
-983
-1126
-1081
-1066
-1277
-403
-1678
-798
17
-915
-153
92
-352
161
74
75
654
415
578
1063
1099
1321
1087
1443
1649
1263
1609
1902
1749
1945
2000
2121
2291
2139
2173
2108
2413
1912
2151
2511
2048
2151
2330
2273
2105
1804
2478
2270
1594
2842
1727
2126
2551
1325
2291
1851
1170
2047
1421
1779
1284
1313
1778
575
1229
1257
911
496
1111
228
1087
157
33
542
-207
-30
-128
302
-505
-284
-173
-347
-760
-344
-1185
-601
-990
-1120
-637
-1675
-930
-1153
-2047
-1199
-1340
-1750
-1788
-1473
-1577
-1824
-1515
-1944
-1864
-1467
-1958
-1887
-1450
-1926
-2186
-1442
-1688
-1907
-1589
-2619
-770
-2345
-2927
-611
-2626
-2348
-1762
-1971
-1622
-2331
-2147
-1442
-2634
-2247
-1258
-1957
-1187
-1272
-1473
-448
-1589
-1315
-574
-824
-634
-428
523
445
68
324
639
534
365
1287
1629
1569
1564
1913
2399
1563
1775
2285
2093
2160
2336
2976
2604
1967
2392
2266
2033
1868
1985
2413
2016
1762
2246
1722
1225
1313
1494
1717
1412
1701
1594
1553
1183
1318
1549
1101
1211
1677
1835
1458
1601
1285
1254
1171
1351
1608
1502
1568
1455
1462
1234
1077
621
1263
849
389
1544
1362
37
656
531
-287
552
31
-76
220
180
-329
-405
-129
-873
-1454
-297
-423
-1467
-853
-431
-1482
-1562
-1088
-1319
-1025
-1505
-1677
-1135
-1812
-1844
-1800
-1814
-2079
-2336
-2080
-1802
-2625
-2550
-2140
-2533
-2659
-2824
-2844
-2803
-3064
-3348
-2312
-2748
-3401
-3343
-2890
-2415
-2900
-1899
-1627
-2351
-1719
-1319
-1470
-1411
-1342
-744
-115
327
421
762
946
756
1021
1969
2371
2133
2654
3179
3010
3042
3154
2780
2591
2597
2762
3010
2646
2225
2105
1693
1371
1263
1274
869
664
543
687
252
-366
-381
-597
-612
-261
-346
-429
-679
-912
-773
-591
-677
-788
-320
-576
-657
-445
-513
-812
-621
-276
-424
-181
-176
-358
-371
-305
-365
-467
-495
-538
-532
-370
-539
-774
-937
-1141
-1118
-1056
-984
-876
-1266
-1641
-1366
-1747
-1863
-1671
-1796
-1616
-1502
-1637
-1842
-2366
-2207
-2218
-2431
-1978
-1779
-2134
-2471
-2411
-2708
-2742
-2846
-2782
-2503
-2732
-2886
-2946
-3079
-3551
-3661
-3352
-3306
-3501
-3675
-3485
-3870
-3912
-3876
-4115
-4164
-3762
-3279
-2666
-2551
-3061
-2831
-2566
-2273
-1900
-1628
-909
-783
-376
574
62
222
360
617
1561
1840
2349
2427
2288
2153
2286
2766
2632
2569
2805
2903
2769
2777
2245
2062
1727
1695
1960
2000
1708
1313
1025
715
466
511
463
136
298
189
194
121
-273
-375
-228
-260
113
359
124
21
-67
117
142
299
496
651
833
999
1029
972
978
1011
1162
1337
1515
1182
1054
1047
1012
1181
1082
946
789
751
822
599
583
531
306
413
554
316
127
74
69
-45
231
274
75
-62
-238
-16
-286
-260
-137
-207
-344
-516
-591
-663
-886
-1239
-927
-1049
-1381
-1353
-1612
-1870
-1983
-2312
-2141
-2187
-2650
-2790
-2403
-1762
-1498
-1355
-1392
-1422
-1406
-1231
-733
-284
17
516
880
1634
1606
1664
1918
2046
2608
3336
3814
3937
3740
3669
3764
3900
4199
4310
4395
4259
3990
3961
3635
3146
2687
2672
2633
2425
2163
1755
1067
818
603
426
468
-117
-269
-409
-686
-815
-905
-1003
-987
-950
-727
-773
-903
-983
-964
-828
-528
-275
-183
-311
-378
-309
-197
35
91
241
271
416
402
224
55
-48
139
326
353
300
99
-168
-172
-185
-211
-181
-392
-561
-592
-568
-819
-976
-993
-1174
-882
-841
-1019
-1191
-1224
-1181
-1213
-960
-922
-1123
-1247
-1330
-1375
-1285
-1305
-1651
-1687
-1748
-1957
-1974
-2273
-2447
-2406
-2507
-2315
-2386
-2872
-3114
-3369
-2548
-1707
-1219
-1045
-1506
-1291
-1437
-1273
-172
-54
854
1272
1502
2388
2119
2368
2494
2954
3890
4276
4804
4913
4453
4441
4676
5267
5700
5501
5460
5097
4605
4581
4270
4068
3711
3325
3022
2542
2144
1708
1087
883
703
609
238
-317
-659
-987
-1004
-989
-1071
-1144
-1362
-1531
-1446
-1423
-1423
-1350
-1394
-1138
-1105
-937
-850
-968
-911
-778
-575
-445
-224
-354
-415
-390
-300
-265
-354
-467
-489
-534
-586
-656
-796
-906
-970
-1028
-1015
-1090
-1398
-1498
-1511
-1647
-1529
-1600
-1717
-1850
-1880
-1852
-1953
-1862
-1838
-1817
-1903
-1741
-1922
-1901
-1840
-1967
-1990
-2013
-1957
-2087
-2300
-2317
-2451
-2597
-2625
-2857
-2820
-3205
-3324
-3360
-3593
-3738
-3033
-2379
-1519
-1255
-1721
-1817
-2189
-1415
-326
338
1106
998
1308
2087
2257
2968
3094
3439
4211
4734
5417
5489
5197
5319
5505
6230
6754
6799
6457
5867
5678
5886
5911
5841
5277
4645
4170
3701
3637
3215
2747
2501
2119
1972
1696
988
727
350
369
542
355
88
-425
-708
-499
-362
-197
-143
-572
-634
-638
-375
-107
-45
-123
-297
-308
-71
-7
31
-48
-181
-169
-196
-353
-500
-687
-878
-819
-851
-824
-1074
-1334
-1445
-1600
-1455
-1542
-1762
-1909
-2034
-2004
-2011
-2069
-2186
-2348
-2454
-2429
-2383
-2383
-2455
-2510
-2458
-2345
-2381
-2457
-2632
-2666
-2620
-2520
-2603
-2699
-2872
-3039
-3090
-2938
-3051
-3082
-3326
-3439
-3599
-3583
-3840
-3829
-2825
-2301
-1228
-1540
-1903
-1884
-2009
-814
234
855
1413
1136
1888
2331
2809
3487
3641
4140
4785
5385
5946
6097
5982
6213
6593
7179
7366
7260
6979
6474
6556
6853
6777
6565
5849
5338
4897
4669
4649
4368
3838
3386
2978
2870
2504
2126
2016
1765
1715
1485
1200
883
595
587
838
840
786
482
275
173
353
563
749
712
537
298
313
546
623
618
552
397
180
-10
29
35
1
-148
-432
-567
-897
-985
-1124
-1124
-1233
-1439
-1700
-2101
-2431
-2596
-2627
-2585
-2622
-2742
-2945
-3324
-3460
-3404
-3330
-3253
-3344
-3463
-3665
-3853
-3830
-3810
-3765
-3820
-3956
-4063
-4150
-4360
-4413
-4484
-4530
-4474
-4444
-4574
-4680
-4922
-4855
-5199
-4710
-3691
-2965
-2173
-2835
-2963
-2935
-2682
-1178
-430
-52
227
-49
972
1714
2202
2784
2969
3353
4051
4556
5311
5365
5185
5653
6079
6683
6815
6493
6312
5872
6159
6469
6327
6011
5218
4704
4445
4333
4345
4008
3456
3028
2784
2822
2507
2188
1963
1548
1410
1148
825
551
130
58
170
190
-31
-447
-796
-794
-601
-106
-30
-436
-651
-1153
-738
-486
-297
-202
-698
-890
-1032
-933
-781
-882
-899
-1296
-1458
-1732
-1847
-1976
-2245
-2175
-2344
-2563
-2834
-3191
-3483
-3638
-3573
-3494
-3719
-4059
-4530
-4808
-4761
-4711
-4650
-4688
-5085
-5349
-5532
-5542
-5400
-5385
-5416
-5530
-5719
-5854
-5930
-5932
-6001
-5865
-5927
-6068
-6318
-6284
-6302
-6196
-6139
-6138
-6180
-6379
-5407
-4738
-3781
-3803
-4298
-3969
-3944
-2977
-1908
-1638
-1012
-1151
-388
547
926
1377
1679
2123
2933
3665
4354
4742
4286
4629
5074
5764
6345
6130
5939
5494
5319
5891
5981
5958
5365
4761
4476
4311
4323
4171
3688
3206
2720
2633
2539
2306
2106
1788
1459
1335
1100
907
664
396
560
563
614
450
180
84
191
505
699
634
655
316
522
697
921
1173
972
777
658
651
846
924
1076
834
715
563
491
584
378
282
-3
-111
-297
-498
-709
-975
-1005
-1011
-1114
-1366
-1701
-1986
-2026
-1962
-1974
-2103
-2553
-2808
-2833
-2788
-2616
-2752
-3030
-3194
-3391
-3336
-3349
-3409
-3675
-3874
-3914
-4006
-3859
-4020
-4132
-4315
-4393
-4137
-4130
-4176
-4688
-4017
-3264
-2486
-1873
-2646
-2518
-2780
-2276
-782
-316
273
123
134
1085
1436
2082
2572
2678
3121
3712
4221
5031
4806
4782
5187
5427
6075
6056
5912
5726
5310
5679
5873
5822
5352
4617
4285
4101
4183
4189
3682
3085
2486
2136
2335
2122
1969
1625
1079
888
639
647
660
289
215
163
216
322
144
43
26
79
385
513
539
441
297
655
776
995
983
696
747
565
745
929
802
930
781
788
575
314
239
77
102
52
-107
-381
-758
-953
-1047
-1178
-1296
-1432
-1567
-1665
-1816
-1900
-2009
-2203
-2296
-2376
-2332
-2493
-2574
-2624
-2740
-2651
-2580
-2563
-2709
-2881
-3023
-3003
-3030
-2933
-3027
-3196
-3140
-3044
-2882
-3116
-3314
-3763
-3654
-3913
-3097
-1966
-1664
-1095
-2048
-1989
-1718
-1626
-184
209
466
630
451
1424
1794
1907
2367
2631
2967
3817
4070
4610
4467
4219
4979
5316
5866
5901
5432
5286
4855
5197
5535
5322
5008
4316
3969
3785
3575
3492
3049
2314
1937
1623
1619
1262
749
500
123
-57
-188
-469
-694
-1112
-1127
-865
-851
-801
-1063
-1294
-1257
-1144
-843
-659
-839
-880
-983
-784
-488
-340
-103
-141
-205
-189
-175
-50
-14
32
-71
-111
-326
-423
-607
-694
-552
-633
-678
-937
-1365
-1533
-1643
-1539
-1463
-1568
-1695
-2017
-2180
-2240
-2164
-2019
-1957
-1964
-2022
-2091
-2182
-2182
-2163
-2079
-1994
-2010
-1880
-2128
-2147
-2304
-2399
-2166
-2341
-2207
-2412
-2621
-2489
-2555
-2463
-2506
-2769
-2820
-2941
-3206
-2121
-1666
-967
-664
-1512
-1027
-1379
-751
448
571
1436
1363
1544
2561
2444
3027
3421
3653
4347
4712
4975
5360
4927
5257
5712
6063
6649
6258
5956
5597
5135
5512
5390
5303
4841
4070
3660
3087
2783
2573
2093
1728
1354
916
578
-116
-455
-768
-957
-957
-1264
-1602
-2011
-2330
-2139
-1974
-1863
-1932
-2203
-2350
-2386
-2099
-1683
-1581
-1594
-1649
-1448
-1258
-1021
-818
-793
-751
-752
-534
-391
-466
-550
-664
-701
-674
-751
-711
-853
-1017
-1068
-1106
-1190
-1416
-1590
-1617
-1650
-1557
-1632
-1871
-2037
-2160
-1969
-1686
-1642
-1665
-1747
-1828
-1774
-1673
-1486
-1494
-1655
-1689
-1674
-1615
-1615
-1657
-1750
-1836
-1780
-1745
-1689
-1894
-2079
-2044
-2226
-1952
-2117
-2126
-2409
-2826
-2906
-2774
-1593
-1091
-420
-735
-1063
-775
-749
341
1138
1427
1940
1912
2573
3021
3064
3552
3967
4460
5095
5478
5754
5657
5197
5703
6194
6678
6767
6277
5813
5264
5116
5371
5186
4841
4089
3513
2961
2501
2191
1734
1231
826
422
141
-409
-1067
-1412
-1783
-1841
-1956
-2110
-2407
-2785
-2961
-2784
-2707
-2537
-2592
-2717
-2838
-2770
-2501
-2257
-2123
-2106
-2033
-1753
-1532
-1255
-1175
-1225
-1268
-1309
-1128
-957
-923
-901
-1020
-1138
-1175
-1297
-1166
-1205
-1197
-1207
-1334
-1396
-1589
-1695
-1662
-1698
-1534
-1497
-1564
-1607
-1721
-1567
-1375
-1264
-1113
-1104
-1137
-1163
-1339
-1234
-1166
-997
-865
-974
-1051
-1226
-1322
-1371
-1301
-1504
-1496
-1678
-1846
-1836
-1847
-1736
-1960
-2190
-2412
-2585
-2555
-2662
-2800
-1704
-1393
-479
-105
-599
-110
-440
175
1412
1578
2486
2669
3081
4001
3675
4341
4704
4989
5693
6236
6702
6964
6336
6358
6521
6637
6981
6802
6566
6062
5360
5280
4881
4484
4037
3502
3080
2378
1894
1281
568
-10
-349
-574
-807
-1397
-1749
-2136
-2540
-2772
-2939
-3069
-3008
-2998
-2692
-2596
-2812
-2812
-2889
-2691
-2338
-2092
-1760
-1773
-1905
-1750
-1557
-1178
-1100
-975
-972
-1162
-1163
-1147
-1087
-1071
-1101
-1098
-1188
-1399
-1675
-1696
-1805
-1761
-1707
-1728
-1717
-1996
-2012
-2042
-2153
-2083
-2084
-1910
-1752
-1766
-1520
-1427
-1332
-1153
-1061
-875
-937
-1016
-996
-1054
-960
-878
-805
-757
-915
-1037
-1183
-1306
-1341
-1511
-1461
-1466
-1518
-1584
-1747
-1963
-1986
-2144
-2031
-2143
-2111
-2368
-2275
-927
-364
779
721
304
668
430
1385
2421
2670
3598
3737
4555
5204
4953
5216
5204
5473
6308
6958
7501
7342
6605
6547
6447
6597
6589
6231
5816
5202
4790
4591
3957
3253
2395
1868
1523
1115
848
193
-581
-1202
-1614
-1707
-1942
-2313
-2443
-2762
-2721
-2842
-3060
-3200
-3447
-3171
-2586
-2196
-1900
-2142
-2373
-2423
-2097
-1600
-1224
-1170
-1253
-1227
-1196
-1003
-872
-801
-804
-837
-827
-832
-1059
-1272
-1431
-1353
-1207
-1245
-1307
-1578
-1856
-1857
-1823
-1638
-1671
-1819
-1818
-1875
-1704
-1503
-1434
-1398
-1413
-1323
-1079
-840
-614
-508
-459
-513
-505
-521
-633
-690
-696
-594
-715
-797
-919
-1200
-1329
-1517
-1527
-1644
-1807
-1920
-2142
-1968
-2180
-2166
-2181
-2602
-2473
-2759
-2707
-2786
-1902
-865
82
868
512
669
434
622
1584
2116
3167
3920
4518
5372
5055
5172
4971
5041
5616
6288
6989
7311
6941
6665
6091
5693
5342
4882
4838
4520
4287
4027
3280
2390
1392
650
318
44
69
-233
-689
-1230
-1879
-2252
-2610
-2867
-2758
-2661
-2282
-2100
-2262
-2365
-2752
-2725
-2428
-2078
-1551
-1333
-1285
-1216
-1200
-1071
-1095
-1178
-1278
-1049
-715
-385
-292
-395
-646
-905
-1037
-1005
-950
-1003
-991
-1026
-1104
-1254
-1482
-1631
-1692
-1673
-1508
-1391
-1329
-1361
-1391
-1341
-1247
-1130
-1006
-933
-822
-591
-317
-157
-176
-220
-235
-168
-4
156
159
10
-202
-332
-467
-555
-677
-758
-838
-994
-1067
-1305
-1604
-1770
-1905
-1882
-1840
-1971
-2002
-2167
-2068
-2042
-1961
-1985
-2108
-2128
-1959
-885
73
938
1283
1152
1482
1544
1623
2190
2222
2904
3617
4530
5449
5333
5023
4520
4198
4339
4567
5105
5425
5348
5271
4809
4333
3454
2671
2273
2078
2195
2289
2071
1587
857
301
-259
-731
-993
-1226
-1124
-1109
-1099
-1082
-1552
-2056
-2376
-2617
-2433
-2288
-2055
-1792
-1731
-1651
-1602
-1757
-1804
-1879
-1839
-1575
-1305
-973
-678
-657
-684
-742
-808
-776
-800
-673
-510
-328
-250
-303
-518
-765
-900
-968
-909
-788
-768
-723
-743
-689
-527
-493
-635
-811
-829
-684
-435
-203
-202
-143
-76
-170
-82
-35
27
-112
-268
-217
-176
-9
90
17
-238
-288
-340
-224
-217
-336
-517
-664
-225
-59
-114
-343
-477
-415
-343
-208
-258
-280
-179
-4
208
123
62
173
469
814
879
942
951
1127
1239
1243
1222
1122
1142
1258
1418
1455
1407
1365
1356
1257
1132
996
864
790
706
625
438
267
98
-101
-232
-413
-479
-456
-417
-282
-251
-262
-356
-500
-463
-306
-166
-72
-93
-104
-127
-215
-206
-293
-329
-338
-374
-302
-285
-285
-336
-406
-449
-516
-549
-496
-413
-382
-379
-345
-255
-164
-126
-150
-163
-143
-139
-121
-27
-4
-24
-12
-25
-3
-58
-50
-4
25
148
209
233
237
274
283
312
349
431
560
638
720
790
816
829
814
777
768
735
773
844
884
882
818
745
735
740
722
693
640
589
492
482
420
390
369
349
382
394
397
367
299
259
253
252
312
397
413
414
422
398
410
388
415
449
448
477
470
435
426
399
397
414
391
326
234
140
74
-6
-100
-224
-377
-435
-560
-636
-724
-863
-968
-1064
-1098
-1097
-1212
-1290
-1375
-1442
-1391
-1386
-1348
-1414
-1475
-1497
-1483
-1417
-1414
-1383
-1295
-1173
-1025
-947
-895
-815
-702
-593
-467
-349
-275
-206
-126
39
173
263
351
443
592
739
855
967
1012
1001
984
1006
1035
1049
1071
1107
1111
1114
1125
1065
937
883
864
887
880
857
881
863
911
957
920
912
875
900
979
964
985
896
845
896
887
906
835
797
750
724
803
812
786
712
615
550
522
540
553
475
446
421
392
404
325
312
253
192
172
146
149
104
65
24
65
129
183
202
153
125
114
171
206
195
191
179
201
256
322
265
106
18
-82
-121
-184
-244
-315
-458
-537
-635
-711
-807
-913
-985
-1101
-1178
-1241
-1358
-1481
-1634
-1685
-1689
-1707
-1709
-1768
-1835
-1863
-1921
-1932
-1971
-1989
-1922
-1859
-1772
-1704
-1672
-1603
-1510
-1411
-1307
-1204
-1077
-950
-743
-516
-296
-121
-17
114
273
416
609
774
924
1037
1138
1245
1294
1338
1410
1474
1550
1629
1723
1781
1837
1943
1985
1966
1905
1903
1958
1983
2032
2032
2009
1982
1860
1845
1862
1855
1863
1841
1816
1776
1771
1831
1835
1760
1615
1491
1469
1415
1372
1331
1234
1115
1044
1005
920
788
697
632
607
556
520
461
375
315
298
389
428
404
343
223
159
108
50
-9
-108
-216
-331
-374
-409
-460
-500
-586
-714
-850
-997
-1135
-1250
-1383
-1373
-1135
-921
-974
-1430
-2168
-2855
-3086
-2842
-2370
-2136
-2294
-2657
-3024
-3229
-3331
-3421
-3475
-3459
-3343
-3250
-3198
-3293
-3426
-3513
-3498
-3330
-3274
-3293
-3435
-3599
-3680
-3676
-3521
-3312
-3094
-2908
-2848
-2864
-2984
-3079
-3047
-2835
-2501
-2135
-1750
-1347
-994
-852
-863
-1033
-1158
-1096
-853
-441
-48
252
475
548
505
472
516
622
699
719
821
975
1211
1515
1767
1845
1813
1847
1923
1836
1619
1508
1491
1521
1624
1719
1704
1642
1646
1581
1232
887
566
413
425
315
386
480
468
518
266
-136
-475
-659
-667
-674
-703
-746
-720
-558
-416
-472
-678
-977
-1221
-1285
-1176
-985
-825
-715
-575
-463
-374
-311
-418
-565
-644
-674
-486
-373
-235
-45
-129
-127
-177
-317
-549
-777
-801
-846
-890
-815
-705
-777
-950
-1060
-1118
-1297
-1439
-1434
-1472
-1514
-1455
-1409
-1575
-1708
-1702
-1718
-1703
-1837
-1958
-2058
-2142
-2051
-1890
-1788
-1799
-1687
-1739
-1797
-1697
-1498
-1088
-680
-273
56
257
414
565
643
715
837
1067
1501
2015
2379
2606
2724
2791
2815
2846
2829
2755
2682
2659
2788
2945
2964
2869
2651
2417
2238
2134
2010
1803
1552
1367
1300
1323
1369
1374
1260
1125
1066
986
912
848
848
974
1085
1168
1215
1204
1176
1166
1203
1246
1267
1257
1202
1161
1113
1038
942
847
696
551
492
427
419
402
308
227
61
-95
-221
-304
-312
-324
-297
-300
-358
-418
-519
-566
-638
-733
-778
-822
-833
-822
-794
-754
-730
-699
-685
-648
-642
-708
-763
-790
-725
-650
-636
-634
-682
-744
-748
-785
-880
-1023
-1124
-1146
-1143
-1162
-1163
-1143
-1164
-1157
-1217
-1315
-1365
-1350
-1259
-1168
-1201
-1257
-1291
-1307
-1250
-1223
-1122
-1043
-1006
-1015
-925
-649
-176
316
660
888
1054
1242
1473
1609
1605
1555
1575
1791
2097
2394
2545
2580
2574
2628
2652
2536
2308
2042
1839
1780
1746
1741
1668
1530
1446
1383
1262
1060
807
602
483
351
220
83
-34
-49
25
115
127
57
-9
-42
-41
-43
11
92
192
303
391
461
492
504
532
568
597
545
426
282
180
81
1
-48
-102
-129
-177
-162
-185
-292
-436
-609
-734
-818
-866
-918
-1001
-1051
-1091
-1121
-1133
-1136
-1138
-1206
-1300
-1355
-1412
-1443
-1445
-1409
-1380
-1330
-1267
-1196
-1119
-1108
-1090
-1133
-1213
-1236
-1266
-1273
-1321
-1351
-1366
-1373
-1348
-1343
-1318
-1349
-1386
-1392
-1382
-1347
-1308
-1247
-1190
-1126
-989
-879
-767
-692
-631
-589
-568
-554
-494
-487
-453
-490
-439
-203
117
596
973
1312
1569
1788
2012
2104
2014
1852
1733
1859
1992
2137
2194
2259
2381
2493
2635
2605
2413
2137
1869
1704
1509
1297
1072
920
892
959
1072
1086
999
900
820
720
541
320
75
-133
-253
-336
-382
-432
-489
-473
-459
-442
-453
-501
-556
-599
-641
-658
-677
-687
-618
-535
-439
-337
-267
-255
-303
-350
-402
-484
-554
-618
-674
-714
-741
-696
-629
-587
-530
-515
-545
-552
-543
-520
-496
-480
-471
-475
-489
-464
-428
-341
-197
-108
-59
-31
-11
-13
-53
-117
-180
-214
-188
-112
-67
-66
-96
-88
-88
-118
-125
-179
-257
-273
-253
-260
-276
-328
-321
-251
-183
-136
-114
-97
-107
-89
5
91
159
155
119
52
19
-10
17
-6
-38
102
311
681
1007
1315
1646
1923
2209
2405
2412
2368
2307
2403
2462
2384
2238
2120
2192
2306
2415
2417
2283
2204
2116
2073
1892
1581
1271
940
745
557
383
249
104
52
7
-2
-67
-206
-375
-577
-748
-976
-1215
-1381
-1525
-1567
-1570
-1522
-1452
-1380
-1272
-1176
-1034
-883
-771
-698
-667
-731
-777
-771
-739
-739
-773
-781
-755
-683
-590
-505
-469
-480
-490
-448
-392
-399
-458
-502
-508
-430
-329
-182
-26
142
312
436
565
670
752
833
916
1002
1052
1078
1093
1098
1114
1096
1081
1096
1103
1152
1195
1178
1132
1106
1064
982
905
884
855
826
816
808
762
673
604
529
443
358
266
209
188
136
69
23
34
128
234
257
212
144
80
27
-72
-181
-348
-418
-355
-207
-6
128
316
615
924
1189
1333
1361
1393
1455
1473
1308
1029
794
687
630
576
499
389
379
467
542
590
498
359
228
47
-147
-389
-645
-828
-1044
-1271
-1458
-1588
-1661
-1689
-1714
-1782
-1855
-1886
-1876
-1865
-1908
-1944
-1962
-1940
-1938
-1927
-1841
-1708
-1478
-1237
-1061
-903
-704
-497
-300
-227
-236
-244
-295
-309
-287
-293
-308
-329
-270
-182
-103
2
138
324
474
573
664
741
790
850
866
827
761
720
740
810
915
986
1046
1094
1123
1206
1261
1277
1291
1278
1250
1225
1199
1147
1074
1022
975
914
851
799
807
816
779
738
654
566
529
508
476
396
289
183
110
44
13
35
75
142
148
138
167
200
187
72
-40
-181
-314
-445
-631
-836
-1034
-1093
-1082
-1037
-1008
-956
-691
-394
-181
-31
3
58
136
213
187
9
-194
-339
-390
-491
-622
-696
-757
-711
-670
-597
-527
-475
-352
-334
-366
-361
-364
-358
-462
-636
-780
-924
-1034
-1133
-1238
-1316
-1320
-1245
-1192
-1156
-1100
-1003
-848
-706
-630
-610
-542
-439
-349
-334
-371
-366
-312
-250
-190
-129
-56
42
149
260
364
460
563
638
680
744
775
780
791
803
825
857
888
896
867
843
878
935
963
954
921
902
891
864
846
814
774
772
782
758
726
742
762
782
794
824
849
838
817
750
700
633
577
560
523
502
516
537
528
506
476
453
431
433
398
295
218
150
61
-57
-195
-346
-474
-575
-652
-751
-901
-1048
-1185
-1310
-1460
-1610
-1780
-1893
-1914
-1941
-1982
-1999
-1903
-1754
-1623
-1503
-1405
-1262
-1114
-1015
-985
-1016
-1019
-987
-989
-1078
-1204
-1277
-1299
-1282
-1270
-1289
-1288
-1223
-1089
-956
-843
-729
-622
-524
-451
-407
-365
-349
-377
-452
-535
-588
-624
-666
-738
-820
-802
-712
-632
-520
-412
-264
-67
134
287
424
550
687
787
804
816
827
850
875
873
848
857
883
956
1055
1140
1219
1316
1411
1467
1524
1560
1577
1572
1521
1425
1315
1209
1083
978
889
808
748
722
721
756
795
830
904
947
967
956
960
974
986
940
864
765
686
677
660
621
578
521
450
425
403
331
238
143
80
45
-1
-82
-171
-258
-351
-400
-488
-602
-724
-855
-966
-1086
-1240
-1397
-1544
-1630
-1691
-1759
-1860
-1975
-2096
-2154
-2100
-2090
-2091
-2096
-2016
-1811
-1644
-1514
-1389
-1250
-1059
-866
-747
-721
-673
-587
-503
-496
-570
-610
-596
-587
-588
-583
-578
-566
-521
-444
-371
-265
-122
-38
5
75
201
290
321
327
302
261
190
115
-30
-173
-240
-295
-322
-337
-301
-189
-6
225
456
675
863
1068
1239
1348
1417
1455
1460
1407
1341
1265
1181
1076
1006
978
961
986
1004
1027
1078
1143
1223
1301
1325
1331
1362
1364
1355
1298
1177
1061
963
877
769
670
621
618
625
616
590
580
613
676
716
702
673
689
696
634
517
428
364
289
230
166
87
17
-15
-49
-106
-173
-237
-227
-241
-276
-293
-330
-380
-433
-477
-558
-639
-741
-796
-846
-924
-968
-1049
-1124
-1171
-1200
-1252
-1346
-1414
-1466
-1532
-1624
-1747
-1916
-2036
-2057
-2073
-2075
-2090
-2052
-1892
-1702
-1553
-1439
-1272
-1010
-750
-557
-400
-277
-119
59
133
116
80
84
115
128
123
106
118
200
342
456
574
772
945
1062
1140
1203
1227
1158
1045
883
678
472
259
21
-215
-350
-409
-406
-351
-238
-34
231
512
763
1011
1261
1493
1702
1830
1870
1891
1868
1800
1676
1505
1361
1238
1106
1012
938
885
858
850
856
861
889
888
831
754
709
655
531
371
218
78
-62
-215
-339
-429
-508
-554
-581
-594
-559
-469
-308
-140
57
215
392
586
712
824
878
911
894
828
748
608
473
313
162
70
-45
-143
-210
-232
-240
-259
-271
-279
-275
-276
-288
-323
-371
-404
-443
-495
-563
-642
-703
-686
-647
-649
-673
-716
-709
-651
-580
-522
-491
-435
-385
-371
-413
-501
-614
-741
-863
-980
-1055
-1097
-1114
-1112
-1069
-977
-886
-809
-725
-645
-568
-481
-428
-445
-479
-468
-418
-384
-371
-341
-274
-180
-97
-39
-21
-5
1
-17
-81
-192
-302
-421
-549
-685
-819
-924
-1022
-1104
-1176
-1217
-1242
-1287
-1311
-1328
-1332
-1328
-1328
-1344
-1355
-1330
-1301
-1298
-1317
-1337
-1334
-1296
-1262
-1241
-1218
-1172
-1101
-1028
-957
-902
-869
-826
-780
-746
-758
-782
-792
-840
-893
-950
-993
-1040
-1106
-1166
-1218
-1223
-1193
-1175
-1147
-1095
-1030
-948
-848
-753
-679
-633
-607
-600
-580
-566
-581
-611
-652
-666
-652
-621
-589
-565
-527
-468
-377
-282
-183
-89
-13
61
125
181
204
198
173
118
87
29
-87
-218
-318
-366
-437
-524
-583
-602
-592
-563
-545
-538
-525
-475
-429
-449
-502
-559
-609
-661
-718
-766
-789
-805
-800
-766
-729
-699
-661
-620
-581
-567
-562
-554
-550
-540
-530
-518
-540
-559
-546
-517
-496
-503
-499
-455
-354
-234
-159
-62
59
182
289
397
523
656
784
882
920
968
1060
1137
1147
1096
1079
1088
1083
1042
954
862
797
797
793
747
721
718
733
738
712
714
742
776
799
799
799
786
766
747
703
644
587
562
561
528
502
474
436
454
509
597
696
787
901
1035
1223
1412
1564
1690
1796
1895
1938
1933
1876
1784
1670
1530
1369
1177
999
835
680
533
412
331
271
250
246
264
340
424
499
559
593
626
631
626
611
572
527
459
372
300
234
183
175
197
222
236
280
319
328
341
341
305
250
193
119
35
-63
-173
-304
-407
-457
-492
-544
-638
-705
-743
-755
-756
-790
-785
-731
-670
-619
-573
-499
-438
-406
-368
-331
-282
-237
-213
-211
-192
-139
-60
2
11
1
-1
4
-10
-39
-63
-76
-84
-101
-129
-173
-192
-199
-224
-235
-210
-184
-160
-166
-211
-239
-268
-270
-221
-185
-170
-154
-133
-123
-118
-108
-80
-39
-1
46
81
124
167
228
290
353
413
463
551
635
700
742
763
796
822
829
829
800
778
768
776
782
794
801
801
806
806
792
772
772
762
763
751
741
726
738
791
812
824
857
880
887
880
862
849
842
864
884
868
847
849
839
792
705
589
454
303
151
0
-139
-254
-339
-432
-528
-605
-660
-691
-714
-733
-737
-742
-743
-743
-738
-745
-748
-695
-626
-572
-525
-489
-463
-413
-374
-353
-324
-319
-317
-296
-298
-316
-348
-390
-417
-441
-464
-486
-500
-526
-554
-571
-589
-606
-618
-604
-577
-567
-573
-584
-567
-499
-448
-415
-383
-333
-272
-211
-143
-94
-47
0
57
109
154
152
118
100
89
58
15
-9
-32
-45
-31
-11
9
18
60
130
191
240
279
346
421
503
598
682
768
845
918
961
985
1029
1091
1152
1208
1249
1292
1359
1431
1482
1507
1537
1576
1579
1584
1578
1554
1509
1443
1411
1347
1257
1182
1121
1048
985
940
865
774
704
671
639
580
528
510
492
443
386
340
330
337
326
308
274
248
216
186
140
107
82
17
-6
-29
-77
-115
-143
-165
-181
-200
-220
-205
-232
-254
-242
-229
-182
-149
-118
-87
-43
-4
50
105
133
190
249
310
352
368
356
364
389
408
410
388
381
333
267
208
176
138
79
36
34
8
-24
6
22
10
-17
-68
-108
-110
-101
-117
-100
-85
-64
-5
34
130
230
292
377
442
485
536
604
687
755
826
870
885
911
943
972
966
958
967
959
940
912
862
842
825
789
788
756
732
718
721
741
720
715
716
711
720
751
785
796
806
830
845
849
853
851
848
833
806
757
684
641
599
557
504
438
391
351
310
278
250
191
136
107
63
2
-54
-118
-177
-205
-236
-254
-253
-269
-261
-259
-256
-228
-203
-168
-141
-95
-49
-36
-26
8
34
76
130
177
236
240
249
266
274
364
425
433
418
362
301
248
187
116
37
-48
-152
-269
-375
-477
-573
-693
-811
-915
-1033
-1140
-1235
-1338
-1449
-1546
-1634
-1718
-1781
-1835
-1871
-1910
-1959
-2003
-2026
-2052
-2081
-2089
-2087
-2070
-2059
-2033
-1989
-1956
-1924
-1876
-1807
-1740
-1680
-1620
-1560
-1500
-1428
-1349
-1271
-1201
-1142
-1107
-1087
-1065
-1047
-1030
-1027
-1020
-1009
-1016
-1020
-1027
-1017
-1021
-1045
-1070
-1095
-1108
-1122
-1138
-1161
-1169
-1177
-1189
-1196
-1203
-1200
-1182
-1153
-1137
-1113
-1086
-1063
-1050
-1053
-1057
-1061
-1058
-1059
-1064
-1049
-1023
-993
-973
-949
-933
-915
-895
-870
-829
-804
-801
-790
-772
-755
-746
-734
-717
-712
-705
-684
-653
-622
-600
-578
-547
-525
-495
-454
-413
-371
-348
-327
-301
-270
-231
-216
-218
-233
-247
-225
-216
-231
-236
-224
-202
-172
-147
-141
-144
-147
-145
-143
-126
-104
-82
-67
-71
-59
-51
-56
-60
-62
-69
-87
-122
-155
-157
-178
-219
-262
-303
-320
-335
-358
-374
-374
-373
-376
-356
-331
-314
-304
-314
-308
-275
-245
-216
-188
-116
-14
83
183
277
369
448
519
591
659
742
823
877
910
933
976
1008
1020
1043
1057
1054
1053
1044
1038
1023
992
966
936
919
909
881
842
799
762
727
690
662
639
604
581
559
541
547
562
557
546
524
483
430
383
361
326
290
250
221
196
166
165
159
144
129
102
88
77
69
93
107
105
115
132
177
212
242
283
322
371
414
462
513
577
636
690
724
737
736
735
737
732
727
705
692
680
682
695
689
677
650
625
613
596
571
533
489
476
486
486
466
424
384
343
309
268
218
167
114
71
29
-10
-45
-59
-82
-122
-149
-176
-175
-173
-171
-144
-114
-91
-81
-61
-43
-44
-42
-50
-55
-57
-71
-90
-92
-88
-70
-69
-49
15
77
142
188
226
259
282
293
316
342
356
365
370
354
318
279
238
208
180
164
149
139
157
172
183
188
188
195
209
217
210
209
221
233
246
278
304
319
330
347
369
365
349
334
324
309
323
331
332
339
331
324
317
307
305
295
260
234
216
199
187
167
145
126
116
127
162
199
214
220
222
214
216
217
204
227
263
267
262
261
251
240
238
227
204
192
172
140
123
87
70
82
86
87
63
55
70
78
78
60
37
13
-16
-46
-79
-109
-150
-204
-257
-297
-341
-369
-399
-427
-422
-425
-436
-444
-450
-454
-472
-476
-470
-467
-446
-440
-399
-336
-289
-233
-189
-152
-129
-117
-99
-96
-83
-45
-19
10
58
124
175
217
245
254
259
257
242
219
190
159
133
105
79
65
52
33
22
5
19
58
84
94
89
89
69
45
34
24
14
16
43
69
120
198
259
299
325
351
377
390
395
397
408
409
397
389
371
360
350
335
328
328
317
309
296
283
288
300
312
332
354
372
384
393
419
451
459
456
431
382
348
317
286
254
218
191
179
173
158
137
108
78
43
-5
-24
-42
-71
-104
-141
-174
-206
-229
-252
-273
-296
-302
-301
-306
-314
-339
-359
-385
-414
-441
-467
-486
-512
-529
-539
-527
-508
-509
-514
-523
-524
-536
-539
-536
-547
-558
-556
-532
-516
-507
-502
-513
-523
-529
-543
-565
-589
-600
-600
-590
-572
-556
-529
-497
-460
-381
-287
-212
-145
-102
-59
-15
25
56
67
69
69
74
89
115
145
159
185
208
220
222
227
236
238
260
276
285
300
320
337
345
347
349
350
360
379
375
366
366
365
358
362
362
359
368
379
405
445
481
508
510
502
492
476
454
428
409
401
395
390
389
379
371
350
326
302
269
240
209
175
145
129
110
81
51
26
-6
-30
-30
-35
-47
-66
-85
-103
-123
-138
-154
-157
-157
-159
-168
-179
-194
-214
-227
-238
-251
-261
-271
-291
-301
-283
-261
-245
-241
-250
-263
-275
-293
-313
-334
-358
-374
-392
-414
-441
-451
-460
-472
-491
-513
-536
-539
-516
-494
-474
-446
-433
-430
-421
-421
-423
-413
-378
-342
-309
-272
-249
-218
-181
-153
-126
-92
-50
4
42
56
76
99
119
136
150
163
176
190
201
202
207
212
205
201
200
196
196
207
215
226
246
265
288
313
354
395
423
453
477
495
498
495
500
517
525
513
503
479
453
430
405
381
380
386
376
355
334
308
277
260
238
204
181
168
155
135
114
90
73
57
31
14
9
27
47
56
64
73
75
67
63
42
19
-1
-15
-22
-41
-65
-103
-140
-171
-200
-238
-281
-305
-324
-345
-368
-397
-414
-435
-455
-471
-500
-519
-528
-532
-526
-521
-511
-500
-496
-479
-443
-421
-406
-385
-367
-337
-315
-297
-279
-268
-260
-252
-242
-235
-237
-238
-226
-219
-197
-156
-112
-76
-52
-29
-11
15
33
48
67
80
88
91
89
82
77
69
60
56
61
71
96
131
155
170
187
207
214
219
219
214
212
213
210
194
171
147
128
111
95
82
84
89
92
108
129
151
175
187
197
212
220
222
229
241
243
242
248
250
258
264
281
306
311
325
334
337
348
354
357
360
353
348
340
325
312
288
257
222
175
129
83
31
-16
-70
-117
-153
-185
-204
-215
-228
-243
-264
-273
-287
-304
-298
-281
-272
-274
-287
-293
-298
-313
-324
-335
-340
-339
-343
-348
-355
-349
-340
-333
-325
-316
-309
-304
-296
-285
-280
-274
-242
-197
-169
-145
-124
-111
-97
-77
-62
-56
-39
-20
-6
10
22
34
43
51
59
72
91
99
102
117
162
214
252
278
292
310
319
322
321
309
298
285
266
240
208
181
155
126
99
68
36
8
-6
5
21
23
15
7
-1
-4
-9
-8
-8
-7
-20
-35
-23
-5
3
11
20
33
53
67
77
87
107
148
193
235
261
282
291
301
306
311
305
292
291
278
262
248
240
227
211
192
172
149
138
129
111
91
75
61
35
1
-25
-47
-68
-96
-119
-138
-164
-188
-197
-200
-210
-227
-240
-256
-274
-289
-306
-320
-335
-336
-324
-315
-321
-327
-330
-325
-320
-318
-309
-298
-288
-282
-275
-269
-265
-253
-249
-243
-232
-215
-193
-181
-168
-149
-136
-111
-75
-39
-6
27
55
78
99
110
121
123
131
149
165
180
182
177
175
169
162
157
153
141
136
131
128
125
121
128
130
126
116
99
82
63
44
29
10
-10
-35
-44
-40
-35
-31
-32
-40
-43
-48
-51
-54
-57
-51
-45
-35
-26
-12
7
20
37
55
77
95
101
112
123
139
154
168
184
197
209
211
220
223
228
241
250
255
254
256
259
257
254
245
234
226
218
205
192
176
154
137
115
88
60
30
12
2
-10
-26
-48
-63
-66
-63
-63
-70
-80
-87
-98
-107
-112
-117
-120
-116
-113
-116
-118
-125
-133
-145
-151
-164
-167
-157
-157
-161
-164
-160
-162
-165
-171
-168
-148
-129
-118
-113
-111
-112
-109
-102
-98
-98
-101
-101
-92
-67
-51
-44
-35
-31
-35
-30
-15
-3
-5
-8
-15
-26
-27
-24
-24
-36
-42
-50
-63
-68
-78
-90
-95
-92
-88
-89
-90
-103
-111
-110
-105
-98
-99
-106
-110
-109
-109
-101
-87
-75
-59
-42
-29
-8
16
42
63
83
96
107
124
140
162
188
203
215
220
222
232
243
249
252
258
275
290
290
291
287
279
267
254
245
244
249
249
243
230
212
192
175
164
149
136
127
122
122
127
120
105
99
102
102
100
90
74
70
77
80
78
67
54
43
35
27
16
9
9
4
-1
-9
-23
-39
-51
-63
-76
-89
-100
-109
-105
-102
-100
-107
-120
-127
-137
-145
-157
-163
-164
-165
-168
-174
-184
-196
-208
-216
-215
-210
-208
-207
-208
-208
-209
-208
-210
-209
-203
-198
-191
-185
-180
-179
-181
-184
-179
-169
-163
-159
-158
-161
-158
-152
-148
-139
-129
-120
-111
-105
-98
-89
-74
-61
-55
-52
-51
-47
-39
-24
-11
-3
2
3
6
13
17
21
26
30
38
44
50
58
69
89
103
115
119
122
128
135
142
151
161
169
175
180
187
193
199
198
200
201
198
197
196
197
200
199
196
188
190
198
204
206
202
197
201
208
209
208
202
196
192
192
187
182
181
178
176
173
169
162
154
152
149
141
127
110
100
97
89
77
58
38
16
-8
-31
-55
-69
-83
-93
-109
-131
-147
-155
-161
-168
-174
-184
-194
-201
-204
-201
-197
-197
-198
-196
-196
-196
-194
-186
-174
-167
-161
-159
-155
-146
-137
-129
-125
-121
-116
-106
-96
-91
-86
-82
-78
-70
-66
-61
-58
-63
-59
-51
-46
-46
-47
-49
-49
-47
-50
-49
-47
-42
-36
-33
-31
-29
-28
-25
-23
-22
-15
-9
-9
-6
-9
-5
0
3
6
9
9
4
2
1
8
18
23
27
30
31
33
39
48
57
66
73
78
84
93
102
108
115
129
141
154
158
160
164
169
175
180
182
180
180
178
174
175
176
173
170
164
154
143
130
117
107
95
80
61
46
37
26
15
-2
-21
-40
-56
-72
-87
-103
-119
-128
-137
-150
-165
-176
-188
-195
-196
-202
-207
-213
-220
-223
-220
-217
-209
-202
-197
-190
-182
-177
-171
-160
-143
-128
-115
-105
-94
-83
-68
-53
-41
-30
-20
-7
5
12
17
22
30
39
45
45
44
42
38
36
34
29
24
