-10
-10
-9
-6
-3
-1
1
3
4
5
6
5
1
-2
-5
-6
-7
-7
-7
-4
-2
-1
1
4
7
9
9
9
7
5
1
-3
-6
-9
-12
-13
-13
-13
-13
-12
-10
-10
-8
-6
-5
-4
-3
-3
-2
-3
-6
-9
-12
-12
-14
-14
-14
-13
-12
-11
-10
-7
-2
1
4
6
6
6
8
7
8
8
9
9
9
10
10
12
12
12
13
15
17
20
22
24
23
23
22
22
20
19
20
19
19
17
18
17
16
17
15
17
15
14
13
13
11
10
8
6
5
6
4
4
4
2
0
-3
-4
-4
-4
-2
-1
-1
-3
-5
-6
-7
-7
-8
-8
-8
-10
-10
-10
-9
-11
-11
-13
-16
-17
-18
-19
-19
-19
-16
-16
-15
-14
-11
-7
-6
-5
-4
-4
-6
-8
-9
-9
-10
-12
-14
-13
-12
-10
-9
-7
-2
-2
-1
1
2
4
6
9
8
9
9
5
1
0
0
-1
1
3
5
8
10
14
18
20
20
21
22
21
20
17
16
16
15
13
11
9
10
9
8
9
10
13
14
15
16
14
12
8
6
4
-2
-6
-8
-11
-11
-9
-10
-9
-8
-6
-4
-3
-2
-3
-5
-8
-8
-7
-10
-12
-14
-16
-16
-17
-17
-17
-16
-16
-15
-13
-10
-8
-6
-6
-5
-5
-6
-8
-10
-9
-10
-10
-9
-9
-8
-10
-10
-9
-8
-7
-6
-4
0
1
2
5
4
5
5
4
2
2
1
0
0
1
3
2
3
3
2
2
3
4
7
7
8
8
10
11
10
10
10
10
7
7
5
3
2
2
4
5
6
7
8
10
11
10
10
9
8
8
7
5
4
2
0
-2
-5
-8
-10
-11
-10
-8
-6
-4
-2
-2
-1
3
4
5
4
4
3
2
4
5
5
4
2
3
4
4
7
11
14
17
19
21
21
21
19
18
14
9
4
1
-2
-2
0
1
1
1
2
4
3
5
6
7
7
5
4
4
3
1
1
0
-2
-2
-1
-1
2
3
5
5
5
4
4
6
6
5
2
0
-3
-7
-9
-10
-10
-11
-12
-13
-17
-19
-22
-23
-23
-23
-23
-22
-23
-23
-25
-25
-24
-26
-26
-28
-29
-30
-31
-29
-30
-29
-29
-28
-25
-24
-22
-20
-18
-18
-16
-13
-13
-10
-7
-5
-5
-7
-6
-8
-8
-9
-8
-6
-6
-5
-5
-4
-1
1
2
2
1
1
0
2
2
2
3
4
3
3
4
4
5
7
10
13
15
13
14
18
20
19
22
22
21
23
23
24
23
22
20
22
23
23
25
26
26
26
24
21
19
18
19
18
19
16
13
11
7
4
2
3
2
2
3
4
5
5
5
6
7
9
8
8
6
7
9
11
13
13
12
10
11
12
10
10
9
9
11
14
16
15
15
14
12
9
7
7
6
2
2
1
-1
-4
-3
-3
-2
-1
1
2
3
2
1
1
3
2
3
3
-1
-2
-1
2
2
3
3
3
2
2
5
6
5
5
5
6
5
2
1
0
1
-3
-7
-10
-14
-15
-17
-17
-17
-19
-20
-21
-23
-21
-20
-20
-22
-24
-25
-26
-27
-29
-29
-30
-29
-29
-29
-26
-23
-19
-15
-12
-10
-9
-9
-7
-6
-4
-3
-3
-2
-2
-4
-3
-3
-3
-4
-2
-1
0
0
-1
-3
-2
0
2
3
2
1
3
0
-2
-3
-4
-6
-5
-3
-3
-2
-1
1
3
7
9
11
12
13
12
12
12
10
9
8
8
10
9
7
8
8
5
6
6
3
1
2
2
-1
0
0
-2
-3
-5
-9
-12
-12
-13
-12
-13
-15
-16
-18
-19
-20
-17
-15
-14
-12
-12
-10
-7
-5
-4
-2
0
-2
-1
-1
-2
-2
0
-1
-1
1
2
3
6
7
7
6
6
6
5
4
4
5
5
4
6
7
7
8
8
7
5
4
6
5
7
9
8
9
9
8
9
11
11
11
11
11
10
11
10
9
12
11
11
12
12
11
11
12
9
8
7
6
3
2
1
-1
-1
-2
-3
-2
-2
-1
1
1
1
2
1
1
1
2
2
4
3
3
3
3
6
6
6
5
6
5
5
4
2
1
1
1
2
4
6
6
5
5
3
3
1
-2
-2
-3
-4
-4
-2
-3
-3
-1
-1
-1
-2
-2
-2
-2
-4
-5
-6
-6
-8
-7
-8
-8
-7
-6
-6
-5
-6
-8
-7
-7
-9
-8
-9
-9
-10
-10
-11
-10
-9
-9
-9
-7
-7
-8
-7
-9
-11
-13
-11
-11
-11
-11
-11
-11
-12
-11
-13
-13
-15
-17
-17
-19
-19
-20
-20
-21
-20
-18
-18
-16
-15
-14
-13
-13
-14
-12
-10
-7
-5
-4
-2
-2
-1
0
0
0
2
2
2
4
4
5
5
5
3
4
5
5
4
4
3
4
6
6
6
6
7
5
7
6
8
7
5
6
6
8
7
7
9
8
8
8
9
9
9
9
9
9
9
10
6
5
4
4
5
4
3
5
3
4
4
5
3
3
1
-1
-1
-1
-2
-3
-4
-5
-5
-6
-4
-3
-4
-5
-6
-8
-8
-8
-7
-6
-5
-4
-5
-5
-3
-3
-2
-3
-4
-7
-8
-8
-9
-9
-7
-7
-7
-7
-6
-5
-5
-4
-3
-3
-2
0
-1
1
1
1
3
3
4
4
5
6
9
11
11
10
9
9
8
9
10
10
10
10
10
12
13
12
11
10
10
8
8
8
8
8
10
9
6
4
1
2
3
3
5
6
6
5
4
3
3
3
5
5
5
4
2
0
3
2
4
4
3
0
0
-3
-4
-5
-7
-9
-10
-10
-10
-9
-8
-7
-7
-5
-4
-4
-2
-2
-2
-3
-3
-4
-3
-4
-3
-1
-2
-3
-4
-6
-5
-4
-4
-3
-1
-1
1
0
1
1
1
1
0
1
0
-1
-3
-4
-5
-5
-4
-4
-4
-4
-3
-3
-2
0
-1
-2
-3
-4
-6
-6
-3
-1
1
3
3
3
2
2
3
5
6
7
8
8
8
11
10
9
9
8
8
7
7
6
6
4
4
4
7
7
7
7
5
6
5
6
3
6
7
7
7
8
7
7
6
6
8
9
10
10
10
10
9
11
11
12
11
11
11
10
10
8
8
7
4
2
1
0
0
2
4
5
5
6
6
5
6
7
8
6
4
5
2
0
0
-1
-2
-2
-2
-2
-2
-1
0
-1
-2
-4
-5
-7
-10
-13
-14
-17
-19
-20
-21
-20
-22
-24
-25
-25
-25
-25
-25
-24
-24
-24
-24
-24
-26
-26
-25
-23
-22
-21
-18
-15
-14
-11
-10
-10
-9
-9
-7
-6
-6
-4
-3
-2
-2
1
-1
-1
1
2
4
7
8
9
10
10
9
10
10
11
10
11
12
13
16
15
14
14
12
9
8
8
6
5
6
5
6
6
6
5
5
5
5
5
5
3
2
1
0
-1
-1
-1
-2
-1
-1
1
3
5
7
10
11
10
9
6
5
6
6
7
8
9
10
11
11
11
12
12
13
14
17
18
18
16
14
13
12
11
10
8
7
6
6
7
8
9
10
8
7
7
4
1
-1
-2
-2
-3
-5
-3
-3
-4
-3
-3
-2
-1
-2
-2
-1
-3
-4
-5
-5
-4
-5
-5
-4
-3
-2
-3
-2
-2
0
0
0
0
1
1
1
0
0
1
2
2
3
3
3
4
4
5
5
6
8
9
9
7
7
6
4
4
3
3
3
2
2
2
1
0
1
1
0
0
0
1
2
0
-1
-2
-5
-6
-6
-6
-3
-2
-3
-2
-2
-2
-3
-2
-3
-4
-5
-5
-4
-2
-1
1
3
4
4
4
4
3
3
3
6
5
4
4
5
5
6
6
5
5
4
3
3
2
1
1
2
2
2
1
-1
0
0
-2
-3
-4
-5
-4
-5
-5
-5
-4
-6
-6
-7
-7
-5
-6
-6
-5
-5
-7
-9
-9
-11
-14
-17
-19
-19
-20
-19
-18
-18
-18
-17
-17
-16
-18
-21
-22
-25
-25
-27
-25
-23
-22
-21
-21
-21
-21
-20
-20
-20
-18
-15
-14
-14
-15
-14
-14
-14
-11
-11
-11
-12
-13
-13
-12
-11
-12
-12
-12
-11
-12
-12
-11
-10
-8
-7
-6
-6
-5
-5
-5
-3
-3
-3
0
2
6
9
10
11
12
12
12
15
17
19
20
19
18
17
18
18
21
23
23
24
24
26
26
27
26
25
25
24
24
26
27
29
30
31
30
29
26
23
20
18
16
16
14
14
14
15
14
13
12
9
8
7
6
4
3
2
1
2
2
1
0
-2
-2
-3
-3
-2
-1
-1
0
2
2
5
5
7
9
11
15
17
18
17
18
17
16
16
16
18
21
23
23
23
22
22
21
20
19
18
18
19
16
13
10
7
4
2
2
-1
-3
-4
-6
-7
-10
-13
-16
-20
-22
-24
-26
-26
-28
-30
-32
-34
-35
-36
-37
-40
-42
-45
-46
-47
-46
-46
-44
-43
-44
-43
-43
-43
-41
-40
-37
-36
-33
-32
-31
-29
-28
-27
-27
-25
-23
-19
-14
-10
-8
-7
-4
-4
-3
-1
0
2
5
9
11
12
12
13
13
13
11
10
9
11
11
12
13
14
13
12
11
9
10
10
10
10
11
10
9
8
5
6
7
7
5
5
6
4
5
4
4
2
2
3
3
4
7
9
11
13
14
14
15
13
11
10
10
8
9
11
12
14
12
9
8
8
8
9
11
11
11
10
11
7
4
0
-1
2
2
0
-2
-4
-9
-14
-13
-15
-18
-15
-11
-11
-12
-9
-9
-7
-6
-5
-7
-12
-15
-13
-9
-7
-3
2
0
-7
-9
-6
-4
-3
0
1
0
3
9
12
8
5
3
8
13
15
13
6
6
10
14
11
2
-2
-2
8
20
23
28
27
20
15
17
17
11
13
14
15
19
26
32
27
21
14
11
9
6
2
1
10
22
33
37
31
16
4
-2
-10
-21
-23
-17
-14
-18
-26
-34
-40
-42
-36
-37
-43
-51
-51
-43
-35
-29
-26
-25
-27
-32
-35
-38
-41
-42
-38
-35
-40
-46
-49
-40
-30
-18
-8
-5
-4
-4
6
16
19
14
8
8
9
6
4
8
22
29
31
27
18
18
20
25
15
4
13
42
77
80
73
72
61
39
12
8
0
-2
15
21
16
22
91
157
131
36
-56
-54
6
82
126
71
-12
-23
89
164
91
-13
-71
-63
-41
0
37
-8
-35
9
63
17
-61
-25
24
7
-63
-102
-96
-87
-8
32
-50
-171
-174
-34
31
-10
-92
-142
-138
-109
-31
-13
-66
-85
-35
32
9
-22
-17
-12
-25
-61
-62
-52
-17
53
97
92
36
28
68
83
58
18
30
58
96
136
141
119
88
87
96
86
65
52
68
76
77
80
75
64
43
38
37
26
3
0
28
31
6
-21
-25
-27
-23
8
9
-14
-23
25
78
59
2
-61
-67
-29
26
54
10
-32
-22
57
106
51
-24
-72
-52
-13
17
29
-2
1
29
47
9
-54
-48
-25
-18
-62
-115
-125
-103
-36
-30
-96
-164
-178
-114
-88
-127
-218
-280
-246
-194
-158
-184
-226
-226
-185
-128
-131
-161
-184
-169
-121
-106
-103
-107
-77
-22
12
29
5
-17
-17
-6
3
-25
-38
-29
5
48
75
99
102
98
94
90
81
68
80
105
127
142
148
159
161
154
144
122
97
85
107
129
129
128
128
138
159
175
169
140
122
122
138
152
151
140
128
145
166
168
164
158
155
144
130
107
86
88
111
135
123
94
69
53
48
37
14
-14
-20
-6
12
22
11
-14
-26
-16
-11
-28
-45
-60
-65
-61
-56
-57
-68
-83
-94
-107
-135
-163
-171
-156
-152
-166
-179
-190
-190
-177
-159
-156
-186
-218
-228
-219
-209
-196
-171
-152
-154
-167
-175
-198
-241
-268
-278
-276
-273
-255
-231
-249
-292
-330
-343
-348
-358
-350
-338
-328
-293
-213
-106
-33
-6
-32
-77
-82
-29
75
164
210
236
296
408
476
479
431
384
386
432
523
589
613
631
663
697
677
642
622
599
547
462
400
367
369
400
392
308
166
83
96
122
73
-67
-211
-316
-335
-254
-179
-193
-277
-321
-302
-283
-290
-347
-417
-454
-416
-294
-183
-124
-103
-60
-12
-11
-30
-34
-4
19
53
92
111
148
213
291
295
211
148
159
212
234
206
153
95
89
133
162
121
30
-22
-39
-70
-135
-204
-257
-310
-342
-384
-442
-490
-522
-532
-587
-686
-757
-782
-764
-760
-808
-879
-941
-940
-886
-842
-849
-893
-883
-786
-616
-460
-391
-433
-507
-477
-367
-196
-60
-1
35
98
266
428
466
459
441
465
524
608
724
799
861
957
1048
1039
1000
1009
1020
977
882
804
755
722
735
725
615
444
318
298
275
206
91
-5
-34
-71
-74
-105
-195
-232
-171
-74
-56
-128
-189
-188
-160
-163
-178
-180
-170
-68
89
166
113
32
23
45
47
23
75
156
217
314
366
355
322
347
399
377
293
241
284
355
391
388
318
233
193
177
153
68
-35
-79
-102
-181
-298
-394
-466
-523
-569
-613
-679
-789
-875
-939
-1009
-1069
-1121
-1132
-1148
-1224
-1297
-1338
-1340
-1330
-1329
-1319
-1214
-933
-581
-369
-405
-598
-703
-592
-313
-26
104
109
174
435
769
905
826
659
605
721
876
1051
1141
1184
1288
1447
1553
1550
1516
1504
1489
1361
1178
1037
964
1003
1067
964
725
492
414
436
403
243
-10
-214
-318
-270
-184
-270
-433
-503
-451
-359
-337
-399
-520
-652
-742
-740
-701
-667
-566
-412
-302
-298
-323
-323
-322
-289
-265
-221
-142
-29
180
376
446
401
327
315
353
386
409
388
358
392
488
537
485
390
307
277
246
192
146
113
70
11
-71
-193
-317
-370
-378
-419
-531
-693
-835
-894
-934
-1037
-1182
-1365
-1499
-1499
-1428
-1393
-1473
-1593
-1625
-1426
-954
-517
-376
-590
-917
-951
-672
-269
48
114
15
87
530
1040
1123
842
613
677
940
1206
1428
1490
1462
1586
1883
2005
1891
1791
1765
1712
1479
1265
1205
1181
1264
1348
1189
803
499
563
717
578
194
-254
-522
-494
-264
-42
-166
-503
-623
-498
-350
-432
-668
-836
-956
-982
-853
-747
-754
-718
-500
-285
-350
-572
-636
-577
-531
-530
-515
-429
-330
-70
246
277
76
-82
-19
112
134
156
158
178
310
493
628
534
338
269
289
266
136
45
26
-13
-71
-159
-317
-533
-677
-674
-685
-870
-1148
-1334
-1424
-1535
-1662
-1772
-1908
-1991
-1953
-1851
-1840
-1776
-1371
-859
-674
-982
-1349
-1386
-1090
-613
-245
-172
-372
-339
340
1069
1069
580
232
338
773
1219
1508
1510
1337
1499
2020
2230
2094
1941
1909
1897
1695
1599
1587
1502
1577
1708
1612
1185
806
859
941
760
390
-36
-284
-275
6
254
22
-407
-482
-249
-12
-8
-237
-496
-661
-626
-364
-237
-368
-470
-313
-10
74
-36
-185
-276
-240
-168
-93
-62
-78
96
412
557
453
261
197
263
307
271
203
145
194
391
558
509
301
154
162
185
79
-79
-207
-283
-310
-307
-398
-639
-897
-995
-991
-1117
-1364
-1554
-1642
-1755
-1856
-1949
-2076
-2224
-2331
-2301
-2321
-2407
-2225
-1607
-905
-683
-992
-1459
-1706
-1484
-922
-365
-219
-435
-396
254
988
1109
746
319
213
559
1083
1535
1613
1450
1607
2005
2206
2143
2035
1991
1907
1761
1648
1559
1459
1499
1673
1600
1180
809
820
941
854
571
154
-185
-268
-35
280
193
-181
-374
-208
158
293
93
-277
-697
-842
-614
-273
-137
-143
-21
225
371
268
44
-105
-183
-151
43
225
285
374
634
820
728
431
274
336
362
391
404
349
314
460
729
769
515
240
163
203
159
71
-39
-247
-376
-336
-282
-424
-694
-884
-987
-1125
-1353
-1482
-1535
-1683
-1834
-1965
-2091
-2213
-2291
-2248
-2261
-2451
-2580
-2249
-1497
-912
-872
-1345
-1842
-1875
-1376
-633
-207
-317
-580
-320
543
1226
1251
838
460
491
899
1466
1825
1727
1546
1766
2206
2386
2347
2262
2083
1792
1513
1426
1363
1268
1367
1472
1242
761
493
592
636
423
76
-343
-652
-663
-354
-160
-454
-848
-889
-631
-380
-290
-366
-564
-832
-944
-791
-671
-640
-466
-91
246
258
89
-13
-29
-14
-20
79
162
254
608
1005
1133
977
734
656
710
699
698
732
710
750
914
1023
909
647
463
388
352
277
178
137
49
-39
-85
-224
-440
-664
-815
-901
-1031
-1214
-1367
-1484
-1612
-1764
-1887
-2036
-2237
-2369
-2396
-2372
-2406
-2462
-2449
-2225
-1707
-1154
-924
-1213
-1690
-1805
-1433
-742
-166
-44
-247
-211
458
1196
1429
1148
726
679
1009
1555
1979
1955
1769
1883
2269
2492
2485
2355
2144
1928
1737
1665
1575
1426
1447
1500
1311
885
578
585
570
387
67
-388
-770
-860
-574
-254
-371
-731
-909
-827
-652
-521
-533
-743
-979
-1079
-971
-830
-798
-648
-332
-55
2
-87
-126
-134
-89
-51
-78
-52
45
405
873
1084
995
734
582
591
659
695
666
635
668
831
1000
948
715
492
433
451
415
333
194
117
66
1
-102
-353
-597
-679
-653
-684
-884
-1141
-1353
-1492
-1577
-1696
-1895
-2140
-2304
-2253
-2165
-2230
-2423
-2640
-2716
-2671
-2166
-1494
-1045
-1046
-1364
-1392
-1127
-535
-51
40
-311
-511
185
1170
1766
1653
1244
1117
1257
1623
1885
1788
1550
1633
2072
2415
2568
2695
2783
2644
2270
1932
1659
1448
1356
1414
1375
1111
889
939
963
774
340
-278
-828
-1135
-1044
-764
-765
-1046
-1194
-1047
-732
-516
-519
-745
-1030
-1209
-1168
-1018
-952
-821
-520
-69
194
197
34
-100
-120
-87
-33
25
192
536
1087
1540
1655
1455
1196
1052
979
925
871
887
985
1155
1321
1312
1037
683
424
229
15
-202
-331
-386
-351
-317
-340
-514
-857
-1123
-1342
-1590
-1919
-2195
-2371
-2455
-2400
-2276
-2263
-2418
-2629
-2777
-2873
-3054
-3329
-3495
-3616
-3351
-2253
-312
1546
2305
1935
1170
761
581
405
19
-566
-796
53
1905
3434
3614
2909
2042
1480
1036
703
738
936
1371
2367
3495
4141
4040
3454
2565
1421
273
-457
-770
-645
-31
736
891
299
-482
-952
-1387
-1939
-2463
-2838
-2755
-1938
-664
410
576
186
-70
-152
-177
-274
-433
-646
-634
-160
598
1073
1018
807
544
332
6
-200
-164
80
657
1364
1959
2225
2323
2333
2135
1716
1158
831
732
884
1127
1244
1072
703
415
195
-170
-660
-1164
-1396
-1245
-857
-480
-394
-610
-881
-1110
-1382
-1743
-2075
-2350
-2284
-2138
-1851
-1798
-1996
-2324
-2783
-2941
-3215
-3160
-3044
-2775
-2317
-2145
-1994
-2155
-2264
-2359
-2586
-2163
-676
2089
4644
5323
4413
2853
1636
753
-169
-958
-1620
-1325
522
3145
4634
3992
2586
1349
471
-124
-220
465
1329
2367
3828
4822
4653
3330
1489
-305
-1667
-2065
-1835
-1561
-999
-21
669
131
-1229
-2310
-2768
-2837
-2480
-1795
-1137
-347
896
1916
2019
1264
368
-87
-235
48
670
1020
898
628
334
100
-287
-418
-235
69
719
1268
1889
2202
2306
2368
2061
1768
1483
1462
1477
1493
1523
1168
680
140
-232
-503
-813
-948
-916
-724
-480
-406
-528
-906
-1163
-1131
-1147
-1228
-1300
-1331
-1258
-1216
-1367
-1627
-2088
-2323
-2446
-2356
-2368
-2548
-2668
-2956
-2693
-2607
-2419
-2291
-2207
-1711
-1561
-1240
-1310
-1608
-1751
-2032
-1663
-19
2941
5631
6088
4351
2433
1059
-42
-1023
-1719
-2111
-1566
798
3868
5398
4270
2411
1091
65
-425
-130
1025
2131
3055
4248
4846
4080
2363
204
-1637
-2340
-1944
-1104
-644
-255
512
703
-404
-2082
-3287
-3355
-2487
-1315
-236
390
821
1289
1435
1092
293
-624
-891
-396
498
1178
1176
506
-534
-1281
-1461
-1186
-973
-226
1057
2366
3099
2762
2273
1381
831
675
651
834
920
1575
1948
1954
1177
-142
-1122
-1707
-1390
-924
-386
157
616
1010
833
206
-762
-1651
-1884
-1600
-1165
-829
-657
-550
-611
-966
-1802
-2760
-3311
-3134
-2454
-1871
-1736
-1876
-1908
-1962
-2017
-2371
-2536
-2327
-1781
-1238
-975
-1070
-1610
-2123
-2383
-2584
-2399
-293
3250
6066
6288
4236
2059
283
-1104
-1979
-2307
-2312
-1161
1720
4665
5702
4142
2018
188
-988
-1059
-225
1200
2358
3361
4541
5023
3948
1863
-464
-1982
-1953
-1140
-70
555
873
1300
1033
-358
-2100
-3157
-2810
-1692
-615
337
799
919
1017
998
737
-6
-705
-521
280
1139
1551
1136
105
-1062
-1768
-1704
-1522
-1145
-187
1131
2398
2823
2382
1565
779
403
460
677
879
1123
1508
1736
1441
552
-555
-1304
-1209
-593
61
608
912
1127
1212
755
-90
-992
-1498
-1237
-613
-159
9
28
17
-292
-861
-1633
-2344
-2519
-2107
-1336
-785
-879
-1570
-2175
-2463
-2698
-2652
-2784
-2726
-1829
-1168
-802
-1152
-2058
-2689
-2868
-2758
-2471
-2507
-2041
992
4413
6064
4615
1274
-792
-2298
-2590
-1996
-1849
-1286
153
2719
4775
4184
1773
115
-910
-982
159
1193
2696
3716
4170
4943
4149
2345
371
-1562
-1887
-959
172
1010
875
738
873
81
-1352
-2576
-2792
-1648
-436
483
1242
1128
915
923
782
659
-85
-586
-275
177
713
646
-209
-1209
-2262
-2460
-1793
-1106
16
830
1457
2080
1951
1755
1354
928
790
795
1142
1391
1417
1224
935
612
221
-188
-283
246
679
1116
1372
1173
1093
768
428
185
-83
-188
14
350
507
502
124
-507
-1107
-1368
-1472
-1547
-1564
-1661
-1597
-1709
-1862
-2055
-2273
-2359
-2475
-2450
-2042
-1512
-1453
-1422
-1761
-2211
-2273
-3040
-3053
-3437
-2963
595
4038
6102
4403
1164
-657
-2018
-2132
-1975
-1906
-1618
275
3331
5420
4912
2061
538
-723
-1136
-78
830
2770
3767
4505
5426
4390
2356
-210
-2026
-2192
-1077
222
976
1035
664
639
-560
-2434
-3628
-3731
-2049
-543
588
1404
1039
712
410
76
-242
-1039
-1263
-677
-20
439
258
-821
-2114
-3033
-3183
-2384
-1495
-349
889
1681
2198
1859
1376
1115
931
1135
1266
1356
1463
1480
1395
1043
365
-461
-887
-703
39
851
1313
1501
1447
1323
1068
567
80
-216
23
658
1077
1138
828
355
-62
-563
-1014
-1383
-1503
-1458
-1306
-1172
-1173
-1339
-1639
-1839
-2021
-1706
-1561
-1523
-1161
-800
-715
-899
-1298
-2057
-2210
-2552
-2623
-2688
-3415
-3534
-1626
2170
4794
5068
2714
299
-741
-1191
-886
-1211
-1244
-721
1477
4481
4703
3082
772
-621
-630
-77
823
1836
2886
3341
4208
4199
2629
750
-1465
-2229
-1554
-175
1096
1066
622
305
-10
-862
-2152
-2769
-2188
-903
202
880
729
194
-128
-341
-377
-905
-1581
-1550
-1040
-174
299
-95
-1092
-2258
-2667
-2204
-1321
-407
79
563
971
1249
1419
1209
1003
659
491
610
812
1055
933
767
481
157
-127
-313
-56
301
807
959
887
990
987
1245
1170
779
382
150
411
716
834
528
96
-148
-229
-234
-500
-915
-1291
-1390
-1289
-1176
-979
-959
-993
-943
-876
-1218
-1572
-1551
-1805
-1492
-1731
-1998
-2010
-2581
-2642
-3030
-3423
-3206
-345
3518
5375
4589
1555
-42
-984
-1148
-978
-1606
-1213
-248
2639
4674
3630
1605
-376
-971
-757
320
1602
2856
3714
3872
4432
3366
1699
146
-1207
-879
-42
1358
2003
1174
313
-381
-881
-1719
-2439
-2080
-792
513
1221
1397
734
-16
-534
-780
-718
-1034
-965
-506
-55
249
-234
-1136
-2247
-2971
-2789
-1911
-772
257
1206
1654
1673
1090
379
108
51
473
856
1402
1854
1764
1333
341
-415
-912
-1046
-585
113
870
1230
1382
1262
1149
938
513
325
263
683
1146
1365
1308
851
424
-197
-679
-952
-1188
-1207
-1266
-1238
-1249
-1371
-1723
-1872
-1420
-1277
-1121
-1505
-1983
-1647
-1961
-1873
-2048
-2656
-2452
-2851
-2791
-3212
-3756
-4010
-3545
-121
3255
5187
3809
903
-591
-1353
-856
-1350
-1584
-1569
-429
2871
3955
3323
1067
-603
-561
-396
810
1698
2983
3601
3915
4228
2962
1733
97
-385
68
841
2100
1879
1255
169
-472
-536
-1234
-1332
-973
70
1005
1141
821
-108
-684
-906
-599
-387
-573
-499
-438
-145
-253
-680
-1281
-2094
-2388
-2114
-1129
-168
504
784
677
502
-20
-152
25
314
674
890
1394
1526
1217
600
-93
-414
-550
-233
257
849
1376
1639
1692
1466
1435
1353
1309
1293
1201
1369
1444
1393
1149
706
270
-107
-347
-410
-261
-174
-364
-677
-924
-1013
-1019
-1151
-1150
-1116
-1346
-1430
-1742
-1971
-1983
-2475
-2641
-2973
-3178
-2975
-3123
-3523
-4358
-4968
-4951
-2444
1747
4740
5055
2122
-528
-1881
-2067
-1709
-2291
-2445
-1906
587
3303
3453
1578
-894
-1959
-1748
-309
1325
2715
3764
3918
4291
3787
2542
1179
-148
-157
733
2121
2783
2017
717
-415
-866
-1217
-1462
-1279
-414
671
1193
1121
115
-1029
-1581
-1324
-499
-208
-291
-268
14
332
176
-573
-1700
-2613
-2841
-2029
-832
54
486
317
56
-225
-274
0
325
778
1313
2014
2365
2110
1520
979
773
547
456
591
1007
1732
2251
2482
2377
2220
2171
2126
1986
1717
1681
1960
2363
2511
2160
1599
1125
879
717
449
115
-206
-363
-420
-566
-913
-1135
-1314
-1611
-1878
-2368
-2373
-2353
-2518
-2479
-2515
-2392
-2579
-2846
-3327
-3687
-3801
-4091
-4154
-4407
-4294
-2393
1187
3993
4117
1738
-1211
-2651
-2596
-1685
-920
-1145
-1222
277
2626
3441
1833
-331
-1239
-497
1393
3141
3963
4004
3663
3681
3665
2810
1638
548
31
580
1590
2088
1440
2
-902
-881
-650
-584
-764
-654
-222
-137
-422
-1189
-2080
-2286
-1868
-1091
-611
-684
-840
-1037
-1213
-1301
-1498
-1994
-2499
-2506
-1831
-879
-469
-545
-914
-901
-233
439
1057
1274
1365
1625
1757
1694
1406
1013
853
1177
1539
1707
1714
1742
2012
2378
2656
2636
2479
2408
2491
2718
2745
2436
2143
1940
1716
1532
1148
691
350
-49
-390
-639
-758
-750
-744
-784
-1014
-1422
-2080
-2793
-3025
-2999
-2831
-2778
-2724
-2868
-2773
-2651
-3259
-3476
-4090
-4324
-4352
-4786
-4796
-4540
-4147
-2583
1224
4160
4905
2554
-842
-2177
-2352
-1027
-40
-178
-294
939
3354
4063
2243
-107
-599
222
2115
3908
4520
4915
4299
4105
3992
2731
1800
891
549
999
1712
2104
1563
79
-954
-879
-852
-703
-1174
-1351
-1126
-1448
-1375
-1750
-2426
-2455
-1976
-1001
-482
-904
-1282
-1383
-1470
-1101
-986
-1329
-1709
-2114
-1689
-1130
-990
-808
-941
-731
9
792
1684
2096
1921
1691
1364
1323
1570
1692
1942
2273
2534
2773
2684
2497
2391
2254
2392
2563
2624
2866
3037
3016
2531
1691
1243
1221
1324
1347
1162
850
445
-10
-238
-364
-536
-720
-1040
-1463
-1953
-2461
-2736
-2995
-3349
-3505
-3608
-3420
-3185
-3258
-3347
-3437
-3517
-3699
-3959
-4270
-4314
-3843
-3379
-3313
-3800
-4341
-3145
575
4308
5443
3206
-449
-2454
-2025
-390
820
441
-412
422
2622
4255
3504
1492
459
897
2745
4481
5085
4783
3972
3509
3399
2890
1946
948
88
178
1156
1927
1758
317
-1158
-1768
-1793
-1668
-1852
-1745
-1433
-1268
-1277
-1610
-2159
-2460
-2322
-1852
-1230
-1037
-1002
-939
-1008
-812
-684
-1106
-1922
-2664
-2594
-1786
-941
-260
89
485
987
1512
1994
1931
1514
839
528
1030
1886
2607
3140
3518
3466
3274
2757
2228
1979
1979
2388
2930
3371
3345
3034
2364
1464
848
646
853
1190
1376
1170
877
499
19
-313
-758
-1292
-1601
-1566
-1353
-1270
-1752
-2665
-3319
-3779
-3949
-3813
-3461
-2934
-2729
-2769
-3062
-3376
-3578
-3694
-3429
-3351
-3302
-3080
-3027
-3278
-3540
-3448
-1706
1885
4657
4998
2235
-1168
-2153
-1089
777
1656
895
198
1296
3518
4671
3220
932
-20
604
2698
4616
5284
4717
3210
2191
1860
1357
1058
740
307
730
1368
1590
848
-978
-2393
-2688
-2097
-1219
-1035
-1309
-1540
-1808
-1866
-2029
-2341
-2100
-1544
-690
-15
-190
-455
-885
-1389
-1269
-978
-712
-739
-1126
-1124
-781
-399
119
452
699
1017
1286
1676
1956
1861
1684
1716
2333
3349
3972
4114
3765
3073
2582
2255
2079
2018
2024
2177
2344
2330
2174
1867
1373
907
626
657
866
1006
1009
760
404
-24
-591
-1121
-1547
-1777
-1703
-1619
-1802
-2268
-2985
-3618
-4028
-4083
-3899
-3691
-3487
-3445
-3265
-3108
-3179
-3338
-3461
-3447
-3041
-2545
-2373
-2388
-2753
-3199
-3324
-3319
-1943
1363
4347
5075
2668
-710
-2101
-1403
382
1871
1529
629
1106
2792
4126
3010
910
64
625
2495
4200
4442
3642
2330
1591
1630
1353
1293
1161
525
243
228
225
-109
-1124
-1969
-2076
-1734
-1130
-1008
-1239
-1411
-1700
-1704
-1621
-1729
-1622
-1362
-895
-534
-827
-1050
-1023
-1160
-896
-461
-242
-489
-1275
-1659
-1448
-918
27
818
1203
1461
1463
1677
2029
2103
2188
2197
2482
3043
3308
3187
2809
2264
1900
1901
2052
2172
2057
2021
2085
2029
1898
1509
1107
991
1184
1517
1483
949
399
107
19
-84
-488
-974
-1219
-1196
-1135
-1317
-1920
-2735
-3333
-3402
-3106
-2756
-2617
-2862
-3074
-3153
-3018
-2608
-2592
-2739
-2541
-2139
-1666
-1646
-2391
-3139
-3528
-3575
-2985
-2537
-908
2307
4781
4777
1691
-1750
-2662
-1126
1458
3194
2375
964
1113
2445
3456
2273
729
537
1395
3267
4845
4852
3679
2007
1038
1328
1704
2147
1941
730
-5
-141
-51
-120
-809
-1440
-1378
-1006
-311
-184
-815
-1378
-1949
-1906
-1527
-1424
-1285
-1189
-1068
-1010
-1388
-1616
-1477
-1518
-1120
-609
-537
-941
-1663
-1892
-1594
-1111
-313
493
850
1013
1080
1204
1431
1477
1483
1475
1628
2047
2462
2614
2471
2126
1944
1972
1973
1831
1573
1505
1690
1951
2138
1950
1508
1231
1250
1269
931
473
221
307
559
621
247
-396
-1046
-1526
-1817
-2062
-2251
-2424
-2507
-2383
-2301
-2440
-2675
-2984
-3060
-2800
-2471
-2178
-2212
-2394
-2245
-2028
-2101
-2441
-3004
-3433
-3497
-3316
-3106
-2868
-3003
-2392
177
2909
3792
1828
-906
-1605
-234
1847
3200
2322
455
148
1773
3688
3345
1820
1141
1355
2504
3657
3537
2514
1347
1060
1888
2357
2536
2086
581
-441
-156
883
1604
1063
-50
-732
-858
-350
-121
-657
-1304
-1783
-1709
-1357
-1500
-1873
-2217
-2247
-1806
-1585
-1346
-957
-964
-708
-276
-243
-617
-1402
-1678
-1261
-631
322
904
616
127
73
704
1522
1908
1924
1728
1770
2280
2691
2652
2244
1874
1918
2183
2447
2611
2533
2506
2574
2542
2454
2271
1989
1642
1414
1343
1286
1071
690
220
-230
-544
-797
-1074
-1363
-1481
-1363
-1264
-1390
-1634
-1936
-2295
-2618
-2800
-2851
-2865
-2908
-2975
-2982
-3228
-3313
-3213
-3163
-2902
-3019
-3153
-3233
-3438
-3347
-3130
-3250
-3224
-3276
-2096
1393
4317
4794
2108
-1171
-1723
5
2346
3630
2301
410
613
2456
4190
3468
1795
1323
1586
2707
3893
3917
3224
2418
2302
2997
3126
2958
2057
190
-546
338
1746
2274
1229
-343
-1333
-1672
-1075
-642
-1244
-1928
-2462
-2417
-2150
-2357
-2570
-2679
-2473
-1822
-1513
-1488
-1436
-1571
-1316
-857
-821
-1224
-2018
-2361
-1937
-1134
-19
681
403
-52
-80
575
1456
1753
1652
1255
1135
1734
2540
2916
2740
2410
2355
2617
2891
3022
2804
2464
2293
2336
2500
2331
1824
1232
761
564
426
231
120
45
-123
-310
-615
-1057
-1462
-1608
-1448
-1216
-1218
-1594
-2223
-2873
-3215
-3296
-3226
-3234
-3379
-3477
-3589
-3724
-3712
-3565
-3306
-3034
-2995
-3096
-3103
-2989
-2673
-2269
-2449
-2707
-2774
-1761
1057
3735
4296
2141
-737
-1333
517
2708
3778
2857
1174
907
2273
4036
4020
2612
1916
2290
3289
4266
4345
3564
2582
2175
2764
3146
2962
2320
996
121
484
1414
1661
611
-877
-1673
-1710
-1037
-428
-799
-1702
-2466
-2698
-2609
-2593
-2450
-2141
-1921
-1637
-1614
-1896
-2049
-2179
-1876
-1265
-748
-615
-1156
-1685
-1561
-832
323
1255
1229
698
317
707
1576
2001
2003
1819
1861
2558
3469
3921
3808
3387
3113
3075
3235
3516
3468
2987
2467
2267
2381
2448
2164
1616
924
443
355
341
335
231
-53
-377
-778
-1242
-1663
-1908
-1825
-1578
-1522
-1830
-2472
-3192
-3604
-3603
-3512
-3559
-3731
-3813
-3934
-4005
-3754
-3441
-3136
-2895
-2902
-3044
-3237
-3225
-2790
-2366
-2358
-2354
-2443
-2034
22
2529
3605
2199
-158
-891
376
2242
3484
3057
1452
814
2007
3825
4006
2711
1736
1522
2044
2899
3313
3000
2318
1870
2063
2120
1950
1559
378
-642
-470
585
1299
770
-529
-1621
-2177
-1893
-1316
-1455
-2065
-2577
-2645
-2535
-2565
-2521
-2380
-2266
-1981
-1780
-1866
-1939
-1902
-1446
-698
-94
61
-500
-1134
-989
-57
1197
1994
1761
922
331
726
1848
2691
2956
2809
2694
3116
3678
3849
3518
2919
2769
3017
3281
3471
3258
2695
2258
2078
2131
2113
1866
1471
900
413
235
190
101
-108
-405
-690
-1072
-1455
-1747
-1927
-1853
-1656
-1643
-2010
-2671
-3260
-3424
-3314
-3093
-2978
-3200
-3457
-3604
-3486
-3107
-2699
-2550
-2540
-2736
-2885
-2723
-2628
-2366
-2021
-1727
-1702
-1972
-2280
-1492
770
3106
3815
2141
102
-241
1159
2984
3819
3024
1489
963
2045
3370
3196
2143
1486
1526
2063
2655
2944
2539
1689
1303
1550
1805
1921
1415
156
-737
-407
701
956
-185
-1619
-2396
-2271
-1455
-901
-1303
-2265
-3039
-3183
-3049
-2771
-2264
-1944
-1978
-2044
-2070
-2074
-1971
-1598
-813
45
503
271
-531
-1103
-822
217
1225
1434
904
353
573
1637
2633
2858
2388
1754
1709
2311
3060
3488
3476
3270
3139
3060
3047
2950
2508
2045
1923
2260
2651
2566
1892
803
-138
-437
-156
175
236
53
-221
-579
-1053
-1538
-1883
-1876
-1572
-1307
-1460
-2032
-2659
-2904
-2774
-2585
-2551
-2755
-3052
-3229
-3227
-3096
-2808
-2557
-2445
-2351
-2278
-2315
-2312
-2279
-2133
-1902
-1857
-1921
-1956
-1917
-1661
-636
1250
2990
3206
1627
-143
-323
1287
3212
3807
2519
599
30
1229
2644
2821
2033
1400
1378
1652
1880
1880
1463
972
966
1427
1769
1526
672
-309
-542
231
1109
870
-465
-1747
-2087
-1599
-959
-853
-1557
-2572
-3132
-3010
-2603
-2159
-1776
-1666
-1807
-1939
-1811
-1417
-864
-161
505
717
444
-54
-409
-289
365
1147
1431
1103
732
830
1417
2201
2696
2728
2355
2024
2284
3001
3553
3696
3434
3029
2928
3025
3161
3069
2754
2563
2581
2488
2089
1569
959
522
441
700
929
719
165
-488
-899
-1042
-992
-841
-821
-986
-1256
-1639
-2049
-2265
-2290
-2228
-2180
-2255
-2519
-2984
-3482
-3692
-3485
-3062
-2633
-2395
-2459
-2529
-2573
-2517
-2340
-2140
-1900
-1640
-1538
-1550
-1613
-1758
-1640
-1402
-262
1664
2922
2438
524
-713
-5
1785
3087
2926
1178
-354
94
2062
3386
2697
1285
664
784
1245
1770
1954
1772
1420
1205
1020
585
311
40
-324
-90
694
1007
12
-1599
-2387
-2000
-1215
-631
-925
-2026
-2820
-2833
-2309
-1939
-1862
-1832
-1908
-1923
-1431
-822
-513
-393
-363
-226
-182
-189
-166
-221
-9
600
1120
1148
848
710
975
1456
2001
2327
2194
1950
1977
2368
2762
2947
3065
3184
3149
2927
2651
2437
2418
2413
2295
1973
1574
1275
996
682
391
259
230
148
-138
-499
-700
-722
-716
-869
-1154
-1387
-1459
-1384
-1268
-1343
-1593
-1996
-2474
-2919
-3281
-3376
-3165
-2818
-2506
-2357
-2522
-2707
-2747
-2665
-2321
-1990
-1650
-1319
-1198
-1209
-1434
-1665
-1716
-1517
-1136
-886
-800
-145
1360
2617
2519
1024
-117
474
2006
3122
2886
1351
127
527
2162
3345
2800
1545
906
987
1518
1951
1911
1336
687
693
1187
1378
1129
529
-144
-273
154
489
10
-1070
-1705
-1622
-1313
-1175
-1455
-2002
-2329
-2229
-1780
-1447
-1394
-1424
-1514
-1459
-1167
-834
-593
-372
3
468
667
432
-63
-411
-122
699
1376
1418
1049
839
1078
1714
2450
2845
2787
2489
2392
2644
2996
3183
3119
2885
2603
2509
2419
2268
2157
2095
2104
1944
1567
1060
595
304
219
288
296
175
-107
-450
-637
-656
-617
-676
-910
-1215
-1456
-1593
-1716
-1913
-2187
-2556
-2900
-3063
-3059
-2935
-2905
-2983
-3146
-3031
-2672
-2239
-1958
-2083
-2146
-2214
-2001
-1900
-1765
-1573
-1456
-1182
-1332
-1554
-1857
-1812
-1485
-589
1070
2360
2433
939
-339
-46
1332
2451
2514
1643
657
739
1850
2762
2198
850
184
512
1112
1465
1545
1151
652
479
751
817
381
-81
-321
-102
365
626
67
-1164
-1985
-1778
-1049
-600
-791
-1474
-2125
-2377
-1996
-1453
-1192
-1168
-1195
-1194
-1203
-1102
-922
-592
-235
116
328
191
-41
-65
311
923
1353
1343
1150
1166
1524
2008
2385
2639
2563
2250
1887
1849
2214
2698
3086
3039
2565
1946
1669
1783
2076
2264
2169
1754
1155
821
839
1024
978
595
166
-74
-94
-7
-69
-323
-573
-799
-954
-1141
-1463
-1776
-1996
-2073
-2036
-2017
-2114
-2273
-2432
-2503
-2395
-2191
-1942
-1827
-1823
-1816
-1807
-1741
-1527
-1438
-1384
-1249
-1204
-1035
-1123
-1329
-1256
-1196
-1007
-879
-873
-928
-733
251
1707
2497
1769
575
228
1194
2455
2803
2128
785
66
839
2189
2725
1851
524
13
167
591
1099
1160
878
494
417
636
582
315
127
-10
61
214
17
-575
-1204
-1318
-880
-707
-893
-1244
-1625
-1700
-1574
-1375
-1229
-1258
-1183
-1059
-1014
-898
-757
-498
-154
76
209
155
-5
-2
345
887
1252
1120
751
553
728
1281
1795
2020
1833
1476
1394
1658
1978
2137
2152
2135
2107
2017
1905
1755
1550
1409
1349
1303
1249
1135
1013
834
573
412
266
83
-128
-315
-387
-439
-571
-743
-893
-982
-1007
-1029
-1139
-1281
-1347
-1401
-1497
-1598
-1657
-1715
-1770
-1763
-1671
-1512
-1512
-1578
-1645
-1654
-1507
-1498
-1353
-1424
-1377
-1291
-1330
-1136
-1190
-1084
-1075
-1022
-950
-951
-886
-856
-116
1089
2164
2038
701
-278
-11
1274
2286
2146
972
-286
-492
571
1614
1670
1030
510
430
344
311
448
595
730
924
1125
925
357
-198
-279
12
425
650
293
-368
-797
-692
-320
-166
-363
-717
-1119
-1354
-1284
-1052
-845
-846
-866
-893
-896
-929
-897
-592
-195
229
429
329
23
-275
-110
428
941
1143
1059
804
635
730
1183
1795
1995
1854
1538
1352
1429
1586
1715
1752
1708
1657
1633
1568
1416
1251
1313
1479
1563
1316
800
411
299
412
502
410
87
-295
-537
-472
-186
-24
-173
-662
-1160
-1306
-1147
-929
-885
-1053
-1277
-1507
-1682
-1740
-1704
-1567
-1514
-1673
-2007
-2386
-2550
-2398
-1943
-1471
-1245
-1482
-1877
-1923
-1616
-1075
-814
-968
-1252
-1416
-1314
-1107
-955
-875
-280
785
1481
1099
-163
-761
-105
1092
1848
1705
866
26
21
1022
1944
1774
1088
775
911
960
810
792
796
735
814
1031
976
653
360
349
495
645
811
605
40
-393
-437
-296
-373
-729
-1030
-1210
-1357
-1369
-1376
-1434
-1491
-1528
-1450
-1343
-1306
-1171
-890
-612
-365
-231
-180
-136
-87
117
366
502
546
618
861
1139
1215
1079
934
937
1148
1379
1528
1601
1634
1789
1916
2011
2023
1970
1987
1977
1943
1793
1546
1238
1046
1065
1118
952
472
41
-90
93
305
319
111
-168
-424
-537
-530
-591
-699
-942
-1150
-1284
-1375
-1449
-1596
-1721
-1860
-1977
-2099
-2172
-2177
-2099
-2002
-1838
-1601
-1478
-1372
-1407
-1457
-1283
-1024
-716
-607
-754
-834
-919
-961
-988
-877
-628
-345
119
729
1284
1295
908
745
1115
1709
2028
1931
1618
1431
1678
2268
2452
1955
1194
982
1338
1702
1832
1590
1185
853
932
1400
1746
1666
1214
729
471
564
791
810
542
54
-288
-544
-795
-990
-1168
-1233
-1224
-1321
-1511
-1702
-1797
-1674
-1489
-1249
-1076
-995
-871
-733
-537
-346
-204
-144
-181
-174
1
245
413
451
382
374
465
673
948
1123
1197
1236
1398
1635
1806
1849
1802
1781
1801
1897
1946
1790
1466
1141
979
1038
1063
991
734
385
152
56
109
77
-80
-314
-525
-688
-878
-1077
-1271
-1430
-1629
-1806
-1935
-2045
-2148
-2239
-2319
-2505
-2740
-2856
-2758
-2575
-2448
-2474
-2631
-2767
-2716
-2361
-1960
-1709
-1689
-1830
-1881
-1813
-1579
-1366
-1277
-1280
-1339
-1259
-1044
-716
-330
85
628
1035
1054
849
729
927
1271
1541
1736
1686
1542
1596
1919
2231
2134
1745
1444
1349
1474
1730
1848
1703
1346
1112
1142
1256
1339
1341
1179
948
817
803
774
505
121
-187
-404
-456
-481
-582
-749
-1002
-1185
-1306
-1315
-1187
-1066
-994
-925
-868
-782
-630
-428
-204
-111
-91
-20
78
208
386
564
708
798
878
978
1034
1105
1242
1419
1623
1767
1799
1779
1755
1822
1938
2019
2011
1887
1715
1618
1612
1632
1526
1303
1065
834
630
384
179
25
-92
-119
-208
-385
-699
-1038
-1195
-1247
-1303
-1478
-1699
-1854
-1914
-1899
-1916
-2030
-2247
-2471
-2594
-2584
-2518
-2491
-2517
-2532
-2506
-2444
-2408
-2416
-2350
-2188
-1922
-1673
-1557
-1540
-1568
-1452
-1258
-1041
-897
-865
-764
-587
-204
184
460
592
595
706
878
1149
1486
1748
1944
2005
2040
2145
2188
2210
2086
1904
1757
1700
1845
2016
2089
1964
1838
1815
1832
1832
1697
1504
1243
1039
947
851
706
452
191
-92
-348
-511
-566
-569
-642
-830
-1054
-1193
-1267
-1281
-1338
-1356
-1326
-1238
-1084
-968
-834
-742
-657
-563
-410
-211
-77
-6
55
196
398
623
761
787
800
867
1103
1351
1529
1618
1683
1819
1911
1959
1872
1760
1713
1696
1717
1679
1554
1345
1096
914
739
524
340
240
195
69
-126
-335
-496
-604
-781
-958
-1135
-1317
-1490
-1665
-1815
-1939
-2019
-2120
-2269
-2432
-2526
-2532
-2589
-2727
-2796
-2671
-2458
-2337
-2347
-2359
-2288
-2126
-1941
-1774
-1637
-1553
-1463
-1349
-1170
-1007
-943
-917
-841
-628
-336
80
505
833
982
980
1088
1234
1488
1773
1941
1993
1844
1784
1882
2000
2111
2021
1867
1724
1713
1912
2001
1895
1651
1485
1406
1297
1186
1076
930
696
545
484
388
225
-2
-174
-381
-576
-661
-693
-679
-726
-899
-1106
-1273
-1305
-1166
-1064
-1054
-1134
-1198
-1080
-867
-625
-522
-445
-269
-67
135
268
393
550
760
952
1138
1231
1222
1289
1366
1560
1725
1824
1926
1938
1962
1923
1890
1876
1853
1827
1696
1521
1328
1177
1057
966
841
630
416
202
65
-54
-196
-299
-430
-612
-864
-1106
-1301
-1481
-1629
-1744
-1853
-1974
-2134
-2302
-2357
-2352
-2344
-2358
-2412
-2437
-2440
-2388
-2329
-2280
-2207
-2110
-1978
-1901
-1880
-1829
-1677
-1495
-1363
-1212
-1010
-817
-713
-696
-612
-337
1
272
408
514
692
887
1116
1284
1325
1303
1308
1460
1659
1724
1743
1782
1801
1743
1646
1579
1564
1499
1509
1584
1505
1330
1083
956
904
788
756
707
532
299
101
18
-11
-74
-154
-268
-475
-622
-656
-620
-642
-842
-1042
-1166
-1162
-1075
-1057
-1058
-1017
-964
-818
-673
-591
-480
-397
-218
4
140
254
327
413
545
626
726
834
891
1000
1138
1286
1431
1453
1448
1476
1477
1484
1462
1480
1528
1433
1283
1132
1008
961
871
777
646
457
323
252
205
101
-57
-217
-340
-426
-522
-634
-818
-1036
-1191
-1248
-1233
-1274
-1377
-1482
-1561
-1540
-1475
-1452
-1487
-1573
-1637
-1602
-1522
-1454
-1467
-1519
-1470
-1332
-1177
-1064
-999
-947
-836
-697
-577
-514
-485
-369
-232
-125
-107
-165
-167
-97
87
356
555
673
661
644
739
838
964
1039
1055
1048
1026
1096
1167
1087
967
872
835
758
636
584
525
457
459
545
554
431
271
231
215
101
77
148
208
175
36
-49
-170
-267
-234
-245
-289
-382
-448
-424
-408
-373
-311
-330
-382
-437
-438
-295
-164
-72
-26
-40
-28
-8
75
219
317
350
351
348
414
565
693
776
775
750
746
733
803
889
918
920
840
730
661
613
607
522
392
287
187
129
38
-56
-153
-264
-337
-443
-567
-669
-741
-740
-730
-718
-769
-898
-1019
-1097
-1096
-1065
-1037
-1036
-1104
-1207
-1296
-1322
-1261
-1163
-1025
-939
-929
-941
-939
-844
-708
-577
-514
-512
-508
-485
-450
-442
-389
-319
-254
-180
-149
-141
-162
-116
10
135
234
293
361
460
531
604
647
645
686
736
797
804
763
771
856
897
827
746
689
656
599
635
668
671
738
786
870
785
650
648
704
750
677
607
608
611
563
511
427
329
286
273
306
244
142
116
110
142
111
39
-26
-84
-56
43
99
53
-60
-152
-116
-35
24
77
67
85
126
165
256
321
354
362
334
324
310
283
260
245
239
206
146
92
36
-19
-80
-104
-124
-165
-204
-239
-214
-205
-212
-229
-293
-340
-413
-436
-419
-469
-498
-551
-599
-609
-649
-656
-657
-686
-738
-772
-753
-725
-681
-639
-618
-631
-639
-639
-657
-693
-742
-728
-664
-625
-643
-699
-752
-745
-699
-642
-568
-540
-555
-592
-607
-586
-565
-543
-542
-525
-450
-313
-164
-77
-45
-24
29
75
114
168
234
280
316
411
492
471
367
253
246
332
495
645
678
649
617
673
772
834
897
932
924
921
937
961
957
913
862
812
703
585
510
470
458
380
299
205
70
-8
-69
-57
-26
-29
-36
-102
-219
-318
-355
-282
-168
-153
-168
-230
-267
-209
-152
-97
-82
-118
-113
-74
-12
66
86
99
122
135
157
148
189
240
268
275
228
208
218
268
342
364
326
235
186
156
146
168
146
122
97
74
58
27
27
20
-32
-91
-146
-203
-272
-357
-414
-465
-522
-571
-626
-691
-761
-799
-797
-790
-804
-862
-938
-975
-944
-869
-815
-832
-903
-951
-954
-908
-844
-840
-871
-888
-865
-748
-597
-428
-302
-239
-199
-141
-22
128
317
482
589
626
628
718
842
928
958
940
954
1014
1157
1277
1294
1286
1298
1370
1400
1362
1367
1404
1439
1413
1329
1207
1083
1015
966
884
728
558
430
349
296
223
108
-36
-144
-187
-216
-284
-388
-507
-594
-632
-659
-697
-753
-781
-773
-753
-717
-694
-666
-644
-627
-606
-572
-493
-340
-180
-100
-95
-118
-92
3
116
183
196
222
300
378
423
416
415
422
450
520
566
551
516
514
535
556
534
495
485
480
495
444
311
167
41
-32
-85
-146
-244
-339
-432
-538
-647
-744
-801
-844
-911
-1017
-1116
-1202
-1273
-1305
-1336
-1398
-1485
-1548
-1549
-1521
-1506
-1501
-1497
-1475
-1399
-1306
-1220
-1143
-1073
-937
-796
-686
-567
-418
-243
-81
55
142
191
279
434
594
718
757
769
856
982
1125
1208
1230
1250
1269
1337
1418
1445
1466
1486
1506
1480
1403
1324
1268
1212
1136
1045
953
877
787
722
642
496
353
241
161
97
-26
-179
-324
-444
-505
-568
-688
-848
-996
-1020
-957
-941
-973
-1055
-1082
-1013
-902
-777
-708
-669
-614
-507
-362
-240
-122
-2
105
218
307
366
422
510
615
728
828
871
923
950
963
975
976
1003
1046
1117
1148
1145
1105
1015
940
833
762
690
588
512
389
235
63
-85
-189
-251
-320
-440
-562
-665
-739
-810
-905
-1033
-1178
-1277
-1326
-1373
-1445
-1555
-1661
-1697
-1697
-1726
-1776
-1833
-1828
-1718
-1563
-1445
-1406
-1393
-1333
-1192
-1023
-871
-744
-613
-469
-319
-199
-133
-43
76
205
340
439
537
633
764
894
967
1026
1078
1154
1246
1327
1388
1378
1338
1294
1256
1215
1147
1096
1066
1012
917
814
736
662
594
510
401
275
136
43
-45
-159
-305
-455
-553
-627
-694
-782
-884
-969
-1020
-1023
-1012
-1026
-1036
-1001
-910
-815
-749
-725
-702
-629
-489
-326
-195
-98
-34
30
110
230
363
455
529
598
680
784
861
899
907
952
1043
1152
1224
1210
1176
1151
1143
1145
1114
1040
931
817
710
592
475
366
300
233
133
12
-141
-260
-324
-357
-416
-542
-694
-830
-907
-940
-1006
-1097
-1197
-1271
-1295
-1301
-1293
-1310
-1325
-1313
-1294
-1260
-1222
-1140
-1017
-880
-732
-581
-439
-324
-215
-86
64
216
370
525
647
731
823
955
1083
1172
1246
1315
1386
1468
1576
1673
1703
1667
1615
1596
1599
1591
1562
1460
1283
1095
954
888
807
699
562
393
247
131
61
-18
-138
-284
-413
-522
-615
-704
-779
-847
-937
-1014
-1078
-1138
-1165
-1154
-1117
-1077
-1061
-1058
-1045
-1019
-972
-894
-807
-723
-634
-519
-388
-272
-193
-127
-54
62
197
287
341
361
397
479
578
676
720
712
710
745
823
880
906
905
874
841
808
752
676
591
504
419
318
188
75
-18
-136
-282
-443
-582
-692
-753
-795
-868
-967
-1086
-1185
-1255
-1306
-1349
-1387
-1415
-1444
-1454
-1450
-1439
-1433
-1416
-1376
-1345
-1321
-1270
-1174
-1041
-920
-838
-750
-624
-439
-245
-64
60
167
324
492
639
756
864
979
1100
1189
1266
1322
1358
1412
1465
1497
1496
1468
1438
1401
1353
1285
1207
1131
1066
986
877
746
620
530
428
302
155
2
-138
-236
-285
-350
-465
-620
-758
-846
-885
-893
-875
-880
-903
-922
-937
-941
-935
-919
-873
-798
-736
-667
-610
-575
-537
-499
-425
-336
-241
-152
-54
56
165
282
382
465
529
571
623
700
773
830
843
823
802
789
814
840
832
784
709
646
573
511
440
346
273
199
112
12
-105
-231
-355
-478
-596
-709
-829
-940
-1024
-1069
-1113
-1160
-1205
-1241
-1243
-1195
-1158
-1136
-1111
-1047
-928
-836
-787
-739
-664
-584
-509
-436
-359
-279
-175
-28
100
201
278
368
510
667
816
939
1035
1120
1239
1364
1442
1467
1482
1517
1550
1551
1512
1472
1448
1410
1348
1260
1160
1067
986
917
831
710
569
435
349
277
186
86
-32
-139
-210
-283
-368
-481
-584
-657
-703
-753
-810
-836
-826
-794
-776
-783
-807
-800
-771
-743
-717
-668
-612
-543
-484
-448
-374
-290
-195
-99
-25
31
90
169
286
400
483
531
546
587
638
681
691
678
647
617
579
494
434
382
314
258
163
61
-24
-98
-166
-262
-373
-497
-611
-698
-777
-832
-893
-974
-1064
-1159
-1247
-1308
-1343
-1330
-1292
-1250
-1223
-1219
-1213
-1184
-1116
-1015
-909
-811
-707
-599
-499
-418
-326
-227
-98
38
156
263
348
453
605
739
816
868
935
1033
1126
1193
1234
1268
1302
1323
1324
1311
1292
1255
1220
1202
1175
1157
1110
1011
924
830
734
645
559
477
404
332
263
201
120
36
-44
-147
-236
-304
-358
-407
-478
-545
-590
-605
-594
-587
-596
-628
-652
-633
-581
-530
-485
-445
-412
-379
-341
-289
-236
-155
-76
-33
6
22
38
74
120
171
215
244
269
275
268
260
258
280
303
301
264
225
191
173
181
179
141
76
-6
-52
-66
-92
-145
-226
-294
-328
-339
-362
-394
-450
-483
-494
-509
-549
-603
-631
-638
-635
-633
-633
-643
-642
-627
-622
-608
-589
-573
-542
-516
-496
-481
-473
-450
-408
-353
-309
-259
-206
-167
-135
-118
-110
-78
-13
52
120
191
220
237
273
300
340
380
401
404
418
444
463
486
511
515
507
494
461
417
380
361
356
350
329
296
252
217
192
170
157
153
144
101
50
19
15
43
52
35
7
-11
-4
-5
1
-21
-60
-71
-66
-36
-1
28
37
52
85
113
150
172
187
207
255
298
304
289
282
299
327
338
332
336
346
348
346
345
348
338
317
304
283
277
272
251
216
162
91
28
-26
-77
-118
-156
-210
-298
-388
-445
-468
-493
-523
-557
-604
-650
-676
-676
-669
-661
-667
-685
-691
-677
-642
-613
-599
-584
-560
-518
-476
-449
-420
-393
-329
-244
-171
-108
-51
15
88
173
252
323
388
446
503
548
574
582
586
598
621
626
613
602
612
635
640
611
565
539
543
541
519
481
434
390
346
315
279
227
158
90
37
2
-20
-57
-100
-142
-182
-210
-229
-251
-268
-303
-347
-389
-404
-402
-417
-432
-450
-465
-484
-495
-494
-487
-452
-409
-356
-294
-235
-170
-121
-91
-76
-64
-28
25
88
139
173
215
238
260
282
296
293
289
311
349
400
418
421
413
405
412
402
381
339
291
249
205
156
93
36
-28
-95
-149
-197
-238
-294
-351
-404
-443
-459
-476
-493
-521
-544
-548
-549
-546
-544
-538
-532
-535
-550
-564
-565
-551
-520
-475
-431
-392
-359
-316
-273
-246
-220
-193
-152
-97
-50
-19
3
21
40
75
111
152
199
228
261
288
319
355
373
397
409
421
432
423
432
437
440
426
393
365
331
297
278
270
263
246
231
200
167
148
132
137
135
137
124
116
128
130
128
113
87
55
27
6
-4
-18
-33
-42
-52
-47
-40
-40
-50
-52
-47
-21
12
22
13
2
-11
-29
-53
-76
-104
-123
-136
-159
-182
-205
-228
-238
-244
-258
-264
-251
-218
-180
-158
-154
-168
-181
-177
-142
-102
-78
-77
-73
-47
-15
21
49
56
52
60
83
103
105
104
96
87
102
123
139
145
138
117
107
99
84
71
62
52
18
-31
-66
-91
-119
-153
-184
-221
-272
-296
-309
-324
-336
-351
-355
-354
-352
-357
-374
-393
-400
-370
-328
-298
-281
-273
-245
-201
-147
-85
-49
-13
25
69
121
163
208
258
322
387
440
491
536
574
615
663
713
743
765
791
819
850
865
883
891
895
901
900
877
844
810
779
750
723
688
634
575
516
467
410
337
257
174
100
28
-42
-121
-198
-272
-348
-420
-496
-569
-635
-699
-757
-802
-855
-909
-946
-958
-958
-960
-968
-984
-989
-976
-945
-913
-892
-877
-850
-812
-760
-716
-659
-603
-538
-461
-387
-317
-259
-188
-103
-18
61
137
212
275
331
382
425
462
494
525
553
567
577
589
601
596
578
564
550
532
515
490
450
393
339
300
258
204
139
79
18
-41
-95
-150
-203
-262
-315
-358
-404
-445
-489
-531
-558
-574
-580
-593
-617
-643
-646
-635
-617
-585
-552
-529
-511
-482
-440
-400
-354
-293
-237
-183
-107
-15
73
155
234
311
393
476
551
620
678
740
812
865
903
932
960
1000
1025
1034
1038
1033
1010
986
959
921
888
863
841
805
748
671
587
496
414
338
251
165
65
-35
-137
-224
-282
-334
-394
-470
-551
-623
-685
-717
-741
-758
-780
-804
-831
-865
-886
-893
-884
-870
-850
-841
-837
-802
-751
-694
-627
-570
-516
-448
-382
-316
-260
-208
-155
-116
-72
-24
16
46
85
132
170
197
203
207
219
228
233
244
248
254
256
238
207
187
177
168
154
125
73
28
-6
-36
-72
-127
-176
-221
-246
-258
-271
-289
-314
-325
-333
-329
-316
-304
-277
-262
-248
-229
-205
-176
-157
-133
-113
-95
-52
7
61
114
160
202
250
299
351
410
466
515
558
592
627
666
696
726
740
748
763
775
774
761
748
722
703
688
653
602
544
486
435
389
345
291
229
167
110
53
-5
-62
-116
-160
-203
-247
-295
-353
-414
-467
-512
-549
-574
-591
-603
-611
-620
-622
-619
-607
-583
-562
-539
-509
-479
-447
-415
-378
-347
-314
-267
-211
-152
-95
-46
2
53
107
157
198
229
266
302
315
326
346
375
403
406
394
390
385
372
354
332
310
286
262
222
165
117
66
10
-31
-77
-119
-143
-180
-212
-240
-272
-301
-330
-359
-390
-423
-440
-450
-466
-491
-500
-504
-494
-472
-462
-451
-440
-425
-406
-373
-330
-292
-246
-187
-132
-97
-63
-15
51
120
168
194
216
241
281
343
390
417
431
448
467
489
514
524
530
540
547
543
533
524
511
492
467
432
386
332
277
237
204
177
141
91
37
-7
-31
-57
-92
-129
-165
-199
-241
-281
-316
-346
-366
-377
-392
-404
-419
-430
-428
-412
-394
-389
-383
-377
-361
-317
-278
-238
-212
-193
-163
-129
-84
-55
-28
2
31
66
113
152
184
216
256
299
339
367
388
417
446
467
472
468
451
424
405
395
373
339
295
248
202
154
105
49
-4
-49
-84
-119
-162
-206
-254
-294
-323
-355
-388
-437
-493
-526
-544
-568
-592
-615
-638
-652
-659
-663
-660
-647
-620
-573
-515
-476
-442
-411
-373
-324
-275
-224
-171
-129
-85
-27
32
99
158
206
261
315
364
414
460
496
529
561
596
628
662
688
709
725
727
724
725
706
682
658
627
596
555
510
468
430
393
351
309
261
208
157
112
70
20
-30
-80
-137
-186
-221
-256
-286
-313
-342
-374
-401
-419
-437
-457
-475
-481
-481
-485
-485
-473
-448
-431
-421
-400
-379
-355
-322
-283
-244
-207
-169
-131
-88
-44
-11
30
70
109
156
197
226
256
282
308
336
359
377
393
405
411
411
408
411
411
397
373
341
309
275
245
216
191
162
123
82
48
10
-34
-70
-100
-131
-165
-193
-225
-257
-287
-320
-339
-365
-390
-414
-430
-426
-418
-419
-434
-452
-459
-450
-437
-423
-402
-381
-353
-313
-278
-246
-222
-197
-165
-142
-110
-80
-53
-22
17
54
88
113
136
163
181
200
217
238
252
261
280
289
288
290
298
305
309
319
323
324
319
316
311
296
277
260
248
236
222
206
191
175
157
137
118
99
81
68
54
40
23
-2
-22
-41
-59
-76
-93
-108
-126
-146
-162
-176
-190
-198
-214
-228
-240
-252
-256
-248
-246
-248
-248
-253
-245
-232
-227
-212
-198
-195
-188
-173
-162
-137
-121
-110
-89
-66
-52
-46
-42
-31
-8
12
24
35
45
55
71
91
106
110
122
136
154
167
168
171
171
181
190
195
197
202
205
204
202
191
181
172
163
155
135
118
104
92
82
72
60
39
23
4
-4
-7
-18
-33
-40
-46
-51
-56
-64
-62
-60
-60
-56
-51
-60
-59
-45
-28
-5
5
11
24
42
59
72
85
106
122
140
158
166
174
175
193
213
219
227
230
230
231
232
225
225
226
213
204
193
176
162
146
133
125
109
78
47
18
-2
-26
-52
-79
-103
-138
-179
-211
-240
-268
-295
-327
-357
-387
-410
-424
-437
-446
-458
-467
-474
-484
-488
-490
-484
-467
-450
-434
-415
-401
-389
-366
-335
-303
-275
-248
-216
-185
-154
-119
-90
-65
-40
-7
37
76
103
123
144
166
187
197
207
218
221
228
233
236
235
230
221
212
202
191
178
161
147
128
108
83
57
31
3
-18
-43
-64
-92
-114
-129
-142
-155
-167
-172
-177
-177
-177
-174
-172
-162
-147
-131
-119
-103
-79
-56
-27
-3
24
57
96
129
160
188
213
240
264
294
324
355
383
413
434
451
465
476
489
496
497
493
487
475
459
442
418
392
362
327
292
258
220
187
147
109
71
30
-8
-45
-83
-123
-162
-203
-231
-265
-301
-327
-350
-368
-382
-394
-410
-420
-429
-432
-423
-412
-400
-389
-366
-339
-312
-282
-248
-213
-179
-137
-93
-49
-12
28
67
99
134
169
199
224
250
276
301
316
329
340
346
347
338
328
317
307
286
260
230
200
169
137
100
58
15
-25
-68
-115
-161
-208
-256
-295
-338
-379
-418
-456
-483
-504
-526
-549
-563
-574
-578
-577
-572
-558
-545
-534
-511
-481
-452
-422
-381
-337
-291
-245
-197
-149
-91
-24
37
99
154
206
257
309
362
410
452
491
532
569
598
617
634
649
659
664
659
653
635
614
593
568
529
485
442
395
348
294
236
177
123
66
8
-45
-103
-155
-210
-264
-316
-370
-416
-451
-482
-521
-555
-579
-598
-605
-609
-608
-606
-597
-581
-552
-524
-497
-467
-429
-380
-333
-285
-234
-176
-114
-53
4
55
102
152
208
257
305
351
391
434
471
493
512
532
556
574
584
583
577
568
552
534
509
479
441
401
361
322
277
224
175
131
83
31
-19
-71
-123
-175
-221
-269
-315
-356
-393
-427
-462
-493
-520
-539
-554
-565
-564
-558
-540
-526
-505
-476
-448
-423
-389
-343
-301
-255
-205
-158
-105
-53
0
60
116
169
227
286
338
385
429
469
508
539
559
580
596
616
633
642
644
641
637
630
621
599
566
529
500
467
421
374
326
283
247
194
142
83
32
-19
-69
-114
-161
-203
-247
-284
-326
-376
-419
-442
-461
-478
-493
-504
-509
-512
-506
-498
-484
-467
-441
-408
-376
-342
-302
-261
-221
-185
-144
-107
-66
-18
27
63
99
135
175
213
236
268
293
312
318
325
334
338
341
338
329
322
309
296
270
243
223
199
177
142
106
69
25
-18
-58
-95
-134
-180
-225
-267
-302
-335
-365
-398
-432
-463
-490
-504
-512
-518
-523
-529
-532
-531
-518
-502
-489
-481
-466
-437
-418
-389
-354
-321
-281
-248
-211
-177
-145
-116
-88
-63
-39
-7
29
61
92
126
147
164
176
191
211
221
232
244
256
253
241
228
223
224
217
211
204
195
184
169
156
143
127
113
99
82
64
50
41
34
25
15
11
2
-6
-6
-1
5
5
7
6
9
7
12
23
29
28
31
38
50
70
89
102
109
118
128
144
161
181
193
197
201
212
224
231
238
235
237
234
235
240
240
238
236
241
233
228
217
209
200
177
159
142
124
111
100
91
78
60
50
38
12
-17
-37
-48
-52
-65
-83
-100
-117
-130
-146
-160
-173
-186
-198
-203
-207
-214
-215
-219
-215
-202
-192
-185
-179
-167
-155
-147
-141
-130
-115
-101
-89
-76
-67
-48
-33
-27
-14
-4
5
8
7
8
11
12
13
10
13
18
12
11
3
-1
-5
-13
-25
-35
-47
-60
-69
-81
-92
-102
-112
-121
-127
-139
-154
-156
-159
-162
-164
-169
-173
-180
-188
-189
-189
-188
-184
-175
-168
-168
-164
-152
-134
-110
-88
-68
-53
-36
-15
7
38
64
90
118
138
156
178
197
213
235
252
264
278
293
313
318
315
314
313
312
315
316
311
301
286
276
261
247
229
212
197
179
161
136
106
84
62
40
28
13
-3
-21
-38
-52
-68
-79
-92
-106
-118
-130
-137
-142
-146
-144
-143
-145
-143
-141
-134
-123
-110
-97
-85
-72
-56
-35
-16
-6
0
1
12
29
41
53
59
68
76
80
83
86
96
95
88
76
62
56
55
49
40
23
0
-21
-40
-56
-79
-97
-114
-137
-163
-187
-199
-209
-220
-230
-235
-243
-258
-268
-272
-271
-269
-265
-259
-256
-255
-253
-248
-236
-222
-206
-191
-180
-165
-147
-133
-118
-99
-83
-61
-39
-18
5
26
46
59
69
81
95
106
118
131
139
146
156
169
178
187
189
182
176
171
168
166
159
150
142
131
124
112
101
91
78
66
52
38
32
27
19
12
4
-6
-12
-21
-23
-21
-19
-13
-14
-19
-15
-13
-11
-2
9
21
30
41
54
66
88
107
121
132
136
144
155
164
175
182
188
194
197
196
194
191
188
180
169
160
149
137
128
120
109
94
77
59
42
19
-3
-22
-39
-57
-81
-100
-117
-134
-148
-166
-185
-201
-218
-226
-236
-244
-251
-257
-261
-265
-266
-264
-259
-254
-246
-239
-227
-215
-201
-185
-170
-153
-139
-121
-102
-82
-62
-46
-30
-14
1
16
32
47
61
74
84
88
95
100
106
111
111
110
105
99
94
92
87
82
74
62
46
33
19
5
-9
-23
-34
-45
-60
-74
-86
-91
-95
-100
-105
-110
-116
-114
-113
-108
-102
-98
-90
-86
-77
-65
-52
-36
-21
-6
9
24
42
62
82
103
121
140
158
177
197
215
229
243
256
268
278
284
291
298
304
304
303
301
297
291
280
271
258
242
227
211
194
176
155
134
111
86
63
39
16
-6
-29
-52
-76
-97
-119
-135
-150
-165
-181
-196
-206
-215
-221
-224
-227
-230
-231
-232
-226
-222
-216
-209
-201
-193
-185
-176
-164
-153
-137
-124
-115
-106
-97
-83
-69
-56
-44
-33
-23
-14
-8
-2
5
12
18
19
22
22
24
25
26
24
18
12
4
-5
-12
-19
-25
-33
-41
-50
-59
-68
-78
-87
-93
-98
-104
-112
-118
-121
-124
-127
-130
-132
-134
-134
-133
-129
-127
-124
-120
-114
-107
-101
-92
-82
-74
-62
-50
-37
-27
-14
0
13
24
34
46
59
71
82
91
102
112
122
131
140
148
156
163
169
173
177
179
183
187
188
188
188
188
185
186
186
182
176
172
168
164
159
152
146
139
130
120
112
104
95
90
83
73
62
52
44
36
27
17
10
0
-7
-15
-24
-30
-39
-46
-52
-57
-64
-71
-75
-78
-81
-86
-91
-93
-95
-94
-95
-95
-94
-94
-94
-94
-96
-96
-95
-92
-90
-88
-83
-78
-72
-69
-63
-59
-53
-49
-43
-35
-29
-24
-21
-16
-11
-5
-1
2
8
13
17
21
24
27
29
29
32
32
30
30
28
26
23
21
17
11
7
2
-2
-7
-10
-15
-20
-25
-30
-37
-42
-48
-54
-59
-63
-69
-73
-77
-81
-82
-81
-81
-83
-80
-80
-77
-73
-67
-64
-58
-50
-43
-36
-28
-18
-8
1
11
20
30
42
53
67
78
89
98
106
116
123
129
138
146
152
158
164
167
168
168
166
164
160
155
148
143
133
122
108
97
85
71
57
42
26
8
-10
-26
-42
-57
-73
-87
-102
-115
-125
-135
-146
-158
-167
-175
-185
-191
-195
-198
-201
-199
-200
-198
-190
-183
-177
-167
-154
-143
-129
-113
-98
-84
-69
-53
-37
-22
-8
8
25
44
59
73
87
100
112
122
132
140
144
150
154
156
160
158
157
156
154
149
143
136
129
119
109
99
89
78
66
53
41
29
18
6
-4
-16
-26
-38
-47
-56
-67
-75
-81
-89
-98
-102
-105
-106
-105
-108
-106
-103
-101
-100
-96
-90
-84
-80
-75
-67
-59
-51
-42
-32
-19
-10
0
9
18
27
36
44
54
64
72
80
86
90
94
96
97
96
97
99
95
91
86
82
75
68
59
50
42
30
17
7
-3
-12
-26
-36
-45
-53
-63
-75
-83
-91
-99
-109
-117
-120
-125
-128
-131
-133
-135
-136
-134
-130
-125
-119
-114
-104
-93
-82
-71
-58
-46
-36
-25
-12
1
16
30
44
54
66
81
92
104
115
126
137
144
149
155
163
166
165
165
167
165
160
154
152
146
136
123
113
106
98
83
69
57
44
26
10
-2
-15
-27
-43
-56
-68
-78
-88
-101
-108
-115
-124
-130
-136
-140
-141
-141
-141
-142
-138
-133
-126
-121
-112
-104
-98
-89
-77
-62
-49
-37
-25
-11
2
10
20
33
46
54
60
69
76
84
90
94
96
101
100
98
100
99
95
88
82
74
65
57
48
41
32
20
6
-7
-18
-30
-44
-55
-64
-74
-83
-93
-102
-111
-117
-125
-131
-135
-134
-135
-133
-132
-132
-128
-124
-119
-114
-105
-95
-86
-76
-64
-50
-38
-23
-10
0
15
29
42
57
73
85
95
105
117
127
138
147
154
160
165
167
169
172
173
172
169
166
162
157
150
140
129
119
109
94
81
70
59
44
29
13
1
-13
-28
-42
-54
-67
-81
-95
-104
-112
-122
-130
-134
-137
-140
-143
-146
-146
-145
-142
-142
-135
-127
-119
-113
-106
-95
-86
-77
-67
-54
-39
-26
-14
-3
13
26
36
48
61
72
82
93
101
111
120
123
126
132
136
137
136
136
132
128
122
113
105
100
90
79
67
55
42
26
14
1
-13
-28
-47
-60
-74
-87
-103
-117
-129
-140
-152
-161
-168
-176
-182
-186
-189
-189
-190
-189
-185
-180
-174
-167
-161
-152
-142
-131
-119
-105
-92
-77
-62
-47
-31
-13
4
21
38
55
74
90
106
117
131
144
156
163
170
177
182
184
183
184
184
183
178
173
168
162
152
140
129
117
103
87
73
58
45
31
14
-1
-14
-30
-45
-60
-72
-82
-94
-106
-114
-119
-126
-132
-137
-136
-136
-137
-136
-133
