21
82
58
243
184
221
214
205
124
-26
58
57
-66
-202
-196
-151
-161
-152
-129
-158
-151
-116
-113
-106
19
30
170
271
183
201
173
217
181
170
125
48
38
1
16
-53
-69
-108
-93
-196
-195
-142
-114
46
1
7
12
112
165
220
240
209
209
170
136
31
4
29
-23
-32
-41
-58
-97
-149
-128
-180
-155
-109
-64
-15
32
207
160
268
253
258
213
143
108
111
129
104
109
26
21
-114
-153
-288
-237
-258
-283
-169
-155
-63
-19
113
78
79
43
72
144
64
176
167
193
66
57
-36
-57
-48
-134
-134
-268
-212
-289
-266
-261
-255
-116
-173
-32
-46
-67
112
38
112
92
71
128
50
-42
29
-59
-53
-31
-171
-116
-265
-236
-220
-226
-235
-201
-166
-117
-103
53
92
107
140
81
149
79
103
118
144
100
83
-59
-61
-188
-177
-186
-364
-294
-283
-169
-189
-12
-122
92
36
22
177
-39
188
151
278
218
304
228
210
15
38
-32
-123
70
-126
9
-175
-64
22
-27
-33
24
127
26
103
108
328
341
285
454
262
145
235
183
66
111
127
86
62
-72
-4
-3
-62
-5
-52
-86
8
126
130
302
288
388
355
270
336
317
414
303
334
203
99
76
12
15
-114
-77
17
-119
-88
7
-107
33
-2
86
119
16
209
182
198
234
235
244
83
92
18
-30
-116
-116
-89
-97
-118
-162
-120
-132
-54
-130
-116
-183
-89
-34
2
130
141
188
153
197
41
-28
17
160
59
-75
-62
-118
-248
-316
-268
-388
-370
-286
-237
-218
-200
-75
-57
-75
-94
-11
-4
-81
41
47
-33
154
-24
-67
-121
-238
-103
-293
-282
-344
-217
-263
-319
-117
-122
-82
-97
-122
-64
-63
18
72
39
-2
18
61
2
-27
-161
-159
-45
-172
-126
-222
-303
-156
-251
-157
-201
-210
-89
-34
-93
-60
69
116
161
104
170
31
-4
-15
39
-48
-57
0
-36
-87
-103
-30
-144
-84
-213
-166
-178
-94
87
26
73
111
146
277
103
171
188
-9
85
43
8
41
4
24
130
-63
4
-52
-151
-11
-34
19
101
140
107
267
196
254
145
156
281
85
193
88
103
2
-22
43
-70
5
-45
-167
-108
-196
-108
-176
-272
23
31
140
206
112
160
254
217
246
290
149
285
210
224
128
120
71
121
87
-140
64
-176
-77
-55
-20
107
106
168
71
202
97
122
169
21
11
204
34
73
106
-86
84
-102
-179
-93
-284
-237
-131
-149
-41
-87
59
71
63
119
33
61
5
160
217
171
183
108
164
39
-73
-15
-42
-134
-72
36
-42
-87
-85
-124
-40
-212
-131
-36
-64
207
135
126
176
113
150
251
179
327
103
126
230
-71
75
-84
13
-77
-117
-10
-131
-67
-78
89
92
107
115
23
16
1
54
145
203
122
130
116
-97
-61
-139
-292
-134
-282
-152
-208
-124
-139
-102
-60
-96
114
-46
118
141
162
321
317
276
319
239
125
234
76
134
88
39
119
-54
11
-28
-38
-61
-149
-107
-159
-64
-54
2
113
-6
115
29
-85
-52
8
56
62
104
97
-14
1
-111
-168
-229
-291
-7
-108
77
-30
-60
116
19
27
48
97
34
113
-9
85
-17
14
130
-130
32
-84
112
-140
-189
-127
-304
-185
-172
-31
-213
-51
5
89
76
26
107
37
141
-51
92
129
84
20
-98
-79
-38
-59
-114
-97
-231
-18
-146
-189
-213
-229
-136
-171
-127
-84
1
-15
76
42
-63
-25
-89
-134
-66
-124
-147
-59
-188
-127
-144
-270
-53
-123
-239
-108
101
29
42
-41
-97
235
102
270
173
110
369
252
265
42
27
168
164
61
-101
-107
88
-24
-206
-217
-274
38
-145
-18
-101
-151
277
215
243
48
128
203
-13
-117
-107
11
262
100
-15
-28
-150
29
5
-124
-271
-179
-222
-227
-186
-197
-10
116
47
3
24
-52
97
24
66
23
-28
166
68
64
-64
-8
-29
-202
-196
-310
-250
-256
-88
131
-29
-153
-109
-16
209
-17
87
125
4
278
95
5
-58
8
141
34
-4
-35
-27
-45
-84
-90
-152
-86
-118
-157
47
-24
67
183
-78
26
-86
39
68
-48
-30
-52
41
-153
-113
3
27
63
5
40
-35
-126
-63
96
-92
87
59
60
173
86
241
21
258
9
125
60
152
130
-196
242
143
127
-136
-61
-29
27
21
-77
-39
2
112
-122
-31
-165
127
165
135
223
88
74
35
-9
-274
-40
169
289
64
72
211
40
-120
-218
-269
-197
-43
72
6
-13
294
341
45
-203
42
49
150
-29
80
238
131
208
35
253
52
131
-24
-175
-173
-271
-66
-100
54
12
259
133
124
-21
54
80
-259
-41
-75
132
290
256
361
321
167
75
-384
-203
-228
-261
-114
-65
19
-201
-173
-125
-173
-138
81
72
-33
-228
-49
-47
-136
37
33
253
-52
83
33
-130
-38
-107
-1
-102
199
-37
34
-137
-41
55
-240
9
19
59
71
179
54
121
65
95
-314
-193
276
126
209
-305
24
-29
-144
10
-77
102
-115
251
6
-150
-116
72
194
-17
-123
-206
216
-127
-103
28
-109
-200
-150
-6
-178
-110
-259
190
-81
-122
-33
-29
81
-332
327
58
-65
47
-214
-127
-271
-119
134
117
-14
214
100
-31
-88
-262
-158
-186
133
-8
-22
186
234
-38
-230
-23
-53
-7
-336
121
64
26
89
-187
280
321
297
-126
-209
-169
-63
-56
-149
191
118
344
183
-23
-24
178
30
-69
-232
-206
242
-55
95
87
194
77
-45
61
-20
281
35
154
175
50
133
128
-6
-131
268
86
163
5
87
158
3
24
185
226
35
193
128
131
-1
114
-117
-180
90
191
274
-161
-119
8
95
185
-99
-73
-6
-34
2
21
-346
-304
-3
-79
320
176
209
20
-132
-142
-72
-136
-159
108
211
-86
-76
89
-246
-244
-410
116
-82
-65
62
-108
-113
-256
-51
-208
-418
-131
-74
-292
-211
60
-131
-14
-4
-121
-17
-461
-181
-87
-431
-347
12
-117
-119
136
225
43
-101
-374
-211
-208
-432
144
155
-164
173
352
106
-115
-298
-36
-247
-184
368
114
41
-65
156
341
81
-213
241
168
-53
94
-196
214
209
51
98
-143
-257
113
233
123
-174
211
382
230
-58
-405
155
-389
-192
-37
11
466
252
363
254
8
-61
-126
-147
-67
128
63
-198
158
188
-102
-190
-236
46
54
218
110
-383
-71
159
201
-435
-721
-41
156
-246
-306
-93
-87
67
84
-294
-204
-22
-218
225
-79
-392
62
-260
-127
-211
-147
99
-289
-170
79
19
-227
-298
251
61
-266
52
39
132
-391
-273
-5
-320
-383
-234
-56
163
-13
267
227
-116
95
-76
-145
-419
-154
185
77
-186
35
247
277
433
-96
-278
-127
354
-103
-72
128
230
355
-236
324
122
-311
-261
140
-83
-243
146
97
563
233
219
-285
-89
70
-36
-63
-227
316
40
542
404
199
-46
-52
215
150
-230
62
475
-74
37
245
364
26
125
285
185
-157
-280
238
261
284
11
147
231
246
131
38
-329
-160
294
374
441
-91
358
541
232
-150
-58
57
183
216
-32
205
368
343
153
0
-181
96
118
154
219
-104
120
192
342
338
235
388
45
-291
-216
-1
69
184
295
542
450
120
159
322
192
228
161
-396
23
472
260
-132
-85
251
263
587
65
-393
-315
-39
409
-133
-418
161
649
370
-484
-316
12
133
24
-345
76
7
-56
212
141
-14
33
163
-24
-216
-211
61
-127
-126
-182
-2
368
79
-333
-475
36
-6
-264
-363
-9
65
-221
-213
-129
-48
-284
-63
17
-87
-202
-238
-106
-27
-82
-425
-262
192
291
-63
-462
-261
-30
-51
-284
-277
-94
-213
-10
34
-368
-313
75
43
-320
-454
-286
-131
-58
-105
-186
-117
8
-60
-327
-328
-99
-59
-171
-164
-102
-14
-211
4
105
-115
-101
-23
265
-42
-274
-131
113
94
-36
69
128
123
-22
-148
-85
-160
-129
-62
-174
171
364
319
103
-229
-183
-183
-132
-80
74
173
264
468
220
68
30
154
219
25
44
192
336
261
192
153
196
104
-96
59
-121
-94
-105
-72
85
116
114
82
128
42
-43
-152
-155
-41
17
-22
143
246
380
382
128
52
-128
-121
-141
-204
-170
-256
-145
-24
18
161
321
269
131
18
-107
-137
-70
-15
56
123
182
190
120
414
421
121
-229
-625
-571
-585
-546
-453
-248
48
271
289
48
9
72
-104
-310
-466
-461
-217
-132
2
157
55
54
143
117
-4
-221
-285
-325
-352
-294
-128
18
43
311
391
244
98
-96
-116
-117
-96
-46
6
96
168
178
196
316
402
440
426
297
159
100
32
-39
-66
4
278
380
490
548
351
386
320
230
147
115
194
172
344
369
271
238
305
341
295
216
162
183
121
113
89
33
77
167
205
162
51
-6
17
13
-121
-200
-284
-424
-463
-495
-556
-569
-553
-659
-670
-680
-819
-914
-909
-933
-964
-967
-906
-928
-968
-943
-869
-802
-875
-842
-848
-856
-821
-767
-730
-589
-346
-121
157
275
458
716
852
1012
1006
1215
1372
1460
1623
1629
1731
1740
1697
1654
1619
1546
1472
1424
1430
1401
1397
1425
1344
1320
1359
1335
1305
1181
1051
962
733
537
442
394
362
219
161
73
-46
-176
-426
-482
-524
-667
-691
-637
-572
-522
-537
-428
-307
-385
-507
-497
-484
-560
-670
-755
-718
-709
-806
-913
-886
-972
-1203
-1335
-1484
-1685
-1917
-2197
-2351
-2431
-2628
-2860
-2963
-3078
-3303
-3426
-3476
-3530
-3583
-3706
-3695
-3615
-3626
-3628
-2493
-560
1267
2647
3250
4816
5969
6004
5108
3145
2012
698
-452
-1291
-2004
-1536
-1015
-69
751
1475
2616
3081
3056
2550
2305
2554
2572
2249
2230
3056
3859
4111
3833
3706
3517
2518
1057
-412
-1468
-2583
-3926
-4732
-4697
-4080
-3108
-2117
-614
940
2086
3112
3643
4086
4186
3970
3837
3559
3213
2853
2293
1776
1140
265
-455
-1209
-1814
-2344
-2726
-2649
-2378
-1920
-1266
-474
292
850
1063
1154
992
507
-293
-1183
-1698
-2097
-2326
-2301
-2015
-1549
-1360
-1331
-1453
-1865
-2578
-3683
-4865
-5859
-6549
-6680
-6626
-6310
-6016
-5709
-5201
-4813
-4456
-3976
-1586
1547
4404
6062
6705
8622
9373
8772
6248
2781
864
-1076
-2283
-3382
-3749
-2640
-1410
-29
814
1654
2817
3080
2517
1790
1913
3077
3914
4537
5715
7479
8732
8699
7803
6631
4675
1195
-2590
-5779
-7949
-9692
-11422
-11662
-10441
-8070
-5500
-3328
-642
1650
3129
3916
4180
4855
5357
5441
5583
5601
5490
5075
4124
2740
843
-1496
-3590
-5507
-6786
-7216
-7003
-5701
-3829
-1393
1232
3510
5356
6329
6585
6205
5255
4198
2899
1738
1013
530
359
286
228
-46
-696
-1699
-2851
-4045
-5154
-5844
-6049
-5704
-4765
-3354
-1642
-258
558
734
343
-357
-1779
-3187
-4276
-5265
-5842
-6185
-6357
-6226
-6743
-6699
-3129
2319
7235
8791
8263
10569
12351
11371
6798
866
-1947
-4201
-5876
-6956
-6766
-4015
-1367
458
1839
3395
5866
6340
4155
1950
1833
3853
4952
5293
6731
9339
10722
9677
7599
5572
2428
-3658
-10009
-13812
-14681
-14851
-16261
-15820
-12217
-7083
-2714
-106
3124
6073
6800
6107
5224
6023
6698
5538
4480
4433
5338
5489
3530
772
-2163
-5435
-8456
-11038
-12221
-11898
-10702
-7675
-3302
1605
6418
9742
11804
12382
11646
10344
7723
4671
2053
295
-211
-353
-41
662
1241
1261
111
-1549
-3138
-4612
-5715
-6151
-5420
-3545
-1140
1424
3806
5630
6228
5341
3348
922
-1604
-3974
-5702
-6687
-6582
-5865
-4657
-3407
-3117
-3694
-5233
-7218
-8892
-10144
-9666
-5061
2103
8701
12553
13917
16601
17734
14358
7310
-1082
-6005
-9001
-10893
-10927
-9242
-5050
-818
1585
2790
3320
3780
2179
-1716
-4338
-3566
179
3728
6566
10211
14277
16031
14201
10188
5355
-910
-9289
-16821
-20590
-20692
-19593
-18601
-15244
-8991
-2717
1823
4309
6648
8360
7714
6631
6458
7796
8993
8826
8848
9108
8451
5903
1340
-3948
-9010
-13679
-16572
-17193
-15337
-10962
-5280
1516
8416
14034
18012
19316
18097
15125
11233
7360
3405
175
-1484
-1523
-529
293
879
1369
967
-667
-3164
-5315
-6417
-6862
-6356
-4483
-1433
2049
4761
6519
7447
6803
4464
1039
-2202
-4749
-6860
-8253
-8423
-7129
-5625
-4415
-3839
-4019
-5101
-7833
-10612
-12486
-13067
-11938
-9553
-3122
6497
14602
18928
18370
17276
15275
8497
-1005
-10840
-16378
-17644
-16806
-12944
-7179
-112
5880
8540
8465
6900
4906
1730
-2910
-5992
-4739
249
5818
10500
14888
18593
18729
14272
7464
46
-7616
-16236
-22871
-23851
-20290
-15236
-10808
-5586
1222
6127
7589
6769
5820
5045
3022
1811
3552
7453
11359
13622
14834
14982
12149
6220
-1431
-9302
-16157
-21586
-23393
-20465
-14396
-6693
1406
9637
16857
20764
21235
19092
15051
10030
4653
751
-1376
-2428
-2336
-1377
267
790
-590
-2888
-5393
-7521
-9366
-10098
-8589
-5194
-844
3678
7878
10959
11656
9728
6136
1700
-3096
-7451
-10290
-11127
-10313
-8428
-5622
-2666
-914
-949
-2653
-4881
-7226
-9781
-11490
-11665
-9527
-6077
-2692
1182
7313
15127
19971
19382
14677
10159
6331
9
-7392
-13234
-14920
-12945
-9497
-4220
1489
5883
7679
6637
3771
393
-2300
-4185
-5506
-5092
-1086
6207
13623
18575
20599
19975
15996
8174
-1230
-9714
-16531
-22116
-24752
-21958
-15142
-7966
-2894
932
4200
5038
3231
1004
287
479
531
2324
7383
13878
18427
19453
17664
13169
5623
-3778
-12680
-19951
-25120
-26758
-23258
-15236
-5613
3455
11243
16800
19091
18039
15088
11752
8056
4613
2515
2073
2637
2894
2212
469
-2567
-6496
-10005
-12121
-12601
-11570
-8792
-4021
1752
7217
11288
13352
13238
10748
6670
2170
-1968
-5262
-7454
-7956
-6853
-5175
-3540
-2115
-1181
-1432
-3073
-5035
-6343
-6860
-6782
-5719
-3663
-1258
808
1922
2583
2008
204
-1142
264
3766
5648
5105
3735
4303
4805
2301
-1572
-4905
-6055
-6218
-5784
-3991
-1645
237
1223
1461
1050
763
663
318
-521
-547
1831
6304
10093
11657
11615
10190
6877
1539
-4015
-8297
-12032
-15535
-16757
-13767
-8451
-4512
-2730
-1041
1003
1760
1248
1637
3560
4944
5348
7188
11402
14824
14378
10944
6772
1909
-4535
-11038
-15094
-16645
-16902
-15191
-9897
-2286
4274
8189
10443
11796
11760
10259
8669
7865
6858
4964
3419
3446
3472
1386
-2606
-5992
-7492
-8324
-8708
-7750
-4909
-1503
1130
3735
6496
8321
7934
5971
4205
2908
1524
34
-789
-874
-1276
-2119
-2691
-2829
-3376
-4728
-5972
-6287
-5670
-4819
-3756
-2464
-1063
-239
-578
-1373
-2620
-4045
-6016
-8005
-8882
-6755
-413
6097
9836
9927
8988
9059
6928
2376
-2854
-6396
-7367
-6894
-4545
-1093
1695
2639
2008
-126
-3161
-5583
-6590
-6385
-5604
-2793
3104
9991
15158
17188
16785
13861
7799
743
-5212
-9490
-13109
-15419
-13663
-8910
-4469
-2495
-2151
-1845
-2283
-3569
-3787
-1370
2376
5658
8907
13472
18059
19379
16571
11323
5276
-1504
-8514
-13141
-14408
-13728
-11947
-8345
-2391
3177
5762
6078
5684
4989
3501
2389
3626
6406
8544
9535
10247
10409
7807
2071
-4250
-8991
-11772
-12912
-11725
-7811
-2761
1522
4654
7124
8275
6985
3926
1159
-245
-857
-1256
-994
21
524
-301
-1848
-3214
-4501
-6202
-7642
-7622
-6328
-4645
-3094
-1913
-1213
-1621
-2516
-3584
-4656
-5816
-6995
-7079
-6691
-5639
-4004
-201
6262
10758
11574
9321
6905
5339
1634
-3133
-6688
-7920
-6961
-4875
-1760
1552
2830
1855
-212
-2839
-4901
-5423
-3976
-1000
2637
7299
12710
16459
17056
14845
11030
5947
-478
-5643
-7844
-8016
-7699
-6899
-4340
-1692
-1361
-3284
-5579
-6860
-7196
-5959
-2107
3473
8711
12797
16150
18327
17581
13570
8156
2585
-2764
-7156
-9512
-9527
-8955
-8680
-7637
-5799
-4231
-3840
-3515
-1767
215
1900
4243
7974
12013
13408
12037
9936
7610
4060
-1098
-5749
-8150
-9273
-9836
-8918
-6008
-2648
-979
-726
-13
1145
1464
1036
1152
2254
2944
2744
2768
3351
3158
992
-1888
-3565
-4110
-4768
-5341
-4884
-3707
-3144
-3592
-3817
-3732
-4213
-5181
-5689
-4911
-3561
-2115
-839
260
274
-1208
-2229
-2200
1201
6582
9470
9771
7494
5531
4107
178
-4518
-8438
-10089
-8302
-4761
-635
2673
3589
2833
803
-1889
-2953
-2092
-287
1714
4222
8742
13323
14980
13707
10562
6571
1221
-4419
-7248
-7460
-7367
-8285
-8659
-7039
-5610
-6061
-7459
-7981
-6851
-4436
-279
5970
12330
16337
17361
16471
14517
10810
5620
612
-3475
-6384
-8350
-9247
-8893
-8857
-9656
-10443
-10275
-8395
-5719
-2634
1240
5534
10192
13882
15555
15553
13287
9027
3845
-936
-4371
-7037
-8990
-9609
-8656
-6806
-4872
-3114
-1583
-450
127
768
1817
3289
4554
5012
5001
4630
4097
3235
1892
322
-1271
-2428
-3177
-3640
-3970
-4271
-4549
-4855
-4989
-4625
-3680
-2449
-1176
-20
874
1356
1425
921
-205
-1568
-2704
-4063
-5411
-6362
-5278
275
6580
9912
9070
5465
2853
-279
-4160
-6683
-7656
-5512
-1218
3305
6987
7694
5970
2466
-3010
-7649
-8265
-5000
-370
3413
7640
13013
16053
15085
11191
6523
1572
-4138
-7848
-7846
-5992
-5081
-5581
-5250
-4335
-4590
-5671
-6508
-6112
-4548
-1675
3098
8274
11803
12891
11796
9498
6545
3554
1255
-1152
-3898
-5968
-7086
-7760
-9006
-10346
-10181
-8743
-6323
-2730
1983
7014
10135
11083
10773
9214
6473
3161
671
-509
-801
-379
516
1115
396
-1604
-3655
-4711
-4914
-4495
-3072
-376
2913
5370
6610
7009
6488
4708
1907
-582
-1578
-1705
-1960
-2375
-2397
-1825
-1523
-1825
-2084
-2025
-1866
-2031
-1977
-1280
-723
-791
-1584
-2225
-2701
-3123
-3434
-3086
-2542
-3050
-4301
-5874
-6889
-7747
-8715
-7652
-1725
6303
11550
11983
9000
6537
3911
2
-3143
-5183
-4680
-1831
1101
3015
2049
-690
-3624
-7244
-9910
-8797
-3599
2455
6284
8940
12324
14100
12136
7929
4234
1836
-656
-2301
-1673
-408
-935
-3493
-5613
-6435
-7254
-7727
-7050
-5121
-2710
-209
3099
6326
7864
7638
6727
6024
5510
5231
5764
5960
4614
2038
-733
-3067
-5531
-7687
-8055
-6502
-3869
-1357
476
1866
2382
1784
582
-723
-709
797
3030
5604
7312
7939
7208
4910
2101
-687
-2950
-4298
-4776
-4084
-2637
-1351
-801
-1189
-2231
-3373
-4236
-4303
-3264
-1647
220
1983
3453
4531
4625
3796
2433
862
-409
-1362
-1902
-2081
-1941
-1923
-2587
-3789
-4991
-5939
-6477
-6774
-6460
-5254
-3610
-2319
-1587
-1284
-1260
-1870
-2912
-3550
82
7164
11121
10185
4805
391
-1485
-3433
-3682
-3316
-2639
23
2754
3990
2018
-2265
-5427
-7403
-8658
-6042
607
7609
11065
10612
10587
10608
8058
4641
2221
2187
2404
1784
1996
1698
-447
-4302
-7525
-8133
-7645
-6504
-4572
-2541
-701
1061
3389
5962
6953
6539
6121
5833
5455
4532
3901
3348
1334
-1173
-2903
-3542
-3955
-5427
-6667
-6908
-6453
-5325
-4127
-2634
-716
984
2867
4608
5798
6383
5509
4103
2900
1809
1132
161
-749
-1159
-1449
-1675
-2244
-3104
-3818
-4208
-4101
-3573
-2817
-1720
-293
1261
2745
3790
4533
4633
3718
2475
1492
860
-63
-1590
-2770
-3067
-2981
-2906
-2770
-2193
-2082
-2830
-3615
-3381
-2302
-1570
-832
-106
676
410
-1113
-2193
-3313
-4290
-6091
-7279
-6709
-4098
1619
6036
7176
4634
1364
1215
1808
2347
2176
1551
2076
3167
3772
2410
-593
-3601
-4751
-4852
-3748
-443
2624
3820
2222
703
1886
3307
4426
5141
6132
7195
6770
5662
3909
1267
-1971
-4482
-4628
-2924
-1040
-404
-1254
-3066
-4226
-3946
-2450
-851
-347
-111
87
620
1420
1987
2670
2530
1819
1401
1436
1594
553
-1274
-2504
-2775
-2451
-2178
-2051
-2003
-2565
-3602
-4091
-3516
-2124
-920
3
1224
2442
3205
2840
1769
892
457
757
1573
2715
3643
3769
3378
2550
1325
-38
-1067
-1264
-836
-446
-348
-381
-343
57
529
899
1051
932
1113
1265
1302
1389
1539
2174
2508
2461
2185
1194
-46
-1914
-3713
-4690
-5481
-5874
-5929
-5857
-5429
-5572
-5844
-5903
-6373
-6600
-5602
-442
6362
9425
8240
4846
3614
3542
2771
2010
858
413
971
1762
514
-2922
-6254
-7068
-5894
-4610
-1709
1449
2602
1388
-219
1312
3812
5275
6385
7363
8170
7397
5802
4480
2824
703
-806
-516
465
102
-2196
-5176
-7762
-9029
-7837
-5110
-2531
-1819
-2305
-2062
-1221
-164
609
1706
3227
4354
5118
5340
4632
2709
393
-896
-836
-455
-673
-1704
-3334
-4883
-6064
-5968
-4977
-3982
-2689
-1680
-409
617
908
1322
1745
2765
4364
5935
7097
7271
6471
5156
3728
2546
1725
1055
778
637
162
-645
-1721
-2199
-1975
-1671
-1266
-870
-328
254
467
657
896
1178
1703
2073
2179
1664
646
-160
-967
-1541
-1610
-1516
-1492
-2084
-3760
-5715
-6874
-7408
-7274
-7053
-6676
-5592
-4893
-4140
-933
3745
5700
3603
-750
-2344
-476
1848
4311
5479
5360
5313
5161
4230
1646
-1414
-2015
-659
167
800
1636
1910
862
-965
-593
1437
2755
3463
3672
3826
3279
2231
2208
2633
2844
2763
2666
2735
1755
-501
-3032
-4862
-5421
-4796
-3919
-3618
-4226
-5386
-6108
-6115
-4971
-2790
-262
1785
2584
2446
1468
200
-544
-740
-497
-264
-5
478
344
-712
-1938
-2450
-1940
-1456
-1668
-1764
-1597
-1469
-1245
-665
731
2182
2877
3389
3773
4035
4131
4284
5043
5878
6367
6131
5303
4462
3639
2902
2165
1253
336
-330
-779
-1257
-2032
-2930
-3276
-3096
-2370
-1214
-64
734
644
155
-78
-191
-59
62
109
148
-509
-1221
-2044
-3366
-4790
-6427
-6916
-6626
-6598
-7027
-7740
-7832
-7125
-6090
-3568
1514
5127
5055
1661
-1183
214
2904
5623
6634
4751
2651
1613
1613
913
-705
-906
171
222
-532
169
1539
1743
620
772
3184
5036
5500
5050
3919
2261
306
-281
176
232
-490
-1466
-2063
-2885
-3763
-4317
-4313
-3726
-2829
-1483
-526
-732
-1675
-2241
-1812
-795
149
687
762
182
-531
-978
-973
-353
166
361
235
108
234
-292
-1513
-2562
-2425
-1135
181
906
1099
1140
1422
2265
3485
4536
4964
4872
4949
5229
5490
5549
5327
4801
3793
2580
1619
1071
540
-198
-744
-763
-303
152
431
738
1071
1302
1585
1848
1769
1162
328
-176
-555
-1090
-1786
-2257
-2295
-2454
-2590
-3068
-3952
-4970
-5808
-5789
-5514
-4773
-3804
-3111
-2616
-3001
-3423
-3702
-3707
-3332
-3078
-2491
-258
3070
3943
1666
-2040
-3262
-1125
1225
2911
2788
1728
1994
3163
4111
3802
3405
4208
4484
3267
2527
3235
3389
1926
454
839
1793
1012
-337
-1058
-1420
-1634
-1539
-460
294
-143
-812
-998
-637
-853
-1403
-1531
-1429
-1363
-1697
-1845
-1925
-2408
-3036
-3211
-2268
-753
386
845
844
705
504
343
283
348
-184
-1186
-1640
-1372
-793
-859
-1109
-481
585
1556
1925
2048
2601
3109
3575
3992
4379
4658
4244
3404
2886
2727
2691
2441
1930
1459
794
108
-159
19
622
1322
1856
2317
2480
2332
2230
2054
1600
568
-805
-1775
-2393
-2684
-2685
-2767
-3052
-3581
-3746
-3423
-3180
-3128
-3264
-3417
-3652
-3781
-3310
-2219
-1455
-1156
-1189
-1789
-2319
-3392
-4266
-4728
-5276
-5045
-4564
-3928
-2345
257
2314
1882
-480
-1326
945
3803
5207
4664
2918
1955
2415
3832
4502
3865
3682
3780
2817
1419
1374
2326
2017
647
252
1060
1191
103
-753
-1152
-1701
-2393
-2653
-2538
-2962
-3541
-3474
-2587
-1571
-1111
-915
-1005
-1283
-1431
-1005
-148
-105
-947
-1683
-1710
-1211
-1057
-1010
-702
-597
-742
-818
-433
175
268
86
406
1116
1697
1653
1342
1636
2352
2973
3262
3112
2790
2314
1919
2100
2190
1919
1393
969
1228
1527
1687
1755
1705
2006
2541
3157
3654
3841
3684
3227
2523
1766
1303
1075
1142
1121
656
-177
-1287
-2136
-2683
-2832
-2662
-2622
-2574
-2420
-1904
-1278
-915
-782
-933
-1369
-2259
-3216
-3579
-3405
-3107
-3130
-3444
-3816
-4048
-3888
-3207
-2151
-1635
-1839
-2363
-2911
-2933
-2664
-935
1384
1474
-407
-2389
-1449
1109
1958
1622
612
123
1037
2668
3776
3227
2544
3239
3866
3087
2729
3798
3884
2004
117
41
264
-743
-1236
-797
-634
-1317
-2034
-1740
-1322
-1145
-907
-640
-243
-58
-68
-260
-625
-746
-721
-819
-1172
-1648
-1954
-1997
-1857
-1393
-601
4
214
89
185
665
1240
2034
2694
2930
2704
2136
1843
1882
2107
2507
2615
2361
1973
1728
1717
1562
973
278
-7
130
264
212
399
1017
1818
2333
2307
1834
1135
788
1093
1573
1786
1637
1402
1278
1148
934
624
252
-240
-751
-1169
-1328
-1347
-1514
-1895
-2341
-2465
-2099
-1353
-655
-546
-1062
-1694
-1870
-1654
-1341
-1220
-1532
-1914
-2201
-2157
-2032
-2401
-3197
-3985
-4395
-4442
-4572
-4609
-4500
-4102
-3639
-2961
-1143
376
418
-596
-716
1534
3900
4557
4105
2964
2170
2105
2494
2790
2285
2002
2379
1910
665
289
1086
1322
361
-279
286
731
534
897
1779
2212
1833
1479
1848
2268
2119
1331
52
-1038
-1552
-1675
-1900
-2263
-2257
-1933
-1903
-2363
-2806
-2850
-2590
-2116
-1292
-424
-74
-355
-673
-377
254
779
1085
1109
969
653
493
1012
1563
1773
1667
1442
1438
1422
1498
1854
2064
1839
1128
330
128
288
778
1473
1913
2093
2008
2028
2295
2185
1544
678
-210
-759
-878
-682
-431
-614
-1048
-1268
-1346
-1276
-1135
-968
-670
-448
-100
441
914
1262
1282
1030
533
-327
-1214
-1880
-2383
-2906
-3577
-4123
-4270
-4058
-3601
-3227
-3090
-3302
-3749
-3891
-3644
-3225
-2817
-2660
-2191
-1600
-845
-437
-408
75
-107
-1023
-1560
-381
2298
3407
2673
2090
2082
3005
3979
4441
3820
2551
2654
3841
3889
3040
3158
3796
3079
1380
820
1402
1155
174
34
113
-412
-1219
-1434
-992
-678
-391
-171
-423
-1003
-1601
-2070
-2336
-2107
-1554
-1427
-1922
-2624
-2957
-2973
-2886
-2531
-2090
-1647
-1261
-899
-425
-28
292
570
714
755
910
1257
1705
1948
1805
1895
2290
2669
2787
2700
2875
3138
3031
2788
2797
2729
2361
1791
1564
2060
2377
2325
2025
1440
1050
800
740
652
471
452
483
477
423
535
637
473
-66
-926
-1644
-2077
-2257
-2208
-2041
-1739
-1549
-1607
-1716
-1763
-1718
-1694
-1616
-1559
-1484
-1338
-1300
-1284
-1415
-1654
-1962
-2268
-2353
-2493
-2736
-3120
-3486
-3606
-3693
-3665
-3368
-2823
-1751
-1032
-735
66
863
1102
612
743
2516
3620
3027
2373
2483
3234
3646
3671
3535
3036
2912
3483
3033
1365
762
1652
2132
1219
473
1125
1459
955
1025
1503
1305
245
-564
-733
-984
-1372
-1557
-1804
-2255
-2487
-2615
-2888
-2949
-2683
-2282
-2220
-2371
-2227
-1989
-1727
-1424
-1290
-1142
-739
-71
549
674
702
1020
1198
1076
1042
1403
2005
2281
2319
2635
3087
3182
2655
1913
1585
1564
1485
1323
1095
1030
1109
1519
2042
2076
1721
1265
1209
1285
997
658
362
338
517
492
129
-548
-1058
-1253
-1468
-2012
-2538
-2517
-2068
-1674
-1693
-1784
-1565
-1172
-853
-780
-760
-811
-1023
-1169
-971
-429
-63
-166
-580
-1041
-1340
-1547
-1722
-1871
-1983
-2083
-2164
-2140
-2103
-1827
-1502
-1214
-981
-1185
-1243
-823
-464
152
886
1124
562
-470
-203
1266
1662
876
364
519
1053
1556
2131
2418
2047
2302
3371
3146
1933
1725
2435
2282
835
467
1635
1749
481
-414
-631
-945
-1513
-1724
-1700
-2089
-2411
-2103
-1859
-1776
-1476
-1267
-1413
-1882
-2123
-1854
-1680
-1531
-1331
-1172
-725
-212
150
369
430
359
78
-65
303
750
756
617
945
1566
1981
2001
2029
2270
2425
2472
2476
2513
2531
2432
2375
2438
2518
2361
2009
1480
986
926
851
629
208
-347
-568
-716
-777
-717
-894
-1106
-1138
-1039
-911
-794
-555
-102
226
360
419
206
-89
-154
-56
-81
-434
-773
-834
-873
-954
-955
-835
-698
-528
-312
-177
-258
-510
-634
-560
-455
-363
-460
-612
-702
-865
-1047
-1240
-1405
-1472
-1750
-1992
-1981
-1805
-694
570
523
-941
-2298
-1461
302
575
12
-247
123
861
1711
2356
2102
1499
1898
2248
1084
358
1467
2610
1861
474
882
1731
944
-144
-346
-523
-1334
-1813
-1303
-678
-605
-613
-659
-982
-955
-659
-868
-1564
-1984
-1722
-1448
-1454
-1302
-1208
-1362
-1426
-1112
-761
-650
-705
-770
-823
-776
-349
110
179
349
923
1627
2029
2046
2164
2372
2398
2327
2315
2381
2482
2444
2221
1961
1772
1667
1409
875
375
28
-99
-103
-2
169
169
28
-73
-131
-180
-96
197
511
349
-123
-225
122
502
481
78
-304
-540
-539
-393
-333
-336
-352
-404
-498
-632
-635
-389
-79
134
76
-194
-395
-523
-603
-683
-849
-1091
-1353
-1453
-1281
-1130
-1313
-1619
-1916
-2162
-2337
-2469
-2363
-2226
-2090
-1817
-1568
-929
-125
-66
-727
-982
261
1842
1815
800
369
671
1306
1697
1485
790
350
1231
2172
1461
709
1276
1872
1203
364
1044
1994
1636
1239
1799
2215
1869
1516
1529
1162
191
-554
-985
-1518
-1667
-1455
-1622
-2270
-2771
-2761
-2775
-2918
-2780
-2658
-2935
-3158
-2782
-2044
-1326
-677
-206
-137
-291
36
835
1391
1622
1764
1872
1792
1546
1587
1905
2046
1908
1669
1481
1468
1538
1596
1570
1501
1638
1834
1853
1823
1842
1776
1491
1248
1101
754
173
-266
-291
-237
-368
-618
-815
-904
-837
-711
-787
-890
-693
-188
253
325
282
259
270
329
390
398
230
-121
-565
-923
-1053
-1069
-1274
-1718
-2125
-2341
-2365
-2207
-1799
-1256
-830
-598
-521
-568
-677
-704
-616
-535
-389
-279
-322
-624
-960
-1065
-1016
-833
-897
-1354
-1876
-1715
-807
-150
-181
-210
276
1050
1772
2287
2356
2149
2194
2530
2275
1602
1612
2151
2146
1471
1201
1473
1432
1119
1187
1220
608
-118
-375
-392
-591
-879
-1052
-1329
-1443
-1205
-1234
-1799
-2258
-2094
-1769
-1766
-1776
-1591
-1644
-1823
-1556
-966
-683
-773
-625
-172
53
133
411
775
918
915
1145
1518
1714
1831
2089
2411
2580
2554
2528
2533
2486
2406
2253
2094
1962
1735
1296
714
316
233
170
-42
-260
-418
-501
-669
-773
-701
-636
-588
-665
-790
-782
-674
-507
-419
-486
-576
-639
-751
-964
-1256
-1420
-1254
-986
-823
-857
-938
-865
-735
-592
-429
-310
-324
-409
-401
-138
310
719
903
772
419
63
-115
-21
184
325
305
131
-100
-372
-649
-877
-1099
-1318
-1489
-1550
-1471
-1396
-1176
-743
-489
-582
-663
-128
860
1466
1430
1229
1206
1391
1687
1845
1644
1192
994
993
728
342
254
242
-157
-678
-610
-79
241
333
517
628
468
312
369
460
345
61
-312
-705
-884
-833
-1049
-1609
-2060
-2208
-2282
-2258
-1828
-1115
-687
-616
-423
-52
224
415
767
1233
1494
1601
1735
1815
1820
1771
1734
1495
1027
700
629
667
739
824
828
659
426
359
500
647
656
530
315
181
163
168
112
-4
-133
-207
-239
-234
-285
-541
-832
-1087
-1259
-1334
-1355
-1284
-1287
-1455
-1582
-1557
-1385
-1168
-1031
-948
-872
-756
-379
241
882
1258
1237
1082
943
822
715
585
442
338
161
-58
-176
-87
149
270
160
-155
-425
-530
-480
-301
-127
-22
-48
-117
-146
-243
-549
-945
-1267
-1375
-1052
-736
-841
-1235
-1259
-570
31
167
359
782
1116
1414
1678
1662
1245
970
1303
1305
797
760
1166
955
86
-284
44
36
-367
-285
-6
-166
-224
222
537
320
147
275
44
-437
-433
-237
-572
-1022
-909
-638
-810
-914
-606
-463
-662
-597
-190
-3
48
280
411
173
128
578
867
710
669
887
809
485
482
695
638
432
485
616
618
753
982
934
671
597
654
456
153
98
3
-391
-666
-633
-683
-1022
-1283
-1232
-1171
-1262
-1359
-1433
-1531
-1576
-1438
-1244
-1103
-987
-977
-1170
-1411
-1416
-1291
-1248
-1193
-1045
-907
-805
-630
-359
-129
64
323
582
639
562
535
517
510
542
614
685
807
1083
1306
1254
1132
1150
1252
1248
1168
1168
1111
981
937
1040
1143
1143
1054
824
441
167
142
238
331
423
502
426
247
182
232
229
181
186
142
-106
-475
-692
-658
-560
-532
-608
-682
-681
-502
-289
-309
-449
-540
-455
-338
-332
-410
-462
-379
-119
54
-101
-298
-299
-122
-78
-149
-32
183
334
433
503
582
636
670
653
545
447
499
633
665
581
417
201
-47
-276
-453
-593
-743
-846
-861
-772
-748
-936
-1158
-1086
-756
-569
-711
-854
-707
-448
-198
-134
-243
-248
18
285
70
-276
-109
315
342
85
131
342
276
131
225
250
4
-128
13
134
140
196
147
-81
-98
186
370
315
353
476
363
149
213
429
453
439
482
365
80
-11
120
32
-218
-270
-179
-178
-215
-51
149
157
198
316
358
338
440
638
626
421
276
235
258
339
423
363
154
52
127
169
85
-54
-215
-359
-468
-518
-497
-425
-408
-526
-728
-854
-856
-949
-1079
-1120
-1046
-968
-931
-825
-696
-547
-296
42
319
459
539
627
688
777
897
962
942
910
949
967
903
791
725
726
760
783
743
634
535
472
407
330
259
158
23
-52
-36
-67
-257
-481
-626
-714
-756
-689
-597
-517
-456
-373
-295
-330
-387
-369
-366
-500
-722
-869
-924
-973
-1026
-1049
-1051
-1064
-1110
-1116
-1035
-989
-963
-845
-564
-188
82
249
434
612
730
816
917
995
922
763
685
758
923
1020
1038
1008
919
802
680
582
472
298
184
144
157
292
465
537
426
263
221
239
181
20
-113
-216
-287
-319
-311
-281
-264
-159
-33
12
-57
-187
-322
-474
-581
-545
-470
-420
-347
-278
-262
-328
-335
-236
-168
-172
-157
-73
4
96
251
421
486
405
310
282
346
467
551
584
564
512
517
583
723
867
897
905
855
710
484
251
124
49
-85
-272
-438
-536
-603
-678
-733
-726
-678
-685
-742
-724
-593
-437
-359
-379
-475
-582
-655
-659
-620
-675
-858
-1114
-1296
-1314
-1221
-1148
-1172
-1176
-1089
-926
-702
-470
-294
-272
-351
-362
-273
-162
-123
-125
-109
-73
-53
-44
-22
-7
-24
-41
-9
149
428
680
825
914
1005
1064
1071
1026
934
789
613
513
458
370
278
199
174
146
52
-50
-114
-115
-80
-83
-152
-237
-280
-224
-120
-91
-160
-258
-326
-353
-371
-378
-351
-332
-288
-199
-136
-111
-104
-88
-38
9
39
92
166
243
298
368
453
537
626
660
647
637
668
744
846
949
1050
1120
1189
1277
1370
1358
1197
1009
890
850
821
760
664
585
589
614
567
434
272
121
-33
-122
-129
-131
-165
-257
-330
-370
-436
-483
-505
-538
-647
-779
-856
-931
-1007
-1059
-1050
-981
-915
-829
-738
-659
-561
-493
-469
-471
-423
-302
-208
-166
-121
-93
-100
-105
-66
-13
-6
-38
-74
-77
-60
-49
-54
-84
-128
-174
-182
-141
-95
-46
-5
18
66
127
164
199
293
361
312
201
123
126
100
-39
-195
-328
-445
-531
-565
-543
-588
-654
-635
-530
-381
-259
-135
-7
106
194
300
400
448
477
483
443
336
208
157
149
93
29
16
49
66
79
178
330
441
488
522
592
649
701
803
899
953
932
851
774
699
596
504
433
384
335
233
127
56
49
98
192
305
339
311
326
412
481
448
357
254
155
92
108
135
45
-152
-318
-393
-484
-617
-697
-709
-712
-755
-776
-762
-737
-706
-727
-784
-802
-728
-621
-598
-624
-596
-520
-463
-423
-402
-417
-468
-523
-549
-591
-626
-604
-532
-467
-398
-302
-219
-131
-39
79
185
238
276
310
342
382
433
472
503
556
597
594
555
569
627
605
502
422
406
399
330
225
101
-67
-218
-280
-301
-375
-496
-582
-600
-583
-555
-505
-441
-364
-281
-199
-91
29
137
203
188
91
-22
-89
-105
-121
-148
-174
-192
-202
-165
-66
47
93
120
237
438
633
773
881
955
956
847
725
640
568
444
274
127
40
23
33
48
48
8
-32
-1
82
148
163
192
312
427
479
506
493
419
291
153
47
-59
-180
-307
-436
-568
-670
-700
-695
-712
-723
-682
-590
-460
-361
-341
-380
-399
-340
-285
-298
-323
-291
-268
-323
-413
-486
-522
-547
-573
-589
-588
-529
-393
-239
-126
-32
85
170
218
269
331
357
361
374
373
352
313
287
291
284
285
344
414
465
486
487
512
528
544
545
529
502
419
326
262
198
113
-17
-170
-266
-299
-318
-347
-383
-397
-406
-434
-454
-464
-475
-472
-457
-387
-282
-152
-59
7
92
165
220
248
268
256
238
213
203
193
181
238
292
329
379
468
573
644
704
751
750
731
740
736
715
692
666
630
526
359
196
56
-40
-103
-151
-158
-171
-178
-181
-144
-61
3
-6
-66
-103
-131
-206
-296
-362
-443
-561
-692
-788
-881
-999
-1097
-1122
-1097
-1039
-942
-832
-754
-703
-586
-414
-241
-107
-3
98
163
212
229
171
63
-50
-88
-80
-23
40
28
-52
-126
-101
-22
35
57
47
51
141
278
403
462
477
509
532
554
577
592
608
598
574
548
512
483
442
390
336
307
291
272
229
164
87
-1
-61
-101
-132
-150
-158
-157
-143
-138
-159
-207
-259
-284
-291
-280
-270
-239
-184
-160
-150
-156
-174
-178
-185
-190
-206
-208
-142
-55
2
28
63
85
91
92
96
72
6
-43
-79
-104
-115
-121
-126
-143
-150
-130
-107
-116
-158
-192
-190
-170
-151
-135
-110
-68
-50
-97
-184
-255
-304
-366
-415
-433
-454
-499
-522
-500
-487
-519
-543
-509
-424
-348
-279
-216
-172
-159
-140
-61
32
81
129
203
259
263
265
305
336
335
315
298
285
277
285
335
392
409
390
357
351
359
372
364
361
402
435
434
399
346
291
238
211
198
164
116
115
160
147
87
58
74
109
154
206
237
222
168
147
131
63
-9
-57
-70
-61
-49
-47
-71
-119
-149
-134
-124
-149
-182
-188
-160
-108
-7
123
186
172
137
138
148
125
91
70
55
57
101
130
115
39
-50
-108
-166
-227
-296
-321
-303
-272
-235
-219
-211
-206
-207
-201
-180
-167
-195
-234
-222
-196
-179
-134
-66
-6
-9
-45
-44
-22
19
67
94
71
4
-35
1
80
101
44
-43
-115
-144
-136
-115
-113
-113
-102
-100
-95
-65
-24
-13
-40
-51
-21
-5
-11
-27
3
63
91
106
103
119
142
175
229
275
290
274
293
344
380
372
351
326
324
361
385
373
323
249
185
154
163
175
149
95
64
72
112
141
145
108
48
6
-2
37
55
-5
-122
-228
-289
-301
-287
-301
-336
-369
-397
-425
-426
-388
-376
-380
-340
-263
-156
-49
40
91
89
90
127
192
240
235
249
306
373
395
366
341
310
262
215
178
155
108
48
7
15
20
-19
-67
-117
-173
-250
-302
-337
-375
-409
-465
-507
-521
-496
-463
-443
-430
-425
-390
-320
-214
-107
-43
-14
3
17
32
54
51
24
-27
-93
-145
-186
-205
-193
-174
-176
-170
-104
-2
88
138
170
207
230
235
268
338
379
330
235
159
117
89
66
16
-65
-121
-156
-169
-145
-106
-96
-100
-79
-27
26
47
63
110
158
175
153
137
133
112
77
43
13
-1
-22
-18
24
61
79
49
32
49
72
103
128
143
135
95
60
59
56
28
-36
-104
-142
-178
-211
-245
-291
-327
-320
-283
-208
-117
-59
-51
-42
20
117
234
328
380
422
453
483
508
529
519
446
358
291
258
235
216
186
142
84
12
-35
-41
-36
-41
-51
-38
-25
-40
-72
-87
-70
-39
-32
-52
-97
-170
-252
-304
-334
-370
-414
-446
-449
-431
-407
-387
-376
-382
-402
-396
-337
-251
-171
-93
-39
-33
-32
4
84
153
189
210
219
215
220
241
283
321
351
374
373
376
386
400
404
375
338
298
283
308
334
330
266
193
157
162
183
176
153
113
69
57
63
64
21
-70
-152
-194
-200
-200
-205
-221
-252
-267
-279
-293
-291
-283
-302
-341
-365
-368
-376
-390
-397
-413
-436
-453
-451
-428
-398
-393
-379
-358
-339
-302
-242
-171
-96
-38
-25
-41
-29
18
90
191
287
345
378
397
443
506
530
521
496
482
463
442
436
415
374
327
286
250
239
245
243
244
244
225
207
195
189
171
115
45
-16
-60
-93
-139
-199
-267
-326
-372
-399
-396
-384
-376
-380
-384
-387
-405
-417
-387
-305
-220
-163
-133
-126
-115
-111
-106
-86
-67
-57
-45
-18
9
23
22
1
-5
13
59
104
129
125
107
115
150
212
260
269
258
240
238
229
201
166
125
110
125
150
152
117
68
34
4
-25
-51
-72
-98
-112
-114
-105
-95
-100
-106
-124
-153
-172
-178
-190
-214
-231
-237
-248
-278
-307
-322
-327
-313
-293
-264
-231
-205
-161
-94
-27
11
47
93
145
192
213
229
254
280
298
333
383
431
452
454
469
485
486
471
474
500
519
519
505
486
465
437
394
350
321
266
189
104
24
-34
-77
-102
-121
-148
-194
-242
-270
-276
-284
-300
-318
-338
-358
-386
-407
-427
-450
-478
-509
-533
-543
-536
-524
-501
-450
-393
-335
-280
-231
-205
-207
-200
-167
-134
-118
-123
-126
-118
-98
-66
-34
-14
-7
4
56
141
221
272
297
323
362
409
455
477
448
390
339
311
303
301
300
301
303
323
350
376
394
390
367
348
338
326
306
265
201
126
53
-8
-58
-101
-146
-217
-283
-328
-352
-347
-329
-316
-311
-295
-266
-238
-223
-226
-214
-204
-223
-246
-261
-275
-293
-299
-303
-318
-326
-315
-284
-238
-176
-99
-39
2
56
127
192
225
234
232
219
206
211
216
203
167
126
89
64
71
83
79
67
75
97
126
162
202
244
252
240
210
163
87
14
-48
-115
-182
-248
-305
-347
-369
-385
-391
-375
-349
-305
-259
-210
-151
-120
-110
-103
-108
-127
-158
-185
-197
-218
-259
-279
-257
-220
-198
-176
-146
-102
-61
-9
54
106
149
187
220
260
296
316
319
314
309
300
281
261
241
231
249
280
321
351
358
357
350
330
309
289
252
203
156
113
99
86
52
11
-45
-96
-139
-174
-197
-232
-282
-331
-365
-373
-358
-343
-335
-328
-325
-324
-319
-317
-319
-330
-351
-358
-368
-372
-376
-386
-372
-350
-324
-296
-259
-195
-128
-71
-30
7
28
38
59
96
125
137
159
188
214
231
245
274
312
347
370
387
401
404
393
363
333
284
237
200
158
121
75
12
-38
-75
-101
-141
-182
-187
-178
-165
-147
-128
-112
-115
-135
-161
-172
-180
-202
-218
-230
-237
-246
-249
-240
-221
-209
-204
-198
-173
-141
-99
-35
23
67
96
121
165
215
258
284
292
299
300
302
303
285
260
225
205
207
220
243
272
305
338
374
405
420
432
424
391
350
308
260
210
144
73
17
-9
-18
-34
-47
-59
-65
-64
-73
-76
-88
-124
-161
-189
-200
-216
-246
-269
-291
-320
-355
-388
-413
-428
-438
-444
-434
-400
-359
-316
-272
-227
-175
-119
-61
-18
18
50
88
127
158
190
212
228
246
272
301
331
337
330
334
332
332
329
328
312
285
270
261
262
258
252
244
233
229
217
199
165
114
68
33
-1
-27
-57
-95
-116
-122
-121
-122
-122
-120
-129
-146
-154
-149
-140
-140
-138
-116
-85
-56
-35
-13
3
2
-2
-9
-4
10
8
13
22
35
28
9
-5
-5
13
32
54
73
99
108
115
125
117
108
98
105
117
118
107
93
80
66
45
9
-21
-44
-63
-62
-53
-50
-61
-71
-69
-67
-68
-71
-70
-90
-130
-194
-255
-306
-352
-387
-412
-422
-412
-394
-370
-346
-323
-295
-265
-225
-188
-148
-118
-92
-63
-43
-28
-28
-32
-29
-7
32
73
100
134
169
205
241
269
290
313
329
339
356
359
352
335
304
275
250
218
190
166
140
130
125
116
117
121
112
94
72
54
37
9
-46
-96
-132
-159
-174
-196
-215
-240
-257
-261
-263
-265
-263
-251
-232
-206
-183
-154
-130
-107
-74
-47
-22
-18
-32
-37
-39
-39
-47
-63
-82
-96
-102
-91
-66
-30
3
26
60
92
110
137
165
185
192
177
163
130
92
60
42
28
12
2
-6
-8
-19
-28
-14
10
28
39
59
73
79
82
75
50
5
-41
-93
-135
-169
-199
-231
-264
-294
-298
-283
-270
-255
-229
-187
-147
-123
-105
-91
-92
-97
-101
-97
-99
-122
-143
-151
-147
-143
-132
-106
-73
-31
9
61
109
143
174
204
235
256
252
246
250
236
217
195
171
144
116
92
77
70
68
69
75
87
95
103
116
127
116
99
90
85
77
70
58
40
25
20
15
-3
-8
-3
10
25
42
71
99
107
106
105
106
110
97
82
69
51
34
8
-19
-31
-36
-34
-29
-26
-12
5
23
42
53
58
59
45
29
14
-16
-49
-84
-112
-135
-164
-189
-203
-204
-193
-167
-140
-104
-74
-57
-29
-2
17
38
53
58
45
18
-9
-32
-52
-81
-108
-122
-128
-136
-141
-131
-116
-105
-89
-73
-55
-41
-42
-34
-22
-12
-13
-24
-32
-29
-33
-35
-32
-28
-20
1
33
50
66
93
126
155
178
196
213
217
203
193
190
183
166
141
120
113
109
101
97
103
111
123
138
149
162
168
163
145
124
101
68
24
-22
-56
-87
-122
-148
-164
-170
-172
-178
-170
-149
-132
-116
-109
-98
-88
-86
-89
-90
-97
-110
-111
-116
-124
-132
-131
-126
-129
-125
-111
-95
-86
-77
-57
-36
-23
-15
-10
-13
-22
-42
-67
-84
-99
-120
-138
-146
-146
-143
-132
-104
-75
-49
-18
14
39
62
71
75
73
66
61
59
45
23
9
10
21
32
45
56
75
95
111
129
146
158
164
158
147
129
112
101
79
50
24
-1
-20
-38
-50
-52
-48
-44
-37
-19
6
32
56
75
90
98
98
92
77
56
26
0
-19
-33
-41
-41
-36
-28
-24
-12
10
30
54
76
98
108
107
108
107
89
53
10
-30
-60
-87
-112
-129
-139
-142
-141
-125
-97
-71
-52
-35
-14
7
22
32
28
7
-15
-39
-65
-87
-106
-124
-134
-139
-133
-104
-64
-28
7
43
76
106
135
153
158
155
145
128
109
86
57
23
-15
-55
-85
-108
-124
-135
-130
-111
-84
-54
-24
8
37
57
65
66
66
59
41
24
5
-16
-34
-50
-57
-54
-46
-35
-12
14
50
90
129
160
182
202
209
206
192
172
147
115
80
50
28
9
-8
-17
-16
-7
-1
10
30
52
76
96
112
124
128
121
100
74
33
-9
-48
-89
-124
-146
-157
-164
-164
-153
-134
-109
-86
-62
-38
-11
10
23
36
39
30
10
-16
-45
-76
-106
-138
-166
-184
-190
-184
-171
-151
-130
-104
-76
-52
-27
-6
8
15
12
9
4
-8
-26
-46
-62
-76
-88
-89
-83
-66
-44
-17
11
44
78
106
129
145
153
152
146
135
119
101
80
55
26
1
-19
-38
-51
-62
-61
-54
-40
-23
1
28
49
64
74
83
91
89
84
73
59
47
32
22
10
0
-6
-8
-10
-2
14
32
50
70
91
109
119
123
120
111
96
75
56
36
14
-4
-19
-31
-40
-48
-51
-52
-53
-52
-45
-33
-21
-12
0
6
5
0
-9
-21
-39
-60
-79
-96
-112
-128
-134
-133
-135
-136
-131
-124
-113
-97
-80
-63
-42
-25
-11
3
12
14
8
-1
-14
-29
-39
-50
-60
-66
-67
-64
-58
-52
-44
-35
-28
-19
-6
6
19
29
39
51
54
57
53
47
39
28
18
10
4
2
4
11
20
31
44
56
64
70
75
80
80
77
72
65
57
45
31
19
6
-9
-18
-24
-25
-21
-16
-6
8
25
39
57
73
86
94
99
100
94
86
74
59
41
22
7
-10
-25
-37
-39
-35
-30
-19
-4
11
23
34
42
46
45
39
29
19
4
-11
-27
-39
-51
-60
-66
-70
-73
-70
-62
-52
-42
-29
-17
-2
11
18
20
19
13
0
-15
-30
-48
-66
-82
-92
-99
-99
-94
-83
-68
-51
-31
-6
14
33
47
57
62
60
54
43
31
