-82
223
544
195
-431
-522
-151
-53
97
427
300
-31
-208
-427
-336
-21
58
77
-103
-234
-165
-66
294
307
-55
-98
-32
-73
-109
40
147
209
2
-156
-59
-121
-106
74
311
285
-1
-351
-462
-421
-292
-53
42
-93
-217
-373
-479
-54
280
-44
-153
7
-139
-144
141
434
215
-280
-475
-366
-390
-371
-201
25
-184
-537
-515
-317
-53
-73
119
338
90
-24
142
233
231
207
235
81
-225
-19
569
472
282
92
71
-26
-389
34
481
229
289
437
307
34
3
145
-15
-279
173
420
154
455
585
336
48
623
994
594
605
633
153
183
722
311
-608
-768
-144
-126
-492
617
863
-823
-1170
96
199
-843
-480
467
-509
-1229
-170
90
-1046
-1057
-175
-141
-807
-470
655
306
-624
-594
-131
148
280
16
85
730
188
232
991
478
31
-542
-105
697
148
172
128
-262
-529
66
693
350
-58
-686
-649
810
895
430
1501
73
-1121
103
364
2259
2187
391
221
-1184
-1424
-402
95
305
-518
-859
-970
-597
713
122
-264
438
-389
-393
1431
1410
1095
-151
-1111
-358
-759
-699
133
159
-420
-1504
-749
-268
-1353
-733
-387
-482
-583
-1420
-789
-542
-1104
-646
-219
-85
475
187
453
579
-287
-392
-788
-57
2
-548
-145
-279
-1026
-939
-595
-395
-522
-629
-383
-26
23
-272
-278
5
226
150
1137
1967
1661
926
791
1147
790
182
114
520
-207
-1404
-580
257
-637
-1296
-283
7
-980
-555
524
1310
756
619
1680
1020
243
314
952
898
123
165
551
633
100
-61
120
10
-519
-553
352
628
103
257
321
398
-11
-253
709
777
163
112
762
740
-269
-77
799
665
178
200
300
-479
-1146
-1003
-954
-1181
-1361
-1172
-1149
-1570
-2328
-2344
-1858
-1801
-2163
-2612
-1986
-2192
-3009
-2846
-2894
-2839
-3053
-2964
-2599
-2684
-2585
-2351
-2254
-2168
-1635
-501
430
1085
1448
1657
1758
1542
2022
2410
2807
3038
2595
2981
2782
1914
1820
1739
2240
3013
3347
3653
3363
2597
1930
1720
1643
1487
1563
1997
2204
2053
1855
1404
813
498
576
1089
1518
1655
1946
2220
2059
1700
1479
1470
1410
1351
1599
1754
1358
740
242
35
-372
-912
-1546
-2299
-2718
-3482
-3680
-3654
-4666
-4986
-5102
-5974
-6196
-7250
-7885
-7865
-8414
-9040
-8413
-3847
-1571
272
147
-2725
-1245
-846
622
6226
6209
5863
5798
3046
5856
6142
2534
1946
1989
2956
5524
5398
3697
2019
-768
-2643
-1348
-1143
-856
54
-1426
-733
543
-554
-805
-2551
-4383
-2197
-383
575
1599
999
1591
2199
2930
3492
3585
3883
3381
4877
5880
6369
7495
5157
3457
2663
647
856
-186
-638
924
1447
1745
1127
47
-507
-1074
-1060
-610
270
846
1936
2659
1578
165
-1697
-3188
-3341
-3585
-3344
-3438
-3771
-4592
-5346
-7379
-9254
-11858
-12626
-13214
-12206
-13493
-10359
-2545
-474
3526
-1079
-4419
-2191
-3428
2643
9582
8162
9447
4672
3696
7719
4646
659
-2463
-1215
3618
7815
8520
4866
1826
-1688
-3064
-696
-1164
1001
1491
480
3323
3960
2505
93
-4892
-6034
-3409
-254
1704
1177
-4
-92
-42
-942
-1480
-838
-384
962
3803
5943
8339
8262
6182
4950
3673
2953
2742
1897
2936
3714
4076
3424
1428
-144
-1243
-1017
-458
206
1532
3193
4689
5003
3187
1095
-807
-1066
-461
90
0
-658
-1636
-2599
-3085
-4942
-8059
-9810
-10423
-9963
-9936
-10844
-12222
-14242
-15801
-16043
-9638
-4760
-27
297
-4073
-2886
-2280
157
4341
3645
3854
3430
2041
4863
5591
3762
-532
-1593
1386
6345
9257
5721
2643
1510
258
2077
1362
1244
2897
2262
2946
3861
3627
2666
-346
-3132
-2601
367
1843
1142
-543
-1238
1005
1763
800
602
511
1415
3195
3231
4546
5445
5006
5148
4115
3532
3612
2160
1139
431
392
826
230
-681
-1214
-887
251
606
-57
280
1467
2450
2340
1620
637
-363
-1558
-1868
-2244
-2887
-3098
-2901
-2296
-2743
-4226
-5447
-6269
-6179
-5271
-3886
-2626
-2579
-2945
-2092
-1170
-1243
-2006
-2012
-1208
-388
-364
-521
-709
-1537
-1930
-1725
-1266
-1319
-1624
-1621
-1148
-980
-1406
-1706
-1485
-1419
-1531
-1344
-864
79
443
408
660
879
817
458
206
650
1426
1568
1441
976
947
1140
1136
1333
1980
2890
3498
3537
3328
3082
2886
2913
2999
3238
3476
3545
3277
2835
2756
2971
3323
3554
3733
4191
4398
4315
4011
3530
3187
2746
2274
2072
2057
2222
2177
2100
1769
1226
759
24
-561
-1107
-1647
-2207
-2829
-3206
-3753
-4473
-5209
-5725
-5601
-5143
-4764
-4528
-4235
-3786
-3339
-3268
-3473
-3324
-2738
-1912
-1133
-994
-1362
-1546
-1428
-1477
-1599
-1916
-2071
-1683
-1293
-751
-667
-1080
-1269
-1353
-1591
-1812
-1975
-1755
-1695
-1958
-1897
-1401
-633
-216
-27
67
414
1003
1008
798
867
1220
1660
1763
1733
2090
2523
2754
2780
2643
2686
2777
2627
2537
2699
2863
2977
2893
2758
2748
2898
2994
3045
3047
2955
2959
2669
2453
2342
1916
1352
842
556
342
-75
-341
-438
-526
-497
-686
-1147
-2046
-2679
-2911
-2959
-2620
-2267
-1881
-1741
-1790
-1660
-1558
-1715
-1882
-2013
-1967
-1702
-1439
-1149
-790
-631
-963
-1419
-1734
-2003
-2174
-2307
-2290
-1804
-1435
-985
-893
-1067
-820
-463
-135
166
80
93
313
532
762
810
765
426
393
243
150
326
420
648
963
1007
1015
842
510
44
-665
-996
-871
-184
676
1308
1488
1283
885
246
-78
111
568
1046
1230
1160
1135
1200
1246
1125
1077
1337
1695
1948
1810
1916
2130
1918
1561
1396
1596
1944
1971
1702
1500
1314
1047
462
-27
102
306
194
-110
-467
-450
-569
-1142
-1807
-2393
-2546
-2161
-1824
-1618
-1444
-1771
-2169
-2287
-2086
-2164
-2687
-3477
-3701
-2949
-2049
-1391
-1165
-1298
-1000
-574
-481
-403
-721
-940
-705
-45
696
1202
1053
520
462
765
1284
1733
1913
2221
2452
2319
2185
1935
1714
1791
1825
1979
2197
2345
2268
2182
2089
1909
1648
1067
521
226
-22
-197
-268
-63
336
153
-298
-601
-768
-1048
-1484
-2016
-2312
-2449
-2615
-2552
-2161
-1741
-1448
-1762
-2383
-2499
-2202
-1791
-1912
-2275
-2347
-1621
-821
-383
-358
-377
31
503
685
800
939
869
794
634
867
1262
1225
1141
1290
1522
1844
1701
1359
1294
1313
1348
1346
1483
1582
1584
1459
1291
1456
1655
1676
1459
958
666
369
-133
-352
-544
-533
-357
-342
-401
-614
-754
-980
-918
-562
-240
78
256
251
314
278
354
438
737
1247
1474
1852
2046
2027
1955
1733
1501
1393
1241
963
453
134
55
84
85
-351
-670
-1022
-1476
-1674
-1786
-1590
-1306
-1289
-1536
-1912
-2134
-2305
-2484
-2619
-2696
-2564
-2307
-1999
-1633
-1492
-1534
-2013
-2632
-2833
-2876
-2722
-2623
-2857
-2698
-2227
-1535
-559
-404
-1127
-1588
-1336
-812
-193
446
1145
1401
2025
3267
3188
1782
1617
3025
3898
4091
4740
4693
2172
-728
-518
1433
1987
1658
1501
1846
1137
-542
-966
-706
-627
-633
-528
103
22
-156
160
543
1419
1646
814
-366
-631
44
738
1833
2686
2395
998
460
1435
2210
2745
3202
3727
4043
3401
2268
1428
436
-917
-2033
-1846
-1123
-1309
-2028
-2625
-2853
-4323
-5984
-6857
-7952
-8411
-8125
-4294
-717
212
-2192
-7741
-9573
-8044
-3944
2251
4614
2630
-1656
-5722
-4707
-975
1263
1284
1545
2708
5983
8060
4989
1516
-1162
-1538
3422
8572
12184
11995
6134
358
-1747
-1
3415
4408
2479
2009
3482
3222
768
-4087
-8292
-8049
-6011
-1512
3027
2893
-1613
-7342
-9701
-6639
-2147
-353
-618
-798
300
2202
2014
1074
550
-149
1404
4459
7383
8440
6000
3092
2168
2249
2864
3777
4788
5518
5409
4795
4709
3155
1631
2050
2962
3615
2385
553
189
-695
-1323
-1765
-3111
-3605
-3076
-2365
-2296
-3292
-4819
-6349
-6791
-6936
-6391
-7989
-10473
-11796
-8782
-2181
199
-2670
-11314
-16077
-12679
-5071
5069
9813
4732
-5056
-13807
-11937
-426
8314
8740
5543
2319
2634
5012
3082
239
-251
1943
8651
14159
14399
8817
-2087
-8806
-5690
4390
13127
12678
4375
-1996
-3392
-2583
-1380
-1265
-1702
-392
441
1952
2133
-1901
-7035
-9565
-5477
3071
8189
5976
-428
-5305
-4477
406
3894
5517
6708
5196
3666
3367
3787
4218
3079
3743
7817
9496
6691
2379
-214
913
3217
4106
4850
3547
1345
1361
1690
1400
-609
-1963
-72
1356
206
-2544
-5693
-6854
-6070
-4414
-2398
-3417
-7858
-10696
-9798
-7857
-7913
-11101
-13362
-14883
-11829
-3791
-1044
-4454
-13894
-19276
-13101
-1634
9013
11214
2562
-8713
-15116
-10012
4899
15993
13969
5972
-413
-76
6404
8896
7527
6810
7496
10428
12044
10088
5259
-303
-1509
3879
12222
14995
7978
-3730
-8583
-3330
4878
8297
4865
-1672
-6405
-7321
-4313
-1514
-309
-2085
-4688
-3473
-624
-42
-2784
-6390
-6189
-502
5545
6462
4049
25
-1601
1134
5246
9560
8808
4837
3354
3534
4084
4409
3511
4127
5721
5174
3964
2045
-461
-476
1758
4001
2788
-1975
-4822
-4514
-3453
-3241
-5068
-7667
-9387
-10007
-9214
-8542
-10246
-12966
-13834
-13513
-13291
-15324
-14831
-8482
-4159
-3091
-9264
-16725
-14491
-5474
6274
12116
6017
-6111
-14611
-10206
6954
21804
20273
7588
-4263
-4097
7390
15728
16794
13391
8798
6288
6618
9439
11228
8975
5192
4994
9263
11554
6484
-2770
-5392
419
7586
7689
387
-7383
-10514
-7529
-1207
2949
2524
-4049
-11245
-10823
-4254
1714
2260
-1449
-3989
-1237
2535
3416
4535
4167
4997
6745
6692
7961
5629
3314
5652
8255
9527
7236
1778
220
3348
6312
8540
6990
3043
1418
1167
2523
1843
-1421
-2834
-2904
-2650
-3669
-7124
-10035
-10980
-10338
-9042
-9159
-13565
-17481
-18579
-15890
-13706
-12323
-8523
-8900
-11953
-17250
-18261
-10362
-702
5773
4058
-4784
-13438
-14786
-4324
13441
22856
12390
-3554
-10133
-2449
13414
20501
16621
8983
2920
1888
6449
13187
16932
13707
5034
827
3605
7253
7506
3932
3569
5897
3191
-3705
-7086
-5058
-1214
1301
583
-2605
-5951
-9560
-9111
-2804
2263
1459
-3531
-6797
-4618
-223
2239
4459
7052
6090
4890
3847
4576
8225
8677
9617
9950
5602
1429
2343
7657
12914
11683
4655
578
-272
2255
7797
10067
5658
-2991
-7551
-3987
630
138
-4343
-9024
-11229
-11172
-10959
-9840
-11098
-15340
-18056
-17138
-15736
-15048
-10096
-7938
-10901
-17922
-20865
-12829
-2309
4177
1491
-6700
-13208
-13601
-3716
11112
18752
7855
-8125
-9642
2917
18500
22158
13595
4817
2336
4726
11242
18471
19299
13578
5263
2466
7203
10510
10024
7174
5640
5511
2950
-1641
-1765
2054
2691
234
-3361
-6458
-5714
-4221
-2460
-709
-3033
-8250
-10654
-6996
-258
2828
-346
-2263
-1650
-2047
184
2816
5350
6429
4059
3864
5776
5493
4136
4820
7396
8731
5361
2072
4168
5864
5912
5702
4743
2296
-978
-1284
1287
2357
-1760
-7120
-8470
-7138
-6838
-8250
-9595
-12442
-15915
-16599
-14899
-13212
-9509
-8417
-12056
-19192
-22489
-14287
-2718
2988
-2039
-12763
-18098
-13915
-2965
9450
14461
4105
-10610
-11042
3431
19083
20004
8965
1045
2890
9308
14592
18313
17906
11607
4231
3541
10541
15587
13843
8137
5121
4335
2968
1104
2327
6548
5393
-1984
-7553
-7571
-2790
982
130
-3119
-6844
-9653
-8800
-2731
1583
-633
-6876
-8551
-1688
3454
3315
1254
-332
840
2253
3504
5989
6811
3799
2400
5017
7776
7907
5958
6047
6741
5318
4641
4889
4838
3984
2535
1799
1091
-1528
-3935
-3812
-3906
-6327
-8647
-9664
-9521
-11230
-12542
-13297
-12118
-8296
-8958
-12763
-18511
-18163
-9601
-2299
-1712
-8683
-15113
-14444
-8283
246
6318
5521
-4984
-10875
-3115
10521
17487
9328
-745
409
8410
13709
14415
14200
13114
9390
4883
7338
14190
16120
12080
6066
4320
5256
4998
4124
4894
4417
-828
-5800
-5873
-1379
1970
-1108
-6462
-8991
-8159
-5434
-2822
-1169
-2557
-7236
-9076
-5388
830
2937
537
-2026
-2655
-1004
2128
5701
7556
5087
573
73
4143
7422
7701
6111
4085
3239
4523
7818
9324
5839
681
-1280
838
2988
1944
-746
-3069
-6032
-8456
-7731
-6687
-6558
-9084
-11458
-12786
-11684
-7942
-7996
-11328
-16604
-16104
-8855
-3058
-3247
-8797
-12579
-11704
-7919
-1249
5007
4847
-4550
-9607
-2790
8756
13905
7214
909
3695
9441
10741
10065
11823
13011
10599
6512
8287
14639
16055
11331
5607
4523
6261
7219
7527
8634
6563
-520
-4455
-1967
2590
3271
-2478
-7695
-8400
-7075
-5042
-2755
-2323
-4914
-8706
-9022
-4657
-772
-1426
-3382
-4343
-3750
-1499
595
3137
4519
2199
160
1966
6092
9200
8616
5575
3048
2368
4398
8103
8275
3671
-926
-1520
1689
3386
792
-3017
-6055
-7290
-7443
-6542
-6389
-8014
-11302
-12950
-12089
-9565
-5309
-6385
-11640
-16755
-15436
-6081
283
-1473
-8145
-12787
-11203
-6129
192
4643
3980
-3883
-8546
-1083
10176
14541
7318
94
3739
11278
13220
11003
11695
13446
11194
6260
6332
12777
16024
12760
7326
4999
5123
4968
5452
7536
6931
129
-5756
-3710
1818
3877
-749
-6199
-7675
-6997
-5895
-4030
-2315
-4083
-7171
-9113
-7175
-3082
-2674
-2255
-1979
-2895
-2596
-2042
113
2956
2453
309
41
903
3592
6820
6098
3626
1274
1643
6296
8353
5467
1546
-521
315
1825
1024
-677
-2945
-5697
-6364
-6086
-5616
-5854
-8161
-11012
-12053
-12169
-8613
-3427
-5425
-12150
-17654
-14480
-3741
1823
-1787
-9109
-12528
-9649
-2918
3588
6346
3313
-5580
-7137
2960
13070
15045
7741
1848
5019
10514
11509
11624
14397
15184
11216
5581
6704
14390
17264
12600
6509
4369
5807
7859
9124
9991
6077
-3273
-6737
-934
5230
4512
-2811
-7751
-6546
-4841
-5190
-4968
-4289
-5603
-8456
-8904
-5596
-2511
-3996
-5585
-4321
-3764
-3565
-3931
-2452
1040
1504
-498
-1365
-358
1474
3453
3881
3376
2079
1434
3903
5466
4002
2065
900
1053
1248
344
-515
-953
-2698
-4265
-4756
-5376
-6079
-8098
-9592
-10343
-10583
-10447
-7092
-5521
-9409
-14191
-16024
-8755
-233
126
-6004
-12286
-11327
-4981
1296
5310
6017
1397
-5369
-2154
7769
15984
14607
5238
3132
9693
14534
14198
13649
14943
14063
9025
5946
11786
17821
15759
8714
3456
4403
7307
8264
8376
6537
-79
-5568
-2657
2947
3437
-2619
-8473
-8385
-6744
-7225
-6858
-5243
-6102
-10563
-13357
-8680
-3629
-4286
-7172
-7174
-5057
-5624
-5651
-3031
108
-14
-3337
-3275
413
3069
2130
1532
2698
2451
1995
2776
4871
4644
2125
1878
2823
2840
949
-660
-206
479
-1374
-3710
-4157
-4579
-4845
-5998
-7109
-8729
-10584
-10079
-5695
-2350
-6032
-12920
-15868
-9099
-98
866
-4555
-9636
-9187
-4252
1292
5788
6816
1984
-5030
-2325
8871
17175
14687
5472
3576
10199
14811
13868
13466
16074
16009
10281
5955
10767
17817
17037
9942
4254
3902
5561
7322
8830
7369
324
-6538
-4814
1748
3608
-1786
-8446
-10144
-8966
-7956
-6293
-4786
-7056
-12182
-15043
-11141
-4781
-4033
-7523
-10064
-9707
-6753
-3378
-852
-393
-3388
-5869
-3996
408
3771
2996
247
-432
-52
1654
4937
6241
4130
1037
262
2623
4217
2696
1330
719
-620
-2250
-3491
-2221
-1214
-3007
-6049
-8032
-7114
-6021
-6064
-7966
-7012
-4285
-5371
-8594
-11341
-6898
507
1567
-2718
-7427
-6549
-1936
2332
5577
6939
3432
-3292
-777
9826
17040
13584
3503
2442
11206
16085
12970
10465
12829
13781
9177
5082
10411
17043
14373
6963
2550
4166
7438
7841
6967
5229
-436
-5331
-2295
3342
3357
-2719
-8652
-8539
-6709
-6503
-5518
-4889
-7299
-11505
-13024
-8855
-3208
-3720
-8235
-10121
-9244
-6222
-2527
-1925
-3089
-6119
-7765
-3588
996
2834
945
-3411
-4384
-1185
2486
5354
3952
-1400
-2855
319
3930
4991
1814
-1084
-1229
-674
254
127
-1210
-2653
-3972
-4166
-3341
-4013
-5140
-5794
-6902
-7913
-4300
-254
-2889
-9306
-12722
-5597
4295
5079
-2036
-7707
-5377
463
4042
6082
7831
4780
-2174
-410
8848
16678
15154
6157
4029
10052
13561
12344
12459
14409
12588
6132
3799
11637
17259
12716
4934
1396
3748
6443
6901
6662
4047
-3011
-7065
-2719
1926
-129
-6091
-8774
-7421
-8712
-10814
-8184
-4406
-7042
-14308
-17206
-10394
-2336
-4360
-10467
-12083
-8910
-4617
-3216
-3512
-4571
-6994
-6965
-2885
808
1669
-870
-3679
-1941
1159
3228
4741
3802
1119
109
2389
5595
6053
3534
1627
1341
1600
2130
1740
1341
-355
-3076
-3567
-1608
-279
-2073
-5684
-7382
-6840
-2008
2216
-1749
-9165
-12401
-5366
4189
4814
-2301
-7731
-5436
429
3730
5282
7982
6670
-983
-1856
7102
16188
15429
4958
767
7689
13964
13611
11705
12643
12603
6948
3114
9800
16994
13908
5173
34
2165
6180
7123
6403
3676
-2949
-7651
-4290
2103
2083
-5492
-11458
-10378
-7890
-7394
-6863
-6929
-9409
-13648
-15033
-10020
-4858
-5804
-11054
-13603
-11523
-7557
-4929
-4186
-4824
-7827
-8336
-4665
171
2544
-78
-3523
-3795
-830
3204
5261
3964
1308
155
2220
6239
7435
5243
2972
2030
2760
3953
4109
2883
287
-1962
-1618
-195
580
-816
-3690
-5810
-5688
-4513
-1143
2726
-1269
-8552
-12017
-6235
4291
6274
193
-6196
-7171
-2761
2879
7934
10534
6942
-3778
-5587
6982
18678
17442
4238
-2080
6359
15217
14348
10031
11093
12340
7487
2242
7741
17108
14735
4249
-2248
630
5727
6475
4115
871
-4371
-8729
-5846
615
661
-6487
-12875
-11880
-8826
-8737
-8554
-7596
-9571
-14296
-16065
-10661
-3393
-3380
-10043
-13438
-10553
-5726
-2365
-2346
-3408
-5368
-6930
-4134
1599
5384
3724
-1521
-3529
931
6827
9547
7467
2482
1180
4789
8833
9832
6814
3303
2253
3690
5763
5819
3594
1179
-549
-642
358
682
-197
-2094
-5048
-7002
-6396
-1358
3090
-1556
-9350
-13157
-7400
2931
5299
-220
-6636
-8405
-4702
960
6068
8296
3512
-6363
-6683
5021
15356
13705
1584
-3310
4822
12168
11224
8306
9530
9637
3729
-320
6812
15738
12818
2484
-3775
-580
5427
7234
5780
1965
-4897
-9532
-5587
1965
2592
-5247
-12247
-11460
-8563
-7846
-7191
-6666
-9474
-15369
-17249
-11059
-3987
-3891
-10281
-14932
-13173
-7989
-2915
-213
-2493
-7594
-10394
-6605
2055
6655
4252
-1241
-4471
-995
7052
12312
11307
4857
-736
2511
10588
14625
11368
4200
960
4042
8533
9863
7564
3306
753
587
2121
4495
4128
687
-3047
-5465
-4784
-2652
-810
1559
-844
-7782
-12889
-9948
728
6550
1475
-8453
-12607
-7313
1359
6562
6336
2055
-5647
-7863
2604
14415
15710
4300
-5364
-131
10626
13766
10130
7836
7559
4812
1392
5727
14880
13780
3386
-3856
-1424
5496
7724
4955
332
-5199
-8588
-4922
1496
1180
-6563
-13113
-11234
-6749
-7059
-8241
-7312
-8067
-12510
-15526
-11298
-4299
-3483
-8739
-12054
-10681
-6769
-3104
-954
-687
-3508
-5772
-2895
3243
6550
5223
2185
1847
4119
6631
9792
11558
9014
4768
4057
8312
12323
11600
7341
4148
3956
5797
6893
6282
4392
1447
42
727
1348
449
-1281
-2510
-4235
-6049
-6197
-5575
-4039
-1244
-3463
-9696
-13356
-9627
-629
2443
-2378
-8519
-10200
-6190
-793
2838
4959
3024
-5584
-9000
1481
13993
14442
1265
-7287
967
12451
12799
6026
3873
6964
6148
857
2853
11387
11382
2349
-4543
-2181
4091
5214
2130
-1592
-6233
-9502
-6986
-849
554
-5598
-12508
-11995
-7451
-6379
-6960
-6948
-8320
-11720
-13093
-8465
-2389
-2287
-7526
-9479
-6386
-2777
-1269
-1299
473
1206
-521
-137
2787
5902
7484
6780
6264
6458
6223
7885
11503
11958
8633
5501
6901
11108
12106
9403
6720
5718
5868
6056
5796
5085
2962
117
-820
-651
-457
-933
-1887
-3282
-5933
-7288
-6167
-4973
-5574
-4576
-4344
-7737
-11276
-11010
-3483
2434
-62
-6514
-10432
-7087
-862
2757
4085
2783
-4071
-9522
-1736
11204
14424
3204
-7986
-2472
9877
12381
6013
2924
6037
5514
-601
-162
9066
11312
1893
-6487
-4541
2612
4086
588
-2482
-5382
-8149
-6837
-1575
83
-5709
-11931
-10263
-4977
-4953
-7189
-5966
-4229
-7379
-11414
-8041
-221
1023
-5253
-9372
-4864
2123
2256
-997
-1521
994
2967
3083
5120
6800
5774
4365
5198
8085
9481
7969
6095
7395
9068
9365
9017
7982
7235
6316
6607
7909
6993
4331
2424
2103
2581
2347
309
-821
-987
-1647
-2472
-3969
-4571
-4640
-5034
-6246
-8118
-9147
-5721
-289
-3216
-11489
-15534
-8799
2611
3491
-4302
-10314
-8757
-3276
-556
827
3191
1528
-7607
-9575
2202
13835
11783
-3268
-9308
1741
11997
9931
2717
1748
4228
1154
-3010
3456
12107
7435
-4598
-8966
-754
7330
4655
-1794
-4738
-5279
-4506
-1310
2256
1113
-5166
-9155
-5606
-1146
-386
-950
-1766
-4275
-7690
-6268
1440
5918
763
-7144
-7588
-288
6111
6432
1517
-1487
-1145
1130
5599
8196
7759
3295
-840
1596
7427
10520
8585
3919
837
3447
7813
8713
6598
2804
1360
2127
3846
5434
4358
1912
-401
-1764
-862
1621
1638
-1344
-4455
-5709
-3540
-1327
-1463
-4740
-8267
-7636
-5234
-4766
-4534
-1986
-3345
-8555
-12772
-9954
171
4150
-1367
-9567
-12180
-6204
590
2855
1859
-1899
-9075
-9511
1027
10019
8000
-4976
-11076
-1762
8198
8014
1525
-479
1861
476
-3105
1467
9767
7079
-2693
-7196
-831
7358
6592
1280
-2396
-3361
-1675
2277
5211
3223
-2329
-5058
-760
3199
2184
372
101
-28
-2194
-2461
1929
4793
1916
-2717
-3167
196
2894
2312
2234
2053
-366
-1060
1588
6374
6553
2453
-122
717
3897
5886
5780
3896
1771
333
2165
6921
7503
3478
-762
481
4542
5345
3115
-64
-1565
-485
1178
906
-596
-2618
-4046
-2637
-1617
-2242
-3606
-4463
-4226
-5538
-6218
-5309
-4836
-6754
-6591
-3413
-4914
-8720
-11466
-7427
113
280
-5061
-9382
-8022
-3875
-2001
-1300
704
-521
-8077
-8032
2256
9697
5486
-6874
-7644
4213
10102
4728
-926
1985
6581
3472
-994
4847
11694
7104
-618
-833
7004
10757
5966
2150
2683
2896
1959
3280
5685
4644
-242
-2610
1557
4451
2453
268
197
90
-1960
-2089
1866
3492
-1275
-5992
-4665
221
1604
-1542
-3606
-2213
-1317
-2122
-1771
-361
573
-873
-2578
-1420
615
1543
989
135
49
442
1711
3390
3184
616
-625
1047
3654
4070
1096
-1097
-349
1610
2269
611
-1200
-1241
-862
-1076
-1607
-2535
-2544
-2926
-4886
-5681
-4528
-2846
-4003
-7192
-8837
-6101
-53
-763
-7231
-12708
-9483
857
3492
-2173
-8233
-8088
-2941
180
1075
2791
3517
-2445
-6242
1128
11202
12555
896
-5981
2485
11757
10592
3778
3240
7815
6883
1412
3959
12427
11647
2550
-2778
3235
10810
8547
2487
410
1371
1823
1978
3467
3417
-730
-4421
-2325
781
44
-2020
-2569
-2355
-4361
-5798
-2332
1663
-444
-6073
-7547
-3316
303
-1192
-3873
-3516
-3155
-2973
-1597
144
1265
-1045
-3045
-1129
1987
3260
1292
-707
-115
1406
1787
2140
1845
278
-120
680
2184
2270
460
-34
296
530
408
-364
-42
55
-1433
-2512
-1598
-502
-739
-2611
-3792
-2417
-916
-746
-2550
-4548
-3898
-2651
-2553
-4160
-1780
1011
-1346
-5729
-8086
-1159
5808
3849
-2704
-6781
-4255
704
3315
4123
4354
-770
-7888
-2880
9142
14694
4778
-8966
-5190
8666
12713
4404
-1938
1682
5757
1601
-1237
6530
10910
3736
-5253
-3769
6999
10581
4471
-907
-1231
331
2115
4467
5432
2024
-4128
-4698
1379
4612
2527
-1536
-3365
-3240
-3352
-1149
2503
1218
-4829
-8426
-5035
720
927
-4433
-7699
-6295
-4197
-3141
-3007
-1998
-1841
-4785
-6062
-3657
155
1558
-976
-3873
-4106
-1495
2001
3497
1710
-1262
-2488
-301
4351
6048
3231
-36
-446
3178
6299
5604
2850
1015
1763
3440
3981
4222
4564
3346
1411
638
2233
4538
3392
-292
-3123
-2270
-375
-827
-3347
-4617
-256
-365
-5749
-11129
-9258
548
2217
-4921
-11442
-10293
-3821
-1114
-2443
-2787
-1846
-6513
-9449
-2137
6423
7530
-3657
-9558
20
9542
8206
1189
434
5378
6094
1634
3819
11852
11191
3486
-1099
5031
13196
11189
4946
2645
4078
5625
6364
6503
4973
1208
-2032
-13
2790
2103
-353
-3083
-4205
-4863
-4630
-2260
-2090
-6669
-10465
-9319
-5524
-4453
-7635
-9814
-8707
-7924
-7947
-7122
-5321
-4525
-5812
-6186
-3614
-1533
-1202
-872
375
2001
2655
2773
3872
4962
5034
4841
5971
7935
8374
6869
6823
8353
8694
7997
7047
7313
7869
6993
5147
3775
4222
4966
3629
1032
-275
255
771
-811
-3823
-4774
-3825
-3508
-6031
-8339
-8401
-7701
-9312
-8651
-5016
-6448
-11218
-15254
-10195
-1473
-1368
-7460
-11912
-9371
-3717
-796
67
1662
247
-6278
-4203
6173
13309
8511
-3716
-2886
8659
14038
9316
4134
6539
9918
7059
4275
10447
14781
8569
1059
1445
9598
11653
5077
403
525
1272
1148
1513
2070
-86
-5072
-6755
-2963
-1399
-3536
-6584
-7741
-7303
-7916
-7172
-4381
-4623
-8530
-10342
-7513
-3291
-2910
-6177
-7030
-5033
-3254
-2034
-1417
-833
-800
-1253
501
3408
3336
2217
2328
4055
6055
6187
6410
6958
6372
5409
5223
6629
8059
6833
3750
2747
3967
5756
5822
2889
129
-720
903
2642
838
-2608
-4330
-3421
-1397
-1059
-3005
-4635
-5459
-5366
-4069
-3514
-3609
-4506
-5622
-5759
-4940
-4395
-3758
-4453
-3133
-929
-2973
-5341
-5702
-332
4573
2464
-1872
-3249
-111
3201
3979
3995
4513
2577
-2800
-812
7389
12518
7211
-3737
-2852
7235
11426
6070
449
1900
4665
2338
180
4992
7721
1669
-5176
-4199
4086
6351
274
-4737
-4587
-1976
-204
261
-838
-3542
-5849
-4805
-1036
-783
-2652
-3829
-4079
-3658
-3810
-1968
845
-645
-4744
-5830
-2475
1180
408
-2688
-3246
-1850
-1385
-772
185
478
-717
-2639
-1616
1174
2064
847
-69
-409
-532
103
1661
3628
2322
-950
-1659
1192
4393
3771
391
-953
1113
3266
3196
2073
1179
1606
1775
1247
1093
1572
2422
1930
412
247
1505
2238
1038
-513
-229
1427
1365
-130
-845
-240
775
-164
-1514
-2075
-1877
-1852
688
2159
-900
-5110
-7021
-967
4999
3043
-2943
-6776
-4582
-393
1100
1231
973
-3047
-7855
-3493
5123
8010
-93
-9327
-5293
3822
5413
570
-2052
407
939
-1959
-522
6306
6674
-834
-5613
-1664
5824
5083
-684
-2781
-1710
-1155
-1305
181
2014
-121
-4901
-5308
-817
1590
48
-3343
-4236
-2802
-2119
-911
68
-867
-2715
-3597
-2480
-434
386
-181
-1082
-2396
-2586
-108
2197
1953
-881
-2556
-7
2999
2826
1814
1566
1452
1203
1388
3960
5841
4177
2072
1926
3914
5772
5259
4045
3789
3407
3136
4071
5228
4957
2427
838
2559
4594
4275
2114
313
946
2313
2000
596
-456
-478
85
-316
-1010
-944
-848
-1333
-2491
-2915
-1741
-1527
-2902
-4346
-4377
-3510
-2930
-2192
-2833
-4821
-7009
-6068
-2061
-489
-2848
-6477
-7305
-5102
-2989
-1799
-745
-1276
-5229
-7140
-2399
4272
4637
-2961
-7000
-1359
5481
5150
-98
-1777
886
1868
157
1325
4687
4242
439
-1771
1199
4819
4009
1669
628
615
751
1602
3495
3757
876
-1858
-486
2894
4136
2486
7
-959
-415
934
2407
2082
-204
-1607
-827
1093
1783
783
130
-60
-697
-855
568
2085
1522
-657
-1237
696
2221
1541
667
716
2229
1868
159
1081
2440
3131
1527
108
1515
2390
1532
828
1303
2204
1981
-209
-872
1420
2389
1283
-1319
-2094
-165
707
-87
-1364
-2269
-2077
-1694
-1921
-1709
-1499
-2437
-3312
-3683
-2553
-1314
-2506
-4355
-4924
-3708
-1943
-2300
-3912
-4939
-4907
-4466
-3450
-2185
-2600
-4308
-6459
-5411
-1540
-68
-1459
-3754
-4057
-2246
-901
207
1314
298
-2700
-3175
699
5044
4366
-826
-2457
971
4020
3830
1869
1688
2262
1450
1548
4365
6167
4315
1296
1217
4417
5618
3943
3067
3171
3119
2324
2666
4844
4946
2110
38
1082
3205
3512
1823
474
428
116
20
793
1072
312
-1304
-1949
-954
-227
-240
-727
-1697
-2683
-2632
-1362
-387
-1378
-3565
-3836
-2047
-755
-1364
-2686
-2787
-1963
-1638
-1418
-630
-1143
-2773
-3460
-2158
189
392
-810
-1273
-1232
-512
592
1642
1905
260
-1730
-860
2222
3536
1436
-1618
-1495
1150
2419
1880
692
53
141
401
1146
2107
1917
408
-757
-241
1564
2115
688
-549
-456
407
776
330
49
-281
-1044
-1405
-506
1645
1939
-238
-2274
-1358
1674
2548
923
-1105
-1685
-769
219
1279
1664
293
-1806
-1585
1349
3326
2119
-887
-1387
742
1688
1134
785
1432
1444
-129
-791
953
2572
1538
-386
-789
399
875
152
-122
-310
-859
-1347
-1083
-173
-670
-1942
-2317
-1656
-1088
-1436
-1536
-1123
-1289
-2264
-2515
-1610
-1356
-2293
-3497
-3561
-2443
-1778
-1838
-2376
-3012
-3024
-2119
-924
-815
-1912
-2728
-1933
-808
-919
-1488
-1294
-660
-645
-991
-261
1292
1999
1163
299
899
2089
2483
1995
1713
2313
2951
3041
3189
3753
3811
2956
2096
2319
3692
4053
2457
942
1556
3864
5200
4028
2336
2341
3561
3930
2890
1576
1003
830
782
1038
1343
1159
539
203
600
839
170
-630
-773
-702
-1145
-2023
-2481
-2725
-2945
-3031
-3351
-3578
-4081
-4210
-3723
-3503
-3629
-4254
-4707
-4822
-4546
-3597
-2808
-3242
-4964
-4852
-2602
-924
-1840
-4162
-3613
-967
-17
-1448
-2454
-1084
231
-418
-1371
-101
1800
1680
505
529
2179
2869
1831
1186
1625
2284
2279
1987
1933
1749
1491
1632
2149
1789
893
645
1031
1278
655
94
202
-6
-427
-360
145
2
-1051
-1334
-161
574
-415
-1526
-1111
-22
0
-984
-622
775
963
267
239
1481
2492
1903
1040
1488
2456
2494
1937
1881
2439
2749
2353
2392
2904
3108
2620
1909
1616
1978
2296
1950
1292
772
987
1671
1563
751
297
447
750
422
-266
-377
-194
-544
-1095
-1167
-683
-529
-1343
-2019
-1974
-1704
-1737
-2076
-2086
-1985
-1980
-2049
-1786
-1224
-812
-747
-1063
-1028
-483
257
685
285
-311
-388
162
911
1150
801
309
28
233
812
1157
769
-142
-785
-736
-142
183
-161
-709
-1117
-1091
-455
182
376
-94
-727
-612
173
823
599
-154
-640
-192
685
1173
1149
756
788
1367
1857
1909
1524
1399
1652
1689
1386
1334
1982
2496
2042
1029
885
1967
2673
1953
519
-71
516
883
241
-840
-1437
-1334
-1344
-1756
-2109
-2370
-2587
-2921
-3323
-3500
-3573
-3783
-4006
-4006
-3783
-3660
-3925
-4404
-4504
-4344
-4215
-4284
-4420
-4155
-3756
-3409
-3062
-2630
-2168
-1766
-1353
-727
93
605
814
1074
1485
1821
2131
2438
2716
2930
2995
3291
3779
4019
3726
3480
3769
4222
4355
4013
3853
4093
4136
3735
3184
2883
2768
2493
1939
1351
875
755
770
646
149
-720
-1138
-870
-695
-1341
-2186
-2171
-1714
-1576
-1984
-2223
-1850
-1593
-1829
-2224
-2017
-1542
-1450
-1603
-1560
-1021
-557
-276
51
596
1250
1552
1500
1446
1839
2403
2537
2218
2075
2361
2554
2280
2188
2580
2777
2292
1652
1869
2443
2171
1207
613
882
1087
530
-430
-976
-992
-1103
-1341
-1643
-1754
-1771
-1876
-1936
-2062
-2352
-3011
-3384
-3253
-3079
-3254
-3602
-3446
-3215
-3124
-3234
-3276
-2900
-2482
-2204
-2173
-2069
-1552
-879
-470
-574
-645
-160
932
1744
1596
1147
1087
1646
2222
2387
2434
2506
2619
2656
2567
2445
2331
2137
1694
1214
1180
1628
2073
1835
1064
607
894
1515
1531
823
69
-235
-42
208
227
7
-489
-904
-994
-838
-721
-786
-1100
-1486
-1691
-1698
-1422
-1189
-1317
-1590
-1641
-1281
-859
-826
-1087
-1232
-1123
-912
-835
-875
-785
-685
-650
-517
-115
394
558
438
354
458
721
912
766
318
66
281
742
990
881
721
626
688
749
632
388
153
68
99
325
583
551
44
-435
-438
-292
-422
-952
-1224
-833
-394
-583
-988
-883
-537
-581
-1093
-1263
-907
-1016
-1760
-2381
-1939
-1121
-1166
-1723
-1751
-960
-479
-686
-836
-423
105
-87
-277
392
1311
1274
458
432
1383
2120
1669
864
1023
1708
1909
1487
1306
1651
1875
1784
1796
2276
2572
2115
1336
1008
1402
1757
1396
749
492
790
1108
998
594
160
-44
-138
-263
-466
-624
-750
-1048
-1302
-1207
-783
-511
-839
-1502
-1803
-1366
-828
-759
-841
-652
-173
138
236
404
636
628
329
186
427
846
810
403
215
412
803
923
850
790
686
582
647
849
850
549
86
-99
88
187
-13
-518
-861
-764
-432
-294
-589
-874
-866
-654
-695
-1122
-1581
-1866
-1810
-1613
-1401
-1265
-1312
-1409
-1430
-1291
-1286
-1434
-1398
-1102
-791
-818
-1054
-994
-466
16
41
36
428
1056
1369
1067
590
487
790
1018
877
660
821
1332
1687
1477
1017
867
1113
1493
1561
1345
1164
1042
989
923
713
415
252
326
507
650
574
488
494
274
-11
-108
56
196
21
-209
-135
37
-30
-325
-549
-453
-359
-539
-715
-799
-832
-847
-948
-1005
-1036
-1048
-991
-863
-896
-1055
-1030
-843
-567
-625
-904
-904
-672
-487
-617
-811
-752
-794
-1058
-1113
-727
-288
-332
-645
-594
-112
206
277
259
179
-13
-375
-412
30
486
485
325
362
554
745
684
683
709
570
578
789
1106
1168
922
837
873
824
733
831
869
487
-141
-436
17
388
118
-306
-314
112
392
374
316
369
322
56
-108
-18
146
201
176
198
251
276
402
636
701
666
727
883
1001
950
894
968
1009
893
742
838
1173
1359
1091
790
690
793
917
667
262
-31
-122
5
37
-208
-536
-639
-413
-200
-389
-867
-1101
-1015
-798
-851
-1217
-1374
-1289
-1201
-1289
-1472
-1562
-1631
-1816
-1925
-1747
-1340
-1096
-1268
-1508
-1360
-975
-768
-861
-1025
-1015
-865
-644
-397
-82
127
178
236
453
768
909
883
747
521
367
350
477
564
388
218
483
1112
1410
1119
666
548
670
615
474
581
905
906
473
248
525
821
608
140
18
360
643
449
91
-27
101
144
-35
-84
121
292
133
-237
-401
-282
-191
-299
-418
-413
-343
-350
-404
-327
-222
-355
-707
-830
-497
-230
-355
-652
-657
-413
-360
-596
-717
-319
118
69
-374
-624
-453
-322
-502
-816
-845
-562
-358
-305
-170
153
386
360
313
368
447
338
76
-35
68
243
350
478
656
736
691
596
648
795
838
691
528
502
602
757
822
735
642
749
873
844
752
781
871
707
368
291
578
839
649
206
94
299
369
123
-74
18
186
153
129
378
559
343
-163
-444
-398
-426
-605
-638
-468
-448
-630
-743
-582
-448
-671
-979
-951
-664
-636
-970
-1288
-1287
-1111
-1023
-1000
-916
-875
-950
-1029
-963
-884
-949
-1018
-1041
-995
-939
-844
-674
-563
-569
-569
-415
-219
-156
-194
-147
14
143
166
122
175
336
441
474
459
413
402
538
819
963
854
722
786
924
928
874
919
1040
1007
801
671
700
708
447
75
52
263
371
319
290
431
510
370
197
190
221
153
-23
-64
58
99
62
61
169
248
212
184
382
556
398
70
-88
81
218
79
-69
22
269
377
319
337
439
412
275
139
107
138
102
-54
-179
-152
-100
-115
-178
-200
-270
-460
-683
-771
-749
-712
-778
-910
-944
-973
-1096
-1245
-1223
-1033
-961
-1148
-1344
-1259
-1071
-1133
-1331
-1291
-971
-714
-711
-726
-542
-272
-242
-353
-243
81
248
137
138
416
734
765
650
739
982
1111
1128
1290
1515
1533
1359
1341
1588
1770
1614
1367
1390
1603
1636
1396
1192
1179
1193
1023
786
669
629
452
164
42
65
56
-74
-245
-352
-421
-464
-567
-744
-951
-1076
-1072
-994
-1006
-1192
-1364
-1372
-1239
-1150
-1109
-1064
-1024
-1033
-1085
-1026
-865
-749
-728
-719
-646
-531
-368
-193
-93
-127
-223
-176
57
289
237
-2
-71
97
252
219
130
155
255
266
226
312
414
303
26
-102
80
291
248
18
-145
-102
14
96
174
214
153
71
135
270
318
207
129
246
400
479
523
666
793
778
766
861
966
930
843
856
986
1090
1083
1081
1171
1287
1308
1277
1237
1147
979
825
766
700
551
386
345
353
249
85
-1
-49
-201
-473
-683
-777
-887
-1077
-1234
-1238
-1199
-1278
-1397
-1373
-1301
-1343
-1513
-1642
-1653
-1677
-1778
-1850
-1800
-1679
-1614
-1579
-1460
-1324
-1230
-1127
-954
-753
-630
-605
-590
-489
-374
-248
-122
22
180
283
392
527
661
721
721
721
732
741
723
765
808
807
824
840
854
863
886
921
901
801
680
605
579
541
428
309
278
316
348
321
249
193
181
212
244
195
121
128
206
244
204
213
333
453
438
368
412
549
631
553
475
510
605
635
591
576
600
595
521
481
508
551
486
375
293
205
125
72
55
-67
-299
-477
-447
-352
-422
-635
-803
-807
-820
-956
-1093
-1123
-1117
-1200
-1290
-1231
-1069
-1018
-1114
-1189
-1126
-1022
-985
-1007
-1018
-986
-910
-782
-615
-464
-405
-349
-175
65
210
223
219
300
398
435
461
541
620
645
646
728
884
976
967
908
862
817
782
786
773
660
476
410
504
588
527
408
365
369
323
237
189
113
-69
-270
-309
-156
-67
-195
-384
-399
-254
-160
-221
-301
-280
-249
-251
-252
-192
-139
-205
-284
-225
-79
-18
-89
-142
-85
-10
-29
-123
-155
-127
-121
-174
-250
-279
-277
-287
-286
-246
-204
-228
-259
-262
-240
-217
-251
-326
-375
-352
-263
-155
-122
-137
-100
0
103
126
110
149
206
197
179
233
327
346
311
353
480
572
548
498
532
597
569
488
448
494
537
465
363
331
364
380
325
252
201
142
90
69
35
-36
-162
-225
-166
-121
-152
-218
-242
-193
-130
-102
-93
-113
-161
-197
-197
-148
-112
-143
-206
-200
-86
29
20
-64
-93
-60
-41
-112
-166
-121
-52
-54
-100
-78
-14
-18
-112
-179
-142
-116
-199
-324
-384
-381
-398
-451
-473
-424
-358
-336
-364
-393
-397
-384
-371
-404
-456
-456
-379
-286
-257
-290
-253
-133
-31
16
39
92
142
143
134
185
282
345
332
345
455
611
710
703
676
706
752
772
747
704
667
604
541
515
533
526
454
365
345
369
332
223
110
52
-19
-146
-252
-250
-202
-250
-379
-441
-379
-326
-391
-517
-558
-515
-511
-578
-626
-588
-529
-525
-519
-445
-347
-326
-389
-425
-379
-288
-222
-217
-217
-182
-132
-83
-58
-48
-23
8
43
70
60
22
-7
19
95
150
157
149
156
183
194
202
255
293
278
238
240
281
263
183
153
233
332
344
285
286
342
368
345
332
376
375
289
205
201
222
177
103
125
229
274
218
132
112
108
46
-20
-15
19
-26
-160
-216
-134
-35
-38
-105
-98
-33
-43
-141
-204
-176
-136
-208
-294
-254
-140
-119
-247
-334
-242
-94
-83
-192
-270
-241
-222
-275
-308
-261
-203
-244
-318
-299
-212
-183
-271
-375
-362
-281
-252
-288
-342
-355
-338
-306
-239
-190
-193
-234
-240
-162
-85
-79
-113
-105
-32
45
75
107
181
259
322
352
398
470
524
543
543
570
615
620
587
570
593
656
701
708
708
712
708
665
592
535
503
477
429
347
253
175
127
102
62
-4
-73
-137
-191
-269
-366
-446
-495
-531
-597
-678
-728
-750
-790
-829
-847
-813
-765
-763
-797
-813
-759
-678
-619
-570
-505
-440
-389
-357
-317
-237
-135
-30
34
65
131
209
264
299
316
358
426
490
523
513
491
493
500
532
557
513
434
359
332
323
306
301
295
255
204
176
167
144
52
-54
-84
-38
-25
-96
-166
-155
-120
-114
-116
-102
-91
-119
-152
-137
-82
-40
-35
-18
56
125
152
180
235
268
239
221
272
338
328
263
231
255
256
200
155
181
226
187
103
88
139
135
33
-77
-109
-103
-141
-238
-347
-403
-430
-484
-545
-566
-541
-527
-559
-579
-559
-521
-506
-554
-600
-567
-493
-460
-488
-502
-466
-410
-361
-315
-259
-185
-98
-17
67
154
219
247
269
338
409
419
411
422
464
512
540
554
579
615
632
611
612
658
656
574
491
462
450
380
244
139
113
98
10
-107
-126
-83
-119
-214
-241
-184
-162
-230
-316
-324
-284
-286
-358
-406
-387
-375
-410
-420
-364
-328
-323
-275
-178
-89
-51
-33
11
63
90
88
99
131
113
31
13
104
184
162
119
154
230
276
269
237
228
223
174
107
65
48
-1
-92
-148
-148
-137
-134
-148
-179
-190
-161
-136
-152
-186
-195
-185
-188
-187
-183
-175
-159
-142
-126
-102
-59
-22
7
55
120
173
225
300
363
378
377
393
406
400
383
357
336
350
364
358
359
372
364
331
298
295
296
270
202
119
71
63
22
-100
-203
-226
-216
-239
-285
-309
-295
-297
-344
-399
-401
-374
-422
