-2
-4
-10
-13
-9
0
4
6
5
8
18
32
42
49
56
66
76
83
84
83
87
95
100
100
94
87
82
77
68
59
51
44
35
21
3
-13
-23
-30
-36
-44
-48
-49
-48
-50
-54
-54
-46
-34
-24
-21
-20
-15
-8
-2
-2
1
7
18
26
27
23
23
27
33
36
37
38
39
40
36
29
24
23
24
23
17
5
-3
-8
-14
-21
-29
-31
-30
-32
-39
-49
-56
-57
-53
-51
-51
-50
-45
-39
-37
-40
-43
-37
-27
-18
-14
-15
-15
-13
-11
-12
-15
-20
-23
-27
-34
-43
-52
-55
-55
-57
-59
-65
-65
-67
-72
-79
-84
-81
-73
-64
-63
-63
-61
-52
-41
-36
-34
-28
-14
-2
4
3
6
16
34
49
56
59
63
68
73
79
82
82
81
82
85
89
88
84
80
77
74
71
63
52
42
33
29
27
27
24
24
24
28
33
34
29
20
20
25
33
35
35
38
45
51
48
42
36
36
35
27
17
6
-1
-7
-8
-8
-8
-8
-15
-28
-39
-44
-46
-45
-46
-47
-43
-38
-32
-32
-31
-30
-24
-18
-16
-19
-24
-26
-19
-4
7
8
6
4
5
5
-1
-7
-7
-3
-2
-7
-14
-18
-16
-14
-11
-11
-13
-20
-30
-42
-51
-56
-54
-49
-44
-44
-47
-50
-50
-47
-44
-46
-52
-57
-58
-58
-60
-63
-63
-45
-23
-16
-30
-50
-54
-40
-27
-28
-36
-38
-27
-13
-8
-13
-13
-2
16
27
20
4
-5
3
23
40
49
49
49
53
56
56
55
58
63
71
73
67
63
64
71
83
93
97
92
80
63
52
53
65
74
72
66
67
70
67
56
47
48
55
57
46
26
13
13
22
31
40
42
39
28
12
3
7
15
18
15
12
15
17
11
3
6
21
34
28
5
-22
-27
-12
7
14
9
7
12
12
-2
-25
-36
-23
-5
-4
-29
-55
-62
-49
-38
-40
-50
-51
-46
-56
-84
-112
-113
-85
-57
-54
-69
-80
-73
-64
-68
-80
-80
-65
-53
-63
-88
-107
-100
-77
-59
-54
-58
-66
-73
-82
-92
-89
-75
-57
-49
-50
-53
-50
-42
-39
-33
-24
-14
-16
-36
-60
-65
-46
-12
13
18
15
21
32
39
35
34
50
75
87
74
55
50
65
84
90
85
81
79
70
48
36
46
74
96
93
75
65
66
65
52
41
44
60
59
34
4
-3
23
58
79
80
79
79
75
64
51
54
71
88
89
73
59
53
55
59
63
66
66
57
39
23
19
29
41
51
52
45
35
15
-5
-17
-22
-21
-23
-30
-41
-50
-54
-53
-49
-44
-43
-50
-68
-93
-111
-112
-101
-85
-77
-79
-79
-75
-71
-69
-67
-58
-45
-36
-47
-74
-98
-103
-92
-78
-74
-82
-95
-109
-126
-143
-149
-137
-110
-84
-73
-78
-83
-81
-71
-63
-59
-58
-55
-55
-64
-73
-73
-58
-26
9
31
38
38
41
45
52
54
57
65
67
57
39
24
20
24
30
30
29
27
24
22
33
53
80
100
101
92
85
81
76
64
48
41
46
47
35
21
23
49
82
99
101
99
105
110
110
106
110
131
150
150
132
115
110
111
109
98
90
87
83
66
47
39
49
65
66
52
35
25
14
1
-7
-1
21
42
50
42
37
37
42
42
37
31
28
19
-3
-28
-45
-47
-38
-31
-33
-39
-44
-50
-57
-63
-69
-72
-73
-76
-80
-90
-106
-124
-135
-141
-147
-155
-166
-175
-172
-161
-147
-138
-133
-130
-123
-117
-122
-136
-147
-149
-141
-133
-132
-130
-120
-106
-96
-88
-81
-71
-63
-58
-58
-54
-43
-34
-29
-32
-40
-47
-56
-69
-83
-86
-80
-65
-54
-51
-52
-49
-38
-25
-15
-9
-3
6
13
14
14
16
28
48
79
103
118
119
117
123
135
146
155
167
182
192
189
175
160
154
154
153
146
132
118
108
108
115
126
134
138
137
131
120
106
95
92
98
110
121
124
124
128
138
147
147
136
130
130
133
126
113
104
110
118
113
91
67
51
42
32
19
7
-1
-2
-5
-11
-24
-32
-34
-36
-48
-71
-101
-123
-136
-140
-140
-131
-118
-114
-125
-141
-149
-146
-143
-147
-153
-152
-143
-133
-130
-133
-133
-121
-101
-92
-105
-133
-152
-149
-139
-135
-140
-137
-125
-111
-115
-135
-161
-178
-183
-180
-173
-172
-178
-183
-175
-152
-126
-112
-114
-116
-104
-84
-68
-61
-55
-39
-9
15
24
20
20
37
59
68
58
43
39
48
61
72
83
95
101
98
88
84
91
96
96
92
100
117
132
134
129
126
135
148
153
144
124
117
125
139
150
151
157
170
181
180
169
160
158
162
167
177
192
200
192
175
170
180
189
181
161
141
131
124
105
76
52
48
60
66
53
28
8
0
-4
-15
-28
-34
-35
-40
-48
-55
-50
-45
-48
-57
-63
-60
-61
-74
-91
-98
-84
-64
-56
-67
-88
-103
-108
-111
-123
-142
-157
-161
-160
-162
-166
-169
-170
-171
-178
-189
-203
-213
-215
-207
-196
-192
-194
-202
-206
-202
-195
-190
-187
-181
-169
-153
-146
-143
-141
-132
-118
-105
-99
-101
-103
-101
-97
-94
-95
-92
-79
-63
-50
-46
-44
-36
-20
-2
11
20
26
35
44
53
65
78
89
101
109
113
107
99
91
92
106
121
131
130
127
128
132
135
136
140
142
141
135
129
133
147
165
177
184
192
204
213
212
202
197
206
218
223
210
189
176
176
182
180
169
156
144
137
134
130
124
123
126
132
130
119
100
84
82
90
93
81
60
41
38
45
49
41
25
14
11
7
-4
-18
-28
-29
-32
-41
-54
-64
-69
-72
-77
-81
-81
-85
-92
-105
-111
-110
-110
-113
-125
-137
-143
-148
-153
-170
-193
-207
-208
-198
-193
-197
-208
-216
-220
-220
-218
-220
-226
-228
-228
-223
-218
-216
-214
-204
-186
-164
-150
-148
-148
-144
-133
-121
-108
-92
-74
-53
-39
-33
-35
-35
-25
-14
-14
-26
-37
-36
-20
-4
2
0
7
21
28
26
19
20
28
39
44
42
39
45
58
65
64
61
66
79
93
99
102
106
123
144
156
157
151
145
149
162
171
168
159
151
149
154
154
148
143
144
152
158
153
141
135
132
125
116
108
106
116
123
114
95
82
81
92
101
93
82
80
89
96
93
82
74
74
73
61
40
22
19
26
32
23
6
-11
-24
-30
-40
-47
-50
-54
-54
-58
-66
-79
-96
-111
-114
-104
-96
-102
-122
-137
-132
-119
-115
-124
-139
-141
-130
-121
-131
-142
-143
-123
-105
-103
-115
-130
-127
-115
-102
-93
-92
-95
-95
-96
-93
-85
-79
-78
-87
-94
-95
-91
-86
-85
-88
-81
-71
-65
-68
-77
-77
-63
-48
-41
-47
-60
-66
-61
-51
-47
-47
-50
-53
-49
-42
-40
-46
-50
-41
-17
4
17
16
19
30
41
49
55
57
61
65
67
68
64
61
63
63
62
60
63
69
70
61
56
65
83
94
87
81
86
102
111
107
100
97
106
121
130
134
132
125
126
132
135
142
146
143
132
125
127
125
112
93
74
63
65
67
62
50
41
34
20
6
-5
-13
-19
-22
-26
-26
-28
-27
-25
-31
-36
-40
-37
-32
-34
-48
-57
-57
-49
-37
-36
-43
-54
-59
-60
-60
-59
-49
-41
-39
-45
-55
-66
-72
-75
-76
-76
-78
-83
-89
-90
-88
-84
-84
-89
-97
-102
-102
-98
-105
-116
-119
-111
-94
-89
-92
-93
-80
-59
-46
-48
-56
-59
-57
-53
-49
-43
-38
-33
-29
-24
-18
-15
-17
-18
-14
-8
-3
-3
-7
-14
-21
-21
-10
2
6
6
2
5
9
16
30
44
58
67
73
85
93
98
104
110
120
132
140
141
133
123
113
113
116
122
121
116
113
113
112
110
105
102
100
101
104
100
92
83
79
79
74
57
41
33
31
32
33
34
32
27
18
10
5
1
-1
-6
-10
-11
-11
-14
-20
-20
-15
-5
2
-4
-19
-29
-29
-21
-18
-23
-28
-28
-23
-26
-39
-47
-45
-37
-33
-39
-50
-58
-57
-58
-62
-67
-64
-58
-57
-68
-82
-87
-81
-74
-73
-81
-88
-86
-78
-71
-71
-75
-79
-81
-79
-79
-79
-81
-80
-77
-68
-60
-58
-64
-70
-69
-61
-53
-53
-58
-58
-47
-36
-35
-43
-48
-41
-28
-21
-27
-34
-32
-22
-10
-4
-1
2
9
16
23
27
31
38
47
55
61
63
66
72
78
81
84
89
97
99
97
95
92
92
95
100
101
100
94
88
85
83
78
70
65
68
69
64
56
52
55
59
60
53
46
42
42
43
44
44
45
49
53
55
53
49
48
49
50
51
50
49
45
40
37
38
40
37
27
20
19
20
18
11
2
-3
-4
-5
-15
-27
-35
-37
-39
-43
-51
-59
-67
-68
-68
-66
-64
-63
-64
-65
-63
-63
-66
-70
-78
-79
-73
-64
-61
-66
-72
-73
-68
-66
-73
-82
-83
-77
-71
-72
-78
-80
-74
-68
-68
-74
-76
-68
-61
-59
-57
-54
-42
-31
-28
-33
-36
-28
-15
-6
-4
-1
7
19
27
26
21
24
39
55
60
56
51
50
56
61
62
60
63
65
63
64
64
61
56
52
52
56
57
50
44
42
51
60
61
54
46
44
49
52
51
47
51
60
66
63
60
60
64
69
68
66
67
71
71
66
60
59
63
64
54
43
36
36
35
30
22
16
11
7
0
-12
-23
-30
-35
-38
-39
-40
-46
-54
-61
-66
-63
-59
-63
-70
-74
-71
-69
-71
-78
-82
-79
-73
-71
-76
-84
-84
-80
-74
-73
-75
-76
-77
-79
-81
-82
-78
-73
-69
-69
-70
-70
-71
-73
-77
-74
-65
-58
-56
-60
-63
-60
-53
-47
-46
-44
-38
-32
-28
-31
-30
-24
-15
-6
-1
1
4
7
9
8
12
21
31
37
34
31
32
39
45
44
44
49
52
55
54
53
56
57
58
58
61
66
70
68
67
71
79
86
84
80
80
88
98
101
97
93
96
104
109
110
106
108
113
115
111
102
96
96
96
95
95
95
90
79
68
62
62
61
54
44
39
37
32
23
9
-1
-3
0
-3
-14
-25
-31
-31
-35
-39
-44
-48
-52
-61
-71
-77
-81
-82
-85
-90
-91
-90
-93
-103
-115
-117
-110
-103
-104
-111
-120
-125
-122
-120
-125
-131
-132
-128
-128
-133
-135
-135
-133
-131
-128
-126
-122
-119
-118
-120
-118
-111
-102
-99
-101
-101
-94
-83
-78
-81
-80
-74
-66
-57
-50
-49
-48
-42
-32
-24
-18
-12
-9
-7
-3
3
12
17
18
20
28
40
47
49
49
52
61
70
74
73
73
83
94
103
106
107
109
115
123
132
137
141
142
146
152
156
161
164
162
163
169
176
179
175
172
175
179
179
175
170
166
164
165
161
151
143
139
135
128
120
113
109
105
97
86
77
68
58
48
39
29
24
20
12
1
-10
-15
-19
-25
-33
-40
-45
-48
-55
-62
-65
-69
-74
-78
-84
-89
-93
-96
-102
-109
-112
-111
-113
-119
-127
-133
-133
-134
-136
-143
-151
-156
-156
-153
-156
-164
-166
-166
-164
-164
-165
-168
-172
-171
-163
-157
-158
-157
-149
-137
-132
-131
-130
-129
-124
-115
-107
-106
-106
-98
-87
-78
-77
-78
-74
-69
-66
-59
-54
-49
-45
-38
-34
-36
-34
-22
-9
-2
4
12
19
24
31
40
51
64
77
87
96
107
119
130
138
139
140
149
160
168
175
184
190
192
198
203
205
202
200
198
188
185
187
186
175
163
160
159
153
146
140
132
122
110
102
102
101
111
116
111
98
90
95
94
84
74
63
64
68
64
61
57
49
35
22
1
-24
-34
-27
-24
-36
-43
-50
-68
-87
-96
-99
-114
-119
-121
-124
-117
-112
-113
-118
-130
-137
-137
-131
-129
-122
-108
-90
-83
-84
-79
-87
-84
-88
-93
-101
-111
-111
-114
-113
-108
-125
-153
-177
-186
-190
-189
-182
-193
-212
-226
-216
-212
-228
-236
-241
-237
-220
-199
-177
-163
-145
-127
-136
-149
-141
-100
-51
-22
8
26
28
27
50
76
91
127
171
183
171
225
363
409
359
270
230
273
324
430
427
360
331
392
513
465
341
310
351
360
294
279
262
215
229
274
206
37
54
144
141
3
-119
-141
-183
-135
-123
-197
-257
-286
-256
-288
-331
-364
-396
-369
-357
-405
-446
-381
-289
-286
-320
-321
-278
-238
-172
-140
-175
-189
-161
-87
-47
-34
-6
55
131
160
131
129
157
176
173
181
209
234
266
308
316
291
278
276
268
215
174
194
219
208
157
114
99
88
89
61
14
-12
-29
-39
-62
-54
-28
-6
28
-1
-40
-52
-8
34
0
-35
-18
57
144
188
196
174
148
117
121
127
117
140
167
180
117
71
80
53
2
-100
-169
-196
-187
-196
-275
-344
-406
-458
-556
-619
-695
-734
-686
-657
-675
-798
-843
-767
-737
-699
-751
-745
-723
-663
-514
-494
-456
-476
-419
-324
-260
-190
-141
36
173
238
290
338
455
511
653
732
727
814
918
1090
1110
1087
1078
1044
1104
1113
1119
1114
1097
1084
1047
1056
998
922
879
835
770
660
608
571
518
454
393
321
215
167
97
6
-85
-142
-137
-161
-187
-266
-360
-372
-360
-352
-397
-462
-461
-449
-417
-427
-452
-468
-471
-435
-417
-428
-442
-385
-344
-357
-401
-424
-371
-344
-344
-368
-396
-392
-403
-402
-421
-465
-508
-546
-575
-617
-673
-717
-747
-796
-843
-884
-916
-948
-1001
-1072
-1113
-1105
-1095
-1166
-1245
-1276
-1287
-1239
-1156
-1129
-1207
-1283
-1295
-1273
-1314
-1364
-1362
-1253
-883
-286
195
277
52
-25
46
120
303
529
663
647
936
1547
1833
1659
1512
1638
1652
1473
1470
1618
1674
1713
2035
2231
1962
1783
2040
2283
1885
1281
1085
1056
1010
1006
1045
857
471
439
672
611
151
-250
-357
-543
-869
-987
-893
-916
-1038
-939
-754
-749
-850
-785
-699
-939
-1251
-1251
-955
-668
-427
-128
92
208
284
368
394
293
227
339
577
785
929
1106
1327
1425
1387
1355
1385
1373
1296
1254
1267
1242
1194
1214
1211
1075
833
688
622
482
261
38
-111
-261
-439
-595
-699
-798
-943
-1074
-1175
-1326
-1530
-1715
-1839
-1956
-2093
-2170
-2190
-2152
-2136
-2155
-2139
-2085
-2072
-2114
-2080
-1975
-1860
-1786
-1757
-1702
-1689
-1649
-1552
-1466
-1279
-776
206
926
853
297
-20
126
361
718
947
874
770
1264
2292
2587
1984
1486
1590
1747
1388
1239
1376
1362
1408
1792
2036
1488
1109
1601
1980
1277
279
119
341
399
469
539
210
-358
-245
281
173
-564
-1042
-954
-989
-1285
-1329
-1178
-1113
-1067
-806
-517
-566
-618
-361
-156
-415
-847
-829
-322
266
667
967
1235
1404
1511
1559
1489
1271
1120
1329
1711
1941
2013
2201
2531
2634
2434
2179
2060
1977
1849
1777
1754
1634
1511
1508
1479
1191
766
514
386
161
-167
-447
-671
-891
-1105
-1298
-1451
-1641
-1819
-1915
-2045
-2310
-2649
-2866
-2964
-3028
-3136
-3297
-3320
-3227
-3102
-3033
-3049
-3168
-3344
-3378
-3244
-3031
-2947
-2923
-2807
-2562
-2381
-2346
-2346
-1984
-889
240
666
225
-310
-232
136
766
1234
1170
927
1256
2587
3372
2788
2008
1934
2300
2201
2075
2203
2072
1983
2579
3271
2680
1895
2266
2974
2520
1260
880
1002
991
1216
1413
979
-31
-173
622
682
-202
-1004
-1131
-1128
-1397
-1532
-1520
-1632
-1628
-1354
-1144
-1247
-1518
-1433
-1077
-1156
-1623
-1845
-1280
-308
237
470
563
545
559
702
1002
928
656
745
1321
1845
1920
1895
2173
2520
2468
2275
2175
2076
1948
1956
2166
2144
1812
1792
1934
1804
1263
687
468
354
117
-161
-367
-556
-787
-916
-982
-1299
-1725
-1919
-1944
-2137
-2587
-2891
-2916
-2914
-2953
-3007
-2986
-2985
-3051
-3066
-3091
-3162
-3244
-3191
-3084
-2989
-2888
-2735
-2514
-2392
-2384
-2353
-1694
-419
447
439
-121
-232
152
590
1209
1522
1456
1354
1986
3291
3706
3047
2588
2870
3131
2793
2662
2819
2809
2843
3392
3648
2845
2337
2782
3170
2297
1007
655
701
788
958
920
318
-583
-677
-251
-477
-1315
-1983
-2105
-2105
-2323
-2383
-2327
-2417
-2490
-2402
-2204
-2127
-2171
-2001
-1756
-1852
-2175
-2188
-1684
-1029
-627
-279
219
586
796
941
1115
1170
1039
1306
1860
2265
2435
2674
3241
3566
3465
3282
3222
3160
3050
3072
3187
3147
2926
2923
2977
2711
2213
1757
1528
1172
669
310
71
-112
-418
-729
-1016
-1433
-1830
-2035
-2141
-2449
-2930
-3255
-3350
-3477
-3772
-3940
-3968
-3998
-4059
-4074
-3997
-4112
-4220
-4158
-4022
-3902
-3828
-3590
-3295
-3156
-3070
-2952
-2620
-1681
-434
377
285
-239
-239
230
883
1549
1844
1726
1651
2469
3857
4198
3599
3172
3406
3545
3347
3430
3464
3240
3264
3929
3995
3191
2901
3429
3619
2546
1427
1090
906
998
1249
1157
278
-610
-376
107
-308
-1384
-2152
-2336
-2445
-2584
-2550
-2551
-2758
-2812
-2584
-2393
-2496
-2630
-2310
-1983
-2154
-2510
-2480
-1890
-1289
-837
-267
206
407
533
801
1016
870
771
1273
1997
2367
2545
2870
3305
3436
3325
3294
3120
2796
2688
2973
3237
3081
2870
2913
2890
2568
2099
1728
1396
964
560
340
102
-215
-509
-704
-958
-1521
-2039
-2237
-2349
-2667
-3099
-3336
-3490
-3694
-3880
-3990
-4068
-4226
-4205
-4036
-3953
-4086
-4244
-4215
-4133
-4045
-3965
-3785
-3599
-3538
-3499
-3254
-2212
-639
375
405
-260
-509
-175
539
1459
1832
1658
1529
2447
4180
4825
4101
3434
3587
3812
3660
3806
3989
3853
3883
4708
4990
3990
3401
3979
4396
3332
1893
1366
1186
1209
1569
1644
712
-600
-630
175
-41
-1349
-2403
-2767
-2981
-3316
-3253
-3091
-3482
-3708
-3346
-2920
-3067
-3450
-3262
-2929
-3166
-3638
-3523
-2784
-1966
-1340
-698
-181
-122
-44
270
476
302
74
607
1575
2166
2419
2780
3350
3609
3460
3378
3354
3080
3001
3375
3750
3695
3415
3606
3796
3422
2823
2382
2156
1738
1252
1008
738
338
16
-89
-354
-985
-1623
-1848
-1957
-2419
-2944
-3238
-3334
-3522
-3776
-3798
-3906
-4127
-4145
-3995
-3922
-4252
-4473
-4351
-4178
-4090
-4154
-4018
-3851
-3750
-3589
-3444
-3310
-2812
-1348
275
819
103
-557
-163
628
1433
1926
1925
1710
2054
3900
5388
4974
3798
3426
4120
4224
4038
4090
4017
3900
4438
5222
4725
3665
3495
4114
3782
2189
1115
838
952
1263
1379
805
-586
-1147
-461
-125
-1144
-2627
-3266
-3308
-3426
-3398
-3223
-3562
-3976
-3715
-3169
-3015
-3445
-3475
-3020
-2959
-3176
-3313
-2883
-2074
-1300
-435
178
309
245
522
993
1058
818
996
1802
2570
3150
3670
4164
4421
4349
4318
4221
3902
3721
3888
4275
4427
4243
4220
4311
4101
3575
2904
2313
1794
1247
1041
858
425
9
-226
-427
-1031
-1802
-2311
-2590
-2925
-3380
-3747
-4046
-4344
-4498
-4427
-4486
-4769
-5031
-5098
-5037
-5195
-5439
-5419
-5241
-5044
-4837
-4684
-4507
-4383
-4176
-3883
-3923
-4138
-3539
-1595
407
966
246
-205
239
1078
2029
2679
2422
1824
2450
4795
6353
5596
4390
4252
4881
4790
4601
4634
4190
3908
4694
5602
4878
3667
3736
4424
3835
2079
1077
876
966
1404
1652
883
-842
-1451
-537
-66
-1139
-2694
-3369
-3468
-3492
-3291
-3095
-3629
-4333
-4117
-3327
-2940
-3311
-3437
-3049
-3053
-3448
-3620
-3045
-2070
-1255
-457
192
326
175
494
1133
1276
850
846
1736
2661
3221
3705
4199
4317
4052
4034
4175
3939
3546
3588
4030
4179
3947
3950
4082
3725
2920
2188
1769
1350
894
749
625
75
-531
-773
-930
-1477
-2277
-2726
-2892
-3259
-3764
-4122
-4331
-4598
-4811
-4827
-4884
-5247
-5558
-5443
-5180
-5261
-5547
-5388
-4987
-4781
-4683
-4502
-4217
-4054
-3806
-3411
-3365
-3414
-2232
-15
1500
1240
136
45
707
1638
2592
2958
2496
2113
3490
6007
6618
5231
4120
4428
4940
4745
4844
4763
4196
4077
5268
5731
4572
3683
4008
4392
3235
1668
1144
1037
1178
1597
1571
389
-1212
-1286
-239
-306
-1918
-3409
-3845
-3791
-3767
-3441
-3327
-4195
-4694
-4051
-3119
-3049
-3739
-3698
-3262
-3283
-3409
-3147
-2364
-1594
-858
108
711
575
429
1066
1681
1572
1164
1515
2551
3253
3742
4195
4412
4291
4186
4537
4634
4081
3650
3842
4369
4483
4289
4279
4199
3714
3125
2670
2213
1660
1225
1177
978
289
-257
-451
-645
-1214
-2019
-2448
-2769
-3208
-3546
-3835
-4183
-4598
-4770
-4628
-4623
-4933
-5188
-5119
-4977
-5047
-5226
-5164
-4928
-4742
-4523
-4343
-4200
-4138
-4061
-3764
-3485
-2557
-832
459
661
-156
-476
69
905
1889
2251
1972
1722
2778
5004
5957
5049
3746
3653
4209
4276
4560
4498
4053
3814
4720
5474
4570
3701
3769
4037
3106
1617
1062
950
1092
1587
1680
505
-1143
-1326
-353
-140
-1644
-3186
-3777
-3809
-3476
-3007
-2876
-3860
-4717
-4143
-3079
-2789
-3426
-3665
-3373
-3278
-3173
-2927
-2363
-1760
-1028
2
653
601
285
676
1403
1534
1266
1345
2206
3065
3693
4260
4494
4345
4199
4546
4825
4486
3927
3893
4405
4716
4742
4650
4444
3912
3224
2800
2360
1751
1147
901
780
186
-448
-748
-963
-1494
-2319
-2969
-3485
-3857
-4080
-4261
-4588
-5132
-5489
-5432
-5248
-5308
-5622
-5940
-5991
-5865
-5839
-5708
-5516
-5382
-5302
-5130
-4787
-4558
-4531
-4536
-4442
-4080
-2678
-615
748
582
-414
-471
211
1085
1925
2132
1869
1822
3394
5847
6305
4969
3927
4276
4712
4573
4777
4616
4134
4138
5405
5877
4671
4019
4330
4383
3127
1731
1431
1364
1489
1916
1731
424
-976
-766
143
-145
-1869
-3278
-3728
-3699
-3346
-2970
-3096
-4146
-4693
-3846
-2900
-2785
-3374
-3600
-3379
-3337
-3253
-3021
-2415
-1605
-708
220
778
782
529
874
1468
1534
1328
1506
2449
3345
3895
4440
4630
4478
4295
4410
4545
4169
3722
3812
4401
4826
4771
4529
4242
3740
3055
2539
2103
1545
1050
875
838
388
-272
-685
-1016
-1526
-2270
-2933
-3293
-3588
-3826
-4047
-4435
-4871
-5119
-5063
-4925
-5106
-5546
-5785
-5766
-5772
-5715
-5704
-5719
-5737
-5683
-5330
-5004
-4900
-4899
-4895
-3936
-1445
1123
2072
1094
460
1385
2075
2245
2081
1800
1485
1693
3943
6316
6114
4554
4270
5361
5320
3936
3501
4017
4048
3830
5023
6030
5717
4873
4900
5174
3307
570
-599
-135
541
214
-394
-940
-1501
-1331
-673
-1206
-3530
-5597
-5756
-4667
-4070
-3726
-3142
-2951
-2752
-2042
-1310
-1641
-3187
-3857
-3497
-3406
-3538
-2989
-1431
-49
661
1408
1820
1144
405
906
1733
1746
1714
2919
4642
5208
5424
5697
5313
4236
3532
3837
3735
2978
3114
4035
4524
4191
3854
3612
2626
1345
915
861
347
-31
317
778
243
-769
-1199
-1730
-2925
-3924
-4274
-4450
-4841
-4683
-3886
-3793
-4437
-4776
-4758
-5081
-5694
-5755
-5309
-5057
-4659
-3598
-2792
-2877
-3256
-3648
-3831
-4602
-5016
-4965
-4030
-11
5059
7594
6113
3510
3456
2879
67
-2101
-2670
-2061
-691
3454
8410
8520
5007
3468
4044
1974
-2074
-2627
646
3529
4846
7657
9239
6908
3028
532
-758
-3470
-5772
-4861
-2133
1091
3377
3531
1256
-1922
-3386
-3982
-5143
-6080
-4754
-2062
384
2219
2827
1709
-963
-2827
-3116
-3615
-3751
-2569
-361
1256
1356
1043
18
-1426
-1782
-892
295
1370
2676
4216
5181
4977
3937
2454
1114
870
1125
1534
2139
2937
3951
4330
3828
2781
1512
862
945
1531
2407
2965
3241
3259
2880
2120
861
-362
-1039
-1237
-793
-246
-49
-190
-531
-1002
-1781
-2865
-3660
-3782
-3636
-3212
-2876
-2616
-2366
-2672
-2955
-3307
-3877
-4399
-4633
-4061
-3570
-3074
-2860
-2975
-3592
-4632
-5309
-6117
-7046
-6492
-953
6187
9193
7054
3218
2433
767
-2510
-4481
-5261
-4312
-1732
3913
9030
8025
3470
855
1024
-132
-2769
-2160
2124
6339
8305
9799
9445
5474
217
-3050
-2906
-2333
-1908
-211
2350
5245
5591
2564
-1711
-4812
-4944
-3565
-2170
-1169
-30
1509
2636
2492
344
-2766
-5312
-5295
-2896
-546
609
791
812
88
-1844
-3762
-5032
-5098
-3168
218
3383
4731
4419
3625
2607
1312
-100
-1344
-1262
342
2392
3675
3773
3259
2665
2232
1723
1205
963
1408
2682
3986
4777
4337
2839
1323
446
491
521
490
533
603
904
731
20
-853
-1476
-1718
-2042
-2455
-2599
-2481
-2566
-2527
-2797
-3381
-3790
-4142
-3810
-3465
-3226
-3304
-3607
-3966
-4347
-4084
-4274
-4407
-4752
-5186
-4560
-4658
-4961
-4659
-12
6540
9054
6638
2073
750
-663
-2635
-3657
-3847
-2698
-640
4276
8243
7116
2663
68
856
480
-842
235
4266
7564
8354
8281
6738
2727
-2131
-4302
-2794
-673
453
903
2004
3214
2786
243
-2987
-4948
-4617
-2328
-426
388
447
307
139
-609
-1779
-3324
-4302
-3569
-1241
747
987
142
-1196
-2540
-3457
-3583
-3088
-2152
-118
2466
4330
4657
3638
2323
1459
1240
1137
912
1179
2095
3084
3539
3340
2830
2650
2815
3253
3388
3193
3015
2975
3357
3575
3242
2109
957
630
917
1237
791
62
-369
-262
-97
-326
-759
-1177
-1535
-1997
-2592
-3060
-3325
-3514
-3153
-3009
-3195
-3675
-4240
-3957
-3836
-3886
-3857
-4121
-3767
-3579
-3771
-3630
-4427
-5354
-5607
-5820
-4991
-4735
-1059
6209
10406
9530
3910
196
-1232
-2873
-3769
-3779
-2425
-214
4067
8173
8291
3432
-1184
-1121
-308
-169
649
4140
8000
8715
7848
5628
1560
-3069
-5682
-4090
-575
1762
2113
1727
1240
611
-965
-3904
-5931
-5763
-2828
407
1254
554
-828
-1779
-2198
-2503
-2971
-3476
-2859
-375
2028
2077
498
-1536
-3049
-3804
-3530
-2156
-988
479
2666
4474
4784
3465
1879
1194
1384
2046
2318
2091
2032
2168
2620
2967
2768
2442
2704
3687
4296
4173
3289
2486
2114
2225
2657
2271
1359
455
237
669
748
168
-652
-910
-372
49
-140
-728
-1324
-1832
-2591
-3379
-3747
-3809
-3629
-2925
-2592
-2900
-3723
-4402
-4147
-3871
-3578
-2998
-2387
-2519
-3163
-3510
-3771
-4126
-4774
-4715
-4588
-4478
-3543
1581
8540
11080
8009
1687
-1157
-1953
-2463
-2350
-2179
-1182
601
4524
7621
6380
1650
-1335
-248
998
1351
2407
5669
8022
7325
5528
3076
92
-3125
-4217
-1953
576
1589
966
101
-534
-1198
-2252
-3739
-4209
-3085
-321
1319
296
-1747
-3371
-3335
-2733
-1967
-1542
-1594
-1018
228
1067
105
-1646
-3022
-3695
-3452
-2169
-478
246
804
1762
2862
3151
2137
1334
1307
1950
2426
1927
1204
818
1147
2005
2821
3190
3258
3420
3467
3182
2526
1712
1509
2050
3096
3639
2956
1651
314
-341
-417
-373
-536
-679
-112
778
1129
458
-788
-1981
-2758
-3156
-3090
-2760
-2606
-2550
-2131
-2368
-3158
-3970
-4424
-3728
-3167
-2185
-1732
-1885
-2487
-3106
-2985
-3547
-4062
-4603
-4137
-3376
-3122
-2400
2257
8309
10047
6610
597
-1595
-1831
-1741
-1217
-1011
-475
921
4442
7144
5492
574
-1454
8
1323
1751
2875
5918
7088
5674
3914
2123
154
-2549
-3820
-2026
531
1787
804
-1057
-2403
-2714
-2673
-2744
-2681
-1946
-323
-194
-1674
-3155
-3527
-2770
-2031
-1279
-1105
-1200
-713
220
221
-1234
-2441
-2897
-2507
-1723
-534
414
362
551
1389
2718
3459
3127
2574
2505
2991
3164
2559
1745
1583
2158
3156
3998
4112
3902
3668
3620
3486
3017
2596
2546
3058
3803
3779
2527
745
-407
-280
498
859
499
-167
-409
-382
-578
-1208
-2118
-2811
-3049
-3028
-3035
-3116
-3289
-3526
-3673
-4282
-4666
-4595
-4196
-3596
-3353
-2745
-2627
-2824
-3838
-4395
-3812
-3608
-3389
-3933
-3849
-3594
-3288
-2877
428
6577
9769
8048
2096
-1083
-1098
-464
397
228
2
378
3566
7279
7197
2736
-820
-183
1813
3176
3713
5600
6650
5633
4026
2386
1325
-716
-2351
-1895
11
1577
990
-1100
-3170
-3618
-2964
-2310
-2480
-2783
-2004
-1419
-1725
-2789
-3408
-3164
-2425
-1543
-1286
-1584
-2086
-1808
-1335
-1198
-1354
-1725
-1957
-2170
-1642
-846
-492
-137
832
2516
3864
4139
3407
2479
2032
2051
1940
1739
2230
3204
4090
4414
4173
3680
3021
2799
2831
2771
2748
2785
3068
3462
3454
2529
924
-404
-332
556
1132
918
-80
-751
-1052
-1237
-1506
-2135
-2616
-2819
-2867
-3081
-3575
-4035
-4530
-4719
-4673
-4728
-4512
-4207
-3744
-3148
-2933
-3258
-3936
-4784
-4756
-3956
-3697
-3416
-3347
-2953
-2573
-3046
-4010
-2957
2966
9264
10448
5068
-770
-1639
254
1861
1670
331
-267
1915
5962
8322
5190
-80
-1713
362
3353
4361
5262
6190
5669
4404
3137
2332
569
-1925
-2498
-427
1811
1799
-780
-3384
-4144
-3132
-1684
-1796
-2995
-3603
-2549
-1339
-1672
-2722
-3553
-3396
-2458
-1403
-1059
-2047
-3021
-2677
-1593
-842
-909
-1734
-2466
-2554
-1692
-841
-607
251
1764
3520
4344
3694
2408
1379
1583
2494
3177
3739
4027
4148
4253
4165
3723
2832
2263
2576
3421
4166
4384
3837
3102
2840
2515
1676
560
333
1183
1921
1715
507
-795
-1434
-1362
-1125
-1240
-1840
-2423
-2820
-3170
-3551
-4067
-4431
-4684
-4587
-3972
-3558
-3567
-3826
-4363
-4123
-3539
-3494
-3739
-4151
-3852
-2955
-2437
-2245
-2688
-3230
-3517
-4010
-4452
-3691
1824
9081
11365
7035
81
-2196
-114
1751
2897
2299
1129
2074
4841
7919
5871
8
-2544
-548
3689
5750
6086
6541
5426
3384
1775
1166
985
-501
-1582
-568
1095
1708
-479
-3664
-5339
-4540
-2374
-1557
-2329
-3157
-2682
-1867
-2357
-3471
-4439
-4780
-3783
-2212
-1133
-1756
-3105
-3054
-2213
-1422
-1237
-1406
-1399
-1599
-1377
-868
-302
610
1668
2832
3345
2855
2144
2021
2672
3699
4384
4700
4722
4381
3960
3658
3467
3371
3366
3570
4109
4434
4290
3859
3378
3139
2635
1855
1352
1423
1935
1972
1159
155
-730
-1168
-1312
-1489
-1553
-1969
-2567
-3080
-3594
-3890
-4173
-4324
-4481
-4529
-4118
-3966
-4137
-4177
-4029
-3829
-4320
-4817
-4648
-4041
-2919
-2435
-2606
-3366
-3947
-3473
-3365
-3845
-4261
-4159
-1872
3254
8414
9384
4503
-1232
-2482
280
3520
4807
3708
1705
1243
3068
5327
4109
479
-676
2177
6062
7250
5955
4381
2661
1238
1400
2653
3698
2499
145
-1056
-1035
-749
-1609
-3155
-3717
-2672
-1110
-479
-1612
-3127
-3858
-3920
-3696
-3538
-3286
-3079
-2861
-2569
-2515
-3036
-3331
-2979
-2333
-1591
-768
-114
-547
-1856
-2576
-2215
-1206
191
1484
2272
2272
1892
2088
2779
3485
3809
3741
3967
4280
4022
3525
3275
3523
3926
4098
4216
3980
3614
3528
3456
3187
2712
2291
2214
2345
2366
1960
943
115
-220
-344
-440
-887
-1487
-2106
-2638
-2992
-3351
-3667
-3679
-3659
-3535
-3534
-4102
-4764
-5239
-5025
-4513
-4111
-3922
-4081
-4192
-4319
-4243
-3854
-3502
-3113
-3070
-3350
-3551
-3639
-3371
-3137
-3422
-2464
2170
7912
9369
4948
-745
-1743
1371
4645
5977
4091
1045
176
2700
6351
6209
3161
1747
2771
4328
4722
4583
4577
3477
2227
2755
4315
4851
2339
-1482
-3026
-1652
683
1248
-444
-2386
-2809
-2149
-1653
-2339
-3310
-3487
-3331
-3033
-2675
-2698
-3376
-4210
-4148
-3184
-2599
-2288
-1885
-1510
-1016
-597
-436
-978
-2172
-2702
-2194
-867
1104
2413
2738
2225
1660
2126
3001
3660
3861
3729
3918
4235
4149
4079
4221
4612
4859
4543
4183
3751
3362
3266
3152
3131
3067
3003
2851
2209
1557
1161
689
76
-416
-596
-679
-1257
-2015
-2552
-3012
-3438
-3779
-3803
-3491
-3197
-3368
-4024
-4806
-5053
-4875
-4664
-4411
-4378
-4394
-4454
-4522
-4531
-4461
-3696
-2649
-2330
-2559
-3224
-3845
-3744
-3462
-2863
-2393
-58
5269
8676
6809
1268
-2441
-707
3048
5659
5853
2957
590
1297
4861
7361
5210
2041
1424
2533
3617
3911
4366
4542
3158
2210
2808
3650
2730
-260
-2466
-1941
80
1275
348
-2053
-3732
-3515
-2331
-1754
-2274
-2905
-3025
-3512
-3967
-3916
-4074
-4064
-3769
-2847
-2024
-2189
-2027
-1759
-1902
-1621
-1138
-608
-713
-1364
-1174
-629
461
1946
2605
2564
1916
1483
2053
2958
3817
4065
3795
3859
3927
4150
4817
5402
5487
4780
3800
3150
2750
2908
3352
3305
3034
2687
2319
1877
1282
913
546
53
-273
-477
-743
-1100
-1705
-2315
-2857
-3388
-3708
-3814
-3596
-3337
-3482
-4048
-4734
-5158
-5000
-4734
-4694
-4905
-5168
-5065
-4872
-4592
-4244
-3603
-2899
-2751
-3227
-3755
-3925
-3527
-2885
-2333
-2404
-2711
-330
4390
7339
5095
-229
-2618
-108
4130
6877
6333
3207
684
1312
5019
7142
5327
2468
1495
2284
3011
3581
4540
4585
2981
1838
2358
3475
2782
233
-1667
-1349
403
1367
246
-2079
-3439
-3226
-2158
-1618
-1970
-2649
-3628
-4661
-4920
-4390
-3527
-2946
-2845
-2637
-2802
-2984
-2598
-2119
-1775
-1446
-825
-85
-294
-1026
-1142
-614
783
2077
2581
2362
1430
1070
1708
2703
3748
4127
4227
4560
4760
5062
5291
5458
5342
4515
3606
3179
3163
3511
3716
3514
3111
2437
1965
1672
1401
1301
1046
618
142
-383
-736
-1115
-1654
-2151
-2607
-2810
-2815
-2892
-3035
-3356
-3750
-4068
-4448
-4695
-4577
-4354
-4296
-4392
-4576
-4468
-4276
-3931
-3360
-3050
-2873
-2932
-2957
-2837
-2818
-2805
-2493
-2448
-2542
-3294
-2503
2122
6758
6864
1680
-2748
-947
4073
7291
7320
4024
519
-357
2776
7256
6850
2976
495
565
1376
1791
3078
4864
3861
1395
761
1984
2932
1042
-1414
-1581
249
1739
1090
-1386
-3403
-3792
-2874
-1638
-1729
-2711
-3942
-5101
-5399
-4363
-2959
-2162
-2724
-3544
-3820
-3912
-2835
-1383
-569
-351
-190
316
237
-782
-703
312
1523
2574
2546
1987
1003
558
1769
3354
4495
4962
4599
4405
4367
4554
5172
5455
5437
4759
3815
3534
3612
3787
3784
3234
2622
2013
1765
1917
1761
1376
742
-12
-571
-858
-976
-1167
-1514
-1692
-1854
-2232
-2768
-3307
-3616
-3613
-3550
-3765
-4020
-4325
-4475
-4531
-4561
-4404
-4383
-4368
-4007
-3599
-3330
-3201
-3161
-2909
-2843
-2850
-2962
-2980
-2420
-1625
-1412
-2079
-3162
-2909
720
5700
7493
3932
-810
-998
2938
6129
6336
4342
1471
145
1960
5991
7197
3686
47
-245
1507
2939
3716
4319
3325
607
-398
900
2408
1525
-774
-1440
-178
1087
746
-1355
-3643
-4294
-3291
-1503
-1065
-2169
-3755
-5068
-5502
-4781
-3404
-2502
-2800
-3873
-4383
-4111
-2904
-1246
-345
-385
-500
-338
-84
-297
-313
372
970
1380
1551
1354
1132
1234
2096
3520
4325
4353
3704
2914
2933
3653
4861
5698
5410
4580
3888
3618
3779
3757
3502
3094
2481
2338
2489
2221
1338
-40
-972
-952
-320
378
218
-664
-1608
-2282
-2436
-2436
-2413
-2357
-2523
-2837
-3288
-3847
-4175
-4222
-4196
-4101
-3929
-3826
-3887
-4056
-4110
-3867
-3493
-3264
-3056
-2963
-3007
-3024
-2786
-1990
-1248
-1457
-2289
-2997
-2568
-1959
-236
3739
7071
5859
331
-3193
-370
4952
7174
6224
3097
181
-281
2842
6951
6151
1642
-387
1077
2550
2354
2310
3483
2377
78
192
2175
3092
845
-1339
-1010
595
1282
215
-2121
-3331
-2453
-497
164
-1730
-4048
-5255
-5166
-4261
-2738
-1640
-1962
-3571
-4671
-4324
-3151
-1595
-381
-99
-491
-478
-16
348
31
172
795
928
916
1024
1675
2371
2454
2618
2860
2798
2881
2888
3259
3992
4483
5029
5006
4449
4066
3978
4110
4009
3641
3553
3320
2756
1972
1040
497
304
555
952
996
608
-248
-1356
-2016
-1949
-1391
-932
-1087
-1658
-2472
-3159
-3430
-3245
-2919
-2758
-2936
-3290
-3618
-3910
-4074
-4087
-3860
-3560
-3132
-2989
-2978
-2953
-2942
-2967
-2716
-2140
-1533
-1102
-1151
-1434
-1431
-1391
-1328
-1887
-2270
612
4974
5953
2017
-2170
-786
4399
6749
5411
2554
-493
-980
1857
6740
7562
2219
-2029
-1424
799
1772
2352
4045
3675
-301
-2242
-514
2175
1996
-75
-594
530
1145
180
-2034
-3501
-2504
-620
-43
-2033
-4149
-4456
-3631
-2773
-1903
-1383
-2257
-3998
-4721
-3086
-1025
241
518
-59
-935
-1121
-420
776
1215
1166
1417
1031
600
863
1979
3219
3019
2118
2097
2684
3563
3986
3841
3938
3829
4092
4736
4920
4490
3510
2653
2568
2712
2642
2094
1277
1167
1361
1234
563
-152
-408
-549
-868
-1108
-1188
-1190
-1248
-1417
-1682
-2199
-2840
-3224
-3042
-2633
-2438
-2691
-3385
-4122
-4523
-4356
-3941
-3698
-3594
-3367
-3074
-2798
-2841
-3006
-2832
-2199
-1245
-809
-1051
-1377
-1564
-1562
-1565
-1160
-580
-350
-1254
-1345
1532
4936
4695
527
-1896
967
5426
6115
3811
1195
-171
447
3117
6121
5103
570
-1611
474
2820
2755
1801
1674
398
-1780
-842
2479
4050
1338
-1804
-2064
-455
437
-36
-1332
-2337
-2121
-1220
-970
-2370
-3290
-3003
-2351
-2321
-2345
-1962
-2018
-2671
-2599
-1435
-630
-540
-944
-1002
-676
62
1020
1362
671
114
527
1192
1761
1983
2380
2596
2137
1901
2498
3327
3817
3561
3010
2838
2878
3353
3753
3630
3171
2544
2114
2149
2411
2553
2012
1029
513
412
429
148
-268
-402
-573
-913
-1321
-1671
-1769
-1728
-1737
-1830
-1966
-2036
-2230
-2602
-3008
-3284
-3417
-3674
-3878
-3638
-3014
-2564
-2704
-3249
-3590
-3200
-2353
-1708
-1586
-1809
-1927
-1971
-2013
-1981
-1518
-991
-779
-1033
-1272
-1340
-1283
-1613
-1253
1438
4448
4236
608
-1744
626
4640
5126
2955
949
274
1259
3320
5488
4277
-47
-2122
-235
2154
2464
1950
2160
1217
-1256
-1185
1337
2952
1115
-1166
-798
783
990
-271
-1607
-1957
-1228
-483
-422
-1590
-2274
-2092
-1792
-1774
-1571
-1055
-1249
-2180
-2378
-1295
-505
-423
-741
-643
-200
245
745
902
412
131
679
1255
1548
1515
1917
2382
2142
2052
2581
3013
2755
2140
1988
2601
3054
3431
3601
3130
2300
1642
1717
2422
2866
2540
1602
534
257
588
1033
1033
324
-360
-665
-683
-626
-731
-803
-953
-1333
-1572
-1707
-1959
-2476
-2965
-2822
-2396
-2081
-2155
-2532
-2808
-2943
-2857
-2581
-2357
-2186
-2000
-1861
-1865
-2162
-2367
-2109
-1782
-1719
-1818
-1790
-1774
-1985
-2061
-1882
-1553
-1388
-1252
-1312
-1333
-139
2018
2758
753
-1094
398
3918
4954
2597
516
-175
322
1872
4138
4691
1373
-2093
-1215
1642
2646
1885
1687
1965
336
-536
1205
3250
2525
201
-490
590
997
380
-123
-388
-245
-281
-512
-1103
-1525
-901
-282
-549
-1067
-1069
-1028
-1427
-1729
-957
-224
-388
-796
-928
-837
-768
-447
144
486
323
425
611
639
878
1315
1774
1686
1495
2012
2528
2293
1846
1856
2331
2359
2123
2466
2739
2505
2093
2036
2219
1880
1178
966
1148
1460
1532
1062
478
-5
-58
104
-82
-375
-459
-727
-1321
-2043
-2157
-1620
-1399
-1561
-1905
-2212
-2398
-2658
-2732
-2548
-2307
-2060
-2181
-2595
-2826
-2613
-2057
-1899
-2193
-2353
-2262
-2221
-2501
-2809
-2678
-2148
-1663
-1452
-1791
-2194
-2203
-1764
-1297
-1152
-1539
-1666
-270
2009
2827
867
-1114
-197
2566
3531
2040
507
-238
-22
1127
2927
3248
938
-866
324
2257
2284
1301
1220
1603
688
686
2392
3605
1947
-772
-1083
806
2054
1290
-57
-641
-26
628
661
1
-428
-216
-211
-538
-718
-436
-545
-1353
-1928
-1455
-865
-922
-1232
-1222
-827
-563
-246
244
446
162
-65
196
1018
1839
1934
1493
741
498
1145
2046
2536
2382
1927
1682
1597
1697
2088
2352
2391
2229
1983
1811
1629
1570
1729
1837
1812
1526
962
526
374
419
337
-131
-578
-844
-953
-862
-702
-664
-996
-1634
-1960
-1804
-1561
-1462
-1531
-1639
-1790
-2142
-2488
-2715
-2627
-2263
-2103
-2323
-2799
-3108
-3081
-2849
-2525
-2160
-2101
-2336
-2577
-2564
-2195
-1617
-1170
-1015
-1273
-1670
-1721
-1547
-1362
-1219
-62
1730
2190
180
-1849
-690
2449
3846
2124
313
-108
606
1992
3731
4128
1698
-757
170
2930
3636
2181
926
1026
564
395
1711
3017
2333
321
-155
1037
1948
1546
1035
885
1070
1079
631
-14
-658
-601
-376
-510
-1078
-1489
-1627
-1821
-2019
-1928
-1567
-1336
-1186
-1163
-1058
-918
-508
61
332
153
-72
167
650
1021
1053
1176
1368
1520
1608
1614
1643
1712
1945
2232
2405
2335
2283
2253
2244
2404
2706
2871
2616
2221
2004
1908
1577
1194
1036
1154
1073
502
-130
-533
-425
-95
53
-117
-638
-1197
-1457
-1431
-1258
-1295
-1751
-2297
-2743
-2724
-2451
-2306
-2493
-3003
-3454
-3557
-3371
-3069
-2915
-3046
-3204
-3062
-2565
-2194
-2313
-2499
-2332
-1690
-1185
-1296
-1670
-1899
-1554
-1119
-986
-1243
-1458
-1522
-1492
-424
1458
2610
1317
-685
-100
2716
4320
2904
1132
775
1500
2590
3955
4210
1826
-1093
-471
2703
4012
2336
253
361
784
1153
2210
3305
2665
312
-780
604
2497
2341
732
-601
-487
263
440
-39
-938
-1450
-1747
-1734
-1540
-1425
-1735
-2345
-2696
-2385
-1778
-1536
-1396
-1239
-820
-525
-478
-398
-161
146
508
915
1067
990
752
1019
1573
1824
1903
1891
1918
1793
1782
2360
3117
3316
2967
2481
2317
2573
2859
3022
2716
2140
1720
1651
1814
1874
1594
977
419
193
291
215
-181
-662
-987
-1071
-1084
-1201
-1452
-1878
-2285
-2443
-2451
-2507
-2731
-2998
-3038
-3127
-3458
-3827
-3928
-3611
-3259
-3096
-3135
-3241
-3269
-3040
-2653
-2375
-2332
-2348
-2091
-1781
-1632
-1767
-1784
-1390
-939
-691
-763
-890
-821
-684
-582
-196
865
2247
2606
1405
356
1154
3164
4049
2866
1378
935
1778
3317
4387
3810
1567
-207
528
2419
2954
2035
947
638
418
725
1948
2869
2149
332
-376
639
1795
1408
51
-837
-602
-277
-746
-1407
-1702
-1679
-1851
-1996
-1820
-1757
-2102
-2279
-1923
-1405
-1298
-1512
-1250
-613
-92
93
16
117
329
538
919
1298
1413
1197
929
1309
2006
2384
2459
2382
2319
2184
2193
2680
3265
3320
3027
2701
2563
2498
2409
2507
2389
1861
1168
843
908
984
821
363
-336
-1022
-1196
-920
-691
-994
-1567
-2023
-2257
-2372
-2452
-2476
-2620
-2770
-2945
-3017
-3062
-3053
-3082
-3230
-3389
-3493
-3455
-3440
-3292
-2981
-2682
-2703
-2874
-2729
-2242
-1727
-1461
-1275
-1110
-1031
-968
-677
-243
71
8
-212
-178
-4
166
99
-50
153
1093
2464
3178
2511
1370
1370
2578
3663
3479
2521
1551
1094
1487
2495
2971
1893
189
-354
504
1410
1621
1352
961
288
-153
230
963
1021
97
-715
-455
337
360
-614
-1431
-1203
-616
-748
-1315
-1572
-1456
-1553
-1732
-1447
-1094
-1297
-1823
-1770
-1086
-514
-496
-573
-324
176
646
904
1062
1152
1255
1456
1712
1892
1962
2057
2307
2625
2766
2715
2562
2485
2580
2797
2990
2922
2600
2254
2128
2288
2387
2195
1761
1334
1080
834
550
376
333
79
-617
-1306
-1374
-1022
-921
-1336
-1834
-2109
-2246
-2290
-2240
-2213
-2432
-2756
-2922
-2849
-2683
-2489
-2453
-2797
-3216
-3181
-2640
-2271
-2359
-2494
-2339
-2090
-1957
-1799
-1449
-1126
-927
-769
-580
-386
-260
-16
286
529
592
560
507
559
867
1207
1118
515
-8
141
1139
2222
2725
2129
1028
516
1002
2072
2582
2194
1225
465
391
1019
1494
1056
3
-743
-635
-88
322
259
-129
-647
-788
-514
-87
115
-166
-588
-764
-375
-5
-136
-550
-679
-510
-547
-645
-493
-279
-517
-881
-800
-351
-162
-421
-539
-271
152
318
316
486
931
1366
1573
1604
1598
1592
1451
1515
1896
2281
2223
1775
1518
1657
1913
2009
1996
2010
2005
1845
1643
1530
1462
1428
1331
1144
825
430
158
23
-97
-282
-520
-783
-1010
-1212
-1236
-1229
-1355
-1612
-1912
-1949
-1874
-1853
-1969
-2153
-2185
-2121
-2042
-2049
-2060
-1929
-1775
-1817
-1975
-1955
-1662
-1409
-1433
-1581
-1639
-1524
-1333
-1085
-877
-710
-555
-411
-348
-274
87
566
793
585
371
391
492
585
678
744
504
25
-330
-314
-140
69
219
317
421
413
444
507
494
469
427
431
325
58
-77
-115
-167
-306
-395
-356
-463
-659
-631
-274
29
0
-64
102
388
516
612
751
777
619
504
691
999
1051
835
586
574
800
973
1025
1026
939
801
645
637
782
893
858
595
304
260
462
718
789
628
503
433
425
510
640
747
628
435
405
540
687
598
294
66
97
313
474
333
18
-206
-154
131
243
32
-306
-520
-504
-386
-287
-224
-376
-659
-824
-731
-424
-277
-333
-405
-414
-269
-133
-141
-239
-302
-200
-107
-226
-491
-681
-703
-617
-579
-644
-828
-946
-783
-456
-327
-540
-758
-667
-331
-89
-72
-217
-380
-500
-495
-349
-193
-215
-442
-737
-934
-850
-690
-637
-791
-972
-985
-968
-1014
-1143
-1096
-720
-188
169
72
-286
-528
-435
-94
172
137
-161
-300
-17
449
660
493
243
87
130
533
1161
1595
1384
959
903
1176
1535
1710
1730
1581
1418
1484
1745
1886
1733
1471
1237
1152
1153
1208
1155
885
537
258
147
144
88
-179
-552
-834
-858
-708
-529
-412
-444
-560
-717
-785
-701
-549
-448
-469
-546
-509
-302
-117
-86
-234
-311
-281
-238
-130
46
312
486
421
257
193
299
446
464
421
480
675
892
991
900
717
593
644
869
1020
948
700
449
501
733
888
792
396
51
-44
105
320
357
186
-107
-440
-678
-741
-750
-829
-1049
-1235
-1210
-1137
-1145
-1271
-1357
-1326
-1325
-1331
-1281
-1129
-989
-1016
-1236
-1474
-1552
-1479
-1354
-1293
-1257
-1246
-1308
-1406
-1458
-1356
-1181
-1061
-976
-866
-642
-275
-1
141
120
102
191
298
458
583
726
840
873
911
1026
1135
1104
954
998
1347
1684
1753
1653
1702
1857
1948
1919
1832
1698
1506
1391
1399
1488
1467
1222
777
356
175
179
178
17
-183
-402
-679
-916
-1032
-1046
-1110
-1278
-1494
-1683
-1745
-1586
-1324
-1271
-1472
-1663
-1551
-1274
-1120
-1067
-958
-768
-541
-335
-166
-123
-260
-249
84
572
846
762
619
594
702
912
1057
1035
886
804
1003
1298
1478
1479
1365
1273
1262
1357
1426
1369
1287
1281
1299
1177
962
736
503
277
90
-12
-178
-461
-721
-887
-1027
-1228
-1373
-1396
-1432
-1598
-1839
-1935
-1836
-1737
-1793
-1941
-1978
-1876
-1800
-1832
-1807
-1642
-1478
-1440
-1522
-1551
-1434
-1230
-1042
-947
-907
-867
-761
-634
-533
-445
-447
-504
-413
-48
441
739
759
748
773
908
1163
1427
1570
1464
1420
1690
1973
1996
1785
1600
1518
1423
1499
1649
1624
1390
1197
1228
1259
1206
1133
1030
824
680
651
583
418
190
71
-86
-313
-458
-594
-793
-1036
-1188
-1274
-1375
-1494
-1574
-1686
-1823
-1843
-1828
-1816
-1803
-1663
-1363
-1121
-939
-754
-668
-643
-551
-215
283
555
616
643
755
943
1028
1137
1289
1350
1406
1549
1741
1843
1769
1733
1850
1903
1795
1661
1687
1831
1909
1846
1702
1485
1325
1264
1234
1201
970
702
565
504
556
426
84
-319
-681
-754
-730
-808
-1093
-1499
-1787
-1888
-1872
-1860
-1948
-2160
-2273
-2236
-1999
-1738
-1730
-1880
-2016
-1915
-1587
-1275
-1123
-1163
-1219
-1166
-988
-749
-604
-537
-519
-494
-448
-305
-81
-6
-68
-147
-143
1
207
501
859
1075
1168
1114
973
1004
1209
1455
1458
1161
1004
1064
1136
1130
1027
981
794
562
597
693
744
684
625
579
381
194
141
122
-7
-166
-329
-449
-543
-596
-578
-768
-1073
-1316
-1349
-1147
-969
-981
-1218
-1482
-1517
-1314
-1181
-1208
-1418
-1638
-1543
-1158
-680
-480
-584
-627
-463
-142
199
397
523
626
799
1151
1411
1477
1419
1441
1690
1905
1945
1855
1708
1675
1753
1875
1946
1829
1567
1399
1411
1587
1722
1652
1539
1363
1228
1137
1025
940
763
573
447
243
-64
-388
-563
-598
-728
-954
-1207
-1433
-1548
-1550
-1443
-1401
-1572
-1862
-2048
-2012
-1788
-1622
-1657
-1773
-1803
-1644
-1431
-1298
-1251
-1234
-1194
-1107
-927
-716
-564
-503
-486
-428
-304
-162
-44
4
71
160
166
76
-56
-70
86
338
535
564
519
550
659
760
820
825
756
642
674
864
987
919
669
421
237
181
327
406
273
70
57
179
117
-79
-209
-232
-320
-403
-335
-247
-267
-376
-435
-537
-691
-782
-769
-721
-791
-957
-1099
-1104
-1018
-942
-968
-1011
-1026
-1036
-927
-672
-301
-69
-47
-3
182
428
645
787
892
928
904
1015
1276
1517
1554
1411
1305
1313
1431
1580
1661
1680
1659
1640
1626
1608
1594
1585
1534
1406
1301
1284
1302
1216
1028
835
649
471
275
142
136
103
-21
-203
-369
-522
-772
-966
-1018
-981
-954
-1063
-1188
-1265
-1273
-1221
-1230
-1337
-1503
-1570
-1498
-1303
-1100
-1006
-996
-1018
-968
-861
-698
-541
-449
-408
-414
-325
-207
-181
-216
-223
-159
-137
-204
-293
-274
-171
-96
44
278
521
626
639
664
622
629
690
740
646
530
721
920
846
532
306
291
204
206
310
312
188
118
277
352
156
-65
-89
-101
-184
-217
-250
-309
-391
-349
-292
-407
-609
-789
-843
-851
-902
-990
-1110
-1209
-1183
-1046
-909
-939
-1140
-1229
-1041
-706
-496
-506
-513
-393
-176
40
186
285
329
383
594
897
1106
1149
1092
1150
1336
1524
1683
1765
1782
1707
1611
1607
1636
1642
1641
1616
1571
1563
1545
1512
1398
1233
1068
865
752
650
586
533
391
279
137
6
-147
-379
-500
-543
-529
-545
-666
-787
-875
-879
-922
-1032
-1168
-1304
-1356
-1311
-1234
-1198
-1220
-1270
-1252
-1141
-1009
-917
-924
-963
-924
-790
-598
-503
-559
-670
-700
-645
-614
-622
-630
-671
-729
-743
-588
-280
-8
156
165
170
146
89
175
332
437
347
241
363
484
465
240
-3
-155
-269
-94
121
100
-104
-183
36
157
110
21
-98
-303
-480
-483
-477
-564
-622
-493
-421
-588
-809
-958
-983
-988
-1015
-1070
-1168
-1181
-1063
-890
-831
-912
-1050
-1146
-1074
-829
-582
-491
-462
-351
-172
2
138
302
503
725
918
1030
1082
1125
1256
1487
1676
1734
1725
1741
1830
1914
1898
1813
1690
1530
1452
1482
1543
1523
1393
1311
1314
1308
1233
1114
1018
907
752
625
534
491
449
351
187
-40
-263
-410
-473
-470
-506
-613
-687
-692
-648
-647
-713
-766
-822
-888
-917
-936
-933
-910
-796
-596
-473
-458
-510
-508
-425
-306
-196
-155
-184
-237
-252
-254
-249
-232
-227
-239
-340
-464
-467
-205
254
586
633
426
277
195
253
528
693
547
164
197
673
873
636
248
114
71
56
310
384
96
-127
173
620
444
5
-106
-43
-169
-307
-244
-226
-316
-255
-55
-196
-590
-754
-640
-491
-571
-809
-1066
-1237
-1177
-1023
-982
-1117
-1311
-1376
-1196
-916
-786
-907
-1030
-862
-591
-389
-261
-146
4
170
389
598
672
614
625
826
1043
1042
947
1020
1194
1324
1295
1167
1060
974
1010
1114
1148
1058
936
988
1159
1231
1144
969
839
782
745
713
654
573
488
467
470
352
150
-55
-142
-218
-345
-436
-490
-441
-435
-439
-397
-446
-514
-595
-604
-536
-490
-444
-363
-311
-304
-305
-257
-108
20
114
119
58
49
69
124
140
77
-1
-51
0
41
-23
-161
-342
-451
-522
-592
-642
-615
-349
13
246
166
-179
-407
-491
-356
-154
-188
-409
-654
-423
-28
-1
-239
-546
-587
-598
-558
-285
-222
-320
-307
55
353
175
-5
33
80
-41
-100
-83
-156
-181
-22
139
-100
-449
-539
-413
-318
-454
-674
-941
-1079
-967
-767
-663
-736
-852
-839
-641
-435
-365
-461
-491
-359
-228
-162
-98
90
337
475
454
358
247
185
210
286
404
454
527
660
785
913
959
937
872
856
959
1065
1081
1067
1083
1151
1209
1143
988
826
771
763
738
706
670
621
512
442
422
405
299
177
91
-48
-125
-175
-174
-186
-274
-265
-266
-255
-244
-257
-245
-297
-317
-304
-268
-196
-171
-132
-59
8
50
15
-33
-26
29
30
8
3
-22
-119
-179
-135
-140
-250
-420
-506
-551
-619
-673
-726
-769
-811
-804
-722
-621
-554
-517
-490
-500
-574
-620
-613
-597
-536
-489
-428
-414
-384
-222
-151
-160
-237
-257
-158
-116
18
146
252
338
363
439
422
363
289
204
144
139
185
173
120
138
223
194
64
-22
-112
-211
-306
-330
-336
-384
-391
-348
-313
-333
-397
-424
-413
-392
-340
-336
-372
-389
-361
-256
-131
-58
-48
-1
52
84
146
183
247
354
514
610
655
791
908
994
1025
1027
1026
969
925
956
1037
1096
1104
1043
995
966
918
865
729
607
539
489
434
327
296
296
224
95
-41
-85
-84
-114
-116
-125
-173
-221
-295
-300
-318
-347
-361
-410
-421
-444
-408
-354
-351
-286
-256
-178
-99
-48
75
149
272
328
339
361
322
368
408
387
376
377
376
317
197
123
122
130
132
21
-100
-223
-357
-404
-504
-614
-760
-933
-1030
-1084
-1106
-1177
-1282
-1332
-1371
-1381
-1371
-1421
-1452
-1368
-1269
-1234
-1286
-1307
-1262
-1169
-1040
-936
-853
-844
-806
-709
-584
-454
-353
-268
-180
-37
149
284
366
473
626
739
767
787
843
922
1003
1067
1113
1118
1095
1065
1016
953
854
770
725
707
705
680
609
505
441
456
491
512
471
386
314
306
333
321
278
223
141
40
-18
-36
-38
-77
-157
-224
-265
-242
-149
-73
-87
-100
-78
-37
14
31
72
64
17
17
55
126
157
149
134
100
77
76
71
79
127
190
233
245
271
327
351
354
312
271
271
325
373
377
353
343
393
427
441
442
414
398
384
423
424
394
403
402
422
400
358
329
245
187
185
179
166
68
-10
-75
-153
-190
-239
-279
-324
-433
-551
-641
-700
-770
-885
-968
-1028
-1100
-1167
-1221
-1310
-1383
-1452
-1524
-1554
-1559
-1556
-1566
-1592
-1580
-1530
-1471
-1450
-1458
-1455
-1388
-1321
-1228
-1071
-979
-924
-826
-677
-569
-529
-422
-265
-118
35
202
420
583
674
743
856
1002
1142
1298
1424
1497
1600
1709
1787
1825
1846
1859
1855
1827
1756
1728
1720
1665
1592
1562
1517
1386
1241
1145
1055
961
803
606
426
266
124
-10
-147
-293
-474
-672
-829
-945
-991
-1033
-1128
-1216
-1277
-1313
-1277
-1177
-1075
-1040
-1050
-1032
-976
-906
-786
-631
-528
-489
-435
-292
-121
44
199
309
399
512
659
824
1019
1192
1294
1369
1416
1492
1607
1669
1674
1614
1548
1494
1462
1454
1371
1233
1099
1017
903
759
645
513
339
154
22
-101
-279
-495
-698
-838
-965
-1090
-1228
-1388
-1570
-1752
-1862
-1939
-1988
-2046
-2145
-2185
-2192
-2155
-2070
-1994
-1913
-1860
-1829
-1750
-1649
-1526
-1380
-1221
-1029
-852
-695
-539
-379
-234
-102
56
238
423
578
748
936
1106
1244
1343
1441
1521
1560
1597
1616
1649
1673
1664
1630
1584
1517
1409
1339
1296
1253
1159
1033
933
800
673
532
400
286
139
5
-128
-297
-486
-655
-774
-878
-967
-1036
-1100
-1163
-1179
-1176
-1181
-1187
-1206
-1193
-1178
-1122
-1033
-989
-952
-866
-721
-556
-436
-399
-385
-333
-206
14
172
291
387
556
793
911
1014
1071
1108
1159
1192
1311
1365
1361
1326
1272
1313
1302
1285
1265
1207
1140
1031
944
880
808
715
596
461
370
306
262
192
-1
-219
-413
-527
-579
-626
-644
-715
-771
-803
-838
-863
-939
-1013
-1087
-1120
-1111
-1083
-1041
-1057
-1082
-1079
-1079
-1083
-1039
-977
-945
-950
-905
-774
-633
-484
-353
-234
-131
-62
13
61
108
175
249
332
370
404
436
435
443
417
354
298
262
228
171
150
191
241
267
260
261
288
326
362
367
347
313
268
237
234
260
313
360
331
251
165
68
1
-37
-26
-21
-38
-54
-77
-75
-92
-90
-108
-153
-199
-231
-203
-160
-95
-44
-12
5
-7
-28
-50
-30
40
105
131
101
96
126
149
147
139
135
118
115
119
131
143
171
190
202
253
298
354
383
381
379
388
425
469
506
515
485
455
428
385
317
230
170
121
58
-13
-93
-158
-181
-197
-221
-241
-293
-343
-365
-374
-384
-414
-454
-525
-591
-631
-649
-667
-697
-733
-757
-712
-660
-650
-633
-597
-525
-481
-443
-370
-280
-194
-158
-131
-72
-2
64
106
137
174
228
284
350
427
475
493
522
584
676
749
763
757
748
737
721
671
614
557
506
470
411
352
288
200
129
78
29
-6
-37
-94
-153
-202
-233
-293
-397
-493
-578
-651
-722
-787
-828
-877
-934
-978
-983
-971
-966
-952
-920
-865
-810
-744
-680
-622
-558
-482
-380
-307
-219
-120
-85
-69
-18
64
136
229
314
372
419
497
573
617
688
767
828
877
912
938
961
994
1047
1085
1090
1044
984
924
881
839
793
745
666
604
561
529
509
423
308
210
125
41
-66
-154
-213
-270
-324
-389
-450
-505
-551
-614
-677
-708
-729
-727
-755
-787
-788
-787
-789
-811
-833
-820
-774
-715
-704
-712
-676
-580
-484
-389
-330
-294
-231
-178
-101
-5
74
134
158
176
226
290
356
386
425
478
505
536
541
535
529
549
609
636
610
572
536
531
562
586
589
557
524
526
523
486
453
426
380
326
281
242
179
111
48
-33
-112
-184
-271
-332
-377
-406
-426
-474
-496
-502
-509
-541
-604
-635
-644
-626
-599
-592
-614
-621
-599
-568
-532
-487
-447
-413
-377
-339
-305
-263
-212
-170
-120
-53
13
76
133
187
231
274
342
416
475
533
591
658
709
734
768
800
830
858
845
814
792
785
779
746
712
663
576
511
472
432
379
308
232
163
109
45
-27
-105
-148
-178
-229
-290
-354
-421
-487
-553
-624
-696
-772
-821
-855
-887
-919
-941
-956
-985
-1001
-986
-974
-957
-935
-912
-853
-794
-734
-696
-644
-574
-503
-419
-339
-249
-158
-77
-6
56
145
228
311
386
426
457
503
562
616
689
775
848
882
898
893
890
899
927
946
948
928
890
854
826
788
716
645
561
478
407
305
192
82
-20
-147
-270
-363
-442
-512
-578
-646
-709
-778
-853
-886
-907
-959
-1013
-1043
-1062
-1076
-1048
-1019
-1016
-986
-937
-867
-769
-674
-603
-563
-519
-425
-292
-174
-92
-23
63
147
233
341
432
495
569
665
776
876
942
985
1017
1042
1079
1116
1133
1109
1076
1062
1050
1036
1004
947
873
813
778
729
653
569
487
384
267
182
100
10
-74
-176
-277
-372
-445
-522
-617
-690
-755
-806
-852
-878
-890
-917
-953
-971
-950
-905
-854
-819
-774
-725
-672
-610
-576
-544
-500
-438
-342
-274
-213
-144
-81
-9
59
137
192
254
331
395
429
448
492
522
549
586
624
643
632
615
610
633
636
625
614
596
578
553
528
475
415
370
339
325
313
276
202
137
110
56
-32
-137
-254
-330
-375
-403
-414
-455
-519
-564
-570
-565
-559
-561
-586
-608
-610
-590
-560
-544
-554
-564
-561
-529
-485
-450
-405
-361
-304
-242
-179
-105
-49
-31
-3
36
102
192
266
321
356
410
483
555
622
675
705
714
723
737
729
708
699
702
679
654
611
559
514
452
416
384
351
298
249
190
108
34
-45
-116
-188
-257
-310
-340
-362
-400
-451
-505
-574
-620
-638
-672
-689
-684
-663
-652
-640
-612
-589
-563
-545
-521
-476
-418
-373
-329
-289
-262
-203
-128
-55
15
82
151
212
281
355
407
416
410
443
492
516
521
496
479
463
455
456
449
439
405
379
368
355
311
246
205
172
135
95
52
1
-60
-113
-170
-231
-271
-309
-343
-354
-374
-413
-471
-510
-522
-555
-580
-603
-622
-627
-628
-598
-539
-502
-505
-514
-490
-421
-333
-277
-265
-263
-228
-166
-115
-66
-10
43
91
130
169
209
235
253
268
289
336
365
373
377
390
393
387
392
397
399
385
353
311
280
255
250
257
258
244
206
171
131
89
48
26
0
-45
-84
-112
-143
-177
-207
-236
-250
-251
-238
-235
-238
-232
-221
-204
-199
-189
-172
-152
-137
-111
-67
-42
-30
-11
24
51
63
86
111
125
147
179
192
210
245
275
292
284
273
254
236
233
223
217
231
244
229
218
205
174
155
140
118
109
86
68
46
19
15
4
-13
-38
-58
-74
-85
-92
-93
-88
-81
-91
-119
-143
-147
-129
-126
-132
-130
-121
-112
-99
-95
-113
-135
-157
-170
-172
-174
-172
-185
-203
-205
-190
-179
-171
-157
-160
-167
-156
-137
-127
-120
-107
-105
-110
-100
-78
-65
-63
-70
-68
-62
-45
-7
19
39
69
93
126
152
169
210
251
272
268
283
320
340
363
377
386
384
390
401
404
407
395
372
353
352
333
315
288
257
217
161
124
87
54
25
-7
-50
-106
-155
-177
-193
-228
-280
-326
-351
-362
-355
-345
-354
-371
-373
-351
-334
-344
-361
-366
-364
-362
-329
-276
-221
-172
-133
-101
-76
-51
-20
9
34
62
94
131
180
259
335
380
389
394
406
426
448
451
434
404
386
380
383
387
386
367
344
329
306
285
253
201
142
91
53
14
-25
-63
-103
-133
-156
-176
-215
-267
-309
-345
-379
-403
-425
-462
-492
-517
-541
-561
-589
-610
-621
-609
-591
-585
-585
-572
-538
-501
-447
-392
-356
-331
-284
-220
-156
-100
-50
-11
19
66
122
170
208
236
266
292
304
321
354
375
391
410
426
440
452
468
470
453
441
440
434
420
384
348
312
268
235
199
151
98
52
17
-24
-73
-118
-165
-213
-254
-291
-313
-311
-309
-308
-317
-335
-359
-367
-351
-337
-328
-303
-273
-247
-226
-212
-191
-168
-143
-114
-82
-46
-5
25
53
82
103
122
142
171
202
245
288
340
387
414
438
443
443
458
456
456
451
434
414
399
395
368
331
301
274
242
211
194
170
130
91
50
-1
-45
-98
-139
-158
-162
-171
-188
-199
-219
-256
-295
-333
-358
-371
-391
-409
-428
-443
-449
-446
-432
-414
-388
-357
-331
-310
-279
-242
-216
-206
-203
-188
-160
-128
-98
-73
-56
-51
-38
-17
-4
9
33
51
64
80
89
96
98
102
106
123
138
154
160
169
188
188
191
198
198
190
191
212
216
211
207
203
195
180
157
132
114
104
105
89
68
60
38
12
-2
-18
-45
-66
-91
-116
-138
-153
-167
-182
-192
-203
-208
-216
-213
-215
-229
-243
-255
-255
-247
-237
-228
-222
-212
-193
-163
-124
-79
-34
2
36
70
106
136
169
203
226
248
274
311
337
362
382
397
404
402
404
409
409
401
400
396
393
381
363
347
314
273
243
218
168
116
72
25
-22
-68
-107
-148
-196
-248
-293
-320
-341
-365
-384
-389
-398
-409
-433
-446
-442
-435
-420
-412
-405
-394
-369
-348
-336
-323
-312
-304
-276
-240
-199
-159
-134
-105
-72
-32
3
29
66
111
153
180
202
222
249
266
271
284
301
312
312
313
309
299
291
279
273
275
268
242
204
160
116
82
33
-17
-48
-73
-103
-130
-156
-181
-201
-230
-245
-241
-227
-227
-239
-245
-248
-243
-246
-261
-258
-251
-238
-221
-208
-193
-172
-148
-114
-74
-33
2
30
63
104
139
168
199
238
273
297
321
335
343
343
339
334
326
318
312
302
286
273
253
229
210
199
193
186
173
148
121
96
76
59
42
20
-6
-28
-51
-79
-107
-138
-182
-218
-248
-273
-300
-330
-348
-357
-359
-359
-357
-360
-354
-341
-322
-291
-266
-249
-230
-196
-165
-136
-96
-50
-15
12
47
82
103
111
124
139
157
170
183
194
206
220
227
226
224
228
224
231
238
227
215
200
187
175
157
132
108
84
64
47
24
-5
-38
-69
-98
-129
-155
-178
-202
-226
-249
-273
-295
-316
-332
-340
-341
-330
-311
-295
-284
-273
-252
-225
-200
-181
-160
-136
-104
-75
-50
-27
-11
10
36
63
91
114
134
168
207
245
277
305
333
366
394
418
439
453
465
472
475
476
471
460
449
431
403
370
333
295
263
235
204
169
135
103
74
44
10
-29
-62
-93
-122
-144
-167
-186
-219
-258
-290
-309
-326
-341
-347
-349
-343
-338
-330
-326
-329
-335
-329
-312
-292
-270
-247
-223
-197
-171
-147
-122
-99
-80
-52
-18
14
43
69
104
134
156
182
202
214
226
240
245
243
242
238
236
228
219
214
208
196
181
171
160
140
116
99
88
73
55
32
4
-23
-47
-68
-88
-105
-130
-153
-171
-181
-191
-203
-211
-214
-214
-221
-219
-215
-206
-200
-194
-190
-187
-174
-164
-154
-141
-128
-113
-102
-94
-81
-59
-35
-15
-1
14
33
47
62
79
94
111
126
136
146
152
153
150
153
160
159
161
170
175
179
185
188
191
190
187
184
179
170
169
170
161
148
132
118
104
86
73
55
35
13
-8
-25
-49
-69
-80
-86
-98
-110
-119
-126
-130
-137
-143
-149
-160
-167
-172
-173
-181
-186
-188
-193
-198
-210
-217
-217
-208
-204
-197
-185
-180
-181
-174
-163
-146
-120
-94
-73
-49
-32
-14
11
35
57
75
95
111
120
130
144
157
168
177
183
192
198
207
214
216
214
210
208
205
201
198
193
192
181
171
162
150
135
114
90
66
43
26
1
-27
-54
-82
-109
-140
-168
-197
-223
-235
-253
-274
-290
-302
-307
-312
-314
-313
-310
-307
-297
-279
-266
-263
-254
-237
-219
-197
-174
-149
-127
-113
-98
-75
-45
-16
17
47
73
97
124
151
172
200
233
267
297
321
338
355
372
382
388
397
404
404
402
390
370
345
322
307
287
261
231
200
170
140
109
75
42
8
-25
-45
-65
-96
-129
-164
-193
-220
-243
-261
-283
-303
-317
-323
-328
-333
-343
-347
-346
-343
-336
-326
-313
-300
-278
-251
-226
-200
-175
-150
-128
-107
-88
-64
-35
-4
32
68
103
134
160
181
202
214
219
231
238
252
261
264
263
253
246
238
223
204
185
164
143
124
109
95
71
41
18
1
-14
-38
-62
-85
-101
-115
-136
-153
-170
-190
-208
-219
-227
-234
-239
-242
-234
-224
-214
-203
-195
-190
-180
-167
-154
-140
-124
-98
-71
-49
-25
-4
17
38
54
68
90
109
121
133
147
159
166
172
172
169
165
165
163
158
156
155
154
157
157
153
146
139
132
128
118
105
95
90
83
76
64
43
16
-8
-24
-33
-42
-55
-66
-75
-79
-85
-93
-103
-109
-113
-115
-116
-119
-121
-120
-117
-106
-97
-91
-86
-77
-65
-55
-47
-45
-43
-37
-25
-18
-17
-16
-9
-1
7
15
26
35
35
40
44
47
50
54
62
70
76
78
78
75
71
64
58
52
48
43
37
32
25
16
5
-5
-10
-9
-11
-17
-24
-31
-32
-31
-31
-28
-32
-36
-40
-44
-43
-42
-45
-51
-55
-57
-64
-73
-81
-86
-84
-81
-79
-74
-75
-70
-62
-57
-47
-40
-30
-15
-3
5
14
24
34
48
63
75
89
102
107
112
118
128
137
146
156
164
171
173
171
164
161
157
157
156
153
146
138
129
122
115
108
98
85
76
69
59
45
32
18
6
-8
-25
-41
-57
-72
-86
-98
-115
-131
-145
-155
-161
-164
-166
-168
-168
-162
-157
-156
-154
-150
-140
-123
-110
-95
-83
-71
-59
-48
-33
-17
-3
7
16
27
37
46
54
63
74
87
94
101
112
120
131
137
141
143
142
142
138
131
127
118
107
95
84
71
55
34
12
-11
-37
-56
-74
-91
-108
-125
-142
-156
-171
-184
-195
-202
-208
-212
-215
-215
-215
-212
-206
-197
-187
-179
-168
-162
-151
-141
-132
-118
-101
-84
-63
-43
-24
-3
19
43
64
85
105
124
144
162
181
197
209
219
228
237
244
248
250
248
242
235
226
216
207
195
181
167
151
134
116
98
80
63
45
24
5
-11
-27
-44
-61
-79
-95
-110
-121
-136
-149
-161
-171
-179
-184
-187
-191
-195
-196
-194
-191
-188
-182
-175
-165
-156
-143
-126
-110
-92
-73
-53
-35
-19
-2
14
31
49
67
81
94
105
115
125
133
139
145
151
155
158
157
156
154
153
151
147
143
137
132
122
115
105
93
80
67
53
37
22
6
-10
-24
-40
-56
-72
-85
-96
-108
-118
-127
-136
-143
-149
-153
-155
-157
-158
-158
-155
-152
-145
-139
-133
-127
-118
-108
-97
-85
-74
-65
-56
-47
-37
-30
-21
-12
-3
9
21
34
47
60
71
83
93
102
112
120
128
135
140
146
150
154
158
159
160
159
157
155
153
151
147
141
134
128
120
115
109
102
95
85
77
68
59
48
39
29
19
8
1
-7
-17
-26
-35
-43
-50
-59
-67
-74
-80
-86
-90
-94
-94
-93
-92
-91
-89
-87
-85
-83
-78
-74
-71
-67
-62
-58
-52
-47
-41
-36
-30
-23
-18
-15
-10
-7
-1
6
14
21
27
32
36
41
47
52
55
59
59
59
59
59
57
52
49
43
35
28
20
13
7
-1
-9
-18
-28
-37
-44
-53
-61
-67
-78
-88
-96
-105
-112
-116
-122
-126
-130
-136
-140
-143
-146
-149
-151
-155
-157
-156
-155
-153
-149
-145
-141
-135
-128
-121
-114
-105
-97
-90
-81
-73
-64
-56
-45
-38
-31
-23
-16
-12
-6
1
7
14
22
29
36
40
46
51
56
61
65
68
69
72
73
74
75
76
76
76
76
74
70
66
59
53
47
41
37
32
26
19
14
11
8
6
2
-3
-7
-10
-13
-17
-18
-20
-21
-21
-21
-22
-21
-21
-21
-20
-22
-20
-20
-18
-15
-9
-2
4
8
13
17
21
24
26
31
37
42
50
57
61
66
71
76
81
85
85
86
89
93
96
100
102
102
102
100
99
97
95
91
87
82
79
77
76
75
73
70
65
59
53
45
37
30
25
21
16
12
8
3
-2
-6
-11
-17
-24
-33
-38
-44
-47
-47
-48
-47
-48
-48
-46
-44
-43
-41
-37
-32
-29
-24
-20
-14
-8
-2
5
13
20
27
33
40
45
51
59
66
72
76
81
87
93
95
97
98
98
97
97
96
94
90
88
85
82
78
73
65
56
47
38
30
20
11
3
-4
-11
-17
-23
-32
-41
-52
-62
-71
-78
-81
-83
-83
-84
-83
-85
-85
-85
-86
-87
-87
-83
-81
-77
-73
-69
-64
-58
-53
-48
-42
-35
-29
-22
-14
-5
2
7
9
13
15
21
26
31
32
30
27
27
27
27
25
23
19
14
11
12
12
10
2
-6
-16
-26
-32
-34
-36
-39
-45
-51
-59
-63
-67
-70
-72
-73
-75
-78
-79
-78
-76
-74
-73
-73
-73
-73
-71
-67
-62
-56
-51
-47
-42
-37
-35
-33
-29
-24
-19
-16
-14
-13
-11
-7
-4
-1
-1
-3
-7
-8
-8
-2
3
3
-1
-5
-10
-11
-10
-9
-6
-6
-8
-12
-16
-18
-19
-18
-21
-23
-25
-26
-26
-22
-16
-11
-9
-8
-8
-8
-8
-5
0
7
10
11
10
12
17
24
32
39
42
41
42
47
52
58
62
62
59
57
55
56
60
65
67
63
57
53
51
51
51
52
48
43
40
36
32
27
20
13
8
1
-3
-4
-6
-5
-7
-11
-18
-26
-31
-33
-35
-32
-26
-20
-17
-17
-19
-21
-19
-15
-10
-5
-1
1
3
6
13
20
23
18
13
10
13
22
33
42
43
41
37
35
35
37
39
39
39
36
36
35
39
43
45
43
37
31
27
27
29
33
34
30
24
18
15
16
19
20
17
13
8
6
9
14
15
11
5
-3
-5
-5
2
9
13
11
7
1
-2
-3
0
4
6
5
2
-1
-1
1
1
0
-4
-9
-10
-9
-5
-2
-1
-3
-5
-8
-11
-15
-19
-21
-18
-14
-9
-6
-8
-14
-21
-25
-25
-22
-20
-19
-19
-17
-12
-6
-1
1
-2
-5
-10
-10
-4
4
11
18
19
16
13
12
14
18
20
19
18
18
21
25
27
27
22
16
10
4
4
7
12
15
13
6
-2
-9
-15
-16
-18
-17
-16
-18
-21
-23
-23
-22
-25
-35
-46
-57
-61
-53
-42
-31
-29
-35
-48
-56
-59
-53
-45
-39
-38
-40
-42
-41
-36
-31
-29
-31
-35
-35
-31
-21
-8
0
1
0
-5
-4
1
8
16
20
21
20
23
29
36
38
37
30
25
23
24
30
36
38
34
28
26
25
25
21
15
7
1
1
4
7
6
0
-10
-20
-25
-28
-24
-19
-18
-19
-21
-23
-21
-21
-22
-26
-31
-33
-29
-20
-8
-1
-1
-8
-13
-12
-5
3
7
6
2
2
6
15
25
27
25
18
9
9
17
27
34
33
24
15
13
16
23
25
18
8
-1
-4
1
7
12
10
4
-2
-7
-7
-6
-3
-5
-12
-16
-16
-11
-4
-3
-4
-13
-21
-23
-19
-11
-6
-5
-7
-12
-12
-9
0
3
5
7
6
7
8
12
17
17
17
18
17
19
17
16
18
17
21
23
22
21
17
11
7
7
7
9
11
10
9
5
0
-2
-2
2
5
6
4
0
-5
-7
-6
1
9
13
7
-1
-9
-12
-5
5
16
19
12
2
-9
-10
0
12
23
23
15
4
-2
-1
5
15
17
12
1
-11
-14
-11
-4
4
5
1
-8
-15
-19
-21
-20
-20
-23
-21
-20
-17
-18
-18
-19
-21
-19
-17
-14
-13
-17
-21
-27
-25
-17
-6
2
3
2
-6
-10
-8
-3
7
15
18
16
8
6
5
11
17
21
25
24
20
16
11
15
20
25
30
28
24
13
6
6
12
24
31
28
12
-9
-22
-23
-9
11
20
11
-14
-36
-47
-39
-15
3
10
-1
-24
-43
-51
-39
-20
-3
-1
-11
-28
-39
-35
-21
-5
6
1
-9
-17
-22
-18
-9
0
8
9
10
6
6
6
10
13
17
20
21
22
22
21
20
20
23
30
35
39
35
25
16
9
9
17
25
27
20
5
-11
-19
-14
-4
10
14
8
-7
-25
-32
-26
-10
10
18
10
-12
-32
-40
-32
-13
7
17
8
-12
-29
-36
-28
-11
4
10
-1
-19
-34
-38
-26
-9
7
12
5
-7
-21
-28
-25
-10
7
18
17
8
-5
-15
-17
-10
1
9
10
0
-14
-28
-31
-23
-7
6
12
2
-14
-30
-32
-18
1
18
22
14
-3
-16
-17
-5
14
28
30
20
3
-10
-13
-7
7
15
17
9
-1
-9
-11
-5
5
17
26
25
20
12
8
11
17
27
32
35
28
18
7
-1
0
7
15
19
13
1
-17
-27
-27
-17
-2
6
8
-1
-13
-24
-23
-9
11
25
28
14
-5
-22
-24
-13
6
21
22
6
-16
-34
-35
-20
0
13
12
-3
-18
-26
-17
5
28
39
35
24
10
6
12
26
39
40
34
20
10
5
4
8
14
16
14
8
0
-6
-9
-9
-5
1
4
5
2
-7
-13
-15
-10
0
8
11
1
-13
-26
-33
-27
-18
-9
-9
-19
-36
-53
-60
-55
-42
-28
-24
-30
-40
-46
-42
-29
-10
2
5
0
-9
-15
-13
-6
7
18
23
19
10
0
-7
-5
3
13
21
21
15
6
0
1
8
21
27
27
22
12
9
12
26
43
53
51
37
21
8
5
11
24
32
27
10
-8
-18
-15
-6
2
2
-4
-11
-17
-16
-6
4
11
12
8
4
0
0
1
1
4
5
6
7
6
4
-4
-9
-11
-9
-3
1
3
0
-5
-10
-10
-3
6
15
16
10
3
-4
0
11
24
30
27
16
-1
-7
-4
6
17
17
8
-8
-23
-28
-22
-11
1
0
-6
-18
-24
-22
-13
-2
4
1
-6
-13
-12
-6
3
9
8
3
-4
-10
-13
-12
-9
-9
-7
-10
-15
-17
-18
-18
-17
-18
-16
-16
-13
-9
-6
-7
-11
-12
-11
-4
2
7
5
-3
-11
-17
-16
-11
-5
-3
-8
-17
-24
-24
-16
-5
0
1
-5
-12
-13
-8
4
16
20
17
13
9
10
17
25
29
27
19
11
6
9
14
17
15
7
-1
-5
-4
1
5
7
5
1
0
2
8
13
13
12
7
4
6
11
15
13
5
-2
-8
-6
-1
1
-1
-10
-18
-26
-25
-21
-13
-8
-11
-16
-17
-16
-9
-4
1
1
-4
-5
-4
-1
5
9
10
9
5
2
0
1
2
4
4
3
4
3
2
2
4
6
11
15
16
17
18
17
18
19
23
24
20
15
9
3
2
3
4
3
-1
-9
-16
-16
-12
-8
-5
-7
-11
-14
-14
-8
-2
4
5
0
-8
-12
-11
-7
-1
1
-3
-9
-12
-13
-7
-5
-4
-7
-13
-15
-12
-6
0
3
1
-4
-6
-3
4
13
19
22
18
13
13
16
22
27
26
20
10
6
5
6
11
14
10
3
-2
-5
0
7
11
11
5
0
-2
0
8
17
19
17
9
1
-1
4
10
14
11
3
-5
-9
-9
-6
-1
-2
-7
-11
-14
-13
-8
-3
-1
-1
-3
-4
-3
-1
3
5
5
3
-2
-4
-4
-3
-2
-6
-10
-16
-20
-21
-18
-13
-13
-17
-20
-22
-22
-17
-12
-9
-10
-14
-15
-13
-7
-2
1
-1
-5
-8
-9
-5
2
6
5
-1
-9
-11
-8
-3
1
2
-1
-5
-6
-3
2
9
12
11
9
7
8
12
17
19
19
14
12
10
11
14
15
9
1
-5
-7
-4
3
9
8
2
-4
-6
-3
2
8
11
8
2
-2
1
9
17
19
14
5
0
-1
5
14
16
12
3
-6
-10
-6
3
10
12
6
-1
-3
1
10
20
21
14
7
2
5
13
22
23
15
4
-3
-3
4
11
15
8
-3
-13
-13
-7
1
5
0
-9
-18
-20
-12
0
10
10
1
-9
-15
-11
0
8
9
1
-11
-18
-18
-6
5
9
3
-9
-18
-18
-10
4
9
4
-5
-13
-13
-8
1
10
12
6
-2
-6
-3
2
9
11
7
-1
-9
-8
-4
2
5
4
-3
-10
-12
-9
-5
-2
-4
-7
-10
-10
-7
-2
1
2
1
0
-1
-1
-1
-2
-3
-3
-2
-3
-3
-5
-3
-3
-2
-1
2
5
4
3
3
4
8
11
13
12
12
11
9
9
10
10
8
4
2
1
3
6
8
8
4
-2
-3
-2
2
5
5
0
-7
-9
-8
-4
2
4
0
-5
-11
-12
-7
2
5
2
-4
-11
-13
-11
-4
2
2
-2
-9
-12
-10
-4
3
6
5
0
-5
-4
3
6
8
4
-4
-7
-8
-2
4
7
5
-1
-5
-6
-2
3
5
6
3
-1
-3
-3
-1
2
2
-1
-6
-9
-11
-10
-7
-6
-7
-9
-10
-11
-9
-7
-5
-7
-11
-15
-17
-17
-14
-11
-8
-6
-7
-10
-12
-13
-12
-9
-6
-5
-6
-10
-11
-11
-8
-2
3
6
6
2
-2
-4
1
6
10
10
6
-1
-2
1
7
12
12
10
7
5
8
12
15
15
11
7
4
2
5
12
14
15
10
5
4
7
12
15
14
9
5
4
6
12
15
12
9
3
1
2
8
13
13
10
5
0
1
7
11
12
7
0
-5
-5
0
7
11
11
5
-2
-3
2
7
10
9
5
0
-3
-3
-1
4
7
5
-1
-8
-9
-8
-3
1
1
-1
-6
-9
-7
-4
2
5
2
-5
-11
-15
-13
-9
-6
-7
-10
-14
-16
-14
-10
-9
-9
-12
-15
-14
-10
-7
-5
-4
-6
-9
-10
-10
-8
-6
-6
-6
-8
-12
-14
-15
-13
-7
-5
-6
-10
-12
-14
-14
-11
-7
-6
-9
-12
-12
-9
-4
2
7
6
1
-2
-4
0
6
12
15
12
6
3
5
12
16
19
16
8
3
3
10
16
20
18
13
6
5
7
11
13
13
10
5
3
4
6
10
11
9
1
-2
-6
-4
0
3
6
5
4
1
-1
1
4
7
8
7
5
2
5
8
13
14
14
9
2
-3
-3
1
8
9
5
-3
-8
-10
-5
2
4
2
-6
-15
-18
-15
-6
1
4
1
-4
-9
-9
-4
5
9
6
-1
-6
-8
-4
4
7
6
-1
-9
-15
-17
-10
-4
0
-3
-11
-17
-20
-15
-5
2
3
-3
-11
-16
-16
-8
-1
1
-4
-13
-18
-17
-10
-3
-1
-6
-16
-23
-23
-15
-4
1
1
-7
-17
-21
-18
-6
6
12
9
2
-2
-1
4
13
16
14
11
4
2
5
11
17
19
14
8
2
2
6
12
18
19
16
13
11
11
15
20
23
23
21
15
13
11
14
20
20
17
13
7
3
4
4
3
1
-2
-4
-5
-4
-1
0
1
-4
-6
-5
-3
4
10
13
12
10
9
8
10
13
16
16
10
5
3
0
0
-2
-7
-12
-19
-25
-25
-21
-14
-10
-13
-18
-21
-20
-12
-3
5
7
5
-2
-8
-8
-2
3
4
3
-1
-7
-10
-9
-7
-6
-9
-15
-23
-23
-18
-11
-4
-2
-2
-5
-5
-1
7
14
15
12
7
4
4
7
9
6
-2
-12
-18
-19
-18
-14
-14
-20
-29
-36
-35
-29
-20
-15
-13
-15
-17
-12
-4
7
18
22
24
18
15
17
24
29
31
28
21
15
13
14
17
16
11
2
-5
-10
-9
-4
1
4
4
2
1
5
12
21
23
22
16
10
6
6
11
14
11
3
-9
-18
-22
-20
-15
-11
-12
-16
-23
-23
-16
-6
5
13
17
19
19
25
34
44
50
48
42
35
29
28
30
28
21
11
-3
-17
-26
-28
-27
-27
-32
-40
-48
-50
-46
-38
-29
-25
-25
-28
-27
-21
-12
-5
1
-1
-5
-10
-12
-10
-5
-3
-7
-14
-21
-22
-22
-18
-15
-15
-18
-20
-17
-10
0
9
17
18
18
20
24
30
34
34
31
24
15
9
3
-2
-5
-12
-23
-34
-44
-48
-47
-46
-48
-50
-52
-52
-46
-37
-24
-13
-5
-1
3
14
25
40
52
57
55
53
50
50
52
53
50
43
32
21
16
17
20
22
20
14
7
3
5
12
19
23
20
13
5
3
5
10
11
6
-6
-19
-26
-26
-23
-20
-22
-29
-35
-37
-32
-22
-9
0
5
7
11
18
33
49
61
66
65
62
60
61
67
70
66
56
40
23
13
6
0
-7
-20
-35
-47
-58
-61
-60
-59
-59
-62
-64
-63
-55
-45
-36
-30
-28
-29
-28
-22
-11
-1
4
3
0
-4
-4
-1
5
11
13
12
9
8
10
15
21
22
20
16
15
16
18
21
20
14
6
-5
-13
-18
-23
-29
-36
-46
-55
-61
-64
-63
-58
-57
-57
-54
-53
-46
-37
-22
-9
2
10
18
27
37
47
57
64
65
66
64
62
62
63
61
56
49
40
33
26
21
18
12
5
-1
-7
-11
-13
-13
-13
-15
-21
-26
-29
-28
-24
-20
-18
-19
-22
-22
-19
-13
-5
0
2
2
3
7
14
23
30
34
38
39
44
49
54
57
58
53
49
45
43
41
37
30
19
6
-3
-11
-16
-21
-26
-36
-45
-49
-50
-49
-46
-44
-46
-47
-47
-41
-33
-24
-16
-12
-8
-6
-3
1
6
12
13
12
11
13
16
19
20
18
13
10
8
8
9
8
7
3
-1
-5
-9
-13
-18
-22
-27
-30
-30
-30
-30
-32
-32
-33
-34
-32
-32
-31
-28
-25
-20
-16
-11
-6
-4
-3
-1
3
10
15
21
26
29
31
31
31
32
32
33
31
26
23
22
22
19
16
12
6
-1
-5
-7
-9
-13
-16
-21
-23
-22
-22
-18
-17
-17
-17
-16
-12
-5
3
8
11
13
17
19
22
23
26
26
25
25
26
25
24
20
15
10
4
1
-1
-1
-2
-5
-6
-10
-13
-15
-16
-16
-15
-14
-13
-14
-12
-13
-11
-10
-8
-6
-4
-4
-2
-1
1
3
5
6
9
11
12
12
12
14
15
17
19
19
18
15
14
12
10
9
4
-3
-10
-17
-22
-26
-28
-31
-33
-36
-37
-36
-36
-33
-32
-31
-30
-26
-21
-16
-9
-3
2
7
10
16
25
32
37
38
36
33
31
31
29
30
28
22
13
7
5
2
-1
-6
-11
-13
-16
-19
-20
-23
-27
-31
-35
-39
-39
-39
-36
-33
-28
-24
-21
-16
-9
-3
4
7
9
13
18
22
27
29
30
31
32
34
36
39
42
44
44
43
39
33
25
19
14
7
-2
-12
-20
-27
-33
-37
-41
-45
-47
-52
-54
-52
-51
-51
-51
-52
-49
-45
-41
-34
-27
-20
-11
-2
5
12
19
27
34
39
44
45
46
45
44
44
41
38
34
30
27
24
19
14
7
-1
-10
-17
-23
-27
-30
-35
-42
-51
-58
-61
-59
-55
-51
-50
-50
-47
-41
-37
-30
-22
-14
-8
-7
-5
0
6
12
18
23
27
32
37
41
44
47
49
48
48
47
45
43
38
30
21
13
6
0
-5
-11
-19
-26
-36
-45
-51
-56
-57
-60
-63
-64
-65
-63
-58
-53
-44
-37
-28
-18
-7
4
15
26
35
42
48
55
59
63
65
64
62
59
58
54
50
44
38
29
22
15
10
3
-4
-13
-20
-27
-34
-37
-39
-42
-45
-49
-51
-50
-49
-47
-46
-45
-43
-40
-37
-33
-29
-24
-21
-15
-6
6
17
24
30
36
44
53
60
67
73
75
74
69
64
58
49
40
32
23
16
3
-9
-21
-33
-42
-49
-57
-63
-70
-75
-76
-76
-73
-71
-66
-61
-53
-40
-27
-16
-6
2
12
21
29
35
42
47
52
55
57
59
56
56
55
51
52
52
51
47
40
33
28
24
22
19
14
5
-2
-6
-11
-16
-24
-31
-38
-44
-48
-50
-51
-52
-52
-51
-48
-41
-33
-25
-15
-6
5
18
32
44
55
63
70
76
79
83
84
85
81
78
74
67
58
45
34
23
11
1
-10
-19
-26
-34
-42
-48
-53
-55
-56
-56
-53
-49
-45
-41
-37
-31
-26
-21
-17
-13
-10
-5
-5
-1
3
7
12
16
22
25
25
27
31
32
33
34
35
36
33
32
29
23
19
15
10
4
-6
-14
-25
-36
-43
-49
-55
-59
-66
-72
-76
-80
-75
-71
-65
-58
-51
-44
-36
-30
-20
-11
-2
8
15
22
26
29
32
34
34
33
30
27
24
20
15
8
4
0
-4
-8
-10
-14
-17
-19
-21
-18
-15
-11
-11
-11
-13
-14
-13
-10
-6
-2
-4
-5
-8
-12
-13
-11
-8
-6
-6
-4
-4
-1
2
5
9
13
19
27
32
34
34
34
33
31
31
31
29
26
21
14
5
-1
-6
-8
-10
-14
-19
-24
-28
-30
-32
-32
-29
-22
-17
-12
-8
-4
-2
2
10
17
22
24
26
26
25
23
21
19
19
18
15
12
7
4
-2
-4
-4
-3
-3
-5
-8
-10
-9
-7
-4
-2
3
7
5
3
0
-4
-6
-7
-7
-7
-9
-11
-13
-17
-20
-20
-19
-16
-15
-11
-10
-11
-9
-8
-3
5
12
17
19
17
15
13
12
12
13
12
6
0
-7
-13
-17
-16
-18
-17
-17
-16
-16
-18
-21
-21
-18
-13
-7
0
4
6
9
9
13
17
21
25
28
30
30
25
21
17
15
16
17
17
15
11
5
0
0
1
5
11
12
9
6
4
4
6
10
14
16
15
12
7
3
-3
-4
-6
-6
-6
-8
-11
-13
-11
-11
-8
-3
2
6
9
10
8
11
13
18
23
27
28
24
16
8
3
1
0
0
0
-1
-7
-16
-24
-28
-28
-28
-26
-22
-20
-21
-24
-28
-28
-24
-17
-12
-7
-5
-5
-5
-3
-1
2
7
10
12
11
7
2
2
3
6
10
8
4
0
-5
-10
-12
-11
-9
-7
-8
-9
-12
-16
-18
-19
-15
-9
-8
-7
-8
-11
-14
-17
-15
-14
-12
-11
-12
-14
-16
-15
-11
-6
-4
2
6
8
9
9
10
11
15
18
19
21
19
15
11
11
11
10
8
6
2
-2
-10
-15
-17
-16
-14
-12
-11
-11
-11
-12
-10
-6
-3
4
6
9
10
8
7
10
14
18
21
22
21
21
20
16
13
12
13
13
12
7
6
6
5
6
8
11
11
10
9
7
7
8
9
9
11
11
8
4
0
-1
-2
-2
-1
-1
0
-2
-5
-8
-9
-7
-4
-3
-2
0
1
1
1
2
3
6
9
9
7
2
-3
-10
-12
-11
-9
-10
-12
-16
-19
-21
-25
-23
-20
-15
-13
-15
-16
-17
-15
-14
-12
-8
-4
-1
1
0
1
0
-1
1
3
5
3
-2
-8
-9
-9
-7
-8
-5
2
6
8
6
7
