10
13
16
19
16
14
17
21
23
23
22
20
19
21
23
20
17
15
16
14
14
16
16
12
8
0
-13
-22
-24
-18
-14
-21
-22
-18
-21
-23
-26
-20
-14
-5
-1
-8
-18
-29
-24
-21
-23
-14
-7
6
19
25
22
21
18
11
12
4
1
7
20
36
48
52
51
57
56
55
49
36
32
26
16
7
-6
-16
-19
-5
2
6
5
-5
-13
-27
-36
-43
-59
-76
-82
-76
-57
-41
-39
-42
-54
-63
-68
-79
-90
-103
-118
-126
-126
-112
-103
-112
-122
-121
-103
-72
-42
-26
-31
-31
-45
-57
-59
-57
-28
-1
20
22
11
4
7
20
9
-6
-18
-30
-20
-5
3
-10
-27
-22
9
43
69
74
48
28
34
43
31
8
-1
3
22
37
42
29
16
22
45
68
82
96
88
74
70
66
64
57
56
63
63
76
72
60
56
44
17
-19
-33
-25
-22
-28
-21
-4
51
239
385
319
114
-64
-58
24
148
217
131
51
141
383
407
189
69
64
110
123
156
139
86
157
262
242
50
72
229
212
45
-169
-206
-145
-34
23
-97
-209
-210
-73
-10
-90
-199
-278
-264
-251
-280
-338
-300
-217
-214
-213
-222
-192
-174
-181
-183
-271
-334
-286
-181
-115
-133
-131
-80
-45
-50
-115
-193
-225
-231
-190
-127
-126
-160
-162
-121
-118
-182
-223
-203
-192
-223
-255
-245
-236
-253
-270
-296
-365
-436
-456
-438
-435
-514
-517
-390
-244
-63
65
84
-32
-146
-85
54
135
116
161
289
455
673
774
759
687
696
737
713
686
693
813
926
1051
1134
1127
1235
1332
1298
1101
874
774
712
720
696
596
493
455
520
490
332
151
1
-89
-153
-208
-276
-326
-354
-349
-307
-315
-310
-310
-352
-425
-575
-656
-660
-604
-504
-413
-298
-208
-137
-92
-106
-151
-202
-204
-160
-92
-7
88
178
239
264
259
263
241
199
158
142
148
154
174
191
187
184
181
146
95
13
-90
-164
-230
-299
-374
-441
-485
-569
-629
-668
-733
-790
-856
-918
-1005
-1118
-1191
-1260
-1312
-1334
-1341
-1335
-1320
-1336
-1407
-1479
-1523
-1560
-1540
-1485
-1439
-1404
-1396
-1326
-1175
-934
-581
-273
-166
-225
-276
-214
-98
59
194
296
393
642
977
1140
1157
1140
1192
1222
1231
1316
1378
1445
1562
1667
1718
1692
1782
1885
1851
1690
1446
1251
1186
1266
1316
1162
870
641
616
647
642
531
281
59
-82
-57
-75
-249
-385
-455
-414
-402
-410
-382
-413
-415
-451
-545
-687
-683
-483
-293
-185
-204
-155
-35
102
172
72
-17
6
170
370
475
542
585
680
802
865
854
851
901
924
924
919
946
978
927
838
692
540
456
400
378
291
156
16
-127
-264
-423
-565
-667
-754
-826
-941
-1074
-1216
-1391
-1542
-1661
-1775
-1853
-1862
-1892
-1989
-2090
-2188
-2245
-2300
-2392
-2497
-2665
-2719
-2599
-2435
-2233
-1751
-971
-599
-835
-1210
-1353
-1213
-947
-515
-307
-488
-375
508
1362
1199
782
801
1043
1144
1186
1434
1390
1327
1811
2345
2194
1799
2135
2636
2462
1838
1454
1365
1270
1402
1501
1178
745
767
1196
1230
761
231
-119
-210
-263
-357
-502
-620
-577
-484
-399
-409
-510
-583
-548
-557
-817
-1093
-1095
-803
-504
-358
-171
78
273
351
353
273
130
119
339
595
696
739
1022
1407
1547
1498
1463
1468
1464
1473
1545
1598
1561
1627
1802
1825
1658
1535
1480
1410
1228
947
738
552
392
244
89
-62
-203
-328
-486
-669
-958
-1278
-1505
-1653
-1801
-1984
-2133
-2239
-2336
-2436
-2446
-2435
-2578
-2816
-3022
-3128
-3224
-3306
-3299
-3237
-3075
-2525
-1486
-765
-963
-1489
-1685
-1480
-1212
-822
-455
-523
-498
389
1596
1704
1180
1211
1656
1785
1575
1761
1954
1858
2267
2993
2995
2409
2554
3309
3315
2467
1795
1713
1655
1680
1859
1582
922
644
1091
1330
821
155
-259
-427
-607
-836
-1065
-1318
-1397
-1309
-1235
-1253
-1346
-1423
-1422
-1489
-1856
-2290
-2365
-2015
-1626
-1470
-1316
-1064
-824
-600
-410
-375
-564
-693
-472
-60
235
416
687
1073
1351
1463
1567
1614
1597
1578
1683
1911
1981
2023
2181
2341
2323
2179
2108
2105
2043
1834
1615
1357
1093
946
842
746
535
283
127
-17
-222
-592
-965
-1215
-1436
-1656
-1874
-2040
-2156
-2248
-2311
-2375
-2588
-2916
-3131
-3220
-3312
-3456
-3516
-3452
-3288
-2901
-2187
-1424
-1172
-1406
-1670
-1714
-1563
-1226
-752
-454
-385
-25
856
1627
1670
1529
1721
1887
1886
1950
2218
2337
2427
2890
3310
3231
3040
3322
3632
3294
2664
2262
2098
1978
2034
2052
1649
1161
1074
1303
1218
687
114
-339
-643
-851
-1039
-1231
-1443
-1551
-1550
-1519
-1565
-1693
-1807
-1883
-2071
-2415
-2611
-2489
-2164
-1887
-1698
-1501
-1276
-1006
-746
-623
-691
-833
-829
-587
-246
25
262
561
942
1289
1448
1521
1594
1614
1674
1797
1911
1988
2133
2359
2482
2383
2215
2197
2164
1969
1677
1355
1117
986
885
745
484
205
18
-111
-337
-698
-1110
-1466
-1712
-1982
-2259
-2480
-2611
-2711
-2863
-3048
-3306
-3580
-3848
-4005
-4043
-4015
-3470
-2526
-1842
-1900
-2313
-2416
-2243
-1841
-1466
-1238
-1383
-1359
-283
949
1351
1017
937
1327
1541
1770
2083
2234
2128
2450
3247
3454
3250
3496
4186
4351
3699
3192
3008
2933
2968
3037
2759
2023
1703
2050
2315
1881
1000
329
-26
-207
-373
-662
-1030
-1335
-1367
-1257
-1207
-1360
-1625
-1717
-1829
-2178
-2656
-2891
-2668
-2328
-2098
-1904
-1707
-1548
-1408
-1234
-1216
-1411
-1529
-1265
-806
-505
-357
-163
195
553
767
887
938
1001
1149
1388
1615
1668
1645
1762
2012
2171
2173
2149
2177
2175
2048
1891
1722
1496
1275
1103
958
731
488
378
273
-66
-589
-1045
-1365
-1645
-1943
-2242
-2511
-2711
-2776
-2842
-3070
-3491
-3907
-4094
-4226
-4167
-3644
-2839
-2249
-2371
-2792
-3063
-3030
-2636
-2076
-1734
-1953
-1898
-871
398
836
495
374
671
970
1313
1679
1792
1683
2194
3162
3512
3299
3381
4009
4234
3786
3440
3349
3313
3379
3541
3375
2695
2333
2701
3139
2839
1970
1207
783
583
422
171
-216
-648
-756
-528
-336
-481
-871
-1126
-1297
-1628
-2091
-2323
-2174
-1901
-1694
-1535
-1415
-1427
-1477
-1406
-1278
-1365
-1598
-1513
-1151
-822
-601
-318
92
332
377
476
647
755
823
1075
1358
1477
1497
1600
1847
1944
1984
2034
2105
2073
1961
1974
1918
1772
1479
1238
1191
1078
931
785
630
353
-27
-363
-668
-994
-1353
-1573
-1722
-1991
-2347
-2665
-2872
-3134
-3477
-3763
-3967
-3945
-3275
-2105
-1513
-2055
-2977
-3333
-3144
-2713
-2250
-2109
-2460
-2393
-995
552
541
-252
-445
49
357
403
827
923
789
1421
2574
2735
2153
2413
3370
3564
2709
2091
2150
2173
2447
2839
2623
1887
1572
2334
2937
2450
1382
570
335
329
272
77
-320
-619
-547
-178
-17
-312
-827
-1099
-1160
-1524
-2055
-2310
-2050
-1564
-1346
-1234
-1150
-1217
-1282
-1250
-1191
-1309
-1465
-1197
-610
-284
-273
-149
176
453
501
510
560
528
711
1059
1319
1307
1178
1372
1658
1793
1767
1675
1698
1761
1767
1734
1658
1421
1279
1265
1127
968
774
656
556
181
-282
-700
-986
-1163
-1426
-1717
-1929
-2117
-2339
-2530
-2755
-3049
-3397
-3648
-3715
-3562
-2650
-947
355
333
-569
-999
-869
-927
-1203
-1726
-2350
-2471
-1250
505
949
391
333
1023
1289
838
544
525
645
1136
2012
2559
2584
2973
3656
3791
2973
1783
1013
567
483
516
196
-256
-225
588
1428
1403
599
-293
-784
-901
-798
-778
-806
-566
128
970
1290
1031
498
-119
-845
-1739
-2469
-2757
-2412
-1506
-570
70
360
398
321
106
-230
-521
-631
-320
313
918
1381
1748
1897
1670
1159
579
110
-190
-171
140
542
920
1207
1456
1450
1194
869
511
163
-62
-16
244
460
428
389
286
-63
-494
-914
-1274
-1516
-1799
-1910
-1875
-1812
-1735
-1768
-1792
-1803
-1893
-2166
-2477
-2648
-2770
-2708
-2811
-2511
-645
2603
4930
4342
2543
1401
848
-446
-2090
-3164
-3726
-2945
130
3357
3696
2454
2205
2561
1444
-804
-1404
-667
70
1543
3614
4805
4574
3714
2603
682
-1735
-3406
-3987
-3712
-2207
-236
687
368
-182
-151
-455
-1645
-2970
-3513
-2853
-1212
755
2275
2794
2720
2588
1931
489
-1026
-1839
-1723
-1341
-949
-365
6
416
928
1136
903
478
426
883
1418
2123
2604
2673
2795
2804
2402
1342
330
-130
-422
-561
-348
-1
85
271
648
784
417
-91
-286
-482
-620
-549
-398
-357
-363
-219
-231
-612
-1085
-1444
-1812
-2010
-1953
-1826
-1681
-1639
-1591
-1651
-1870
-1954
-1846
-1615
-1373
-1177
-1020
-568
-184
-87
-766
-1482
-1995
-2284
-2456
-2143
482
4104
6272
5246
3061
1709
420
-1557
-3032
-3529
-3317
-1400
2419
5563
5039
3143
2367
1632
-488
-2595
-2420
-907
704
2804
4710
4998
3717
1651
-840
-3112
-4309
-4549
-3947
-2430
-10
1665
1459
231
-1118
-1896
-2299
-2630
-2960
-2407
-486
1676
2962
3085
2460
1173
-147
-784
-1220
-1472
-1044
119
1048
974
724
364
-63
147
847
1541
1770
2010
2737
3108
2971
2273
1114
314
297
714
664
470
638
875
784
357
-117
-625
-706
-46
831
1150
1104
1116
822
294
-224
-812
-1330
-1479
-981
-381
-269
-510
-792
-985
-1279
-1519
-1821
-2029
-1717
-1356
-1069
-778
-733
-748
-875
-857
-797
-1093
-1263
-1287
-1249
-1678
-2143
-2742
-3093
-3174
-1803
2533
5927
6498
3965
1636
763
-1467
-3268
-4322
-4253
-2997
-141
4155
5419
3543
1585
734
-497
-2797
-3611
-2293
422
2966
4961
5653
4300
2171
-733
-2861
-3687
-3767
-2905
-1598
588
2075
1888
482
-1824
-3044
-3123
-2526
-2180
-1852
-3
1862
2991
2993
1992
571
-922
-1082
-697
-527
-84
442
784
287
-653
-1390
-1905
-1485
-110
1396
2427
2785
2682
2416
1890
1082
-6
-795
-524
505
1625
2070
1841
1181
286
-400
-792
-896
-587
276
1454
2480
2656
1979
965
-163
-828
-1034
-882
-490
169
1175
1621
1232
164
-891
-1455
-1691
-1650
-1565
-1304
-722
-349
-395
-828
-1339
-1627
-1828
-1660
-1233
-1122
-988
-993
-1300
-1585
-2214
-2798
-3309
-3744
-2314
1886
5572
6157
3375
510
-546
-2045
-3264
-4073
-3875
-2419
438
4240
5234
3331
1099
-31
-799
-1921
-2143
-434
2338
4469
5792
5610
3987
1535
-1483
-3085
-3187
-2414
-1236
41
1603
2127
1397
-476
-2689
-3628
-3073
-1596
-703
-153
1119
2154
2444
1878
593
-907
-2064
-1927
-1111
-604
-374
-363
-644
-1499
-2595
-2922
-2703
-1707
-39
1304
2254
2186
1738
1345
815
250
-436
-604
-254
788
1676
1757
1265
219
-488
-864
-644
-266
175
1054
1860
2677
2390
1598
788
-11
-26
74
381
533
958
1518
1375
747
-353
-1032
-1342
-1414
-1282
-1176
-906
-659
-746
-1097
-1436
-1630
-1389
-1049
-614
-494
-974
-1130
-1431
-1680
-2226
-3089
-3650
-3972
-3609
-1402
3275
6364
5952
2561
-222
-996
-2253
-2753
-2890
-2235
-581
2432
5876
5771
3112
676
-315
-813
-1433
-847
1247
4007
5755
6327
5314
3121
636
-1958
-2730
-1947
-679
689
1675
2427
1973
619
-1204
-3035
-3329
-2041
-122
742
931
1508
1741
1463
694
-480
-1703
-2130
-1245
-98
292
41
-509
-1431
-2442
-3044
-2765
-1890
-372
1347
2288
2533
2023
1332
775
295
-29
-213
18
771
1593
1917
1603
717
-231
-863
-756
-45
631
1221
1573
1850
1919
1551
934
236
-164
-71
317
566
494
342
277
16
-630
-1301
-1666
-1559
-1351
-1274
-1344
-1489
-1588
-1881
-2181
-2408
-2420
-1934
-1441
-1166
-1077
-1472
-1898
-2609
-3327
-3855
-4305
-4480
-4374
-3588
-1872
2217
5779
6054
3275
-292
-1532
-2246
-2323
-1979
-1717
-591
1676
4890
5413
2830
-28
-1316
-1253
-1012
64
1811
4009
5345
5499
4584
2325
276
-1803
-2506
-1358
101
1525
1874
1541
502
-962
-2114
-3188
-3195
-1823
198
1316
1175
987
627
36
-529
-979
-1379
-1392
-502
565
831
122
-1037
-2248
-3074
-3120
-2458
-1360
44
1522
2331
2331
1767
988
829
1119
1348
1234
871
976
1252
1276
1084
502
-61
-83
510
1245
1523
1470
1280
1061
1025
1089
1165
1215
1202
1376
1391
1091
632
39
-262
-341
-356
-397
-431
-373
-393
-682
-1288
-1965
-2376
-2281
-1926
-1585
-1340
-1284
-1318
-1475
-1765
-2255
-2799
-3030
-2780
-2561
-2965
-3574
-4284
-4412
-4139
-3210
359
4265
5828
4017
710
-739
-1318
-1417
-1356
-1754
-1725
235
3899
5514
3299
-87
-1280
-885
-277
730
2127
4049
5052
5196
4493
2605
945
-865
-1651
-774
677
2033
2124
1240
-282
-1634
-2036
-2037
-1868
-1140
234
1128
1144
754
60
-756
-1290
-1292
-1243
-1094
-539
-98
-408
-1189
-1802
-2260
-2630
-2613
-1900
-839
109
816
1007
893
683
446
686
1263
1850
2076
1821
1665
1293
754
371
70
278
761
1551
2252
2199
1766
1192
869
1116
1693
2239
2602
2787
2649
2148
1470
925
532
283
106
15
121
263
347
-86
-1005
-1758
-2105
-2021
-1598
-979
-356
-264
-789
-1653
-2467
-3047
-3543
-3649
-3411
-2664
-1837
-1739
-2451
-3873
-5126
-5745
-5578
-4529
-1487
3219
6199
5809
2636
-124
-1412
-2169
-2242
-2228
-1830
-317
2723
4911
3918
861
-1422
-1496
-641
805
2394
3832
4849
4836
4425
3200
1733
345
-774
-294
1181
2257
2066
775
-697
-1771
-1946
-1354
-894
-664
-134
264
116
-264
-944
-1778
-2394
-2009
-1093
-750
-796
-1006
-1348
-1643
-1600
-1542
-1918
-2245
-1968
-1323
-818
-428
-234
-305
-279
104
778
1208
1276
1155
1016
1011
928
667
497
780
1245
1677
2007
1943
1604
1159
1056
1499
2251
2884
3039
2814
2303
1754
1269
1005
1098
1182
1152
1129
1014
725
317
-159
-745
-1028
-854
-548
-330
-337
-397
-676
-1521
-2507
-3057
-3351
-3327
-2944
-2733
-2617
-2615
-2630
-2749
-3223
-3954
-4754
-5351
-5386
-4531
-2870
800
5124
6617
4361
248
-2055
-2347
-1686
-600
-564
-1094
100
3251
5059
3168
-387
-1599
-357
1818
4068
5003
5263
5077
4893
4837
3835
2605
1227
283
862
2070
2645
2023
152
-1829
-2556
-1569
178
631
189
-129
-571
-936
-1425
-2055
-2722
-2803
-1690
-617
-552
-1036
-1755
-2471
-2626
-2315
-2207
-2669
-2978
-2419
-1628
-1151
-1085
-1426
-1601
-1156
-117
1030
1892
2178
1710
953
621
774
999
1187
1213
1251
1566
2062
2424
2284
1981
2014
2280
2687
2972
2889
2720
2528
2216
1897
1708
1767
1751
1435
982
381
-160
-530
-726
-727
-572
-437
-568
-1067
-1661
-2247
-2811
-2993
-3165
-3392
-3447
-3531
-3434
-3031
-2904
-3232
-3915
-4446
-4275
-3905
-3885
-4043
-4445
-4709
-4268
-2990
451
4494
5683
3288
-406
-1941
-1476
-457
681
667
-229
433
3001
4710
3279
740
439
1693
3441
5103
5552
5335
4943
4873
4808
3937
3098
2082
933
880
1480
1662
1288
144
-991
-1357
-568
396
-346
-1705
-2421
-2629
-2458
-1983
-1681
-1953
-2133
-1542
-1141
-1802
-2490
-2812
-2843
-2107
-1042
-461
-1023
-2071
-2629
-2912
-2765
-1924
-1008
-62
996
1950
2695
2727
2342
1523
449
444
1291
2225
2887
3044
3165
3380
3444
3339
2761
2186
2280
2772
3547
3978
3759
2979
1907
1435
1374
1375
1273
778
345
253
230
113
-221
-705
-1056
-1440
-1753
-1999
-2390
-2783
-3138
-3190
-3408
-3934
-4389
-4723
-4605
-4219
-3921
-3990
-4089
-4117
-4001
-3854
-4031
-4095
-4269
-4585
-4459
-4004
-2054
2272
5786
5662
2047
-1731
-2459
-1020
943
1972
844
-253
1050
3689
4756
2783
983
1290
2652
4448
5286
5184
4920
4398
4329
4208
3671
2999
1317
-117
75
858
1474
940
-859
-2435
-2709
-1467
-494
-1124
-2047
-2522
-2531
-1818
-1009
-1047
-2068
-2898
-2691
-2405
-2222
-1661
-1369
-1334
-1232
-1297
-1729
-2685
-3237
-2830
-2101
-827
441
884
1119
1173
1203
1334
1271
1343
1146
1156
2126
3027
3521
3631
3448
3334
3124
3259
3422
3143
3028
2996
3022
3201
3172
2925
2190
1297
1077
1406
2036
2289
1661
816
237
-3
-161
-490
-945
-1490
-1786
-1621
-1472
-1773
-2553
-3602
-4226
-4193
-3996
-3853
-3941
-3998
-3767
-3722
-3801
-3945
-4263
-3999
-3410
-3142
-3495
-4063
-4179
-3935
-3551
-2564
468
4278
5621
3102
-950
-2772
-1562
733
2398
2137
456
383
2787
5156
4524
2048
1067
1706
3022
4418
5165
5214
4331
3380
3149
3010
3060
2298
528
-318
128
959
957
-532
-2160
-2872
-2133
-764
-867
-2029
-2861
-3058
-2634
-1953
-1615
-2012
-2613
-2363
-1750
-1656
-1628
-1589
-2017
-2362
-2156
-1619
-1504
-1817
-1696
-1479
-1159
-286
391
589
582
646
1149
1681
2133
2223
1772
2087
3169
4071
4570
4366
3918
3325
2915
3154
3120
2866
2774
2701
2894
3075
3093
2719
1778
1289
1508
1979
2442
2205
1433
591
-146
-530
-807
-1044
-1150
-1287
-1326
-1458
-2105
-3089
-4006
-4254
-3971
-3678
-3497
-3710
-4081
-4241
-4176
-4217
-4361
-4364
-4134
-3643
-3257
-3296
-3534
-4081
-4418
-4326
-3447
112
4304
5275
2327
-1815
-3088
-1287
1180
3102
2491
275
61
2116
4218
3545
1472
1098
1787
3082
4443
4672
4341
3465
2781
3155
3409
3405
2225
131
-336
523
1347
1251
-531
-2549
-3221
-2268
-719
-742
-1854
-2367
-2396
-1777
-794
-733
-1629
-2755
-2773
-1934
-1615
-1360
-1346
-1976
-2102
-1722
-1284
-1363
-2068
-2197
-2187
-1881
-679
188
625
828
791
1116
1368
1853
2254
1982
2257
2920
3418
3738
3480
3068
2517
2182
2648
2916
2937
2958
2709
2689
2729
2729
2433
1647
1485
2166
2937
3089
2166
780
-196
-414
-5
219
-74
-485
-906
-1204
-1603
-2308
-3052
-3663
-3717
-3307
-2849
-2548
-2906
-3723
-4386
-4455
-3923
-3359
-3044
-2885
-2879
-3105
-3601
-4233
-4722
-4524
-3684
-1615
2070
4782
4013
334
-2683
-2510
-191
2010
2930
1687
-51
506
2776
4125
3010
1501
1420
2061
2940
3869
4425
4599
4316
4038
3951
3599
2997
1550
93
240
1376
2085
1243
-1032
-2915
-2856
-1220
220
-56
-1138
-1802
-2066
-1684
-953
-919
-1753
-2508
-2229
-1518
-1264
-1246
-1667
-2445
-2588
-2161
-1924
-2224
-2554
-2166
-1708
-1186
-437
-198
-165
15
453
982
1216
1451
1437
1197
1656
2404
2738
2660
2357
2266
2239
2454
2909
2798
2427
2227
2079
2124
2286
2448
2322
1821
1771
2107
2244
1980
1122
173
-319
-112
490
599
161
-507
-1383
-2188
-2773
-3201
-3360
-3254
-2937
-2687
-2842
-3325
-3928
-4440
-4353
-3730
-3130
-2879
-2880
-3103
-3555
-4004
-4249
-4353
-4247
-4000
-3516
-1169
2369
4159
2038
-2325
-4173
-2238
924
3288
3216
849
-698
299
2796
3477
2143
1515
1827
2373
3168
4219
5110
4928
3898
3269
2957
3236
3087
1619
634
1098
2320
2615
889
-1438
-2529
-1671
482
1429
589
-703
-1772
-2142
-1579
-524
-66
-776
-1535
-1680
-1776
-1657
-1477
-1828
-2405
-2373
-1510
-1006
-1412
-1744
-1850
-1779
-1065
-182
212
32
-114
206
558
929
1301
1092
898
1377
2139
2750
3055
3211
2981
2308
2067
2223
2329
2518
2640
2580
2512
2752
3152
2916
2192
1935
2141
2348
2214
1547
794
543
868
1116
579
-480
-1433
-2074
-2317
-2268
-2221
-2295
-2493
-2632
-2900
-3268
-3402
-3426
-3451
-3380
-2934
-2790
-3243
-3573
-3741
-3775
-3863
-4186
-4291
-4366
-4326
-3615
-3354
-2314
450
2268
1345
-1709
-3125
-1022
1802
3479
3278
734
-1078
-218
2393
3952
2795
1813
1892
1955
2615
3523
4239
4419
3378
2722
2705
3035
3567
2572
1211
1288
1908
2161
1028
-830
-1444
-919
399
1117
64
-1190
-2048
-2372
-1644
-788
-437
-1134
-2410
-2784
-2820
-2582
-1783
-1606
-1791
-1879
-1703
-1356
-1668
-2032
-1914
-1881
-1308
-312
67
-187
-894
-922
-6
1012
1890
1939
1534
1783
2322
2961
3357
3141
2769
2284
2349
3076
3409
3349
3041
2692
2858
3127
3191
2875
2379
2440
2686
2546
2044
1398
1055
940
694
238
-528
-1168
-1320
-1262
-1256
-1612
-2289
-2845
-2978
-2818
-2828
-3234
-3683
-3848
-3641
-3341
-3521
-3965
-4288
-4226
-3718
-3662
-4163
-4662
-4730
-4336
-3792
-3803
-3673
-1593
1423
2678
596
-2283
-2127
861
3443
4007
2306
-314
-1040
1102
4140
4721
3117
2030
2058
2448
3387
4634
5383
4595
3299
3179
3756
4540
4202
2316
795
884
1993
2213
495
-1164
-1309
-305
744
333
-1168
-2498
-3021
-2570
-1643
-1041
-1216
-2345
-3397
-3547
-3169
-2485
-2068
-2215
-2579
-2717
-2336
-2024
-2221
-2326
-2274
-2036
-1436
-770
-349
-401
-591
-227
624
1572
2084
1831
1500
1810
2669
3454
3550
3108
2612
2485
3112
3899
4086
3816
3501
3408
3518
3548
3272
2741
2233
2142
2185
1914
1454
987
755
706
458
-103
-740
-1116
-1234
-1499
-1786
-1997
-2427
-3040
-3500
-3438
-3164
-3321
-3762
-4093
-4186
-4103
-4154
-4409
-4595
-4450
-3998
-3667
-3885
-4164
-4211
-3954
-3752
-3584
-3320
-2467
-22
2439
2479
34
-1709
-287
2565
3654
2991
1222
-356
489
3350
5619
4897
2682
2062
2650
3212
4234
5264
5511
4352
2998
2964
3372
3567
2855
1324
681
1441
2214
1611
-473
-1964
-1830
-995
-308
-613
-1601
-2388
-2759
-2531
-1960
-1882
-2490
-3569
-4251
-3998
-3234
-2252
-1869
-2570
-3389
-3326
-2492
-1835
-1948
-2078
-1978
-1678
-927
-293
-147
-283
-199
702
1880
2511
2398
1626
1303
1898
2859
3744
3919
3579
3340
3551
4246
4593
4177
3573
3024
2842
3122
3353
3289
2838
2367
2104
1843
1635
1415
1030
649
358
140
-115
-637
-1356
-2054
-2356
-2164
-2088
-2394
-2838
-3169
-3397
-3552
-3715
-3810
-3949
-4142
-4177
-4188
-4010
-3616
-3339
-3262
-3348
-3579
-3597
-3442
-3206
-2880
-2571
-2573
-2602
-1038
1851
3352
1836
-475
-469
1705
3369
3711
2991
1374
1016
2904
5366
5472
3431
2390
2883
3140
3356
4002
4553
3795
2176
1941
2766
3400
2886
1166
-194
53
1174
1601
206
-1498
-1736
-1037
-339
-426
-1287
-2498
-3600
-3778
-2829
-2021
-2165
-3216
-4274
-4371
-3577
-2410
-1898
-2462
-3035
-2711
-1853
-1283
-1437
-1655
-1610
-1313
-507
356
718
708
641
1037
1685
2026
1995
1674
1711
2531
3527
4220
4295
3752
3098
2787
3248
3950
4066
3640
3077
2868
3148
3368
3128
2347
1540
1329
1411
1419
1221
764
172
-436
-947
-1266
-1594
-1948
-2174
-2233
-2088
-2127
-2607
-3239
-3631
-3637
-3502
-3498
-3653
-4022
-4263
-4141
-3781
-3377
-3234
-3356
-3562
-3585
-3420
-3234
-3295
-3104
-2686
-2486
-2526
-2572
-2185
-1741
-209
2160
3121
1455
-771
-302
2603
4667
4629
3413
1512
813
2397
5120
5864
3777
1675
1550
2069
2752
3639
4027
3161
1414
1249
2334
2993
2549
1264
212
358
1156
1455
113
-1715
-1777
-612
140
-573
-2170
-3420
-3930
-3453
-2092
-1312
-1926
-3460
-4567
-4158
-2849
-1537
-1192
-1973
-2663
-2275
-1236
-526
-666
-762
-353
200
684
788
682
801
1169
1742
2200
2327
2183
1920
2114
3004
3830
4017
3679
3210
3142
3501
4037
4145
3635
3012
2696
2626
2811
2981
2751
1953
956
576
775
1035
766
-152
-1096
-1416
-1269
-1066
-1043
-1207
-1631
-2396
-2957
-2949
-2627
-2419
-2584
-3066
-3455
-3604
-3700
-3855
-3914
-3595
-3094
-2845
-2960
-3269
-3474
-3364
-2897
-2310
-1943
-1951
-2423
-2744
-2602
-1993
-1636
-1726
-2105
-1731
617
3308
3698
1242
-667
652
3453
4585
3735
1947
293
358
2575
4685
3950
1296
71
771
1615
2417
2977
2693
1088
-235
642
2232
2727
1688
267
-90
842
1491
687
-1434
-2596
-1793
-608
-487
-1517
-2724
-3514
-3695
-2975
-1755
-1475
-2364
-3557
-3795
-2826
-1590
-728
-838
-1581
-1795
-882
455
1008
478
-144
-394
-127
741
1614
2021
1706
1402
1864
2724
3190
3068
2717
2730
3040
3361
3701
3792
3583
3281
3134
3397
3653
3587
3163
2568
2349
2489
2400
1739
819
317
506
768
686
154
-604
-1007
-941
-744
-729
-1151
-1781
-2202
-2273
-2049
-2047
-2445
-2965
-3248
-3070
-2644
-2410
-2661
-3306
-3818
-3697
-3160
-2559
-2293
-2325
-2427
-2418
-2365
-2159
-1963
-1793
-1483
-1192
-965
-974
-1126
-1200
-1110
-925
466
2588
3459
2049
-54
54
2191
3566
3208
2136
852
550
1586
3457
3922
1971
340
637
1538
2007
2089
2241
2004
941
858
1596
1871
1115
-79
-460
197
805
607
-749
-2203
-2155
-1202
-565
-995
-2001
-2725
-3067
-2862
-2050
-1560
-1743
-2244
-2416
-1836
-1115
-540
-412
-823
-1141
-904
-207
482
574
444
492
693
1094
1427
1623
1609
1463
1721
2338
2697
2634
2328
2448
2973
3361
3558
3511
3351
3339
3312
3239
2973
2302
1684
1356
1503
1878
1803
1209
379
-260
-209
122
200
-101
-735
-1264
-1536
-1420
-916
-767
-1270
-1977
-2349
-2198
-2024
-2258
-2727
-3212
-3454
-3362
-3129
-2899
-2818
-3021
-3307
-3378
-3206
-2759
-2317
-2082
-1821
-1613
-1552
-1557
-1638
-1579
-1342
-1079
-859
-806
-1171
-1496
-1616
-1158
686
2741
3048
1044
-934
-51
2506
3681
2955
1255
-155
-25
1772
3872
3609
1137
-205
398
1236
1569
1570
1535
723
-364
163
1310
1454
326
-989
-1128
-290
291
-43
-1460
-2453
-1951
-1021
-712
-1341
-2106
-2353
-2231
-1714
-1083
-1149
-1868
-2589
-2404
-1369
-585
-399
-726
-1130
-1028
-367
548
1056
709
239
264
802
1664
2275
2520
2253
1718
1791
2515
3166
3257
2874
2632
2609
2522
2562
2578
2600
2688
2640
2598
2354
1880
1587
1499
1665
1815
1496
1037
598
369
457
429
284
9
-466
-702
-660
-479
-351
-861
-1661
-2094
-2031
-1608
-1540
-1876
-2209
-2568
-2740
-2598
-2249
-1762
-1636
-1981
-2239
-2161
-1733
-1350
-1382
-1568
-1415
-1059
-804
-858
-1159
-1138
-939
-738
-713
-837
-1131
-1340
-1425
-1145
443
2422
3003
1318
-741
-332
2052
3614
3300
1581
-185
-456
1088
3208
3234
1054
-451
-121
662
1052
1094
1081
470
-585
-306
684
1041
374
-542
-630
-39
290
20
-841
-1436
-1018
-324
-22
-576
-1577
-2206
-2170
-1471
-807
-982
-1739
-2359
-2292
-1465
-638
-262
-494
-932
-866
-232
648
1149
934
442
313
729
1479
1945
1908
1414
1029
1297
1795
1923
1558
1242
1473
1939
2158
2100
1817
1605
1534
1606
1934
2059
1764
1266
897
954
1068
848
587
417
373
279
-157
-565
-801
-851
-734
-751
-917
-1267
-1748
-1937
-1774
-1524
-1368
-1503
-1769
-1882
-1802
-1519
-1368
-1467
-1592
-1734
-1816
-1649
-1375
-1234
-1357
-1563
-1389
-1139
-1006
-934
-879
-746
-635
-630
-686
-686
-684
-674
-808
-859
-674
-456
-523
-346
737
2083
2133
584
-466
353
2018
2654
2030
757
-292
-197
1216
2504
1884
122
-670
-142
525
849
902
732
81
-200
631
1612
1664
683
-191
28
997
1548
989
-274
-877
-437
268
513
-20
-939
-1656
-1680
-945
-311
-526
-1250
-1802
-1512
-646
-52
-6
-297
-288
176
653
794
421
-95
-94
470
1023
1093
788
637
628
732
1008
1252
1186
848
865
1422
1949
1947
1552
1306
1424
1689
1854
1802
1523
1164
873
751
821
926
820
297
-356
-591
-271
122
192
-89
-311
-346
-351
-343
-344
-355
-524
-900
-1227
-1219
-958
-710
-750
-1096
-1596
-1973
-1963
-1615
-1406
-1590
-1941
-2173
-2100
-1842
-1618
-1568
-1701
-1703
-1417
-1126
-1028
-1149
-1269
-1311
-1218
-1151
-1223
-1385
-1615
-1587
-1424
-1361
-1273
-766
270
951
540
-150
-20
865
1508
1439
896
267
155
874
1901
1990
1101
361
207
380
696
1167
1527
1263
794
904
1465
1783
1533
1087
1079
1453
1655
1300
508
-37
-48
132
174
-135
-681
-1131
-1253
-957
-691
-793
-1081
-1296
-1262
-1012
-741
-490
-356
-269
-108
9
119
165
194
365
585
681
559
351
325
503
803
1155
1342
1345
1276
1309
1577
1844
2020
2060
2047
2055
1898
1625
1551
1658
1720
1634
1369
1141
984
972
1096
1052
793
558
465
499
542
591
556
280
-3
-117
-223
-460
-792
-1043
-1161
-1303
-1506
-1771
-1952
-1974
-1986
-2138
-2385
-2530
-2325
-1959
-1748
-1736
-1872
-1911
-1856
-1661
-1363
-1240
-1354
-1576
-1677
-1576
-1445
-1432
-1450
-1470
-1410
-1369
-1542
-1793
-1834
-1574
-1104
-440
476
1324
1399
904
621
996
1649
1899
1670
1159
730
805
1244
1430
1018
446
316
560
929
1176
1248
1115
949
1092
1417
1575
1383
996
683
691
876
849
347
-410
-815
-740
-562
-589
-883
-1285
-1564
-1581
-1341
-1145
-1176
-1222
-1091
-826
-672
-746
-754
-599
-286
24
180
178
92
-4
34
212
446
685
809
912
1007
1069
1177
1344
1515
1659
1767
1851
1900
1908
1997
2105
2117
2018
1841
1715
1604
1476
1409
1463
1488
1278
852
591
624
625
420
190
46
-153
-469
-682
-673
-672
-841
-1144
-1422
-1457
-1271
-1178
-1498
-2047
-2286
-2097
-1911
-1962
-2115
-2241
-2330
-2392
-2339
-2178
-1998
-1935
-1913
-1772
-1491
-1249
-1218
-1325
-1294
-959
-601
-491
-599
-623
-454
-350
-376
-449
-493
-504
-471
-360
-232
73
631
1223
1548
1482
1280
1086
955
1124
1443
1519
1256
980
888
843
684
497
334
133
185
445
648
565
352
436
599
637
586
463
331
250
261
334
151
-200
-467
-611
-640
-703
-699
-646
-641
-729
-834
-871
-740
-538
-403
-343
-319
-232
-92
99
339
491
552
609
638
669
766
1015
1327
1426
1355
1312
1447
1734
2007
2140
2096
1937
1832
1920
2104
2168
1975
1634
1370
1266
1200
1044
825
620
489
377
252
170
53
-106
-259
-340
-344
-428
-641
-838
-877
-765
-729
-968
-1350
-1574
-1565
-1529
-1660
-1845
-1858
-1775
-1853
-2081
-2214
-2096
-1909
-1877
-1864
-1626
-1202
-901
-946
-1124
-1055
-710
-310
-140
-237
-358
-392
-317
-161
-57
-57
-163
-299
-273
-113
-18
-118
-339
-408
-284
-167
18
305
567
648
554
506
384
252
224
252
183
9
-25
-7
-116
-260
-360
-448
-597
-610
-321
-55
61
122
253
319
297
358
531
554
434
334
297
300
275
309
271
81
-80
-34
133
249
236
245
314
303
246
196
293
386
303
160
164
437
742
867
813
696
626
659
797
985
1097
1050
903
786
867
1059
1084
826
385
177
382
721
798
480
150
111
213
337
382
310
132
-36
-21
138
176
66
-120
-220
-166
-102
-56
-96
-169
-225
-212
-178
-134
-159
-244
-275
-264
-208
-221
-351
-489
-470
-332
-240
-356
-609
-738
-613
-315
-112
-94
-140
-116
-68
11
138
207
75
-192
-305
-175
-20
-100
-342
-496
-481
-393
-370
-462
-630
-785
-800
-712
-755
-1016
-1294
-1268
-951
-566
-382
-562
-919
-1174
-978
-565
-326
-364
-497
-459
-398
-328
-239
-257
-387
-453
-205
179
375
403
474
582
668
848
1069
1134
982
906
1045
1152
1138
1115
1052
853
612
566
761
893
803
531
251
181
295
456
474
264
-56
-284
-285
-93
49
-16
-273
-565
-632
-462
-291
-348
-550
-601
-391
-128
-39
-175
-331
-325
-208
-83
-68
-175
-333
-380
-225
-62
-91
-272
-373
-319
-122
132
318
341
292
336
472
580
623
698
845
954
929
796
664
687
795
868
824
623
438
372
429
552
584
450
200
12
56
194
207
109
-35
-118
-156
-182
-189
-221
-282
-388
-502
-583
-650
-760
-901
-989
-1021
-1035
-1053
-1088
-1184
-1288
-1300
-1219
-1151
-1203
-1366
-1559
-1690
-1685
-1629
-1586
-1497
-1326
-1041
-800
-717
-709
-681
-515
-287
-64
116
202
256
328
453
562
659
731
798
850
1035
1327
1521
1638
1726
1890
1978
1957
1985
2067
2082
1956
1778
1610
1480
1384
1319
1183
947
740
578
430
190
-45
-169
-263
-402
-628
-840
-991
-1128
-1299
-1335
-1273
-1220
-1279
-1411
-1406
-1307
-1148
-1066
-1076
-1125
-1120
-1009
-811
-629
-545
-568
-609
-534
-344
-87
107
220
284
382
515
622
724
910
1197
1401
1393
1294
1298
1460
1640
1726
1713
1638
1595
1603
1684
1740
1616
1376
1144
1054
1040
977
874
710
476
246
130
81
-57
-324
-541
-630
-663
-696
-789
-911
-1066
-1183
-1234
-1293
-1352
-1397
-1479
-1628
-1765
-1771
-1642
-1557
-1590
-1615
-1563
-1458
-1392
-1342
-1259
-1208
-1209
-1215
-1152
-1058
-1036
-1090
-1137
-1104
-972
-743
-511
-338
-187
13
279
503
693
814
878
925
941
1008
1062
1122
1153
1073
971
864
800
746
672
669
702
689
714
771
818
774
656
570
486
368
258
156
45
-51
-115
-186
-370
-619
-785
-869
-934
-996
-1062
-1095
-1208
-1344
-1359
-1259
-1106
-1059
-1107
-1120
-1024
-817
-572
-371
-261
-225
-171
-70
86
292
482
592
607
628
765
931
1037
1108
1185
1325
1503
1645
1766
1825
1859
1888
1844
1786
1731
1711
1694
1621
1487
1326
1195
1144
1115
1001
827
626
486
416
367
346
247
58
-151
-294
-320
-310
-363
-505
-719
-872
-882
-830
-829
-956
-1111
-1231
-1308
-1253
-1110
-1001
-1001
-1072
-1076
-985
-869
-791
-740
-664
-553
-486
-487
-472
-372
-200
-70
-31
-65
-80
-6
108
188
197
148
53
-64
-120
-56
18
-19
-150
-202
-19
239
356
251
15
-187
-287
-235
-108
-135
-311
-425
-395
-363
-411
-437
-485
-583
-655
-544
-366
-266
-195
-94
-23
-94
-151
-146
-142
-189
-236
-211
-168
-157
-151
-122
-78
-23
28
82
106
89
95
122
135
102
74
97
151
214
267
316
305
292
309
361
459
582
669
661
589
569
685
831
915
936
905
882
846
799
779
797
818
743
581
431
384
422
470
472
359
191
72
56
138
206
186
59
-133
-242
-182
-44
3
-131
-330
-413
-354
-242
-216
-310
-433
-503
-462
-375
-330
-320
-323
-291
-222
-157
-101
-67
-17
46
70
54
28
50
117
172
170
106
-3
-85
-70
20
74
52
6
4
6
-21
-70
-120
-186
-282
-359
-437
-534
-656
-761
-850
-979
-1175
-1359
-1462
-1495
-1460
-1361
-1237
-1228
-1310
-1347
-1301
-1245
-1236
-1260
-1284
-1248
-1114
-905
-838
-927
-997
-951
-773
-576
-361
-142
2
129
308
541
736
851
972
1093
1152
1190
1214
1264
1344
1436
1564
1619
1594
1595
1595
1584
1463
1304
1284
1347
1427
1393
1224
1015
867
829
867
836
697
529
444
480
516
459
338
197
95
59
6
-48
-141
-280
-355
-344
-307
-336
-419
-451
-397
-324
-288
-290
-310
-304
-238
-155
-65
21
78
140
198
249
253
220
200
237
342
451
573
626
631
671
758
849
870
804
718
647
658
726
744
701
584
466
351
250
183
120
48
-11
-43
-85
-167
-282
-388
-428
-442
-453
-517
-662
-819
-935
-989
-1036
-1113
-1219
-1306
-1355
-1387
-1410
-1474
-1564
-1674
-1777
-1838
-1859
-1832
-1871
-1979
-2114
-2062
-1718
-1314
-1055
-1042
-1105
-1191
-1155
-901
-606
-472
-572
-508
-219
38
189
229
282
255
316
583
797
862
946
1262
1614
1738
1745
1809
1832
1795
1736
1686
1638
1534
1569
1671
1615
1414
1193
1143
1167
1079
859
611
440
381
384
378
257
-23
-235
-271
-180
-161
-296
-451
-556
-582
-562
-499
-459
-457
-441
-355
-202
-115
-125
-127
-100
-54
11
133
341
501
577
626
656
672
680
761
844
844
815
858
1000
1109
1168
1165
1120
1106
1122
1143
1116
1032
972
985
1041
1052
944
775
651
603
574
499
370
216
58
-55
-149
-255
-350
-433
-525
-674
-873
-1018
-1087
-1121
-1166
-1269
-1383
-1460
-1495
-1494
-1471
-1482
-1495
-1508
-1521
-1529
-1557
-1597
-1631
-1642
-1669
-1704
-1728
-1734
-1713
-1673
-1642
-1648
-1690
-1722
-1702
-1622
-1479
-1238
-947
-706
-573
-554
-598
-643
-615
-510
-461
-463
-431
-290
-100
-6
30
9
-28
31
216
431
547
640
829
1040
1173
1245
1291
1244
1112
973
861
758
686
718
759
723
596
502
528
606
639
512
296
131
149
304
412
362
209
132
180
278
270
118
-28
-75
-18
64
107
100
92
186
353
500
559
521
508
567
648
703
708
735
790
893
991
1003
916
801
743
724
704
654
642
689
762
824
833
791
711
663
643
619
534
388
286
262
297
276
187
67
-63
-174
-263
-286
-288
-289
-270
-244
-227
-250
-294
-314
-306
-289
-327
-403
-469
-530
-559
-558
-581
-624
-615
-545
-465
-464
-525
-538
-491
-427
-368
-356
-376
-395
-408
-379
-402
-482
-582
-714
-821
-913
-991
-1076
-1200
-1315
-1329
-1150
-891
-719
-732
-860
-974
-1026
-941
-812
-773
-791
-725
-494
-296
-239
-257
-327
-399
-411
-260
-71
5
49
184
386
522
624
719
772
745
696
695
735
849
1010
1127
1079
959
932
1039
1177
1137
935
739
687
763
862
874
767
641
573
650
758
719
557
382
328
369
401
393
368
376
451
546
564
460
305
229
227
230
222
243
265
261
246
244
261
253
223
179
121
46
-20
-17
61
176
260
277
259
242
260
283
270
219
192
243
326
367
375
372
353
319
252
177
90
30
-3
-19
-55
-109
-167
-233
-282
-345
-416
-508
-594
-611
-610
-644
-711
-760
-774
-771
-790
-862
-939
-1020
-1066
-1079
-1115
-1168
-1233
-1295
-1343
-1364
-1384
-1426
-1453
-1441
-1452
-1521
-1613
-1676
-1690
-1660
-1587
-1440
-1240
-1083
-1012
-1014
-1033
-999
-899
-795
-739
-717
-647
-471
-256
-96
-9
14
6
49
207
427
601
732
870
1054
1249
1450
1605
1651
1610
1548
1525
1492
1452
1447
1447
1401
1294
1181
1121
1084
983
821
659
540
471
426
434
433
378
306
249
202
162
93
5
-55
-98
-107
-111
-133
-141
-89
30
124
154
169
212
241
224
240
297
360
429
524
615
669
710
731
749
767
778
794
822
876
942
1030
1147
1229
1260
1253
1194
1095
1008
980
996
1005
969
884
786
701
648
596
506
375
241
127
72
73
38
-62
-230
-373
-429
-460
-505
-597
-737
-896
-1020
-1075
-1088
-1138
-1241
-1330
-1392
-1418
-1435
-1443
-1424
-1403
-1389
-1402
-1434
-1458
-1447
-1403
-1364
-1343
-1363
-1409
-1443
-1461
-1452
-1439
-1446
-1459
-1418
-1277
-1061
-841
-716
-698
-730
-724
-654
-559
-485
-423
-344
-223
-82
55
177
273
331
345
394
492
599
731
877
984
1037
1056
1072
1071
1011
909
800
726
698
684
644
561
475
419
376
329
275
198
96
-6
-79
-101
-89
-95
-129
-165
-172
-145
-142
-148
-137
-121
-117
-155
-162
-98
35
173
250
289
323
379
445
512
588
643
682
730
813
921
1022
1079
1087
1097
1146
1224
1273
1256
1196
1153
1167
1224
1255
1234
1166
1100
1076
1066
1027
968
899
787
690
604
519
451
359
237
110
6
-77
-178
-290
-392
-467
-550
-679
-824
-939
-973
-973
-971
-1016
-1101
-1196
-1259
-1269
-1292
-1308
-1345
-1385
-1381
-1328
-1242
-1188
-1171
-1152
-1124
-1091
-1054
-1031
-1018
-999
-955
-903
-876
-885
-901
-879
-822
-756
-748
-794
-852
-873
-826
-766
-736
-717
-657
-543
-402
-296
-270
-287
-258
-162
-35
43
97
171
281
387
422
424
411
389
378
395
447
515
575
653
716
734
729
740
750
715
633
549
491
442
414
398
344
275
233
220
213
163
84
23
-15
-33
-73
-134
-156
-128
-47
45
103
124
115
126
186
241
267
321
424
569
715
822
891
930
954
1003
1060
1084
1088
1085
1117
1178
1225
1224
1187
1153
1122
1100
1069
1017
973
943
909
832
740
678
629
578
489
379
272
170
78
-19
-118
-244
-388
-509
-604
-676
-747
-830
-916
-996
-1082
-1138
-1163
-1158
-1133
-1125
-1121
-1122
-1090
-1034
-954
-899
-876
-875
-867
-809
-753
-699
-646
-580
-512
-460
-406
-366
-305
-232
-170
-125
-139
-168
-161
-104
-28
29
37
-9
-72
-85
-51
-25
-59
-152
-208
-238
-243
-249
-303
-367
-461
-539
-579
-598
-587
-544
-489
-459
-479
-528
-553
-534
-511
-512
-533
-522
-447
-355
-276
-236
-238
-228
-202
-156
-98
-60
0
107
255
351
391
421
473
551
590
608
604
635
727
830
905
906
891
910
933
947
921
857
820
837
893
926
919
897
881
891
909
934
926
870
823
783
764
742
677
633
593
547
516
500
458
374
272
165
81
13
-27
-62
-106
-162
-215
-250
-285
-320
-380
-461
-532
-580
-590
-603
-633
-667
-676
-637
-599
-603
-632
-645
-646
-634
-612
-593
-579
-549
-498
-441
-394
-365
-346
-335
-299
-229
-168
-121
-74
-1
95
180
237
260
278
304
342
384
405
420
426
436
441
432
413
373
325
252
166
69
9
6
-21
-66
-145
-209
-233
-257
-278
-315
-385
-481
-561
-626
-712
-799
-854
-898
-943
-1002
-1045
-1064
-1086
-1113
-1144
-1187
-1234
-1255
-1223
-1157
-1100
-1070
-1053
-1004
-948
-875
-794
-739
-676
-607
-510
-367
-214
-82
25
121
238
367
495
631
751
867
978
1062
1174
1299
1402
1460
1488
1534
1579
1624
1660
1680
1699
1721
1724
1679
1593
1515
1465
1412
1359
1290
1225
1153
1077
986
855
688
501
329
179
55
-62
-178
-314
-438
-541
-627
-707
-775
-820
-844
-850
-853
-876
-901
-916
-917
-906
-882
-846
-813
-745
-655
-587
-534
-475
-414
-335
-245
-143
-38
57
144
217
287
362
450
523
574
626
667
703
716
711
704
678
623
566
511
465
432
395
353
290
202
125
52
-2
-63
-157
-249
-337
-405
-446
-464
-490
-534
-588
-621
-640
-673
-712
-740
-765
-801
-817
-788
-748
-709
-686
-656
-622
-588
-520
-484
-477
-491
-501
-480
-437
-376
-326
-294
-287
-266
-207
-138
-80
-72
-64
-36
-4
34
73
107
145
178
197
243
293
327
340
332
321
310
317
326
341
377
385
368
320
279
278
305
321
311
317
332
351
354
329
276
226
179
143
133
116
94
79
54
8
-42
-97
-151
-201
-243
-270
-311
-359
-379
-378
-354
-327
-317
-314
-315
-308
-286
-251
-229
-221
-210
-201
-172
-138
-131
-122
-100
-67
-25
13
53
93
131
176
216
262
321
363
404
437
457
478
505
535
546
543
541
544
539
527
511
505
514
514
501
480
453
426
396
357
308
257
212
159
122
85
21
-39
-97
-145
-178
-222
-254
-285
-322
-342
-370
-409
-456
-511
-549
-556
-549
-544
-555
-560
-550
-557
-573
-591
-622
-666
-664
-631
-610
-600
-616
-603
-576
-532
-487
-458
-425
-393
-342
-269
-206
-168
-122
-57
20
101
174
238
288
328
379
433
477
526
576
614
644
670
705
728
734
735
741
738
710
682
643
610
605
606
608
602
599
598
578
551
535
519
495
460
406
363
305
238
180
122
81
39
-14
-66
-85
-98
-130
-155
-184
-226
-257
-267
-271
-295
-343
-375
-391
-395
-400
-433
-463
-491
-509
-508
-517
-531
-541
-554
-566
-569
-567
-569
-552
-533
-525
-516
-509
-484
-448
-416
-398
-359
-296
-245
-211
-183
-141
-105
-62
-9
27
57
88
119
159
193
212
235
256
280
306
331
364
391
406
421
430
439
446
426
394
368
351
335
323
317
301
296
283
267
242
198
171
138
92
44
7
-18
-45
-72
-115
-167
-212
-251
-295
-339
-386
-433
-470
-502
-521
-526
-521
-518
-522
-532
-531
-513
-483
-465
-458
-447
-408
-352
-303
-267
-249
-221
-183
-135
-84
-60
-40
-12
23
58
81
98
111
148
210
261
293
323
361
411
444
477
524
539
547
553
570
583
565
536
524
518
491
454
419
381
348
321
288
248
204
175
148
126
110
84
62
54
49
48
42
36
33
32
42
49
40
11
-15
-11
4
13
15
2
-9
-23
-41
-38
-38
-36
-27
-14
13
33
39
31
23
0
-19
-36
-54
-66
-99
-135
-161
-184
-202
-207
-207
-209
-220
-245
-263
-262
-247
-221
-189
-166
-149
-147
-143
-120
-103
-77
-46
-36
-37
-38
-32
-27
-21
-7
20
53
74
68
62
71
71
68
58
45
46
45
28
2
-18
-63
-94
-96
-95
-85
-85
-100
-116
-122
-133
-133
-140
-142
-130
-134
-150
-164
-172
-172
-169
-171
-167
-171
-173
-153
-136
-118
-99
-79
-49
-13
17
35
47
50
47
49
53
34
12
-3
8
14
13
21
10
2
-11
2
35
41
44
34
35
49
44
50
63
69
70
60
47
35
23
2
-15
-15
-28
-43
-50
-59
-62
-67
-73
-78
-82
-71
-62
-59
-63
-84
-92
-95
-92
-89
-98
-98
-99
-98
-99
-107
-110
-118
-119
-92
-54
-31
-25
-33
-30
-19
0
7
28
66
85
105
128
147
161
167
171
185
192
188
189
204
211
218
236
257
284
308
345
371
381
376
363
362
366
368
361
354
333
307
269
235
205
163
141
127
115
103
87
76
63
58
52
45
40
20
7
-18
-51
-76
-114
-145
-183
-212
-234
-262
-265
-258
-254
-254
-261
-269
-263
-253
-220
-186
-162
-138
-135
-114
-97
-71
-34
-27
-19
-20
-12
1
6
8
12
40
58
81
108
140
164
168
178
180
180
187
199
197
185
169
144
123
115
112
110
102
84
68
54
37
3
-19
-54
-76
-83
-108
-130
-160
-182
-213
-246
-279
-304
-330
-363
-390
-408
-407
-413
-413
-416
-424
-421
-427
-416
-402
-382
-362
-346
-332
-334
-319
-296
-274
-256
-249
-232
-210
-188
-154
-131
-119
-102
-81
-56
-25
8
36
65
91
106
118
134
149
169
180
186
187
180
185
198
210
221
223
231
241
254
265
254
250
244
243
249
252
258
246
234
219
206
199
189
184
179
165
151
138
116
96
78
72
69
63
63
56
55
53
45
37
30
38
42
51
61
55
50
50
59
66
75
86
95
100
110
121
132
144
145
141
141
151
157
170
173
173
175
173
170
174
171
161
151
137
133
118
90
71
56
44
41
45
39
33
19
-1
-20
-30
-40
-61
-86
-112
-140
-171
-188
-206
-228
-239
-255
-267
-276
-285
-302
-315
-315
-313
-301
-290
-277
-258
-238
-218
-207
-195
-182
-165
-143
-119
-106
-102
-92
-87
-73
-58
-47
-38
-24
-6
11
23
32
40
40
51
72
85
95
99
95
89
87
79
77
72
62
57
52
51
35
11
-8
-34
-49
-61
-75
-96
-113
-123
-139
-143
-149
-157
-165
-168
-167
-180
-192
-199
-207
-213
-209
-209
-196
-177
-160
-136
-117
-90
-69
-47
-29
-17
5
32
55
77
97
125
158
190
210
220
230
237
242
253
264
271
274
274
283
292
302
303
296
286
275
268
258
245
223
203
186
176
167
154
135
111
88
66
45
11
-20
-38
-50
-54
-63
-73
-86
-91
-101
-116
-131
-149
-165
-179
-186
-197
-213
-225
-226
-223
-215
-209
-203
-197
-195
-187
-178
-167
-159
-155
-149
-136
-112
-91
-71
-63
-58
-42
-26
-7
3
2
6
11
19
31
41
51
60
71
77
85
84
79
77
77
72
73
69
57
47
37
28
15
2
-9
-14
-14
-16
-24
-34
-38
-39
-42
-50
-62
-82
-101
-114
-117
-111
-111
-118
-126
-127
-117
-113
-103
-101
-104
-101
-93
-79
-64
-46
-33
-15
12
40
68
98
117
130
145
158
172
180
198
218
245
275
296
316
328
344
356
364
368
366
363
364
363
360
353
350
340
330
325
313
295
267
237
209
183
157
130
102
75
48
28
14
-5
-32
-61
-88
-118
-144
-170
-198
-230
-260
-287
-310
-323
-338
-347
-357
-369
-376
-383
-383
-382
-380
-375
-368
-356
-340
-323
-303
-283
-261
-249
-239
-224
-209
-193
-181
-164
-149
-129
-101
-79
-63
-50
-44
-36
-19
1
13
24
33
34
41
46
48
49
48
42
37
36
36
38
31
20
11
5
-5
-13
-18
-26
-35
-47
-55
-59
-65
-75
-86
-94
-105
-119
-131
-140
-151
-163
-176
-184
-188
-191
-184
-172
-164
-151
-145
-142
-133
-128
-124
-113
-101
-90
-77
-67
-51
-30
-12
12
39
60
83
105
128
152
176
202
228
253
286
313
336
360
382
399
420
439
454
463
471
483
494
501
505
508
512
515
514
512
508
500
481
462
444
422
395
372
345
318
292
266
242
211
178
151
115
76
39
-8
-53
-86
-121
-149
-170
-185
-207
-227
-245
-269
-291
-312
-327
-341
-356
-366
-375
-383
-388
-397
-397
-394
-388
-380
-372
-365
-355
-343
-331
-317
-303
-283
-266
-243
-216
-189
-166
-140
-116
-100
-85
-78
-68
-58
-45
-33
-23
-14
-9
-1
0
2
4
4
-2
-3
-10
-14
-22
-25
-27
-34
-42
-45
-47
-59
-70
-83
-90
-104
-114
-125
-139
-157
-171
-176
-183
-192
-202
-205
-208
-209
-207
-211
-216
-212
-206
-207
-204
-196
-185
-170
-156
-141
-117
-95
-69
-45
-22
2
27
57
85
115
142
172
203
227
248
273
299
325
353
375
397
417
432
447
462
469
475
487
499
512
515
511
507
503
491
475
457
433
400
371
342
309
277
249
216
186
160
125
93
57
23
-12
-49
-82
-112
-139
-167
-191
-213
-239
-261
-279
-291
-303
-313
-314
-317
-320
-323
-313
-307
-297
-279
-261
-240
-215
-191
-166
-139
-116
-100
-86
-64
-44
-21
11
41
72
99
110
123
133
144
153
162
177
192
196
191
186
180
167
153
137
120
99
79
56
24
-6
-29
-58
-92
-116
-141
-166
-198
-221
-241
-272
-300
-327
-354
-380
-406
-429
-450
-466
-480
-490
-492
-485
-477
-471
-461
-449
-431
-417
-390
-356
-330
-298
-264
-235
-203
-176
-146
-119
-90
-56
-20
18
61
107
155
202
240
272
301
333
365
389
420
453
477
495
506
515
527
529
528
529
529
531
531
531
524
508
489
469
452
435
412
392
375
351
319
282
251
217
186
165
143
125
105
81
61
40
19
7
-9
-30
-47
-58
-74
-87
-98
-106
-108
-117
-123
-122
-119
-122
-121
-119
-118
-107
-94
-83
-70
-67
-67
-63
-60
-64
-66
-67
-63
-55
-51
-49
-48
-44
-46
-45
-41
-43
-46
-54
-63
-70
-83
-100
-114
-132
-149
-169
-185
-203
-213
-220
-228
-242
-258
-275
-281
-286
-295
-303
-307
-308
-310
-319
-333
-340
-346
-348
-350
-346
-341
-329
-319
-313
-306
-290
-278
-259
-239
-221
-198
-177
-147
-117
-96
-80
-68
-58
-39
-17
2
20
40
63
81
102
117
138
165
176
187
204
217
237
251
261
273
282
292
295
296
292
276
259
248
244
240
244
246
243
243
244
239
231
228
234
238
238
237
240
234
222
209
197
186
177
165
154
147
138
130
125
125
127
136
143
148
158
166
170
180
185
188
180
166
165
160
154
147
144
138
129
120
121
120
116
107
98
97
96
90
78
58
38
14
-10
-26
-46
-68
-93
-114
-137
-165
-189
-211
-233
-251
-265
-277
-295
-303
-310
-324
-336
-343
-360
-376
-391
-413
-433
-449
-451
-453
-448
-451
-445
-439
-444
-439
-435
-429
-418
-403
-386
-365
-343
-327
-309
-294
-279
-259
-240
-224
-216
-203
-193
-173
-153
-140
-132
-128
-114
-95
-77
-60
-46
-33
-20
-9
0
8
15
22
30
36
39
47
57
61
67
72
82
83
82
83
97
114
122
125
125
127
134
143
150
166
176
175
175
180
189
198
199
202
208
218
217
213
213
216
227
239
246
253
250
240
236
236
245
253
255
260
266
269
275
285
295
308
310
307
301
292
285
277
277
281
280
277
269
264
267
274
262
245
224
206
192
170
151
137
125
103
75
44
21
4
-18
-34
-54
-72
-88
-106
-121
-140
-155
-169
-187
-192
-200
-212
-210
-219
-234
-252
-268
-278
-288
-300
-301
-296
-294
-284
-276
-270
-271
-270
-265
-253
-238
-226
-221
-210
-197
-191
-188
-186
-176
-164
-156
-157
-145
-129
-119
-114
-108
-102
-91
-82
-75
-64
-49
-31
-24
-22
-18
-13
-5
-2
-1
-5
-5
-6
-10
-15
-18
-16
-12
-7
-11
-11
-12
-14
-12
-11
-12
-15
-17
-16
-17
-13
-15
-26
-35
-46
-50
-45
-33
-24
-16
-14
-7
3
16
30
42
52
62
77
87
88
88
97
101
107
116
129
140
152
165
171
182
191
203
214
223
236
241
245
247
245
245
241
235
231
224
216
212
207
196
183
167
151
139
118
100
91
80
73
66
55
38
15
-6
-25
-45
-59
-74
-91
-113
-131
-151
-167
-186
-199
-212
-225
-232
-245
-254
-259
-267
-276
-278
-276
-279
-288
-299
-300
-297
-292
-284
-275
-271
-267
-253
-239
-226
-211
-199
-182
-166
-158
-143
-125
-111
-100
-88
-82
-78
-77
-65
-47
-35
-20
-10
0
7
16
30
41
51
65
73
79
83
87
95
101
103
101
106
113
117
119
126
137
134
130
129
132
140
149
160
166
169
172
172
170
174
186
192
200
196
186
183
178
177
173
167
165
165
175
177
181
183
185
193
189
182
183
186
188
186
186
184
180
168
158
158
159
161
152
146
143
142
142
137
133
129
128
123
113
103
93
84
82
72
58
48
36
19
5
1
-6
-10
-21
-33
-41
-52
-59
-66
-80
-95
-111
-118
-122
-124
-130
-134
-139
-147
-156
-166
-170
-176
-183
-182
-178
-175
-171
-170
-172
-169
-164
-158
-159
-163
-166
-165
-160
-159
-161
-167
-171
-172
-167
-158
-147
-141
-138
-132
-126
-127
-133
-136
-134
-133
-131
-125
-123
-122
-124
-125
-129
-134
-136
-130
-125
-119
-112
-101
-91
-86
-79
-72
-61
-49
-40
-29
-23
-18
-14
-9
-4
-2
2
6
10
18
29
45
53
60
69
70
70
69
66
72
79
76
75
75
75
78
78
81
81
80
76
71
69
67
68
66
60
52
46
44
47
43
38
33
30
27
19
10
1
-1
-1
-5
-6
-10
-13
-12
-11
-7
-10
-16
-19
-22
-25
-20
-16
-12
-12
-12
-9
-9
-5
1
4
6
10
15
21
21
16
16
18
19
20
18
15
12
13
16
16
14
5
-5
-12
-17
-15
-19
-23
-30
-37
-40
-40
-44
-54
-63
-69
-74
-81
-85
-87
-93
-97
-103
-109
-112
-117
-127
-129
-129
-127
-124
-124
-122
-124
-122
-116
-116
-114
-107
-103
-99
-94
-90
-84
-78
-73
-64
-56
-44
-34
-22
-8
7
20
26
33
38
45
49
57
60
63
72
74
79
86
89
95
97
95
95
96
97
93
89
90
90
83
73
66
59
54
52
46
35
26
15
4
-5
-11
-21
-28
-32
-36
-36
-37
-39
-43
-48
-53
-56
-61
-64
-66
-69
-66
-62
-60
-55
-49
-41
-31
-20
-12
-7
-1
6
13
20
28
36
43
51
61
74
86
96
104
109
120
127
133
138
142
146
150
154
160
164
167
170
173
175
178
177
173
169
165
163
159
155
149
143
136
132
128
123
116
107
102
95
86
76
64
54
45
37
31
24
18
14
10
7
2
-6
-13
-19
-23
-23
-27
-29
-26
-23
-21
-20
-16
-10
-5
0
6
12
19
25
30
37
45
51
57
63
72
77
81
90
99
107
110
112
113
113
112
110
109
106
106
103
102
100
98
91
82
76
68
60
49
42
31
22
13
4
-8
-20
-31
-41
-51
-59
-68
-78
-90
-100
-110
-120
-131
-138
-144
-146
-147
-151
-153
-153
-154
-155
-156
-159
-162
-163
-163
-163
-160
-160
-156
-152
-145
-140
-135
-131
-123
-117
-115
-112
-110
-108
-106
-102
-98
-94
-87
-82
-76
-71
-63
-60
-59
-57
-54
-56
-59
-60
-59
-56
-55
-53
-51
-48
-44
-42
-41
-39
-36
-37
-36
-35
-31
-30
-29
-27
-25
-19
-14
-12
-10
-4
-2
2
3
1
0
0
3
5
9
9
13
18
26
29
30
34
34
34
32
29
29
31
33
33
32
34
36
36
37
39
37
37
39
39
38
35
34
34
35
34
36
39
45
48
51
52
52
53
53
55
56
60
67
71
75
81
86
90
95
100
104
108
109
112
112
115
116
114
114
118
119
117
117
119
120
118
113
106
98
93
86
77
67
61
53
43
31
21
11
1
-8
-20
-35
-48
-56
-67
-75
-87
-95
-102
-107
-114
-122
-126
-127
-128
-129
-130
-132
-130
-130
-128
-125
-123
-115
-110
-102
-93
-84
-75
-65
-56
-46
-37
-29
-20
-10
0
12
21
28
40
50
60
65
69
75
82
84
84
83
80
81
81
78
75
73
73
69
62
53
44
39
32
23
11
2
-6
-10
-19
-29
-38
-44
-49
-55
-67
-74
-79
-81
-87
-93
-97
-100
-102
-101
-101
-101
-100
-98
-92
-86
-83
-80
-76
-70
-63
-59
-54
-47
-38
-31
-24
-17
-12
-4
4
12
15
20
27
34
37
39
41
43
49
53
53
52
53
53
53
49
45
39
35
34
31
25
20
18
17
14
8
-1
-10
-15
-20
-27
-34
-42
-47
-51
-58
-64
-71
-74
-76
-78
-83
-90
-92
-96
-99
-103
-107
-108
-106
-106
-106
-106
-105
-104
-101
-98
-100
-99
-98
-95
-90
-87
-84
-84
-80
-76
-73
-71
-69
-64
-58
-54
-53
-54
-54
-50
-47
-47
-45
-43
-36
-31
-29
-25
-24
-21
-16
-16
-18
-18
-16
-13
-12
-13
-13
-11
-9
-8
-7
-6
-5
-3
-2
-3
-5
-6
-5
-2
2
3
4
4
5
6
5
4
4
5
9
10
9
8
10
12
13
12
11
13
17
23
27
29
33
38
42
43
44
46
50
54
57
59
63
67
75
80
82
85
87
93
97
100
100
103
107
110
114
119
121
125
128
131
131
131
134
134
133
133
133
133
133
132
129
128
127
126
124
121
118
115
112
110
104
99
95
90
84
81
76
70
64
55
48
39
30
21
10
1
-8
-17
-26
-35
-42
-49
-55
-60
-67
-75
-81
-89
-98
-107
-116
-124
-131
-138
-146
-148
-151
-155
-158
-160
-164
-167
-170
-171
-173
-172
-170
-167
-163
-158
-153
-150
-146
-142
-138
-132
-125
-120
-114
-105
-96
-88
-81
-72
-62
-54
-47
-40
-32
-24
-13
-3
2
7
14
21
29
33
36
41
50
55
58
59
59
61
64
65
65
61
60
61
63
63
63
66
68
68
67
65
61
58
56
55
53
51
52
53
52
50
47
47
49
50
49
46
46
50
57
61
62
64
70
76
79
80
81
86
92
98
101
104
108
114
119
121
122
121
123
126
125
123
121
123
123
122
116
109
105
102
96
88
79
71
64
57
48
38
29
19
11
2
-12
-26
-37
-47
-57
-69
-80
-88
-94
-102
-110
-118
-127
-133
-139
-147
-156
-162
-165
-165
-167
-170
-175
-174
-170
-169
-170
-172
-172
-169
-163
-160
-158
-153
-146
-139
-134
-130
-126
-120
-114
-109
-105
-101
-95
-88
-84
-80
-78
-72
-67
-61
-55
-49
-42
-35
-29
-24
-20
-17
-14
-10
-7
-5
-3
-2
1
2
3
5
7
7
9
10
10
12
15
18
20
21
23
25
30
32
32
32
32
34
36
34
34
34
36
40
40
40
40
42
43
44
45
46
50
53
54
54
56
57
59
60
59
61
64
67
67
66
66
67
70
72
73
75
76
78
81
81
84
88
91
93
96
100
103
104
104
105
107
108
109
111
115
118
120
120
121
119
118
115
111
108
107
105
101
97
94
92
88
83
77
72
67
62
56
50
44
36
31
23
14
4
-5
-13
-21
-32
-42
-51
-58
-65
-73
-80
-87
-93
-99
-107
-112
-117
-120
-123
-126
-129
-131
-133
-134
-133
-132
-131
-129
-128
-125
-121
-119
-117
-113
-107
-101
-96
-93
-89
-83
-76
-69
-62
-56
-47
-38
-32
-26
-20
-15
-6
0
4
6
10
15
17
18
19
18
20
19
15
12
9
9
5
1
-3
-6
-8
-9
-12
-15
-19
-23
-25
-29
-32
-36
-40
-44
-46
-50
-53
-56
-58
-59
-59
-61
-63
-63
-60
-57
-55
-51
