-10
-15
-16
-11
-11
-12
-13
-13
-16
-20
-19
-13
-12
-14
-14
-10
-10
-16
-16
-14
-14
-16
-15
-10
-6
-7
-7
-6
-5
-9
-12
-9
-6
-5
-8
-7
-3
-1
-1
1
2
2
4
9
12
9
8
12
14
15
15
14
17
14
11
10
11
6
4
6
9
11
12
14
18
20
18
17
19
19
16
15
15
11
7
4
5
4
1
0
2
2
-1
-2
-2
-7
-8
-5
-4
0
-4
-3
-1
-1
-3
-5
-5
-4
-7
-8
-7
-8
-10
-12
-11
-9
-9
-9
-6
-2
-4
-5
-5
-2
-2
-2
-1
2
2
-2
-2
-3
-6
-8
-8
-8
-7
-4
-2
1
1
2
2
2
0
-2
-2
-2
-3
-1
-2
-1
-1
1
3
8
8
4
3
4
4
3
1
-1
-1
1
3
6
9
9
9
10
11
7
6
2
-1
-4
-4
-4
-5
-5
-2
-1
0
2
3
4
2
2
1
0
0
-3
-4
-4
-5
-5
-4
-4
-3
-2
-2
-2
-1
-4
-5
-7
-9
-11
-10
-7
-7
-7
-5
-3
-2
-4
-5
-7
-9
-9
-9
-5
-5
-5
-3
-4
-5
-8
-10
-10
-10
-9
-7
-2
3
4
9
12
13
13
12
12
8
3
0
-3
-3
-2
2
4
4
5
6
7
6
5
5
2
2
2
4
11
14
15
15
14
14
10
4
0
0
0
-1
3
4
0
-2
3
6
6
7
10
16
17
16
18
14
7
0
-5
-15
-22
-20
-21
-19
-13
-6
-2
-2
1
0
-3
-5
-2
-1
0
3
5
9
10
14
9
-3
-10
-12
-19
-17
-15
-13
-8
-1
4
7
9
6
4
-2
-4
-4
-6
-3
0
2
1
-3
-7
-11
-18
-23
-26
-26
-26
-24
-18
-10
-4
-1
6
10
8
7
10
5
-1
-5
-10
-13
-19
-20
-14
-16
-17
-10
-3
-6
-4
-5
-3
-2
0
9
11
13
12
13
10
1
-8
-15
-21
-27
-24
-25
-18
-12
-7
-2
-2
0
-7
-6
3
5
9
25
38
46
39
30
27
1
-21
-21
-20
-26
-20
-1
20
26
24
32
24
12
0
-4
-8
-10
3
25
32
30
23
20
9
-17
-31
-42
-49
-47
-27
-8
1
7
17
23
7
5
9
5
18
21
34
34
35
42
31
11
-14
-15
-23
-19
-14
-7
3
5
22
24
26
14
2
7
6
3
4
2
8
-3
-11
-17
-30
-44
-48
-42
-43
-36
-41
-26
-15
-18
-13
-14
0
7
12
21
29
23
16
12
0
-16
-30
-23
-12
-13
-10
5
19
15
7
5
2
-12
-12
3
16
23
22
35
21
1
-14
-34
-52
-62
-58
-53
-36
-17
0
-1
-9
-8
-28
-45
-38
-18
0
19
59
88
77
57
41
15
-41
-71
-65
-49
-40
-16
36
56
45
25
24
-5
-52
-53
-32
1
18
62
115
120
72
38
13
-59
-96
-94
-77
-55
-20
48
96
97
78
56
18
-11
-14
-3
27
58
115
145
155
156
92
35
1
-29
-44
-40
41
106
122
171
210
192
134
101
71
32
-15
19
91
89
122
166
195
151
74
39
-10
-78
-80
-39
-19
16
60
124
115
61
58
42
-15
-52
-29
-4
5
36
46
28
21
16
-69
-124
-195
-203
-173
-180
-100
-25
-10
6
46
33
-27
-75
-102
-160
-218
-207
-149
-119
-131
-98
9
-41
-122
-74
-111
-154
-217
-216
-139
-153
-96
30
70
22
-42
-3
-14
-167
-190
-106
-91
-59
20
8
-1
38
59
33
-9
-85
-69
-67
-10
96
88
85
208
240
91
97
70
62
-54
-22
78
47
19
56
235
118
14
30
145
118
39
109
142
163
135
179
144
65
112
114
114
-18
18
124
-45
118
126
32
58
154
30
-20
2
21
27
-116
113
77
-23
109
123
22
-36
-139
14
-46
-162
-16
-49
97
46
14
40
-24
-139
-138
-142
-175
-103
-36
120
23
54
56
111
10
-140
-22
-98
-128
-73
-27
-170
-2
73
-93
6
-4
69
-35
-62
88
18
-181
118
102
-107
-17
59
56
-134
-159
-3
130
-86
75
111
48
60
20
69
46
-38
-31
179
-9
9
-28
-67
153
1
-76
73
81
-6
-41
32
-2
-43
-152
-32
38
-167
-160
5
-28
-211
-43
-58
-14
-143
-138
174
39
-358
-148
72
-183
-186
-172
14
-91
-243
38
37
-207
-274
62
55
-395
-144
35
-102
-219
-350
68
-170
-365
-156
-85
-185
-188
-146
-54
-60
-399
29
-125
-320
-148
-52
-267
-67
-85
-114
-170
-140
25
-134
-189
-55
-58
-260
20
1
50
-124
149
235
-63
-118
88
55
-139
31
121
227
-25
130
382
241
-320
190
312
-149
9
140
412
-136
60
420
353
-144
-35
494
148
-11
-2
435
222
-82
326
254
155
-206
260
327
-313
10
254
198
-43
-104
370
195
-292
115
416
-49
-358
249
333
-307
-249
139
129
-384
-255
241
-300
-357
195
127
-211
-135
262
49
-169
-104
151
64
-338
259
-80
-206
34
-53
9
-125
-82
-15
75
-253
5
286
-96
-166
111
264
-99
-268
248
48
-3
-78
-48
471
-163
-157
312
221
-382
62
425
-80
-31
-178
382
172
-272
-130
487
28
-370
386
193
-39
-80
376
406
-172
40
417
259
-334
102
448
42
-189
279
370
-230
58
506
-120
-80
171
443
16
-333
561
335
-256
109
509
-113
-85
148
228
-198
-111
246
8
-133
259
-3
-92
115
-48
63
5
300
-255
26
456
-195
-52
268
-105
-96
-60
305
-50
-415
451
239
-382
-23
542
-124
-270
318
106
-30
-73
177
130
-75
233
250
71
-189
535
86
-161
409
-98
13
358
-101
275
-87
-65
528
-329
146
21
76
117
8
51
140
188
-113
184
51
7
-99
28
-12
-62
-253
-75
79
-403
-96
70
-214
-230
-58
-63
-162
-248
-129
83
-300
-89
35
-277
-118
-81
-297
-244
-51
-489
-60
-169
-103
-207
-179
-203
184
-440
-258
327
-386
-51
-96
52
-17
99
-394
245
-18
-255
-245
-11
-63
-402
98
-152
-53
-38
-337
115
30
-349
-41
222
-217
-66
217
-236
319
-364
-120
257
-123
-297
382
-123
-184
481
-238
-22
202
124
-72
-129
210
163
-336
213
99
64
-91
-63
403
-181
103
71
58
250
-75
31
169
79
-47
-142
229
-102
-56
-66
23
303
-281
-14
187
180
-142
-105
282
-307
126
-272
-148
348
-621
24
-140
23
-408
-33
-52
-57
214
-605
475
145
-480
148
277
-287
45
11
-129
61
27
-410
346
19
-541
409
-160
-155
297
-375
182
238
-378
172
398
-366
-197
649
-398
0
85
204
-251
107
80
-165
374
-391
167
183
-37
75
116
-35
227
-55
16
304
-13
-173
384
212
-129
306
110
447
-58
64
374
204
-267
251
416
-298
260
293
-73
146
106
-55
483
-236
74
395
233
-110
264
409
-162
354
55
260
36
-8
149
268
2
-246
535
-44
-226
350
37
16
-162
233
-51
133
65
-182
420
-229
130
-62
202
-154
69
512
-531
381
203
-28
-18
-36
97
-114
-156
-48
316
-387
-436
436
-124
-591
31
139
-250
-425
251
-130
-290
180
-235
-17
-149
29
-177
26
-3
-178
267
-357
178
187
-344
11
333
-320
-303
423
-295
-85
324
-417
211
216
-435
335
45
-295
54
394
-432
129
349
-412
398
-50
-208
178
180
-563
565
-26
-638
578
-98
-571
114
233
-395
155
-215
287
-101
-151
249
-257
3
69
-128
51
-236
-42
400
-683
26
371
-596
14
106
-260
-64
-41
-331
23
-127
-238
-237
10
-237
-502
270
-463
-147
-220
-328
365
-709
-122
103
-308
-148
-484
245
-317
-454
-42
80
-677
-20
-82
-706
151
-500
-191
-138
-131
-391
-164
-234
-198
-167
-339
-242
51
-347
-183
-83
3
-158
-419
261
-142
-94
-376
137
161
-702
391
-77
-84
-15
-38
148
13
-154
287
-61
-113
187
311
-81
172
413
-44
-3
183
168
-366
442
-99
-123
372
-203
136
227
-376
112
328
-244
51
207
127
-22
399
33
23
424
-139
391
292
-49
43
808
-286
-25
596
-217
62
313
-25
-10
420
-195
246
317
-155
356
199
-95
374
45
96
133
198
110
106
150
174
108
20
54
280
2
-118
280
-101
98
-224
29
164
-282
-188
264
-85
-309
238
-234
-62
115
-401
425
-332
90
-22
203
-199
20
326
-556
284
-233
-17
-146
121
-105
24
-121
167
-44
-262
312
-66
-386
362
151
-229
296
19
282
-102
33
446
-205
-164
409
23
-296
272
-118
120
-289
-291
573
-650
-32
159
-261
-83
59
-23
-257
115
94
-276
149
280
-371
159
281
-370
410
-384
159
370
-582
478
-9
112
-154
9
544
-562
369
318
-65
-81
500
-335
447
-98
-299
1031
-917
501
424
-493
303
31
135
240
-98
232
312
-278
284
325
-374
413
-88
-16
-12
-108
147
-319
-109
181
-314
-80
-22
-163
-65
46
51
-283
445
-558
498
-395
60
188
-387
167
251
-343
-105
608
-405
-243
443
60
-380
261
-108
245
-298
-195
361
-248
-161
-88
237
-509
340
-143
-229
522
-622
168
94
-44
-451
147
-102
-342
41
-602
535
-571
-226
399
-665
175
-128
-130
-281
310
-247
-160
215
-296
-85
-54
-72
50
-204
-212
653
-620
366
43
-193
543
-286
42
322
-243
16
449
-626
417
-226
-147
165
-194
-592
354
-47
-571
500
-392
178
-157
58
-236
52
-56
-346
487
-427
30
0
83
30
-396
102
281
-399
-273
283
-214
-236
59
5
-3
-102
-104
326
-50
-374
462
70
-103
279
280
17
130
152
-60
219
-122
186
-37
-42
432
-310
528
-313
405
427
-578
813
-138
303
83
164
368
171
68
-140
614
-616
198
23
-195
147
-328
373
-147
-390
526
-86
-456
542
38
-361
311
347
-549
164
84
-361
420
-806
502
173
-986
597
134
-535
358
-44
31
251
-198
22
618
-422
15
504
-127
41
38
314
-399
390
-280
71
118
-529
442
-185
-490
560
-244
-363
384
-235
155
-94
-125
159
559
-892
585
505
-727
315
124
-195
-221
140
-130
-83
-126
-28
-420
492
-222
-218
252
-260
481
-659
371
432
-548
329
-129
591
-284
-543
523
-74
-550
-9
433
-811
152
-197
-101
255
-368
-132
411
90
-638
803
-268
-387
457
-60
-282
-112
131
-210
244
-444
75
124
-386
8
58
165
-500
428
158
30
-340
232
610
-274
-366
793
17
-347
321
-424
690
-231
-307
412
444
-999
735
229
-252
343
-240
856
52
-162
258
857
-584
383
105
429
-399
346
42
-238
414
-309
309
-53
54
31
296
6
-22
215
34
303
98
-81
696
-632
932
-465
146
371
-318
456
-174
318
-202
117
224
-145
-26
209
-190
394
-375
-18
561
-270
-453
1212
-553
-296
862
-844
394
-80
-172
-37
383
-687
114
504
-1308
773
-351
-625
574
-669
189
256
-361
-227
358
-375
-420
273
-421
353
-738
331
294
-885
159
46
-273
-218
389
-746
436
52
-285
429
-37
-307
703
-540
389
64
-687
703
-253
48
-195
-114
170
-55
-462
411
-301
-175
290
-109
-39
268
-286
227
5
-257
146
-65
21
-112
340
-567
501
-228
-215
373
-177
1
368
-538
524
107
-629
538
-135
-304
428
-160
-238
599
-330
7
74
111
-197
-231
369
-244
-67
-67
214
91
-656
274
-377
181
-742
-31
262
-811
130
19
-414
-220
26
-754
413
-314
-358
-33
114
-490
-247
229
-389
-187
-283
419
-429
-317
443
-429
-91
131
-377
364
-384
-61
175
118
-382
-77
656
-654
252
72
-145
490
-314
297
290
149
-400
413
515
-417
497
-222
583
8
-151
622
251
-319
87
495
-51
-178
-280
927
-460
-209
489
25
-7
-149
205
35
-99
-51
134
-310
627
-782
606
-72
-74
205
-348
659
-384
-216
631
-121
66
77
-52
22
-179
-204
304
-63
-617
861
-401
-12
229
-204
338
-364
717
-222
188
219
-59
384
-408
766
-326
176
37
-336
441
105
-735
226
316
-434
-73
-251
366
-239
-352
192
138
-686
-417
827
-437
-816
846
-109
-563
675
-445
180
-30
-98
44
360
-7
110
623
-586
1030
-766
805
-229
-42
836
-812
1207
-341
250
523
-409
643
224
-133
-13
841
-311
50
526
-260
837
-469
656
-75
-44
395
-471
619
-676
746
-594
265
131
-602
133
-305
182
-753
373
-410
-120
-64
-645
437
-440
-226
263
-264
-18
-45
413
-715
917
-327
-192
749
-623
73
507
-477
82
367
-598
491
-398
14
168
-160
-250
300
6
-76
-647
839
-694
-151
231
-476
187
-544
371
-752
823
-1271
572
190
-923
513
-589
483
-764
216
-74
-300
-310
-60
174
-581
-155
504
-743
-272
555
-1052
818
-860
389
319
-1011
819
-312
-84
-38
211
-193
-172
138
123
-121
154
-280
137
281
-598
-34
230
-244
-593
526
-166
-648
226
-40
-244
-179
12
-186
-102
249
-562
327
148
-719
1213
-784
82
643
-756
614
-305
236
-13
-183
584
-300
-35
340
-347
323
-51
77
173
125
4
19
421
-86
148
262
-47
-63
373
78
-534
971
-599
113
525
-484
151
372
-21
-58
691
-432
506
9
50
352
255
-190
497
291
-384
879
-387
15
561
-180
97
260
319
-542
660
-185
-314
545
-795
671
-663
39
671
-1301
346
180
-412
-281
437
-559
219
-329
-56
301
-846
184
238
-535
277
-25
-552
458
-685
155
61
-400
180
198
-478
476
15
-198
255
-70
76
255
-123
555
-270
191
164
86
176
27
296
-163
508
-60
200
-487
524
-39
-294
579
-491
196
298
-516
602
-686
438
-375
220
-40
-128
140
130
156
-469
515
-316
374
-141
-38
244
-23
-54
139
228
-392
220
419
-938
1136
-755
-7
767
-1044
801
-337
134
-154
333
-222
162
231
-272
90
-176
346
-533
249
-131
-160
153
-46
-378
319
-70
-386
652
-411
3
147
97
-217
19
370
-469
135
438
-738
791
-833
509
293
-1016
899
-412
231
-194
-82
359
-414
156
-98
148
3
-250
509
-334
294
-254
316
305
-809
590
-82
24
-331
527
164
-450
198
662
-559
-64
567
-355
195
-278
360
-76
-83
-348
544
-65
-650
755
-596
-109
-73
173
-507
-290
-121
-491
507
-780
-324
432
-497
-342
255
-262
-5
-110
310
-61
-28
-341
11
157
-618
149
158
-669
67
-451
-100
-261
-232
-83
-529
428
-815
517
-598
84
392
-752
221
142
386
-1107
1190
-338
-400
653
-712
514
-440
-174
210
22
-702
189
280
-469
-21
-402
424
-328
-539
804
-892
413
-256
-78
91
-546
297
-93
282
-1076
1110
-405
-469
549
-280
-32
-156
431
-193
-47
32
-57
648
-833
135
653
-823
279
-288
298
-328
-746
936
-245
-709
484
18
-127
-108
57
784
-898
356
851
-420
466
-309
912
-245
-252
1025
-155
-220
384
429
-16
-116
-24
-234
550
-226
203
62
190
228
175
582
-62
388
-166
717
738
-324
455
261
93
119
141
225
61
99
-166
1022
-390
302
-176
123
617
-440
660
392
-549
175
604
157
109
-469
565
198
-205
309
233
-254
-356
643
-97
-154
91
-140
597
-120
153
-36
114
130
-155
591
-279
436
-80
-279
434
-157
112
-414
372
-222
62
165
36
-85
-431
383
-92
390
-284
212
136
10
64
-66
339
-326
-247
92
188
-646
30
463
-951
-74
370
-144
-295
147
11
143
-123
-31
568
-359
104
294
150
-181
-75
-67
-23
201
-405
-143
168
-141
-382
57
172
-261
220
-250
-55
-99
-370
194
-243
306
300
-200
-8
56
-157
-291
66
-4
121
-55
-236
473
-530
-139
234
-252
-187
-106
176
-148
-51
-95
-220
-138
-88
222
-147
-222
176
-92
-52
-385
298
-240
-33
23
-189
247
-572
-96
94
-147
-247
-219
-203
-57
-325
-317
-261
-536
-308
-204
-136
-193
-243
32
99
-69
-363
-95
310
300
245
231
261
-19
158
203
-269
-81
6
70
251
-285
-46
-119
-15
-71
32
85
-94
110
111
413
146
53
190
-116
17
99
-113
216
-65
125
26
-68
-133
-288
0
-92
-103
10
-349
-614
74
-186
-567
100
-114
-361
-496
-109
4
-362
-56
-333
148
21
-193
299
-126
-98
-31
190
-95
8
30
-225
180
-54
32
13
-48
103
111
235
238
414
159
222
477
450
376
217
673
228
404
292
99
607
28
766
467
215
311
111
385
-163
194
369
83
76
57
63
-222
102
26
258
299
15
358
-207
-409
-472
-288
-340
27
-349
-488
-592
-794
-442
-1036
-999
-1125
-1247
-1573
-1380
-1151
-1718
-1547
-1577
-1311
-1049
-1398
-753
-374
-291
-173
217
-279
-403
209
463
1111
885
1271
1687
1698
1611
1961
1890
1919
2366
2495
2787
2388
2385
2553
2378
2503
2547
2338
1982
1627
1585
1513
1181
855
806
516
392
443
55
-483
-547
-808
-1043
-884
-969
-1086
-1491
-1322
-1122
-1108
-1188
-976
-477
-781
-111
134
-69
-39
-544
183
284
293
274
482
598
47
240
88
-328
-800
-760
-378
-926
-1498
-1719
-2139
-2698
-2921
-2533
-2522
-3110
-3577
-3461
-3381
-3634
-2070
-1178
-1035
-1592
-2750
-2042
-1374
-1012
-176
-55
95
1228
1574
1951
1723
1093
2291
3159
3311
3613
3100
2951
2839
3080
3553
3596
3163
2674
2296
1805
1845
1467
730
7
-146
-94
-259
-1002
-1809
-2388
-2861
-2758
-2401
-2150
-2253
-2633
-2572
-2254
-2013
-1548
-1309
-915
-360
238
857
996
1193
1530
1850
2225
2720
2854
2410
2379
2774
3048
3007
2634
2458
2351
1743
1278
952
273
-221
-386
-566
-947
-1831
-2249
-2769
-3166
-3335
-3450
-3613
-3764
-4067
-4296
-4418
-4892
-5062
-4863
-4955
-4660
-4376
-3371
-708
10
-1019
-2643
-3236
-1299
436
748
1322
525
636
1826
2197
2900
2245
2071
3434
4031
3923
3135
2247
2749
3613
4461
5483
4722
3400
2297
1960
2790
3219
2891
1770
629
576
584
-58
-1022
-1590
-2063
-2301
-2168
-2011
-2372
-3558
-4034
-3605
-2726
-2227
-2442
-2609
-2188
-1805
-1024
61
889
1127
754
1265
2235
2625
2347
2061
2771
3562
3908
3761
2885
2459
2365
2776
3219
2575
1674
1013
733
620
213
-349
-1098
-1665
-1825
-1962
-2598
-3515
-3600
-3427
-3387
-3849
-4431
-5095
-5418
-5267
-5020
-5126
-5965
-6400
-4670
-635
942
-653
-3870
-5184
-2297
512
1246
1363
71
236
1833
2715
3993
3019
2399
4073
5540
5352
4028
2942
3877
5463
6582
7732
6569
4260
2470
2677
4819
5990
4475
2135
377
277
557
-45
-824
-1742
-2575
-3239
-3481
-3688
-4110
-5075
-4960
-3749
-2929
-3488
-4585
-4619
-3481
-2169
-981
-2
142
-606
-920
423
2417
3296
2927
2899
3692
4055
3453
3307
3362
3527
3969
4254
3987
2572
1021
975
1860
2497
2096
590
-985
-1778
-1375
-585
-1190
-2309
-2909
-2965
-3330
-3920
-4345
-4627
-4496
-4580
-4528
-5524
-6726
-7527
-7002
-5917
-3789
-1126
-1205
-3708
-6347
-5750
-2002
560
-60
-542
-1948
-1288
833
2478
4070
3046
2503
4282
5382
4687
3512
3997
6998
8505
8371
7784
5991
4331
3937
6208
8768
7844
4082
1162
653
1878
2206
1590
617
-1194
-3158
-4160
-3945
-3447
-3843
-4523
-3760
-3584
-4946
-6578
-6598
-4449
-2696
-2388
-2300
-2745
-3509
-3529
-1906
881
1773
529
101
1098
1982
2077
2426
2960
2907
2925
3257
2989
1479
672
1727
3382
3198
1237
-487
-1046
-662
374
1224
200
-1886
-2844
-2147
-1484
-2062
-2784
-2800
-2781
-3173
-3518
-4029
-4464
-4795
-4284
-4418
-4957
-5476
-5055
-1167
312
-1389
-4082
-5402
-2501
753
708
613
-533
-1226
1005
2552
4703
3926
1880
3527
5355
5271
4682
4605
6559
7277
6384
7171
6940
5209
3860
5231
7899
7303
3321
1167
1215
2073
2186
1525
1129
-1616
-4462
-4494
-2776
-1800
-3201
-5168
-5150
-5409
-6286
-6009
-5070
-4249
-4626
-5342
-4155
-3838
-4351
-3842
-2474
-719
-983
-1763
-1121
-424
-24
1663
3600
3197
1485
1067
2468
3671
3486
3179
3200
2480
1984
2939
3599
2775
1518
1813
2200
1301
348
330
680
49
-323
-416
-1425
-2592
-2679
-1694
-1295
-2377
-3600
-4278
-4725
-4686
-4496
-4466
-4397
-4262
-1885
-991
-2785
-5158
-5289
-1666
1140
492
-855
-1841
-1813
790
3094
4965
3540
1123
2306
4693
5009
4471
4644
6163
6143
5089
6316
7049
5874
4421
5273
7207
6121
2839
2192
3058
3469
2332
1229
767
-1220
-2878
-2243
-886
-1484
-4082
-5893
-5463
-5503
-5836
-5193
-4662
-5276
-6830
-7232
-5782
-5159
-5063
-4211
-3329
-2799
-3296
-3077
-1736
-1107
-202
918
1919
2480
2202
2458
3214
3574
4272
5171
4776
3734
3221
4272
5163
5024
4315
3461
2800
2489
2732
2805
2108
958
740
574
-54
-836
-1339
-1742
-2202
-2496
-2668
-3295
-4183
-4215
-4327
-4249
-4940
-5173
-5261
-4669
-2153
-1517
-2970
-4933
-4615
-1689
276
-824
-1146
-1563
-1428
173
2094
3770
2064
-159
1139
3353
3745
3610
4020
5016
3826
2842
4706
6514
5798
3870
3995
5279
4460
2619
3087
3962
3359
1511
801
1214
-13
-1582
-1449
-908
-1609
-3458
-4275
-3394
-3935
-4915
-4887
-4814
-5362
-6245
-5826
-4473
-4384
-4600
-4040
-3656
-3709
-3720
-2456
-777
-791
-997
-399
233
564
1848
3752
4021
2649
1802
2784
4269
4776
4319
3992
3568
3387
3874
4331
3742
2614
2113
2739
3052
2403
1119
-33
323
1052
863
-176
-1233
-2029
-2211
-1693
-835
-1262
-3015
-3998
-3400
-2460
-2591
-3519
-3738
-3912
-3008
-1628
-1282
-2305
-3933
-3469
-1507
-662
-1057
-1336
-2049
-1609
-472
1498
2114
369
-639
183
1388
2186
2456
2949
2463
1090
1704
3475
4247
3254
2036
2249
2801
2589
2816
3042
2352
699
53
1267
2026
968
-243
-790
-969
-1323
-1370
-681
-1172
-2845
-3497
-2687
-2006
-2557
-3372
-2889
-2608
-2851
-2495
-1951
-2126
-2795
-2633
-1183
-559
-993
-1058
-905
-619
-234
899
1560
830
170
634
1593
1854
1666
1927
2037
1444
1280
2014
2665
2323
1817
1941
2251
1834
1696
2117
2330
1974
1441
1679
2097
2120
1753
1481
1212
819
620
1103
1422
846
-89
-740
-739
-751
-608
-653
-1135
-1895
-2384
-1967
-1569
-1871
-2632
-3064
-3091
-2714
-2389
-2271
-2572
-3093
-3135
-2621
-2180
-2063
-2183
-2112
-1992
-1888
-1451
-869
-558
-589
-615
-197
308
446
888
1392
1629
1443
1207
1721
2416
2600
2603
2647
2578
2462
2181
2322
2760
2630
2399
2029
1714
1508
1262
1412
1816
1755
1164
431
54
275
730
996
724
-30
-694
-819
-594
-224
-234
-671
-1351
-1776
-1575
-1079
-997
-1365
-1791
-1993
-1858
-1640
-1051
-611
-805
-1121
-1116
-714
-164
184
633
822
667
516
831
1660
2310
2403
2028
1819
1797
1961
2162
2410
2308
1999
1609
1427
1482
1294
956
600
343
-81
-607
-1012
-1188
-1448
-1875
-2307
-2729
-3072
-3352
-3471
-3347
-3372
-3697
-3972
-4017
-3683
-3390
-3324
-3118
-2957
-2812
-2490
-2109
-1619
-1245
-1025
-559
-190
179
442
714
1132
1466
1781
2110
2378
2637
2771
2731
2860
2912
2979
2976
2891
2909
2862
2685
2402
2275
2286
2122
1766
1392
1095
835
420
285
293
73
-296
-713
-1011
-1229
-1509
-1488
-1296
-1475
-1937
-2249
-2046
-1904
-1981
-2261
-2189
-1977
-2041
-2042
-1921
-1667
-1560
-1347
-963
-559
-361
-350
-190
142
438
802
1171
1263
1316
1394
1628
1926
2040
2030
2084
2118
2165
2110
1938
1499
1239
1407
1495
1170
610
293
-60
-340
-545
-601
-738
-1332
-1919
-2040
-1741
-1614
-1676
-1959
-2255
-2270
-2038
-1650
-1516
-1577
-1743
-1677
-1367
-1127
-1006
-940
-763
-413
-91
48
48
20
57
367
905
1251
1121
813
731
1053
1682
1875
1791
1477
1258
1381
1612
1786
1613
1373
1227
1123
1060
947
714
437
161
65
220
127
-271
-547
-574
-332
-464
-818
-1009
-1082
-1050
-982
-890
-978
-1245
-1238
-870
-641
-822
-1174
-1159
-909
-800
-563
-351
-440
-732
-879
-394
118
119
-29
15
261
386
325
565
695
588
652
944
1270
1083
707
868
1239
1356
1171
955
1019
887
701
810
910
855
613
517
789
751
496
250
222
417
429
466
448
125
-312
-463
-246
108
2
-473
-743
-807
-648
-496
-481
-499
-683
-1010
-1008
-780
-551
-406
-490
-530
-558
-580
-462
-249
72
290
276
197
15
127
487
742
810
576
386
339
524
710
703
517
201
92
226
355
286
71
-232
-436
-414
-266
-290
-571
-859
-1074
-1082
-1018
-1022
-996
-1057
-1128
-1178
-1090
-927
-882
-780
-789
-767
-694
-433
-146
-60
-111
-155
-34
89
322
577
747
562
320
415
720
999
867
725
864
921
947
1008
1166
1222
1126
1154
1388
1550
1557
1493
1552
1768
1785
1686
1653
1695
1719
1575
1453
1449
1380
1270
1130
866
642
474
285
185
80
-55
-299
-531
-560
-541
-540
-744
-1026
-999
-937
-980
-979
-927
-976
-1177
-1251
-989
-835
-937
-1185
-1328
-1256
-1394
-1478
-1414
-1375
-1453
-1734
-1884
-1752
-1624
-1618
-1600
-1775
-1991
-2078
-1926
-1614
-1431
-1548
-1726
-1745
-1623
-1476
-1328
-1027
-882
-887
-788
-612
-376
-223
-101
126
373
556
677
810
904
926
958
1071
1286
1389
1409
1379
1262
1214
1202
1481
1786
1746
1425
1135
1234
1426
1494
1514
1432
1230
1053
1014
1173
1214
996
854
855
899
786
635
619
521
516
654
687
370
-85
-199
11
223
224
48
-182
-396
-504
-343
-116
-209
-542
-719
-608
-401
-329
-366
-336
-297
-325
-280
-99
62
-44
-210
-147
-91
-120
-297
-363
-276
-425
-676
-814
-761
-731
-938
-1229
-1329
-1359
-1396
-1426
-1387
-1389
-1498
-1599
-1568
-1420
-1384
-1361
-1235
-1089
-965
-928
-849
-608
-403
-232
-163
-94
87
228
415
565
624
682
685
748
924
1054
1039
929
894
986
1093
1092
1044
1037
990
969
1020
1047
930
771
822
903
841
717
629
714
718
644
613
592
487
345
355
558
648
507
359
337
485
607
586
556
539
535
569
625
682
586
475
481
589
673
593
506
526
624
633
510
412
367
275
193
191
110
-126
-459
-598
-515
-487
-698
-1092
-1397
-1470
-1389
-1304
-1333
-1594
-1891
-1952
-1760
-1500
-1430
-1507
-1557
-1463
-1311
-1098
-905
-773
-632
-484
-298
-160
21
223
495
744
924
971
977
1045
1270
1516
1656
1665
1525
1433
1442
1560
1586
1476
1283
1202
1222
1197
999
778
664
585
534
474
322
57
-164
-271
-305
-316
-399
-594
-801
-947
-1034
-1064
-1036
-1055
-1039
-958
-897
-874
-952
-984
-972
-815
-516
-342
-339
-387
-357
-180
95
342
452
350
222
261
469
765
881
805
661
503
444
458
498
435
238
-2
-79
-119
-275
-510
-728
-783
-909
-1057
-1202
-1406
-1562
-1620
-1588
-1597
-1735
-1884
-1851
-1648
-1559
-1555
-1579
-1515
-1371
-1226
-1025
-912
-862
-744
-471
-95
150
154
67
150
414
773
1092
1243
1218
1070
1069
1301
1521
1656
1728
1760
1704
1539
1462
1578
1717
1771
1650
1443
1265
1034
1072
1276
1355
1143
736
405
294
342
424
355
144
-121
-303
-252
-175
-282
-538
-713
-711
-612
-566
-677
-817
-828
-727
-607
-564
-602
-627
-591
-518
-383
-231
-154
-155
-92
81
210
216
138
99
109
216
324
369
327
191
121
179
245
204
76
-60
-136
-137
-94
-75
-93
-210
-325
-352
-276
-131
-80
-111
-297
-470
-434
-240
-46
17
-37
-109
-176
-203
-46
141
212
202
192
281
271
259
348
444
486
440
432
436
405
415
512
551
481
281
200
274
266
219
162
101
22
-54
-20
50
-53
-319
-483
-385
-184
-164
-260
-378
-557
-686
-696
-570
-414
-473
-636
-757
-866
-789
-613
-418
-427
-672
-783
-751
-550
-323
-203
-133
-190
-248
-175
-66
79
178
248
377
342
300
366
509
650
626
602
649
655
608
562
639
733
673
579
577
611
556
515
500
443
296
203
246
234
66
-119
-137
-98
-135
-204
-160
-186
-325
-444
-348
-157
-135
-186
-191
-173
-242
-265
-111
124
163
7
-106
-96
-15
35
103
158
54
-45
-35
26
82
47
5
-8
-25
2
44
46
6
-13
89
168
91
-10
-30
20
109
84
-39
-255
-498
-550
-398
-266
-356
-688
-913
-975
-947
-783
-683
-741
-955
-1157
-1093
-863
-682
-629
-646
-673
-689
-677
-526
-310
-230
-193
-180
-156
-149
-83
117
265
319
263
229
320
424
524
631
598
423
334
477
679
693
571
465
382
358
395
490
473
224
-6
-18
108
172
140
92
-34
-223
-313
-151
73
101
-76
-285
-352
-339
-260
-145
-81
-152
-282
-309
-209
-145
-122
-138
-159
-123
-46
62
105
103
197
306
366
313
334
505
589
652
656
680
622
570
696
786
736
546
418
433
437
416
354
174
-60
-221
-116
89
67
-146
-341
-439
-461
-450
-345
-279
-363
-437
-447
-395
-365
-380
-335
-248
-281
-400
-440
-399
-396
-353
-277
-229
-280
-417
-414
-241
-106
-25
19
9
-59
-115
3
197
293
335
323
333
334
334
482
610
600
483
398
434
539
617
657
619
565
440
381
462
507
496
387
286
261
267
264
254
191
86
6
-4
65
55
-77
-208
-307
-310
-247
-190
-154
-252
-364
-369
-337
-348
-387
-386
-366
-372
-390
-346
-322
-380
-422
-356
-278
-323
-404
-396
-320
-261
-233
-244
-290
-370
-366
-216
-109
-113
-152
-151
-117
-51
4
82
92
36
24
94
209
207
115
77
67
83
119
136
159
136
126
118
89
28
-31
-19
72
66
-5
-85
-150
-120
-116
-98
-75
-89
-83
-49
-22
-18
-80
-111
-105
-42
208
202
-58
33
174
63
37
227
248
153
223
279
107
-14
49
471
474
-274
255
319
-62
372
228
300
282
7
178
310
169
469
617
279
308
344
376
530
474
503
489
400
390
386
365
232
257
304
254
201
69
61
58
-20
79
90
-71
-147
-198
-104
76
-83
-258
-335
-397
-246
-149
-172
-245
-430
-504
-389
-273
-245
-343
-431
-425
-391
-289
-220
-305
-424
-452
-341
-151
-120
-270
-380
-400
-373
-305
-304
-384
-450
-457
-443
-428
-445
-507
-513
-514
-512
-474
-472
-570
-688
-706
-611
-551
-568
-610
-626
-557
-489
-427
-390
-379
-409
-363
-247
-147
-37
3
99
199
220
258
356
432
447
487
617
719
719
688
709
787
835
893
956
1001
922
850
834
863
928
961
989
884
727
647
627
636
605
514
374
271
242
263
238
125
-32
-181
-218
-225
-247
-279
-326
-416
-516
-498
-425
-381
-402
-412
-399
-398
-387
-327
-231
-218
-232
-217
-206
-118
-50
22
109
67
1
21
94
111
100
70
-14
-104
-140
-99
-35
-74
-143
-210
-295
-322
-306
-258
-287
-374
-415
-373
-323
-337
-373
-403
-360
-354
-331
-272
-247
-234
-309
-323
-262
-183
-119
-79
-84
-51
21
73
187
253
256
233
262
360
459
515
555
563
570
573
665
784
856
811
708
628
591
633
717
773
731
630
519
488
552
621
655
588
393
253
193
214
268
238
155
52
-88
-182
-207
-126
-137
-188
-332
-141
-178
-163
-239
-347
-550
-705
-740
-776
-679
-540
-267
-146
-59
-140
-19
-131
-127
-286
-450
-642
-608
-421
-102
174
262
328
306
153
277
233
215
-32
-172
-279
-208
-197
-103
59
294
548
620
574
412
395
58
-80
-422
-518
-719
-611
-421
-87
142
303
362
107
-137
-407
-561
-671
-708
-608
-406
-145
98
166
187
254
304
247
131
-94
-160
-323
-94
132
454
612
727
729
606
428
237
118
-113
-30
-124
195
212
383
361
332
296
260
-19
-214
-463
-647
-481
-541
-322
-405
-170
-45
391
160
142
-111
-533
-545
-734
-575
-632
-384
-107
260
461
583
551
230
119
-324
-349
-466
-482
-266
-207
350
207
556
132
-21
-145
-376
-351
-523
-297
-748
-414
-542
-253
-203
-458
-28
-440
-310
-61
-228
-165
-218
-499
-320
-200
-148
161
195
183
351
515
445
573
502
304
517
128
236
318
442
636
551
602
570
524
177
405
326
-256
63
119
-62
567
-128
218
281
-52
-187
-132
-118
-312
-101
-374
143
-256
-39
-45
-92
-165
-560
-272
-308
-339
-572
-359
-213
-411
-451
-264
-474
-635
-116
-524
-281
-422
-571
125
-272
-70
204
-431
-104
374
-119
18
503
-54
120
765
340
549
479
528
532
305
480
251
751
315
377
463
127
316
-91
99
106
10
-310
-169
379
-34
-334
67
123
-247
-468
380
-343
-519
562
-371
494
-311
-523
677
-383
34
78
-207
-166
406
-62
-202
177
-245
443
-291
-60
-43
-544
61
298
-3
-186
-241
-72
77
-381
73
-289
-241
-350
-51
-155
-406
-254
-64
-16
-304
-344
-617
-234
-875
-103
-505
-401
-357
-624
124
-914
-578
-179
-110
-570
8
-421
59
-108
-740
883
250
-344
515
491
127
429
108
620
482
-102
843
579
366
486
907
811
573
566
157
575
676
478
183
408
589
170
62
651
323
30
420
489
-410
155
402
-209
616
-122
9
577
-53
6
313
47
-160
102
-317
-345
511
-441
-603
799
-243
-450
160
-234
-421
-591
-123
-140
-254
-754
-65
34
-682
-242
-797
-144
-780
-445
202
-915
-39
-691
-469
-237
-359
-850
-318
-141
-659
-12
-341
-237
-348
83
-562
-380
-334
-206
-558
-156
425
-299
-192
39
240
-64
-363
107
239
-460
179
506
-21
268
349
786
230
-189
253
178
221
574
372
442
517
886
29
577
545
173
419
-34
945
27
176
1108
368
-28
155
197
571
-54
148
481
270
93
362
576
-14
146
396
397
221
606
-260
399
549
101
263
223
117
142
314
387
806
-415
511
-66
-570
156
-84
-106
-525
540
-133
-639
-196
-591
-163
-1417
88
-310
-1346
196
-1082
-935
-8
-560
-703
-266
-756
-540
-216
-892
-331
-101
-1296
419
-365
-780
-259
-281
275
-447
-180
-347
142
-432
72
814
-389
-16
987
64
19
253
-46
1148
467
-55
713
843
76
269
1159
321
60
756
562
1
-91
176
585
25
85
159
62
-223
50
138
-540
149
-248
-637
282
-565
190
397
-147
-194
165
-275
-148
497
-193
486
352
46
595
170
-100
911
353
122
376
541
491
270
278
749
424
287
163
-29
135
227
507
-186
-292
32
-182
-27
-158
-506
-390
-240
-447
-498
-687
-1229
-415
-151
-1142
-679
-493
-983
-473
-906
-1290
-452
-961
-1166
162
-1083
-936
157
-822
-550
-6
-847
-417
-253
-368
240
122
208
439
79
321
750
323
263
237
900
332
646
1433
635
456
766
1098
607
178
561
528
139
736
669
223
376
-262
-276
1051
-631
-773
727
-260
-209
-251
-334
-298
-232
-596
-224
-570
-1133
239
-215
-880
223
-433
-360
164
-668
-488
194
-16
-66
-242
-589
576
-207
121
637
21
95
220
349
52
-9
266
670
234
74
384
513
47
646
797
-569
384
163
-450
204
129
280
128
-116
-342
-101
-732
-138
-553
-206
-41
-377
-296
-107
-613
-362
-288
-994
38
-566
-667
-101
204
-413
-186
188
-621
-205
138
-389
553
-259
-12
216
-37
239
502
693
-119
810
-48
143
478
747
-282
462
889
-15
906
-142
39
193
164
-440
466
-120
-268
561
36
-492
-267
-121
-558
-144
-418
17
-67
-580
-519
405
-643
-149
196
-698
-202
-341
-73
-373
-611
189
200
-547
360
206
-653
-166
307
89
-9
58
224
156
-133
662
376
-183
-127
435
228
394
374
230
570
212
567
-460
538
428
-259
690
340
-231
101
560
-158
149
-238
503
-16
-279
19
390
-366
-458
102
-973
-124
-207
-222
140
-540
-337
-223
-420
-731
-323
25
-236
-226
-241
-137
-149
-15
-63
1
-254
-106
331
65
208
20
495
424
-482
102
-423
504
331
-17
79
223
-187
337
503
-487
341
-236
158
333
-422
135
441
-13
141
227
-476
430
295
72
460
217
428
468
64
67
388
-521
352
310
-257
126
444
378
35
367
95
221
-304
142
51
140
432
64
736
-59
-60
126
-255
198
112
-118
539
617
-445
171
15
-793
-360
-12
-656
-191
476
-638
248
160
214
-572
-590
-193
-427
-35
-385
225
439
308
-11
341
-108
-708
167
385
-59
202
-21
443
893
-46
-234
630
-396
-757
463
-22
97
555
392
-13
-101
-68
35
-284
-94
471
-238
-4
122
175
-335
-243
78
-53
-714
-307
232
-487
39
496
144
-358
-52
-733
-160
94
-815
231
840
-121
194
220
35
0
-632
359
64
-670
301
618
-240
154
416
-58
468
-1055
584
149
-1108
943
214
-418
464
450
-199
154
-60
-512
-105
249
-259
559
216
3
180
-482
-1068
3
-883
-645
598
-475
389
166
-458
106
-245
-680
-299
-342
-317
-563
-193
560
-41
-78
766
-297
-405
-625
-158
16
-672
40
758
8
64
670
-328
-533
-440
-398
138
-180
-377
719
303
-222
291
-71
-359
-634
-637
-110
80
-562
339
438
-265
-57
-147
-137
-419
-435
-103
256
-260
-112
256
288
-329
-244
105
-430
-205
-221
779
682
-344
550
504
-175
-118
545
129
-610
580
891
-18
-483
135
553
20
-36
377
660
-1041
-701
1101
-321
-1122
152
216
-331
-912
167
-491
-493
188
-504
52
-772
-225
-442
-181
-434
-142
-193
-844
291
-103
-639
-252
424
-414
-366
40
156
89
-237
105
330
-138
-426
547
401
-341
871
686
-33
61
14
216
-210
295
160
695
376
203
782
418
-200
42
855
29
380
604
580
149
-111
412
624
-455
122
836
-327
-220
677
337
-799
107
452
14
-257
-262
668
-776
-316
1076
-130
-605
-70
653
-210
-399
141
472
348
-352
631
426
-506
-47
584
127
-845
356
719
-119
596
-60
-109
-291
-670
482
296
-741
273
532
171
-386
-276
81
-370
-98
-161
113
-99
-69
30
514
168
438
-92
-425
409
-119
-426
171
389
-122
-124
346
394
-248
-76
-68
352
127
27
138
418
37
373
222
255
-63
-702
732
-257
-127
556
144
38
306
313
-78
-383
313
323
269
-707
585
493
-457
556
213
102
-357
172
-315
3
-14
394
661
-616
912
-303
-661
472
-576
-170
-128
162
-72
-112
-109
-110
220
-878
-320
-98
-1045
-47
142
-826
-187
186
-317
-419
-238
-1040
-699
160
-618
49
-425
-68
105
-232
106
-22
-465
-632
274
-365
-567
-274
404
11
-302
-129
953
4
-666
304
-119
-215
-213
582
742
557
-364
448
1108
-610
-353
702
180
136
558
-119
911
128
-614
1021
260
-668
-563
1023
282
-549
-387
520
172
-570
-90
-150
17
-744
248
-76
-489
-291
-491
516
-770
-592
-26
-283
-553
-301
-199
-414
107
-695
-79
-245
-3
-530
-132
-557
-676
353
-604
-402
378
-140
-255
228
-136
-65
18
487
265
32
-595
645
124
-701
601
87
147
-308
18
381
-161
-353
219
430
-545
-1
46
137
-734
-344
499
98
-676
934
538
-675
31
286
188
-647
708
336
-317
215
993
167
-70
-137
190
423
-381
788
40
356
751
482
59
-188
133
90
569
-686
699
899
114
168
426
406
98
303
212
172
-737
140
512
-277
-508
634
151
-114
514
-237
100
338
-269
176
215
-281
510
194
-15
477
-76
363
609
-898
-91
484
-349
-194
-55
374
0
70
-62
348
-159
-893
583
91
-315
-127
372
289
-185
-407
284
330
-279
-482
-404
79
-723
-105
676
234
-768
475
650
-659
-586
-470
500
-81
-382
348
696
-93
95
936
-212
-261
30
-551
-85
215
-285
1294
300
4
613
-639
532
-89
-760
-172
233
-61
406
475
130
14
91
208
-613
-974
-297
86
-63
-94
285
296
17
-326
-635
-16
-368
-920
-374
610
-178
-248
-48
753
-423
-757
-206
-259
-590
-786
294
-362
338
46
444
-33
-25
-358
-701
-33
88
227
-554
118
394
30
-384
-102
-13
-812
75
40
-378
133
592
241
-357
481
276
-332
-409
-227
148
268
-320
260
448
0
234
423
-216
-878
432
112
-71
-106
353
771
211
350
44
-3
-148
492
329
-344
407
8
143
621
300
-190
240
511
-156
-300
-203
380
-136
-378
605
123
32
-144
182
50
-590
-42
78
-247
-35
-145
-122
505
-118
-195
249
-74
-671
-51
-229
19
-332
-277
626
-259
-323
367
171
-850
-254
346
-60
-803
-76
512
180
-651
40
857
-1029
-265
444
-304
-380
206
341
226
-309
4
628
-452
-167
79
-49
-405
215
61
-151
570
-18
-85
184
164
-227
-140
-12
254
174
21
489
614
-202
-148
405
152
-379
55
339
-148
16
205
295
-204
-68
597
116
-483
217
-209
-3
81
-162
123
-232
250
500
144
-577
326
328
-932
-215
-56
-90
78
305
307
-76
304
-253
154
-368
-183
-159
-515
451
147
-127
-281
743
100
-376
34
-156
-248
-214
-154
8
120
-279
330
275
-122
-44
-327
193
-236
-404
308
279
-97
321
95
100
-48
-115
80
-95
-108
10
88
150
-255
310
691
-676
273
33
-164
296
-30
173
456
280
-33
169
25
-79
274
104
-159
340
179
-277
407
422
-384
57
441
-85
86
-20
331
55
-280
405
363
-216
21
452
-111
-29
164
-206
135
-797
419
32
-212
326
160
195
-698
70
44
-312
-599
648
-137
-564
72
198
-59
-4
-95
-218
141
-448
282
-290
-56
-41
58
-53
126
128
-699
61
324
-166
-605
210
207
86
-305
122
96
-540
-283
189
-362
-491
344
48
-154
295
-149
-73
318
-326
59
-70
-289
87
67
126
207
-208
294
-135
-42
137
-34
-184
48
371
-81
-249
-115
723
-143
-167
322
-616
271
304
-297
139
47
-250
87
284
-482
635
-152
-254
761
-342
-137
229
190
178
333
-399
540
383
-758
69
489
-49
-132
-65
-34
692
-780
-113
348
195
-218
-51
181
129
-24
-954
940
-198
-549
2
532
-7
-929
176
148
49
-658
383
37
-245
-70
-179
423
-286
-229
157
-114
-475
115
110
-240
231
-317
-116
-52
-295
471
-597
-301
130
-476
-137
0
-225
-645
6
235
142
-655
-187
613
-504
-547
-120
-152
-482
-122
-44
-86
-196
-530
705
-113
-1153
157
261
-289
-583
-33
-206
-143
-244
114
201
-473
116
76
337
-868
51
624
-636
17
-16
-29
-163
-203
-116
248
209
-331
-233
251
-169
-268
144
-30
-18
-10
414
-110
234
-151
-73
632
-457
12
-58
316
-240
-88
292
90
215
-638
695
95
-356
185
102
154
-307
355
637
-436
-39
859
241
-429
429
701
-165
60
135
1015
-54
-179
772
192
-212
322
682
-123
456
227
361
150
-224
315
153
60
483
189
-299
112
344
31
81
317
199
48
112
34
158
201
-271
271
391
-170
481
-207
-12
475
-188
-56
337
-299
-6
625
-216
255
73
43
332
-134
-23
271
-358
368
323
-287
339
343
-239
75
117
-266
256
-416
252
63
-114
-8
49
187
-885
217
453
-612
-588
328
367
-329
-62
-80
227
-392
-315
457
-345
-575
129
357
-24
-274
178
-25
-334
6
-342
-179
116
-149
178
273
-221
-58
5
-167
88
-185
-265
179
-76
32
-40
-151
239
-458
-269
-20
-296
-185
-105
-286
262
323
-549
-209
145
-139
-338
-577
367
-271
-1236
518
236
-582
-785
469
74
-687
-736
272
26
-1334
289
393
-555
-610
794
-202
-808
-206
633
-359
-771
-40
264
105
-344
482
329
-192
-627
700
-195
-582
378
306
-185
178
475
-88
498
-491
58
-109
-655
342
218
-409
-230
424
336
-279
-573
3
54
-984
-593
421
-337
-740
30
453
370
-785
-117
325
-381
-905
96
542
-834
53
399
420
-633
111
425
-297
-113
-126
59
275
-171
-84
656
-185
-1
129
63
-262
-596
208
106
-392
-25
272
244
-82
-62
247
64
-126
-332
379
203
-424
81
252
27
-120
-4
408
-178
-145
-250
281
-109
-464
114
132
22
-463
64
317
-298
-596
293
414
-988
74
696
-341
-147
-199
550
-379
-220
310
-287
3
-94
157
179
-133
68
259
64
272
-123
87
-134
200
240
15
156
38
35
84
191
-621
254
236
-354
291
387
-114
291
144
114
115
-204
400
-54
25
590
545
-276
542
-121
154
424
-295
305
-160
200
339
-47
89
271
-326
438
171
-341
173
175
317
8
-355
832
-73
-465
469
162
-183
-127
449
295
-410
80
609
-270
151
315
309
-204
34
688
-101
-13
679
-16
-194
335
-143
197
147
-203
256
409
-96
-2
290
90
260
-199
191
575
-447
240
260
357
-82
67
421
256
-67
-168
364
19
-1
285
257
-201
256
-151
355
-264
-146
113
202
146
-87
576
-80
-21
148
238
-79
-152
-4
315
-377
-351
581
-204
-163
222
-108
-215
-25
-342
-266
253
-298
298
204
-287
375
-180
-308
-5
47
-430
-151
195
-163
29
-244
-360
36
-475
-163
-221
-303
-339
-99
-57
-576
148
-229
-515
145
-73
-351
8
-45
-234
5
-52
-232
298
-326
-369
240
-209
76
-160
-121
-201
-96
43
-178
-92
-27
27
-216
128
-323
-224
-101
-149
-164
-176
280
-113
-165
115
-165
-397
-179
-192
-345
-101
-87
14
173
-154
15
-36
-424
-63
-401
-353
132
-332
-109
229
-171
-272
-2
10
-138
-456
-200
-109
-134
-259
-137
-107
1
-471
3
114
-875
-241
-100
-365
-266
-166
-125
-24
-478
56
-157
-367
-58
-344
-250
-163
146
-168
-189
-251
-11
-135
-556
-58
163
-202
-257
109
184
-175
109
334
-4
-203
327
172
-68
417
6
106
607
123
-163
457
55
128
295
-108
359
585
-322
193
558
-124
495
297
52
249
188
224
432
-149
57
351
-222
-40
273
-176
-359
119
-61
-255
-190
-47
-110
-2
-197
-170
227
-177
67
-44
131
129
-172
-150
173
132
-237
72
378
71
-111
164
264
-24
-113
423
299
-2
-58
572
188
67
409
288
123
97
291
264
149
13
271
393
135
390
-3
94
282
114
-148
238
393
-232
144
448
340
-269
183
291
41
59
261
557
-20
256
484
269
243
156
449
357
334
412
323
196
574
624
182
297
503
506
446
143
81
642
332
196
485
252
458
-34
365
289
-273
204
212
136
43
-131
60
208
-342
-90
52
-358
-360
-218
-279
-300
-390
-355
88
-445
-391
-10
-212
-509
-356
57
-348
-436
-217
175
-83
-342
-128
68
-125
-399
-155
-166
21
-99
6
-85
-21
-90
111
-20
-290
70
-74
-180
-180
167
-80
-139
-49
49
-192
-269
-122
-120
-308
-284
93
-85
-392
-155
-45
-307
-110
-120
-364
-204
63
-206
-205
12
2
-100
-149
105
137
-29
-76
40
178
12
149
-161
128
276
49
-14
-55
81
-86
-12
-35
185
-48
-324
354
25
-285
111
168
-110
-115
-132
135
-47
-362
299
-70
-235
194
-55
-293
-186
193
-84
-330
-111
-7
-146
-127
-103
-439
-80
-101
-399
-218
-369
-144
-266
-332
-15
-354
-240
-230
-17
-474
-578
57
-273
-329
-307
3
-101
-503
3
-135
-365
-147
-46
-236
-350
-40
145
-270
-314
200
14
-142
79
137
55
-134
317
274
-288
180
371
-101
150
257
-73
14
70
339
127
-24
246
540
68
-59
368
366
-136
281
573
91
276
166
258
179
-5
172
303
-13
-116
200
196
203
-18
-43
221
-35
84
223
-187
-81
272
180
-65
-8
108
128
153
81
-83
192
109
-23
117
-14
244
92
141
98
-92
110
111
-152
-51
179
2
-68
-1
-49
-37
-91
140
-104
-43
-1
9
266
-152
-84
251
219
-248
111
194
-39
-113
99
199
142
145
-91
190
46
-176
192
324
-224
-140
219
207
-146
-23
206
17
-30
23
42
-95
51
95
223
-123
133
289
80
6
242
105
-63
165
-7
267
-88
101
257
109
82
-162
217
-46
-70
167
70
-149
40
254
-173
54
-136
-42
-42
-156
-141
-105
-49
-139
-163
-172
-55
-217
-111
-151
-106
-188
-243
141
37
-183
-8
62
-76
-9
20
156
-72
-79
105
-38
71
85
-9
130
128
-50
138
22
-43
221
15
54
271
-42
130
133
1
0
129
194
139
93
7
107
118
211
28
84
115
-48
-58
161
127
-158
-129
11
88
-85
-176
-24
-257
-141
55
-277
-242
-198
-15
-182
-218
-145
-216
-126
-56
-143
-299
-47
-183
-236
-228
-236
-20
-149
-193
-30
-75
-207
70
56
-339
-116
103
-13
-183
-283
5
-39
-226
-10
48
-242
-125
46
-128
-107
-198
58
171
-10
-106
85
-58
-83
206
40
20
-98
181
131
-24
-101
129
114
-33
61
133
145
-164
58
136
166
15
-126
156
245
-17
-57
223
-97
-16
191
-22
41
-43
45
106
55
27
-49
-107
89
41
-15
-2
-49
222
28
-210
8
255
4
-200
139
-12
-98
34
62
-8
-85
67
-13
-152
-126
14
-92
-129
23
38
-175
13
75
-61
-175
-174
-30
-50
-199
-114
32
-196
-9
-33
-138
-10
-83
-59
-92
-87
-145
81
-11
35
71
-56
12
-145
-12
38
13
-49
59
93
107
45
-32
87
235
23
23
150
12
30
63
227
193
-11
108
259
47
59
-10
79
102
35
57
35
33
-26
116
80
-96
27
129
-33
-159
89
-58
-138
10
34
28
-32
-49
-53
113
-73
-108
78
135
-7
-1
65
27
-78
13
56
-54
-45
-11
115
-59
-86
48
65
-100
20
150
11
3
44
68
45
183
54
9
100
100
133
230
75
62
167
219
178
11
139
168
37
92
314
77
73
192
97
34
92
7
60
108
-62
19
119
91
-135
23
118
-18
-131
-97
-49
-109
-83
-98
-84
-121
-110
-58
-86
-151
-87
-67
-36
-79
-20
-92
-81
75
58
92
-1
-50
-95
152
-63
-247
25
96
-200
-38
286
-13
-141
-78
38
-87
-97
-114
17
-82
-22
111
-80
-171
-34
-54
-73
-25
-234
-155
-47
-45
-4
-63
-143
-28
-13
-66
-174
-114
-140
-73
-142
-37
55
-150
19
-12
-68
-182
8
-75
-151
-14
-26
90
-28
-44
62
52
-49
32
138
90
-81
24
191
-11
-1
59
167
-22
-168
64
69
-94
-97
-25
-81
-83
-87
9
-94
-228
-31
-41
-299
-221
-95
-47
-175
-175
-134
-133
-58
-182
-113
-173
-264
-133
-34
-188
-253
-104
-105
-155
-271
-120
-169
-287
-177
-126
-185
-200
-74
-191
-213
-141
-69
-191
-199
-63
-126
-79
11
-12
-86
-52
-25
-37
-141
-100
-69
-84
-37
-73
-103
-86
-36
-99
-37
-114
-53
-77
-38
-11
-60
-105
-32
61
-40
5
80
122
-124
90
183
23
82
81
86
152
166
63
183
21
136
223
36
106
115
84
148
204
99
114
100
169
223
99
124
145
200
278
183
138
245
229
180
128
219
161
51
174
280
92
-8
187
82
-29
-14
93
35
-67
36
121
-72
-224
-14
-9
-135
-86
-6
39
-10
-27
209
34
-155
156
128
-129
-60
73
-152
-20
23
85
-22
-41
220
84
73
5
83
81
60
89
196
198
39
175
227
182
114
112
108
68
130
19
29
137
66
27
118
83
15
55
14
35
-57
-142
-52
1
-113
-139
-100
-109
-146
-104
-49
-41
-62
-56
93
109
-18
-27
169
20
-74
71
108
-10
3
155
122
34
101
82
38
50
115
190
60
73
12
149
52
2
-4
-3
46
-13
80
-53
16
19
-118
126
83
-157
-53
-41
-191
-235
-54
-209
-270
-238
-244
-245
-291
-263
-243
-219
-244
-78
-186
-248
-51
-39
-197
-72
-7
-181
-85
17
-84
-109
-95
-7
9
-51
35
29
-18
-66
-43
24
66
-7
26
9
-57
30
28
-45
-137
-109
-74
-35
10
-85
-74
-106
-37
-15
-97
-121
-68
-111
-169
0
-16
-193
-154
-19
-87
-122
-132
-116
-178
-233
-155
-45
-150
-153
-24
-118
-96
-75
-76
-113
-153
-155
-140
-152
-110
-39
-60
-31
34
90
73
6
32
80
0
-34
38
43
49
104
146
122
89
194
262
53
48
185
60
78
157
96
-15
2
84
60
-41
-30
63
-42
-16
105
-16
-13
62
92
102
36
132
45
-17
70
-55
-112
-16
-58
-161
-96
-67
-99
-117
-78
-72
-65
-39
-44
-65
-73
-14
-71
-4
19
28
42
4
56
59
23
1
39
53
54
88
112
62
94
141
113
127
102
32
70
129
108
32
-44
116
153
34
78
56
4
-8
17
-3
-59
-58
18
7
-108
-72
-74
-111
-66
-78
-74
-64
-44
4
18
38
86
53
60
85
83
58
5
61
34
-19
3
36
8
-8
79
83
40
45
82
43
-41
66
79
53
145
170
134
113
80
143
118
68
114
98
79
67
111
82
56
98
114
73
85
54
12
43
19
0
-7
4
48
52
23
16
21
59
35
10
-1
-54
-38
-41
-2
-20
0
-4
-32
-9
-47
-38
-67
-37
-61
-27
68
-6
-18
52
77
52
76
24
25
71
46
30
33
41
18
59
77
67
13
37
57
39
6
10
69
8
5
49
28
29
58
66
45
0
5
41
-15
3
38
-3
-4
-4
11
-11
-20
-41
-56
-58
-46
-31
-36
-38
-78
-47
-15
-20
-10
-30
-53
-17
-21
-90
-58
-48
-77
-54
-39
-97
-93
-57
-46
-31
-68
-76
-18
16
-1
-6
6
43
34
33
56
24
-9
42
22
2
28
23
-2
-3
-8
-25
-20
-12
8
-11
4
-5
-11
17
-38
-32
-27
-55
-30
-31
-24
-10
-53
-35
-23
-54
-46
-39
-17
-14
-48
-49
-58
-35
-45
-81
-70
-41
-27
-21
0
-41
-48
-23
-11
4
-7
-3
41
42
12
64
36
20
47
42
54
34
36
56
56
68
98
79
52
58
114
95
55
71
48
13
31
44
26
18
16
34
-7
-28
-4
-38
-85
-42
-28
-83
-70
-39
-43
-37
-54
-30
-31
-82
-50
-59
-84
-55
-49
-51
-22
-17
-26
-16
-28
-30
-10
-5
-23
-16
-14
-13
1
16
-26
4
69
30
22
49
47
52
68
60
52
62
114
125
94
61
94
96
69
64
44
61
50
66
77
55
29
27
22
34
11
26
4
-22
-6
-27
-32
-12
-13
-21
-26
-28
-15
-36
-29
1
-2
-25
-29
-13
-10
-17
-2
-3
1
-9
0
22
2
-9
13
10
25
50
54
48
45
42
40
42
52
58
48
42
44
40
40
59
37
30
51
46
39
35
37
57
41
9
12
21
11
10
25
14
-18
-22
-7
-11
-20
-38
-42
-23
-33
-48
-40
-32
-47
-63
-45
-44
-62
-53
-35
-59
-60
-24
-35
-38
-13
-17
-13
37
6
2
43
25
11
25
15
18
29
29
31
33
45
30
38
31
34
50
41
40
32
41
65
43
26
35
25
28
20
13
6
5
-9
-8
-6
-29
-23
1
-25
-32
-7
-40
-46
-49
-62
-73
-58
-47
-62
-57
-48
-53
-55
-53
-43
-46
-67
-46
-38
-32
-47
-38
-9
-18
-30
-20
-3
-17
18
24
-5
-7
29
35
27
32
47
45
42
42
40
45
27
18
11
4
16
17
14
2
12
5
-1
-5
-8
-4
-25
-22
-1
-23
-33
-10
-13
-43
-49
-35
-40
-37
-31
-45
-56
-52
-48
-54
-48
-36
-34
-42
-55
-30
-26
-46
-40
-36
-30
-36
-24
-5
-29
-16
15
1
3
8
-1
17
31
31
22
23
38
46
44
31
28
44
53
41
44
44
26
31
47
20
21
24
19
7
8
16
-17
-16
-5
-13
-35
-20
-13
-21
-26
-21
-15
-33
-35
-12
-18
-32
-24
-11
-18
-33
-14
-10
-27
-17
-6
-6
-3
-2
-6
0
2
0
10
1
2
22
31
16
16
33
31
34
27
37
29
45
55
39
37
51
47
35
48
46
35
33
26
31
30
24
27
19
18
12
20
20
6
1
5
2
-7
-4
-8
-7
-3
-5
-5
-7
-1
5
-2
-3
3
2
6
20
13
16
15
13
25
17
24
28
21
18
25
26
25
25
30
32
25
29
34
30
28
38
28
32
24
30
35
31
27
35
33
30
37
34
26
23
21
19
14
16
16
-1
1
5
-7
-7
0
-6
-16
-23
-10
-22
-27
-23
-21
-21
-21
-18
-17
-15
-28
-20
-4
-22
-22
-1
-10
-13
2
11
-7
0
12
12
1
9
13
8
17
14
15
14
7
17
15
8
20
16
2
4
15
6
-5
-5
4
-11
-11
2
-15
-25
-14
-23
-32
-19
-24
-35
-23
-26
-35
-26
-29
-34
-39
-38
-44
-42
-40
-53
-41
-35
-47
-47
-39
-34
-40
-36
-31
-42
-37
-27
-28
-31
-26
-22
-18
-16
-19
-10
-7
-17
-15
-2
-7
-17
2
4
-11
-3
4
-8
-5
6
1
-11
-4
5
-4
-1
9
-4
-10
-3
-5
-9
-10
-11
-12
-16
-19
-16
-23
-24
-19
-20
-27
-29
-24
-22
-29
-27
-26
-27
-29
-25
-23
-27
-22
-21
-24
-24
-17
-20
-19
-13
-14
-7
-3
-9
-1
-1
-2
3
8
5
4
13
19
14
12
17
13
13
18
21
13
16
19
17
13
17
14
13
15
10
10
10
7
13
13
7
13
9
3
6
12
5
3
11
6
-3
2
9
-1
-3
7
2
1
7
4
-3
2
7
0
4
9
6
10
13
6
10
17
11
10
18
13
12
20
21
12
18
29
13
21
31
24
22
29
26
20
24
26
25
18
22
18
15
18
14
13
17
16
15
10
8
8
8
9
11
13
9
11
13
11
9
9
15
6
9
11
7
16
9
7
10
10
5
7
12
8
9
12
12
2
5
8
0
4
9
4
3
6
5
5
9
13
10
8
12
9
4
12
12
8
8
9
14
9
10
11
6
7
5
7
5
3
1
3
-6
-6
-2
-8
-11
-5
-10
-16
-11
-11
-17
-15
-10
-13
-16
-10
-11
-15
-13
-13
-13
-9
-5
-7
-9
-6
-7
-8
0
-3
-4
0
-3
-7
-3
-3
-6
-3
-4
-2
-4
-2
-5
-3
-2
-4
-4
-1
-1
-4
-1
-3
-3
-3
-4
-3
-2
-4
-4
-2
-4
-7
-7
-6
-14
-14
-8
-14
-17
-12
-15
-20
-15
-15
-22
-20
-16
-20
-22
-16
-18
-18
-15
-14
-19
-20
-19
-20
-19
-22
-24
-21
-21
-25
-23
-17
-19
-19
-15
-17
-17
-14
-15
-16
-9
-10
-13
-11
-11
-14
-12
-8
-6
-7
-5
-6
-6
-8
-12
-11
-7
-7
-8
-4
-2
-3
2
7
5
4
8
5
3
4
5
5
4
4
3
2
1
3
2
2
3
2
-3
0
2
0
-1
4
4
-3
-1
2
3
0
1
0
-3
-4
-2
0
-2
-1
2
2
-1
-2
1
-2
-1
0
0
-2
-1
2
-2
-5
1
3
-1
1
5
1
0
3
6
3
4
11
5
4
10
11
8
8
11
9
9
10
8
9
11
11
8
11
12
9
13
11
9
6
6
6
5
6
5
4
5
5
4
