-927
-875
-827
-778
-726
-642
-564
-524
-528
-497
-452
-421
-404
-392
-372
-327
-300
-278
-298
-332
-301
-304
-299
-417
-432
-431
-438
-362
-454
-506
-482
-519
-450
-525
-583
-645
-607
-459
-649
-594
-656
-634
-518
-692
-683
-537
-709
-674
-534
-639
-610
-678
-556
-423
-549
-678
-511
-478
-518
-482
-448
-505
-492
-404
-328
-420
-519
-450
-274
-368
-454
-465
-426
-273
-265
-325
-300
-194
-70
-46
-67
-26
79
172
194
260
365
468
554
645
721
818
895
960
1035
1086
1150
1238
1289
1334
1382
1442
1480
1512
1508
1496
1507
1439
1401
1341
1270
1222
1154
1125
1092
1003
955
892
812
743
650
576
510
495
470
430
388
317
330
351
320
282
249
227
245
250
238
235
224
251
309
297
292
292
350
389
412
424
484
471
429
523
502
388
457
454
479
401
340
582
362
407
219
352
275
56
150
13
177
-164
-20
-68
-191
-205
-326
-303
-351
-479
-691
-384
-457
-781
-649
-637
-639
-768
-912
-668
-814
-810
-869
-786
-633
-706
-658
-765
-585
-563
-544
-540
-572
-525
-407
-334
-456
-442
-327
-250
-224
-246
-191
-69
-2
102
128
217
275
436
394
405
524
656
739
819
897
1078
1247
1280
1352
1398
1536
1590
1584
1645
1743
1780
1742
1801
1877
1957
1903
1823
1792
1825
1808
1647
1563
1515
1437
1329
1256
1180
1082
968
840
745
686
595
478
363
330
304
231
145
124
-26
-17
-18
-167
-205
-251
-284
-382
-415
-466
-527
-581
-524
-575
-614
-580
-550
-583
-566
-595
-552
-612
-461
-486
-633
-328
-563
-544
-567
-548
-344
-821
-708
-426
-692
-669
-729
-565
-854
-684
-636
-737
-883
-787
-535
-981
-712
-822
-638
-848
-773
-740
-674
-703
-663
-683
-635
-641
-488
-574
-669
-515
-391
-362
-606
-341
-269
-288
-368
-326
-228
-244
-332
-88
-319
-72
-142
-34
-107
-103
-36
-65
-20
-55
6
29
201
282
302
299
395
415
347
303
336
314
288
351
423
422
374
449
535
540
528
467
582
638
682
672
717
831
807
798
806
811
874
778
713
715
764
797
751
718
719
728
695
620
589
547
458
430
391
375
261
210
228
154
132
115
-98
126
24
-95
-100
-261
-192
-138
-431
-358
-136
-410
-224
-326
-234
-113
-202
-326
-89
-226
-90
-240
82
-74
-273
59
19
393
-495
-86
194
-66
116
-186
14
60
-8
20
-126
-126
-146
-152
-206
-344
-359
-203
-245
-404
-174
-209
-260
-504
-378
-277
-707
-339
-542
-499
-324
-567
-249
-346
-489
-454
-454
-560
-547
-442
-600
-491
-441
-700
-531
-236
-521
-671
-671
-72
-195
-705
-461
-28
-93
-263
-481
-195
-51
-309
-365
-108
-105
-181
-223
-94
89
-11
-64
-191
-16
91
68
104
218
373
417
439
546
559
638
671
788
978
936
984
1036
1135
1214
1237
1187
1239
1239
1181
1114
1072
1125
1025
962
993
996
972
829
834
732
780
629
534
640
511
328
520
610
369
452
338
426
140
325
199
-78
116
58
40
-53
10
161
111
-242
94
177
-304
-153
50
-30
-102
-303
282
-338
-180
-82
-98
-140
-404
177
-340
241
-243
-165
-158
-11
-100
-393
-191
-540
-69
-524
-407
-477
-411
-5
-590
-631
-234
-546
-790
-516
-711
-703
-526
-849
-760
-514
-650
-695
-697
-656
-755
-882
-745
-466
-1049
-798
-452
-937
-703
-731
-708
-555
-840
-619
-592
-700
-429
-603
-673
-530
-377
-774
-710
-651
-431
-611
-731
-515
-396
-497
-565
-419
-347
-429
-551
-640
-217
-409
-404
-282
-123
73
12
33
351
455
368
474
516
778
817
774
946
1034
1061
952
1067
1136
1107
1000
993
996
990
1019
998
905
1174
1037
833
894
721
979
623
520
767
706
456
713
667
383
799
452
439
566
311
628
339
201
237
352
235
150
271
-48
356
144
3
316
-81
84
301
-106
306
-251
-44
483
-242
-264
350
-67
12
-8
-11
-122
131
-45
-385
94
-308
43
30
-487
-286
202
-522
-242
-68
-409
-355
0
-239
-399
-716
64
-237
-903
-529
-207
-526
-905
-381
-976
-429
-499
-1317
-667
-637
-1020
-909
-1135
-824
-882
-1152
-1013
-649
-1251
-1059
-722
-1060
-956
-1407
-798
-797
-1401
-1166
-758
-992
-1254
-977
-957
-1066
-1016
-936
-675
-871
-1017
-377
-578
-611
-415
-278
-295
-346
-125
214
172
226
499
617
705
740
897
949
1047
1161
1261
1478
1610
1559
1652
1835
1872
1766
1755
1866
1964
1641
1957
1759
1857
1854
1710
1909
1513
1725
1390
1590
1603
1583
1185
1431
1409
1243
1072
1111
963
846
1139
556
685
607
874
586
524
655
409
543
604
43
154
627
444
-257
185
743
-336
263
-219
196
311
-569
178
194
-266
-213
162
-425
297
-354
-544
492
-268
-770
-15
23
-533
-27
-605
-45
-59
-878
38
-355
-207
-756
-127
-361
-450
-314
-624
56
-595
-838
-12
-695
-375
-636
-480
-487
-697
-448
-697
-416
-1016
-680
-610
-637
-1316
-491
-575
-1028
-1052
-541
-656
-895
-1258
-649
-678
-1169
-927
-872
-450
-1245
-849
-700
-794
-1021
-949
-534
-503
-818
-515
-351
-515
-576
-336
-225
-343
-233
-22
248
146
57
426
625
547
516
778
996
967
964
1210
1472
1235
1247
1571
1537
1418
1362
1585
1624
1613
1577
1573
1737
1515
1760
1361
1502
1588
1330
1512
1244
1224
1316
1050
1294
948
937
862
830
830
738
858
416
650
553
533
600
421
59
634
370
-49
166
475
-54
-126
319
150
-69
-191
181
18
-173
-370
-315
-98
-254
-518
-481
-424
-447
-367
-1055
-267
-366
-1073
-993
-288
-951
-1069
-926
-779
-684
-1629
-693
-831
-1169
-1330
-1040
-1178
-1215
-1389
-1498
-1086
-1077
-1760
-1173
-1313
-1374
-1302
-1964
-1298
-1277
-1702
-1471
-1555
-1249
-1636
-1554
-1163
-1454
-1501
-1487
-605
-1507
-1554
-994
-917
-1319
-1553
-809
-605
-1344
-832
-707
-778
-839
-844
-619
-624
-573
-503
-288
-253
-206
-143
-75
-45
87
44
218
266
375
450
612
777
795
860
1032
1100
1103
1209
1254
1428
1475
1473
1713
1781
1634
1778
1845
1518
1792
1732
1600
1698
1781
1786
1528
1537
1739
1757
975
1576
1436
1132
1191
1281
1163
892
1253
899
659
928
695
524
559
449
652
548
538
233
790
206
386
378
76
411
198
55
524
123
116
372
-84
432
-204
-42
156
-330
37
264
-539
55
130
-241
-615
71
-264
-908
-327
-789
1
-1093
-734
-58
-898
-931
-746
-849
-959
-1217
-1039
-653
-1276
-1040
-824
-871
-1389
-1087
-1279
-973
-1318
-1298
-916
-1320
-1024
-1438
-1040
-1380
-993
-1232
-1292
-787
-1391
-903
-1139
-1245
-862
-1149
-967
-930
-1001
-769
-868
-898
-958
-674
-588
-986
-672
-624
-682
-861
-647
-562
-622
-607
-344
-255
-473
-250
-203
-377
-263
-167
125
-70
131
385
358
481
443
798
836
838
916
1074
1169
1252
1408
1468
1553
1730
1632
1727
1798
1562
1778
1604
1605
1841
1567
1516
1762
1638
1431
1265
1470
1331
1092
1045
1324
1009
916
1276
783
831
985
841
608
720
592
751
417
334
587
619
-36
417
751
110
48
629
338
-321
350
237
374
-675
536
521
-451
104
-62
233
-490
-420
419
-88
-1001
178
482
-1024
-454
-249
-586
-484
-1154
-244
-649
-1019
-726
-458
-882
-1294
-778
-877
-1202
-1095
-1170
-1055
-824
-1432
-1286
-1081
-1521
-1431
-1621
-1274
-1189
-1831
-1508
-1018
-1617
-1839
-1307
-1675
-1505
-1394
-1407
-1391
-1119
-1504
-1327
-1145
-1432
-1285
-1157
-1034
-1090
-1115
-860
-914
-964
-969
-1009
-904
-679
-564
-729
-379
-247
-267
-215
-219
-61
-232
-107
264
220
498
597
698
857
862
951
1005
1096
1108
1278
1364
1553
1758
1697
1846
1830
1672
1847
1916
1792
1690
1851
1960
1984
1663
1903
1892
1284
1649
1580
1332
1374
1489
1382
1429
1425
1140
1165
1052
797
1025
947
577
851
805
552
583
504
327
405
64
183
219
214
201
47
141
135
-80
-137
276
-474
-568
298
35
-521
-343
-5
-458
-639
-346
-193
-625
-967
-36
-446
-1004
-345
-764
-840
-859
-601
-778
-885
-716
-1044
-592
-932
-921
-1007
-1062
-880
-1089
-1097
-892
-1170
-1448
-647
-1616
-1144
-1116
-1559
-820
-1665
-1164
-1159
-1606
-1079
-1464
-1448
-1079
-1351
-1198
-967
-1537
-1023
-1037
-1344
-1143
-1214
-1122
-1142
-1212
-1156
-717
-1078
-1448
-723
-404
-876
-459
-418
-52
-218
-444
230
101
-258
224
504
553
640
724
1108
1099
934
1223
1379
1366
1448
1698
2050
2131
2158
2130
2308
2053
2130
2259
2080
2154
2203
2311
2400
2372
2120
2139
1977
1849
1961
1708
1960
1833
1833
2013
1865
1510
1541
1610
1188
1135
1150
1537
1366
1215
1318
1318
937
770
793
941
656
446
1014
949
448
505
583
275
295
129
417
459
701
315
974
941
445
118
106
568
-412
-477
455
-281
-865
-363
-474
-1000
-1403
-1315
-1327
-1248
-1950
-1283
-1509
-1940
-1779
-2165
-2190
-2064
-2799
-2479
-2048
-2795
-2615
-2354
-2897
-2834
-3058
-3248
-3060
-3166
-3221
-3270
-2911
-3189
-3244
-3229
-3301
-3608
-3620
-3309
-3417
-3588
-3362
-2993
-3413
-3564
-3363
-3353
-3545
-3495
-2974
-2694
-2474
-2342
-2119
-1913
-2172
-2118
-1777
-1826
-1606
-1231
-669
-383
-401
-316
-136
-128
-295
29
255
407
588
819
1093
1131
880
913
962
854
948
1202
1184
1261
1235
1258
1171
795
777
645
538
640
831
857
817
675
604
542
449
464
459
668
642
793
885
905
821
692
695
825
1046
905
1126
1150
999
992
841
752
640
644
748
769
779
710
528
390
181
146
51
133
-44
-198
165
-110
-495
-412
-441
-640
-733
-615
-232
-738
-1012
-521
-928
-1327
-1053
-1339
-1258
-1228
-1315
-938
-1377
-1671
-1294
-1522
-1909
-1659
-1601
-1845
-1372
-1864
-1977
-1361
-2158
-2110
-1875
-2258
-2008
-1867
-2075
-1756
-2333
-2496
-1934
-2373
-2638
-2162
-2103
-2158
-2177
-2436
-1887
-1511
-1369
-819
-506
-494
-56
-3
124
298
76
653
1485
1695
2093
2302
2195
2294
2061
2163
2450
2497
2675
2897
3133
3239
2971
2826
2684
2430
2466
2665
2703
2797
2658
2354
2237
1913
1615
1462
1247
1300
1524
1423
1370
1194
873
756
586
620
751
831
978
1191
1242
1206
1294
1272
1251
1376
1531
1820
2006
2217
2299
2092
2062
1900
1724
1841
1890
1842
1934
1950
1749
1356
1084
908
739
625
693
882
715
638
537
355
100
-212
-317
-46
-92
-240
-179
-200
-531
-889
-894
-883
-727
-760
-612
-518
-782
-948
-971
-1362
-1757
-1555
-1525
-1611
-1518
-1603
-1854
-2041
-2429
-2636
-2593
-2816
-2681
-2345
-2411
-2362
-2547
-2906
-2843
-3200
-3176
-2878
-2857
-2996
-2631
-1847
-1298
-950
-1238
-1162
-1061
-1188
-797
-208
30
479
960
1677
2231
1761
1488
1635
1557
1894
2561
2984
3021
2594
2543
2588
2145
1984
2037
1909
1972
2054
1986
1674
1015
550
367
238
319
345
234
105
-112
-349
-425
-673
-795
-502
-389
-194
109
54
-44
-177
-149
201
496
690
949
1046
1106
1123
1225
1250
1283
1533
1850
2072
1924
1913
1719
1364
1316
1322
1368
1367
1410
1440
1181
893
620
414
350
409
455
581
637
348
38
-89
-239
-298
-281
-183
-207
-393
-445
-547
-722
-894
-862
-928
-921
-900
-1040
-1291
-1613
-1861
-1950
-1913
-2033
-2082
-2093
-2302
-2469
-2692
-2923
-2899
-2940
-2926
-2803
-2828
-3055
-3167
-3455
-3378
-3530
-3644
-3558
-3010
-1927
-1104
-297
-687
-775
-1004
-1089
-324
177
792
1426
1733
2382
2543
2023
1789
1712
2048
2895
3611
4023
3940
3106
2627
2418
2361
2529
2505
2526
2432
2097
1683
1105
462
8
-35
171
368
249
-125
-564
-1091
-1279
-1218
-1138
-998
-945
-941
-821
-947
-1045
-938
-933
-617
-272
217
448
279
176
96
306
791
1193
1312
1339
1059
1068
1302
1286
1525
1429
1314
1397
1200
1159
1001
743
761
799
818
863
795
508
298
165
252
336
255
311
248
82
-15
-125
-255
-418
-411
-238
-144
-101
-348
-589
-773
-863
-911
-1025
-1146
-1392
-1529
-1688
-1691
-1870
-2232
-2482
-2576
-2488
-2664
-2759
-2781
-3027
-2965
-3067
-3043
-3166
-3283
-3275
-3312
-3536
-3236
-2073
-845
79
-356
-840
-1069
-774
81
921
1475
1961
2218
2764
3181
2849
2437
2565
3338
4234
4790
4981
4602
3617
2962
3226
3772
3961
3632
3212
2773
2111
1631
1429
1151
808
688
721
546
-34
-805
-1342
-1576
-1442
-996
-792
-1065
-1459
-1692
-1702
-1696
-1658
-1422
-1184
-807
-587
-379
-290
-553
-630
-412
67
525
816
822
774
511
541
972
1195
1382
1254
1090
931
702
545
449
516
538
646
610
385
44
-256
-242
-52
185
268
161
-78
-228
-220
-149
-140
21
71
97
127
85
13
-159
-241
-198
-51
-62
-191
-422
-663
-750
-765
-779
-808
-939
-1121
-1344
-1552
-1621
-1723
-1821
-1791
-1887
-1995
-1882
-1971
-2107
-2387
-2562
-2581
-2333
-1099
477
1328
873
-134
-383
243
1092
2177
2986
3189
3243
3471
3950
3777
3250
3479
4428
5260
5650
5568
5074
4068
3404
3911
4833
5099
4540
3608
2744
2030
1621
1810
1865
1439
983
616
174
-475
-1088
-1489
-1556
-1319
-1110
-1230
-1841
-2485
-2654
-2573
-2393
-2101
-1986
-1843
-1864
-1828
-1537
-1523
-1471
-1228
-898
-537
-294
-140
-94
-245
-240
23
498
875
954
972
768
511
432
481
587
654
663
555
232
-73
-289
-295
-217
-228
-243
-396
-631
-885
-890
-783
-617
-511
-562
-575
-706
-791
-783
-707
-547
-492
-474
-551
-764
-902
-1065
-1095
-1017
-1017
-904
-1104
-1341
-1766
-1991
-1882
-1973
-1852
-1942
-2171
-2221
-2385
-2338
-2328
-2586
-2716
-2720
-2756
-2783
-2207
-1215
162
531
62
-459
-661
111
1176
2323
2926
2914
2878
3234
3540
3677
3787
4334
5024
5413
5558
5566
5072
4476
4403
4937
5455
5244
4558
3705
2844
2282
2310
2640
2541
1804
973
261
-279
-609
-735
-809
-1003
-1290
-1564
-1987
-2461
-2746
-2703
-2450
-2256
-2083
-2224
-2423
-2545
-2460
-1939
-1536
-1326
-1203
-1170
-1081
-949
-806
-606
-538
-418
-139
220
569
479
239
54
23
199
412
504
376
44
-306
-405
-410
-294
-258
-484
-633
-812
-890
-949
-980
-907
-872
-778
-655
-706
-902
-1057
-1041
-786
-452
-233
-282
-565
-847
-931
-780
-647
-681
-744
-886
-1048
-1224
-1378
-1449
-1630
-1695
-1714
-1714
-1651
-1914
-2094
-2132
-2149
-1969
-1866
-1886
-1953
-2179
-2253
-2285
-1856
-605
830
1390
722
-22
-86
757
1781
2890
3484
3400
3224
3618
4253
4431
4296
4677
5393
5842
6073
6314
5982
5081
4532
4924
5432
5265
4662
3804
2839
2095
1974
2170
1787
923
89
-599
-1080
-1328
-1452
-1781
-2453
-2989
-3295
-3552
-3837
-3986
-4011
-4161
-4166
-4176
-4219
-4424
-4622
-4404
-4157
-3815
-3584
-3581
-3610
-3660
-3550
-3247
-2972
-2748
-2607
-2551
-2406
-2182
-2117
-2147
-2134
-2098
-2094
-2120
-2117
-2051
-2205
-2361
-2430
-2442
-2353
-2410
-2538
-2664
-2735
-2701
-2656
-2573
-2468
-2401
-2356
-2376
-2370
-2293
-2203
-2091
-1929
-1799
-1864
-2025
-2053
-2010
-1908
-1790
-1757
-1851
-2016
-2235
-2298
-2241
-2221
-2207
-2319
-2355
-2334
-2344
-2463
-2544
-2547
-2517
-2316
-2226
-2208
-2207
-2414
-2281
-2223
-2033
-1903
-1626
-376
795
1268
703
-4
235
890
1977
3220
3705
3540
3350
3804
4470
4516
4507
4978
5453
5694
5953
6187
5769
4798
4520
5118
5665
5656
5063
4127
3026
2506
2866
3324
3176
2399
1488
650
80
43
119
-132
-643
-1098
-1334
-1575
-1826
-1974
-2134
-2307
-2343
-2086
-2012
-2156
-2305
-2311
-2143
-1936
-1619
-1307
-1294
-1345
-1236
-1032
-719
-540
-275
-53
-26
37
123
159
90
-37
-37
18
47
11
-192
-503
-752
-729
-654
-585
-614
-790
-907
-1037
-1049
-880
-797
-781
-835
-927
-997
-1029
-983
-905
-809
-763
-754
-787
-861
-825
-774
-710
-706
-739
-776
-830
-861
-926
-1011
-1065
-994
-957
-915
-998
-1123
-1176
-1221
-1221
-1090
-1036
-1064
-1059
-1059
-1041
-935
-907
-693
-939
-735
160
1217
2229
1790
1341
942
1120
2007
3100
3931
4115
3887
4110
4486
4488
4455
4654
5176
5511
5716
5923
5628
4832
4332
4433
4918
5087
4835
4284
3446
2818
2588
2709
2622
2216
1654
991
537
215
-45
-349
-841
-1140
-1354
-1515
-1723
-2031
-2310
-2467
-2391
-2165
-1943
-1956
-2088
-2304
-2324
-2027
-1583
-1264
-1177
-1235
-1347
-1106
-768
-435
-311
-376
-363
-328
-135
138
75
-169
-447
-539
-439
-416
-397
-528
-785
-938
-879
-767
-857
-1027
-1081
-1069
-1029
-946
-928
-1111
-1339
-1351
-1197
-1082
-1031
-1036
-1142
-1282
-1281
-1044
-1014
-1154
-1286
-1342
-1357
-1381
-1372
-1440
-1530
-1605
-1504
-1549
-1520
-1620
-1662
-1699
-1850
-1703
-1775
-1688
-1614
-1531
-1456
-1570
-1544
-1486
-1312
-1311
-1139
-1264
-889
196
1408
1946
1241
509
341
1001
2065
3303
3808
3572
3281
3665
4096
4115
3951
4214
4567
4793
5122
5331
4839
3823
3355
3797
4419
4586
4261
3434
2344
1673
1735
2058
1960
1411
709
-2
-513
-643
-649
-996
-1486
-1697
-1703
-1744
-1987
-2260
-2495
-2638
-2431
-2034
-1711
-1684
-1920
-1992
-1910
-1525
-945
-583
-443
-584
-587
-312
-15
289
338
260
280
501
689
658
389
48
-88
-7
144
209
-10
-368
-612
-675
-552
-542
-692
-828
-917
-865
-813
-880
-1047
-1198
-1199
-1039
-855
-868
-1050
-1198
-1212
-1097
-931
-869
-980
-1250
-1397
-1401
-1236
-1135
-1233
-1504
-1676
-1604
-1571
-1479
-1667
-1880
-1902
-1938
-1815
-1807
-1978
-2219
-2277
-2098
-1785
-1624
-1745
-1756
-1807
-1857
-1534
-1474
-1421
-660
401
1690
1672
942
425
310
932
2137
3229
3634
3483
3446
3727
3598
3346
3409
3835
4146
4570
4980
4805
3809
2888
2793
3257
3708
3897
3555
2555
1466
968
1014
1091
980
691
191
-386
-776
-1131
-1532
-1907
-1942
-1689
-1522
-1544
-1801
-2181
-2526
-2503
-2014
-1343
-894
-751
-852
-1029
-1005
-650
-160
227
453
568
767
911
986
1017
880
861
1035
1333
1440
1192
798
420
159
175
405
589
472
161
-136
-400
-594
-636
-415
-233
-192
-239
-468
-825
-1084
-1086
-818
-526
-371
-383
-554
-846
-1069
-1069
-920
-778
-759
-761
-914
-1121
-1423
-1761
-1863
-1849
-1602
-1452
-1601
-1928
-2401
-2729
-2706
-2525
-2309
-2255
-2476
-2584
-2668
-2906
-2752
-2709
-2407
-2130
-2038
-2110
-2316
-1898
-739
659
1103
1007
574
286
468
1258
2305
3164
3415
3777
4162
3973
3446
3079
3225
3700
4417
5188
5346
4414
3161
2417
2360
2663
3043
3146
2618
1687
945
478
69
-264
-427
-495
-539
-650
-914
-1470
-2200
-2634
-2546
-2133
-1588
-1176
-1238
-1677
-2140
-2083
-1712
-1197
-489
-22
252
276
283
354
284
459
870
1323
1730
1924
1817
1326
842
805
1061
1374
1557
1414
1088
590
258
108
-14
20
243
398
289
22
-413
-733
-719
-425
-2
165
36
-201
-532
-659
-579
-431
-273
-197
-91
-52
-216
-595
-1011
-1238
-1282
-1054
-787
-845
-1264
-1826
-2175
-2260
-2169
-1996
-2119
-2399
-2752
-3014
-3041
-3282
-3383
-3301
-3140
-3059
-2985
-2874
-3117
-3136
-3211
-2925
-2792
-2319
-1168
135
1030
855
645
356
470
1028
1913
2706
3256
3602
4349
4487
4020
3463
3173
3304
3793
4528
5047
4670
3660
2868
2409
2171
2095
2106
1981
1656
1331
997
412
-391
-1062
-1255
-1190
-893
-612
-694
-1179
-1854
-2275
-2302
-2049
-1554
-1004
-667
-583
-691
-833
-822
-712
-300
383
1007
1378
1429
1211
1053
904
952
1354
1671
1900
1931
1813
1594
1201
878
801
782
883
971
977
875
552
194
-90
-204
-79
183
407
479
372
150
45
38
92
209
286
416
566
569
521
438
240
77
148
304
251
15
-231
-547
-854
-1049
-1046
-1153
-1317
-1377
-1587
-1733
-1976
-2154
-2304
-2487
-2591
-2721
-2738
-2846
-2767
-2680
-2694
-2574
-2600
-2598
-2393
-2380
-2128
-2075
-1860
-803
138
1377
1737
1541
1385
1268
1584
2129
2373
2895
3433
4223
5028
5055
4382
3353
2727
2807
3461
4075
4400
4092
3456
2843
2407
1878
1387
1009
941
1284
1645
1630
1132
165
-635
-1036
-954
-440
-82
-26
-230
-443
-591
-725
-808
-835
-713
-393
118
646
997
1098
1084
985
1062
1226
1457
1822
2035
2204
2276
2213
2190
2069
1902
1842
1807
1868
1982
1975
1970
1834
1565
1444
1325
1306
1252
1157
1152
1097
1046
987
833
616
371
251
245
355
485
430
256
-49
-316
-491
-646
-716
-805
-921
-1049
-1147
-1289
-1587
-1974
-2341
-2606
-2723
-2745
-2715
-2775
-2998
-3307
-3612
-3727
-3700
-3700
-3780
-3993
-4212
-4311
-4172
-3984
-3833
-3820
-3846
-3692
-3614
-3472
-3302
-3176
-2967
-2786
-2244
-1698
-1218
-706
-651
-535
-475
-361
32
66
67
242
500
1121
1524
1619
1483
1158
945
865
762
633
516
421
396
451
396
220
-70
-389
-541
-602
-710
-801
-999
-1077
-944
-799
-713
-797
-993
-1219
-1459
-1574
-1496
-1442
-1422
-1406
-1376
-1268
-1157
-1154
-1261
-1406
-1399
-1241
-1047
-835
-645
-491
-447
-416
-339
-275
-175
-62
24
103
82
114
163
133
125
111
161
141
-26
-142
-236
-229
-119
28
154
107
-9
-75
-97
-9
107
210
184
78
17
14
27
-36
-139
-241
-308
-284
-237
-305
-535
-840
-1040
-1059
-950
-803
-792
-912
-1072
-1210
-1269
-1276
-1222
-1141
-1088
-1049
-1009
-999
-1034
-1066
-986
-813
-560
-295
-66
81
96
112
227
443
669
805
807
743
734
823
952
1005
953
870
765
730
783
823
777
647
533
420
249
116
-31
-172
-244
-283
-234
-240
-326
-430
-527
-509
-403
-272
-142
-102
-78
-37
83
238
343
431
428
420
474
621
826
975
1046
1071
1050
1054
1093
1156
1219
1323
1416
1446
1454
1409
1346
1292
1292
1308
1267
1181
1115
1070
1033
967
846
674
510
381
377
407
362
289
85
-119
-248
-228
-64
42
47
0
-14
13
39
49
32
-69
-147
-86
83
200
169
30
-101
-156
-118
-66
-73
-193
-405
-547
-599
-534
-461
-453
-504
-574
-595
-594
-597
-618
-690
-698
-638
-548
-453
-438
-445
-446
-391
-282
-157
-66
-30
13
96
196
324
417
463
439
390
425
516
612
650
646
606
594
611
659
678
649
591
535
491
439
358
253
169
107
105
88
47
-79
-211
-313
-375
-366
-337
-306
-294
-349
-361
-305
-268
-217
-198
-147
-118
-136
-97
-41
80
266
416
535
552
515
476
471
548
655
760
838
853
811
723
632
611
617
618
582
522
433
358
296
196
66
-87
-189
-187
-173
-209
-289
-457
-644
-710
-647
-512
-426
-405
-412
-442
-420
-369
-349
-407
-480
-479
-376
-228
-146
-170
-271
-357
-344
-238
-124
-113
-242
-363
-404
-349
-237
-165
-138
-143
-146
-116
-57
-19
-52
-89
-75
-6
53
70
63
43
61
174
382
547
603
584
540
575
663
745
819
847
851
879
936
1027
1089
1069
994
950
914
883
826
746
685
614
557
487
391
286
159
63
13
-3
33
-11
-126
-280
-406
-462
-499
-544
-613
-711
-735
-715
-699
-685
-723
-776
-833
-831
-810
-783
-775
-746
-683
-612
-533
-465
-459
-484
-461
-384
-253
-90
34
99
287
512
654
476
49
-333
-430
-136
348
630
612
409
300
391
444
333
-31
-338
-413
-215
82
283
257
139
54
44
24
-27
-109
-132
-22
131
241
302
301
237
192
135
72
-3
-17
62
104
115
189
214
286
340
346
264
78
233
595
887
860
459
-136
-501
-289
266
739
924
834
598
282
-2
-97
-127
16
202
393
507
418
320
258
233
77
-56
104
147
126
245
289
434
505
380
302
125
-164
-237
-66
6
4
-187
-339
-249
-407
-424
-415
-710
-908
-1011
-980
-857
-791
-742
-646
-648
-704
-648
-633
-576
-483
-442
-385
-413
-452
-357
-223
-47
135
268
308
289
296
297
340
403
476
536
546
504
453
475
491
532
553
428
211
-45
-206
-224
-183
-158
-194
-298
-456
-638
-778
-858
-859
-786
-685
-601
-541
-495
-486
-446
-299
-131
-16
-7
-49
-99
-110
-71
33
155
201
274
328
330
303
214
107
46
26
21
0
-21
-65
-90
-62
-104
-203
-305
-382
-468
-467
-482
-487
-429
-430
-399
-412
-375
-265
-228
-168
-212
-281
-218
-89
131
236
274
192
27
-38
-29
87
214
279
277
174
61
21
10
55
23
-87
-143
-198
-223
-235
-333
-465
-594
-740
-763
-856
-1001
-1026
-749
26
876
1464
1464
1060
735
748
1060
1249
1181
994
988
1447
2030
2304
2046
1445
978
877
1005
1005
766
470
324
459
671
651
283
-324
-813
-1033
-1047
-1009
-1049
-1131
-1160
-1047
-942
-964
-1126
-1347
-1474
-1441
-1266
-1066
-944
-829
-715
-596
-481
-457
-449
-424
-315
-189
-142
-101
-66
40
202
312
235
42
-117
-181
-49
145
258
278
234
276
405
541
599
534
449
417
454
494
496
468
451
504
608
662
584
437
339
305
368
405
327
197
37
3
76
115
68
-58
-204
-306
-304
-227
-184
-225
-305
-344
-319
-273
-241
-260
-302
-356
-361
-322
-295
-260
-255
-278
-327
-408
-434
-430
-469
-542
-648
-754
-832
-832
-803
-778
-846
-987
-994
-815
-299
391
965
1281
1264
1231
1300
1443
1514
1319
1130
1057
1297
1726
1987
1992
1698
1413
1326
1335
1326
1093
724
355
174
196
146
-30
-297
-507
-599
-590
-521
-545
-651
-787
-905
-981
-1045
-1124
-1173
-1195
-1219
-1248
-1289
-1218
-1003
-695
-418
-292
-362
-470
-445
-288
-66
38
7
-100
-148
-21
208
359
318
162
38
87
193
338
411
373
375
384
452
484
454
477
464
448
424
397
452
540
609
623
585
503
452
458
436
407
374
315
252
158
62
-73
-219
-331
-400
-425
-430
-433
-505
-564
-588
-613
-672
-823
-1002
-1134
-1159
-1135
-1081
-1060
-1122
-1187
-1199
-1196
-1186
-1191
-1205
-1221
-1217
-1146
-1097
-1081
-1071
-1105
-1102
-907
-500
196
943
1535
1960
2128
2346
2628
2846
2885
2579
2235
2056
2242
2642
2796
2742
2549
2463
2656
2811
2769
2437
1952
1614
1465
1398
1172
763
353
184
265
437
560
462
341
241
164
95
-40
-189
-324
-386
-439
-509
-600
-660
-626
-521
-388
-335
-324
-210
-42
96
62
-132
-299
-328
-194
-19
49
-46
-209
-235
-95
77
123
56
-92
-155
-97
-71
-93
-213
-263
-202
-77
8
7
-17
18
158
293
344
295
236
235
265
265
232
193
202
213
201
165
136
140
150
147
56
-61
-168
-195
-190
-202
-290
-424
-495
-520
-508
-578
-698
-792
-793
-712
-663
-723
-847
-955
-989
-929
-873
-867
-888
-913
-959
-974
-955
-914
-919
-930
-776
-448
110
708
1162
1429
1596
1901
2259
2512
2468
2222
2052
2056
2204
2198
1878
1495
1299
1394
1595
1558
1233
814
606
635
631
342
-193
-679
-862
-772
-694
-795
-992
-1118
-1067
-908
-821
-837
-893
-881
-864
-876
-923
-1018
-1034
-1007
-950
-914
-868
-743
-537
-278
-144
-140
-145
-57
52
58
-64
-303
-492
-526
-484
-494
-618
-836
-957
-918
-847
-776
-791
-840
-833
-805
-741
-723
-769
-770
-756
-636
-447
-240
39
217
414
598
692
799
865
905
855
666
488
316
179
52
-110
-216
-248
-188
-125
-107
-138
-152
-151
-131
-149
-323
-557
-728
-805
-836
-909
-957
-928
-862
-763
-672
-589
-517
-433
-337
-281
-275
-287
-251
-189
-140
-162
-273
-376
-387
-400
-538
-816
-1069
-1038
-685
-143
117
189
277
537
1067
1409
1464
1291
1131
1262
1416
1371
1043
644
606
780
946
926
700
560
622
821
883
692
456
317
266
131
-141
-477
-707
-746
-773
-857
-1003
-1089
-1045
-986
-996
-1055
-1097
-1066
-1031
-1077
-1176
-1217
-1074
-827
-614
-500
-433
-282
-21
246
409
505
582
674
730
654
445
230
90
0
-96
-239
-397
-430
-326
-225
-189
-221
-250
-201
-143
-139
-222
-356
-430
-425
-393
-397
-374
-314
-175
-3
136
337
544
705
865
934
956
842
615
433
207
45
-28
-10
-3
-45
-56
-32
71
256
422
505
509
505
501
454
391
311
242
221
189
153
157
188
235
334
458
584
721
815
850
826
789
718
597
476
280
35
-228
-455
-729
-1082
-1388
-1555
-1461
-1246
-1065
-1025
-928
-543
-48
345
406
268
197
265
388
251
-153
-443
-427
-254
-198
-387
-549
-484
-188
108
219
128
22
92
210
209
35
-179
-361
-544
-724
-929
-1123
-1240
-1310
-1320
-1281
-1185
-1015
-862
-784
-707
-561
-293
-52
8
-50
-78
32
231
351
335
301
390
655
927
1044
1016
976
1097
1257
1324
1266
1141
1028
931
850
733
549
346
208
160
153
110
6
-130
-223
-217
-119
-20
-9
-98
-165
-152
-44
102
201
251
267
409
647
863
1016
1069
1091
1169
1251
1319
1321
1271
1209
1152
1188
1263
1375
1449
1492
1542
1589
1628
1571
1458
1345
1206
1095
960
809
674
573
529
476
387
294
257
277
322
325
301
252
230
221
142
-26
-218
-425
-662
-945
-1302
-1606
-1864
-2099
-2290
-2469
-2598
-2629
-2575
-2478
-2364
-2189
-1922
-1610
-1337
-1150
-1019
-901
-724
-541
-422
-344
-270
-147
33
185
335
475
647
862
1061
1238
1320
1328
1321
1279
1186
1083
945
797
651
514
372
192
6
-200
-365
-448
-446
-426
-436
-469
-488
-403
-273
-144
-56
-24
18
132
286
421
488
485
468
473
511
528
464
348
218
133
75
-7
-172
-400
-634
-826
-966
-1106
-1272
-1484
-1666
-1792
-1863
-1883
-1942
-2024
-2097
-2118
-2071
-1997
-1912
-1840
-1787
-1707
-1563
-1359
-1166
-989
-807
-653
-465
-308
-211
-144
-129
-78
-8
2
-49
-135
-176
-196
-268
-375
-534
-670
-734
-780
-863
-1010
-1162
-1256
-1310
-1361
-1419
-1447
-1432
-1398
-1359
-1375
-1392
-1409
-1428
-1442
-1488
-1548
-1612
-1657
-1721
-1800
-1863
-1914
-1976
-2039
-2117
-2171
-2203
-2244
-2281
-2323
-2351
-2340
-2283
-2206
-2162
-2100
-1986
-1838
-1658
-1486
-1327
-1168
-1019
-858
-671
-524
-368
-236
-114
50
207
354
463
541
620
724
804
845
822
767
718
676
633
561
476
406
366
325
306
323
343
361
380
417
483
548
619
665
687
717
756
827
876
899
932
971
1042
1113
1172
1226
1264
1286
1329
1353
1332
1300
1235
1146
1031
915
818
750
716
700
693
706
746
802
855
879
907
951
975
970
962
955
946
945
912
853
807
794
820
864
906
888
860
872
892
882
804
676
541
397
243
98
-53
-229
-405
-572
-716
-845
-963
-1059
-1121
-1170
-1177
-1160
-1162
-1156
-1085
-950
-853
-801
-764
-619
-430
-323
-228
-146
-34
184
393
500
510
511
642
724
680
605
496
427
386
273
140
-6
-128
-174
-224
-271
-279
-257
-222
-223
-230
-179
-138
-148
-199
-255
-259
-243
-277
-322
-349
-309
-178
-42
57
141
314
583
813
951
1038
1133
1236
1297
1300
1236
1124
1016
935
814
671
542
420
344
305
273
249
209
170
168
190
204
171
129
115
139
195
245
250
224
223
309
426
492
503
489
491
505
545
568
557
566
596
661
692
684
679
709
747
735
682
578
471
375
277
161
38
-96
-237
-324
-379
-426
-404
-356
-361
-343
-307
-260
-222
-236
-243
-251
-243
-212
-217
-234
-270
-313
-337
-378
-442
-516
-561
-551
-514
-474
-450
-437
-451
-457
-442
-449
-446
-450
-473
-490
-529
-580
-616
-661
-697
-709
-717
-751
-769
-742
-693
-663
-655
-660
-654
-594
-520
-468
-431
-416
-386
-308
-254
-172
-57
23
84
121
123
114
96
88
114
129
138
158
200
271
369
504
654
771
857
931
983
1021
1019
993
959
890
810
708
575
422
270
128
-5
-129
-245
-315
-340
-343
-352
-369
-374
-362
-330
-275
-180
-72
0
68
142
187
198
190
186
208
247
296
326
355
388
439
529
592
625
679
728
754
735
662
574
450
329
204
65
-45
-150
-241
-311
-360
-396
-411
-420
-378
-273
-167
-58
27
98
163
226
345
460
525
555
563
588
630
634
591
525
458
395
356
323
244
140
27
-70
-160
-270
-390
-523
-651
-792
-906
-980
-1033
-1074
-1086
-1053
-1029
-969
-877
-777
-659
-570
-485
-394
-299
-203
-145
-101
-64
-48
12
77
109
135
124
105
102
115
104
43
-46
-103
-140
-187
-258
-308
-344
-407
-402
-358
-331
-304
-272
-226
-177
-110
-20
90
181
249
320
394
464
504
543
568
572
563
559
559
525
484
432
354
263
170
92
1
-101
-198
-307
-398
-469
-546
-598
-660
-712
-700
-664
-645
-616
-551
-472
-377
-251
-118
30
178
310
429
527
614
686
743
791
809
789
747
683
631
584
511
440
388
350
354
349
324
336
349
356
357
379
426
435
441
467
479
480
510
569
597
620
623
636
659
653
659
680
699
715
711
684
648
612
549
503
462
408
333
229
148
83
45
29
13
7
12
-5
-30
-2
21
29
47
59
63
76
105
116
118
110
95
106
139
177
193
225
223
214
224
184
153
132
96
39
-38
-126
-217
-284
-349
-442
-523
-576
-607
-630
-648
-651
-641
-615
-564
-499
-426
-347
-272
-181
-88
-2
88
170
224
267
306
341
363
353
342
320
279
235
189
148
114
90
62
31
6
-43
-73
-94
-142
-168
-205
-257
-292
-327
-354
-366
-368
-357
-325
-291
-235
-148
-55
39
142
240
333
431
495
522
538
557
555
550
526
483
432
373
323
289
257
223
191
173
154
122
91
26
-46
-105
-159
-217
-272
-318
-388
-433
-436
-438
-441
-441
-426
-382
-327
-271
-230
-196
-159
-109
-70
-47
-38
-41
-33
-22
-9
0
-10
-16
-18
-14
-16
-27
-45
-60
-64
-66
-74
-91
-100
-98
-106
-127
-133
-142
-160
-169
-164
-149
-138
-131
-115
-101
-85
-71
-83
-90
-106
-120
-135
-156
-169
-180
-189
-224
-268
-310
-346
-373
-381
-381
-398
-416
-403
-381
-357
-315
-281
-276
-265
-230
-196
-164
-132
-93
-67
-45
-1
42
70
87
100
114
132
128
118
93
62
45
39
40
39
52
56
74
110
155
197
237
288
315
334
344
365
372
363
362
353
352
361
373
389
382
385
387
387
403
397
390
369
345
321
291
267
250
221
168
128
98
80
73
48
36
43
43
57
82
111
121
117
113
123
138
138
149
156
155
158
166
199
241
270
293
323
362
428
492
544
597
632
664
688
705
726
742
742
733
725
713
710
728
732
742
735
719
693
677
668
635
601
550
494
448
408
358
290
247
213
181
172
169
152
133
150
191
198
175
130
70
10
-53
-130
-214
-305
-393
-468
-533
-599
-660
-701
-733
-750
-763
-790
-814
-831
-849
-873
-894
-920
-963
-1003
-1018
-1034
-1055
-1071
-1079
-1080
-1068
-1053
-1035
-1001
-964
-924
-890
-849
-805
-771
-722
-671
-633
-609
-585
-560
-525
-488
-465
-448
-449
-451
-455
-457
-448
-460
-481
-512
-543
-572
-606
-642
-676
-708
-753
-790
-825
-857
-879
-894
-885
-873
-860
-834
-808
-775
-727
-679
-624
-555
-499
-461
-423
-384
-337
-298
-256
-214
-180
-148
-123
-100
-88
-75
-58
-42
-30
-30
-35
-35
-29
-10
22
53
73
90
102
117
137
146
142
130
116
83
39
8
-31
-70
-105
-145
-192
-229
-258
-281
-287
-297
-308
-315
-303
-291
-284
-278
-280
-274
-262
-243
-224
-209
-189
-165
-128
-71
-13
41
87
139
193
245
291
329
379
422
447
458
465
468
471
471
465
461
456
461
476
492
503
502
490
485
497
498
497
487
460
437
428
423
412
403
397
396
406
428
464
511
550
578
608
650
668
686
704
694
675
648
625
605
573
530
481
443
431
417
382
349
321
300
285
259
235
200
161
129
102
89
71
51
34
18
9
5
6
19
56
88
112
129
144
160
172
178
186
187
176
162
145
123
115
109
106
114
116
124
131
141
165
187
197
192
180
166
149
117
78
35
-17
-66
-122
-174
-200
-226
-263
-297
-318
-337
-364
-395
-421
-435
-452
-467
-489
-518
-543
-572
-592
-608
-618
-619
-622
-614
-581
-543
-505
-461
-413
-369
-323
-264
-205
-149
-104
-67
-40
-4
36
78
114
140
172
202
227
244
265
303
331
344
348
352
353
348
350
351
347
346
342
329
308
290
278
263
251
244
226
209
189
168
151
135
131
139
146
147
139
135
130
132
129
116
102
79
59
41
15
1
-12
-31
-47
-60
-70
-71
-62
-54
-33
-7
9
16
32
54
62
63
58
50
42
38
26
16
9
6
7
4
6
11
13
17
14
9
-5
-29
-54
-62
-63
-79
-107
-139
-163
-181
-194
-189
-179
-169
-158
-149
-133
-112
-97
-81
-67
-60
-58
-65
-71
-70
-78
-97
-122
-144
-155
-168
-177
-180
-186
-191
-187
-188
-194
-192
-186
-178
-173
-179
-192
-203
-207
-212
-206
-196
-200
-203
-190
-171
-156
-145
-135
-127
-107
-84
-73
-61
-49
-43
-39
-38
-29
-14
-6
-2
5
13
26
46
59
79
105
122
138
157
173
193
203
212
242
263
273
277
282
295
295
289
294
295
288
276
263
258
254
244
226
218
222
226
226
222
220
213
207
207
205
205
198
193
182
166
148
133
111
93
84
74
65
60
67
80
85
89
91
94
98
98
95
87
74
57
29
7
-7
-28
-58
-91
-118
-136
-157
-178
-186
-192
-199
-207
-215
-219
-225
-236
-244
-254
-270
-284
-299
-309
-304
-302
-301
-295
-285
-268
-245
-227
-207
-181
-164
-152
-146
-143
-139
-137
-137
-143
-147
-150
-155
-151
-140
-125
-104
-87
-66
-41
-26
-10
11
26
41
49
39
31
22
12
10
4
-2
-2
-5
-6
2
6
12
16
17
23
25
21
15
9
7
4
-3
-8
-7
1
10
19
39
66
92
118
140
165
188
204
219
239
248
254
256
253
258
264
266
271
276
283
296
308
318
328
335
340
340
339
336
327
317
296
276
254
233
211
191
170
148
128
107
96
89
75
61
48
38
36
23
9
-3
-19
-29
-42
-55
-63
-74
-89
-100
-110
-116
-120
-130
-136
-140
-147
-153
-159
-169
-182
-195
-207
-215
-224
-234
-245
-258
-266
-275
-278
-279
-281
-279
-282
-284
-286
-287
-287
-286
-286
-284
-285
-286
-284
-283
-285
-283
-285
-284
-284
-285
-283
-278
-273
-261
-249
-240
-228
-216
-198
-177
-158
-136
-115
-92
-71
-54
-35
-13
7
25
39
56
72
80
89
103
114
128
138
143
158
166
172
179
184
