2
6
8
6
-1
2
1
-5
-1
4
8
7
8
13
10
0
7
9
-3
3
8
8
5
10
15
9
2
2
3
-1
0
2
8
4
2
9
6
5
3
0
-1
3
-5
1
5
0
3
1
-1
-4
-4
-5
-1
3
-1
6
12
11
7
4
3
3
3
-2
3
8
1
2
8
2
-7
-4
-5
-10
-10
-7
-2
-1
-2
-2
-2
-11
-4
-2
-12
-4
2
0
2
6
2
3
-9
-9
-3
-17
-17
-2
0
-8
-4
6
2
-15
-4
-4
-12
-9
-2
5
4
-5
4
7
-12
-6
-3
-8
-7
-12
10
1
-18
2
1
-26
-17
-8
-7
-7
-14
9
13
-23
-9
19
-13
-23
-5
-1
-9
-16
1
19
-7
-28
11
2
-37
-8
11
-19
-12
7
1
2
-2
1
9
-20
-14
16
-7
-13
19
20
-10
-5
18
7
-19
-12
20
-1
-27
5
31
-12
-19
13
-3
-23
-21
7
13
-9
-7
23
7
-17
7
8
-8
-16
7
15
-4
3
21
-3
-13
-2
-4
-4
-14
-3
14
-6
-18
15
18
-10
-14
5
14
-26
-8
28
13
-7
8
31
9
-31
-12
23
-11
-24
0
18
17
-5
9
34
7
-18
3
25
8
-12
18
51
20
-1
18
37
18
-13
14
41
19
2
45
46
-2
6
21
1
-13
10
-8
7
26
-11
7
14
-11
-7
-6
-20
-1
-7
-6
2
-18
-2
-12
-31
-39
-4
-10
-41
2
-8
-34
-3
14
-15
-15
-30
15
30
-75
-31
17
-53
-8
17
-40
-6
-6
-30
-19
-31
-49
-16
-31
-24
9
-54
-29
-5
-31
-51
-52
-25
-11
-9
-33
-17
-13
-48
-40
-19
-17
-47
-61
0
-5
-41
-35
13
-33
-56
15
0
15
-12
8
58
-13
-33
53
54
-26
8
58
1
-36
37
37
-10
4
18
-6
-13
-19
21
13
-43
13
1
-31
-26
-2
-16
-34
5
17
-10
-51
-13
13
-21
-21
-6
43
5
-76
18
25
-46
27
-21
39
11
-74
54
26
-34
34
54
51
25
25
45
30
37
-25
39
17
-16
74
40
20
35
11
74
27
-57
8
57
-17
39
64
-28
-15
-12
-11
-8
-36
-19
50
7
-60
17
22
-75
44
18
-52
2
-3
-18
-9
31
23
23
-3
20
90
12
12
51
75
44
26
24
70
53
-69
80
62
-23
-37
-19
101
30
-85
65
101
-39
51
25
-43
110
8
-37
113
29
-11
-14
53
60
-62
-34
48
-2
-58
-36
52
43
-72
-1
41
-27
-47
10
25
37
-22
43
15
55
6
-152
183
71
-131
55
60
-26
-35
-114
61
50
-162
-4
151
-96
-157
-33
146
-69
-172
27
105
-82
-165
160
-49
-60
-138
28
118
-226
-29
151
-58
-103
26
95
-64
-244
185
96
-161
-45
152
82
-231
60
183
11
-263
172
319
-195
-116
203
176
-143
-79
323
40
-418
241
318
-128
-160
273
240
-273
96
294
72
-268
231
385
-153
-164
202
311
-259
-86
399
-59
-377
261
166
-70
-274
246
278
-264
-10
166
150
-355
142
268
-227
-105
305
91
-247
95
117
-124
-108
51
88
-52
-271
292
95
-335
71
165
-54
-267
281
-5
-198
22
15
10
-114
27
139
-38
-265
195
69
-323
-27
155
-109
27
31
80
-85
-21
82
-16
-15
-41
68
30
141
-81
-99
67
-41
-257
-36
-39
-104
-200
2
18
-221
-92
-7
-53
-192
30
-76
-26
-12
-151
-84
36
-35
-95
-98
56
97
-329
-16
187
-255
-152
128
-56
-103
22
-74
103
-65
-144
119
32
16
106
-21
127
101
-29
203
69
-46
195
-56
239
176
-133
151
23
188
-16
60
104
136
-74
270
-59
-34
339
-178
88
13
92
167
-150
88
261
-153
61
26
-29
78
-40
-24
258
11
-283
295
155
-174
-140
91
146
-370
106
-133
49
-169
-249
187
-114
-221
-242
186
-188
-109
-153
134
-241
-130
169
-269
-57
-253
137
-99
-178
-111
-34
53
-213
93
-134
-35
-99
8
-119
-4
-93
-164
192
-112
-98
-67
-26
-5
36
-191
-15
259
-300
20
93
81
-169
-243
292
55
-172
-295
365
64
-503
126
339
-41
-421
315
348
-264
-282
222
405
-373
-326
746
73
-667
227
548
-159
-617
464
291
-158
-303
247
282
-265
-225
380
151
-455
260
339
-92
-34
69
44
8
-247
147
47
-370
294
-33
-221
246
-302
122
227
-248
146
-2
-13
152
-171
79
97
-13
-6
154
111
140
-116
203
440
-271
125
329
-83
248
-313
335
288
-393
271
232
-61
-86
396
266
-62
-92
582
283
-264
157
386
165
-388
222
687
-505
-212
689
50
-504
133
329
69
-368
102
623
-454
-238
379
16
-400
23
357
-4
-583
361
447
-510
-134
432
208
-163
-85
186
376
-399
8
483
-380
-4
57
314
-182
-221
299
166
-130
-199
408
-171
54
81
-35
-304
200
79
-526
335
-229
-326
409
-111
-438
343
-92
-178
294
-459
319
-213
-301
373
-97
-348
200
117
-253
273
-157
73
43
123
-179
343
-25
-307
340
91
-38
-61
234
22
331
-381
267
383
-653
184
287
6
-660
68
294
-398
-124
-408
341
-109
-517
55
233
-603
-98
476
-429
-265
154
152
-76
-61
-345
416
71
-570
372
145
-547
83
634
-602
114
341
-164
2
110
8
-74
71
-206
256
-430
150
94
-353
-137
542
-276
-557
484
-62
-183
-280
76
-53
-132
-47
-163
94
50
-384
464
-302
-85
449
-598
225
42
-400
27
61
-49
-268
193
127
21
-332
190
275
-425
107
39
-31
94
-150
-79
52
5
-129
-34
170
-426
151
-17
-225
392
-710
225
184
-486
124
142
-457
49
272
-438
88
-47
-236
383
-259
-53
433
-497
326
-1
-19
-304
261
298
-677
303
-166
94
-317
-382
505
-90
-265
144
355
-527
217
131
-128
85
-181
292
45
-123
126
59
71
15
26
348
-48
-126
322
-31
251
-262
297
218
-176
14
131
252
-375
178
278
-152
20
-37
361
-22
-198
172
221
-98
227
-149
220
292
-647
604
217
-505
150
881
-467
-136
746
-176
-24
-258
850
-174
-343
415
248
17
-219
259
128
512
-789
716
110
-622
600
52
-263
75
366
-314
259
165
-26
197
210
119
96
31
182
169
-227
568
-43
-228
486
-45
77
70
104
142
130
-274
368
276
-515
490
196
-532
611
-186
127
-71
238
-98
137
-287
59
433
-768
532
-12
-83
-3
58
-42
449
-706
260
614
-1081
620
-30
-325
155
-75
-298
666
-618
-485
958
-789
-53
75
-98
-266
-109
-137
13
31
-735
743
-220
-545
-6
177
-562
-163
78
-570
557
-928
485
-99
-481
5
199
-289
-427
63
-156
-249
-588
488
-532
-356
-84
172
-500
-129
-127
208
-329
-598
910
-805
-222
491
-573
-247
401
-585
-115
152
-632
506
-674
-423
846
-1160
-151
496
-550
-535
668
-668
-67
304
-905
852
-536
-252
556
-180
-461
397
-72
-610
784
-690
72
278
-666
581
-386
-215
270
230
-712
555
-138
-345
461
-505
564
-434
-117
701
-510
-219
689
-264
171
-260
-31
722
-563
-106
876
-343
-117
730
-677
426
12
-352
645
-418
276
-56
-164
105
482
-296
140
476
-286
95
219
62
-252
677
-260
-55
454
-373
629
-33
-331
675
91
-287
220
462
-409
495
-274
428
297
-609
862
20
-369
629
219
-623
804
-362
524
-166
192
982
-648
358
537
152
-2
460
210
351
-147
38
859
-517
218
732
-174
432
178
-61
630
23
-173
986
-734
721
-190
139
321
-382
613
540
-179
-169
673
283
-409
44
655
52
-376
225
465
-321
-456
787
-160
-545
927
-250
-269
853
-565
176
382
-250
266
-135
90
365
-206
-243
1054
-674
189
595
-375
185
99
132
-80
81
241
17
-37
8
313
-178
162
53
69
-114
556
-278
-36
444
-365
242
-220
294
-70
419
-931
717
220
-786
836
-680
616
-70
-932
1019
-177
-813
1050
-709
51
463
-847
269
225
-560
-144
324
-176
-326
152
-210
-26
65
-474
518
-426
-73
-56
330
-416
-356
607
-403
-360
373
90
-574
89
444
-567
196
244
-511
338
-204
-272
110
-138
-450
458
-376
175
-214
4
111
-111
-18
-499
463
-326
-36
-355
66
-236
-187
82
195
-485
-325
574
-667
73
-524
249
-206
-119
-434
-132
182
-671
81
-467
378
-696
-82
203
-632
-271
286
-509
6
-74
-515
567
-638
-282
49
-103
-851
561
-367
-655
256
-354
117
-698
260
77
-371
-106
-93
265
-864
167
-52
-273
-280
-13
288
-1006
284
314
-535
-201
291
162
-407
-14
49
111
-172
-576
710
-334
-50
-53
157
116
-546
258
-79
-107
-293
176
-166
77
-256
-87
-28
-6
-379
-64
501
-368
-274
83
73
-687
62
-64
12
-638
427
-513
-32
-38
-663
706
-755
406
-787
448
-131
-512
516
-597
585
-471
160
177
-254
249
-488
386
-264
-152
278
4
-173
336
-164
313
-50
-145
206
115
-65
-121
545
-514
281
370
-311
225
203
-186
-180
657
-87
-205
500
59
-140
130
423
-256
510
-481
889
321
-525
669
222
-105
45
699
-398
597
157
76
807
-111
222
257
351
-262
824
-275
71
503
-127
10
184
326
-68
238
168
260
-190
-55
39
672
-668
449
599
-273
-128
437
-355
-2
59
-27
353
-376
464
-281
204
-321
186
-172
-105
311
-466
528
272
-765
541
306
-488
461
-417
754
-523
-41
717
-401
258
216
218
-286
440
24
-30
282
47
253
1
629
-335
157
424
4
179
69
83
264
-165
-36
403
34
-79
534
-36
140
43
375
-34
91
649
-554
841
-278
27
97
219
78
-268
396
375
-442
159
498
-629
294
-121
278
417
-748
800
81
-319
264
-36
339
-210
45
509
-287
295
-23
-83
453
-253
-52
151
238
-585
655
-645
378
282
-876
609
-28
-688
248
475
-697
553
-466
456
64
-1000
1335
-757
-459
629
-226
-213
150
-295
265
140
-813
1009
-474
-432
624
-405
111
105
-415
602
-85
-465
227
147
-456
-201
365
-389
-319
381
-514
131
-423
-221
89
-365
-487
84
308
-894
353
151
-89
-332
-299
527
-713
-68
108
-266
157
-517
-80
316
-561
32
71
-358
-132
280
-561
-193
390
-418
80
310
-88
-322
644
-506
649
-458
-246
749
-930
331
23
-204
-54
189
126
-247
-193
73
172
-397
-67
429
-191
-379
120
25
125
-439
399
133
-412
77
56
82
-235
46
600
166
-471
763
183
-450
927
-515
231
562
-811
165
274
443
-824
1028
-477
575
-135
-755
1324
-754
30
394
236
-295
244
49
440
184
-502
329
166
-112
-711
583
-226
354
-862
386
541
-1154
632
229
-478
13
166
-323
670
-1393
1078
-36
-742
796
118
-615
215
840
-1069
208
592
-471
52
507
-169
-298
233
-227
-40
-216
206
-147
-20
-107
-211
-14
-381
238
-138
-148
52
293
-996
222
373
-1015
677
-425
-19
-117
-26
-241
-285
101
-486
-127
-25
37
96
-30
-93
571
-835
211
238
-182
145
-110
571
-548
229
-391
363
-56
-531
1170
-679
-241
517
-431
-78
-334
429
-25
-231
-73
96
-108
-219
-73
-170
514
-407
-65
859
-474
-13
642
-437
702
-141
1
591
119
-746
1036
-415
151
658
-1187
1649
-1114
293
-48
-132
321
-583
532
181
-370
29
736
-549
563
125
-67
412
-70
-788
1427
-581
-141
1228
-1349
1211
-447
-377
283
-84
-586
559
201
-1267
1104
-580
-110
434
-857
633
470
-894
425
345
-659
265
44
-162
-214
179
486
301
-416
42
395
-180
1105
-1691
981
394
-983
760
-186
-375
268
466
-889
1255
-678
-539
1029
-300
-63
353
-448
309
116
-844
611
-81
-61
-104
22
25
309
-749
-331
666
36
-972
-8
606
-501
-720
73
906
-1266
-248
1004
86
-723
-819
975
342
-1839
356
1036
-1112
-167
-89
380
155
-1047
60
873
-340
-1916
1152
371
-1736
-153
1210
-607
-628
363
524
286
-1944
1433
275
-901
-527
1065
-220
-875
884
521
19
-626
1118
-436
-46
202
-441
261
-179
-275
728
352
-1049
695
987
-861
-293
598
-318
24
167
276
-19
-655
424
612
-247
-673
1263
296
-253
-29
699
-48
-251
255
381
149
-277
423
614
31
-1219
1643
-13
-459
5
343
-3
-322
446
99
237
-521
563
269
-213
-207
431
111
-110
-541
461
-255
-2
-116
68
388
-358
463
-1058
444
98
-66
391
-10
-638
1033
-830
-546
714
-882
245
1138
-929
28
523
-798
659
-373
-456
405
302
-532
852
-167
44
562
-486
-271
95
-150
-189
322
275
-303
104
51
-126
-417
-100
336
-237
585
-378
661
82
-504
664
346
-236
7
463
390
-337
-206
252
647
-673
-218
807
-568
-295
-135
862
-791
-107
368
-136
-216
-268
175
-547
-152
-575
464
-413
-157
692
-363
-122
-2
292
-455
-140
372
209
-114
-75
553
-130
-178
483
-81
52
171
265
-31
-14
348
-143
160
-98
690
-193
128
-30
265
8
-751
749
-730
-55
-177
-350
48
-383
-301
616
-67
-783
1065
608
-1177
608
121
-555
335
78
555
-149
-1102
724
672
-1042
-1
140
-29
-15
-601
621
48
-656
552
566
-518
-492
73
571
19
-912
665
562
-983
-265
721
-423
-73
324
-406
831
-583
-441
1396
-1148
-195
482
-588
-175
2
-320
756
534
-1127
892
-433
-323
650
-236
-625
-32
439
-689
152
298
320
-58
-160
47
211
-785
-69
893
-744
14
501
-6
-606
-42
413
181
-365
72
732
-439
-245
40
319
-370
-577
646
-161
-470
22
-47
-349
-133
-417
404
170
-839
338
421
-492
-308
358
379
67
30
281
339
-105
-104
489
122
-31
741
293
-131
92
193
414
175
-81
21
379
-291
-268
-149
2
-211
-533
291
-94
-224
-469
-84
243
-634
-247
496
295
-282
260
520
86
-55
-124
640
499
-146
610
516
-95
-58
198
260
356
-114
239
813
-386
-198
157
101
84
93
432
216
-507
-541
160
-269
-453
22
345
-439
-543
-132
-371
-376
-359
48
133
-182
-426
-253
-625
-574
-328
-390
-572
-330
-294
-717
-858
-739
-655
-1035
-888
-699
-970
-1023
-918
-1119
-968
-791
-585
-561
-277
-357
-501
-121
-31
302
563
1036
1205
1197
1449
1294
1602
1848
2131
2219
2604
2421
2430
2492
2413
2673
2533
2771
2573
2095
2026
1686
1580
1514
1295
948
596
371
-128
-317
-726
-669
-765
-1146
-1172
-1298
-1545
-1899
-1600
-2109
-1880
-1725
-1669
-1359
-1882
-1648
-1532
-1335
-1646
-1217
-1142
-1142
-752
-1175
-1244
-1253
-1387
-1377
-1298
-1582
-1887
-2175
-2125
-2414
-3090
-3096
-2076
-698
-269
-626
-1916
-3184
-2803
-1490
-222
312
-125
439
1135
1308
1323
870
1735
2937
3587
4096
3930
3739
3725
3448
3857
4729
5013
4888
3740
2792
2927
2355
1835
1193
568
657
250
-744
-1617
-2130
-3050
-3623
-3501
-3027
-2270
-2099
-2530
-3065
-3152
-2536
-2073
-1359
-367
471
981
922
920
1145
1580
1860
2714
3581
3637
3105
2860
2612
2674
3046
3044
2871
2553
1648
912
243
-496
-945
-1064
-1042
-1772
-2851
-3793
-4420
-5046
-4781
-4441
-4729
-4988
-5604
-6276
-6604
-6825
-6625
-6008
-4611
-1113
607
81
-2149
-4503
-2988
-189
1748
3045
1943
1607
2682
2555
3035
2436
2816
5289
5862
5071
3751
2491
2954
3149
4062
5875
6232
5004
2605
831
1438
2132
2081
1926
1238
974
147
-1521
-2462
-2653
-2871
-2683
-2891
-2582
-2249
-3093
-4373
-4761
-3636
-1744
-632
-657
-795
-553
-148
162
1125
2135
3162
3376
3179
3066
2532
2151
2098
3249
4385
4620
3485
1819
1468
1510
1467
1589
1321
791
-189
-1240
-1874
-2794
-3485
-3519
-3234
-3132
-4019
-5019
-5768
-6150
-5382
-5038
-4949
-5885
-6690
-7242
-6927
-5912
-4130
167
1521
-207
-3445
-5459
-2728
1078
2480
2732
462
184
2247
2528
3556
3050
3560
5927
6129
4933
3110
2496
4222
5701
7318
8808
7629
4805
2140
1760
4182
5653
4974
3228
1253
461
-605
-1615
-1466
-1564
-1854
-2904
-4084
-4108
-4296
-5246
-5473
-4867
-3444
-2322
-3046
-3493
-3007
-1622
-78
369
1480
2380
2444
2185
2076
2665
3243
2979
3269
4658
5106
4320
2518
2234
2880
3285
3104
2372
1598
919
327
-314
-685
-1612
-2393
-2771
-2888
-3313
-4046
-4627
-5043
-4871
-4302
-4501
-5533
-6496
-6922
-6709
-6664
-5660
-5578
-3508
-139
-96
-1869
-5098
-5614
-1412
1526
1969
1270
-1647
-256
1542
2337
3668
2851
3838
5169
4467
3484
2650
3896
6577
7065
7584
7520
5846
4102
2431
4265
7254
7020
4490
1285
24
765
376
196
728
-429
-2341
-4832
-5295
-3659
-3011
-3218
-3657
-4018
-3792
-4754
-5217
-3667
-1787
-365
226
898
1582
1076
-208
538
3248
5642
5034
2580
1600
2574
3849
4184
3750
3148
2778
2205
1653
1094
378
49
354
357
-426
-2119
-4296
-4978
-4358
-3161
-3007
-4246
-6026
-6788
-6116
-5278
-4971
-5763
-6479
-7189
-7232
-7401
-7042
-6340
-3032
613
-85
-3427
-7188
-5827
-294
3379
3158
832
-1818
-877
1044
3440
6010
6078
6093
5589
4122
3576
4375
6956
9916
10041
9090
7937
6145
4896
5156
7936
10150
8704
4558
1163
536
1778
2462
2671
2227
-361
-3624
-6016
-5397
-2989
-2163
-3068
-4491
-5804
-6574
-7002
-6287
-3749
-2534
-2726
-3769
-4003
-3116
-2556
-535
1907
3384
2074
-971
-1205
1694
4100
4103
2424
1766
1653
1434
1934
2544
3221
2651
1497
1029
375
-353
-403
100
563
-83
-1738
-3243
-3860
-3345
-2117
-1653
-2896
-4451
-5584
-5637
-4833
-4323
-4113
-5026
-6042
-7059
-6761
-5765
-1959
1172
423
-3097
-6756
-5347
-546
2591
2701
801
-1452
-345
896
3760
5497
5295
5199
4285
3337
3815
5429
8025
9114
7995
7568
6831
6037
5200
5646
7804
8727
6376
3430
1666
1924
2631
2540
2915
1610
-1351
-4418
-5313
-2936
-1010
-1528
-3458
-5677
-7077
-7598
-6638
-3740
-2392
-3856
-6541
-7921
-5890
-3404
-2364
-1808
-2161
-2038
-2471
-2766
-1041
157
470
821
1488
1812
344
-587
1195
3416
4087
2716
1669
1366
1185
1922
3421
3973
2500
979
1016
1054
491
147
577
369
-380
-793
-1293
-2297
-2970
-2011
-915
-1572
-3445
-4510
-4265
-3795
-4121
-3666
-3232
-1514
-953
-2002
-3198
-4150
-2748
-156
993
811
-361
-1686
-444
1578
4114
4386
3622
3375
3205
2696
3139
4938
6712
6174
4239
3768
4502
5135
4710
4419
4977
4694
3023
1869
1970
2752
2692
1445
750
301
-675
-1821
-2418
-1243
-721
-1830
-3557
-4949
-5268
-4812
-4247
-3303
-3424
-5095
-6539
-6537
-5023
-3574
-3012
-2911
-3544
-4524
-4822
-3758
-1444
208
219
-847
-1571
-1410
-362
1266
2675
2839
1864
1088
1392
2394
3085
3458
3826
3699
3146
2480
2489
2808
2975
3265
3263
2467
1419
995
1254
1422
1117
576
48
-385
-697
-505
-450
-690
-908
-969
-1082
-1464
-1747
-1717
-1129
-490
-343
-672
-1214
-1343
-908
-279
98
1
-328
-861
-1071
-504
172
364
-130
-811
-935
-667
-226
126
200
171
130
164
246
323
334
488
875
1162
1288
1127
1057
850
647
879
1063
1163
840
210
-5
50
169
169
-188
-823
-1369
-1527
-1068
-680
-869
-1149
-1487
-1642
-1442
-1184
-732
-494
-613
-818
-894
-542
-54
89
136
139
219
413
224
221
276
348
473
517
697
580
223
-150
-133
325
787
832
198
-391
-421
378
1126
1287
787
172
165
660
1300
1545
1354
1016
784
1065
1611
1979
1725
1161
716
739
1296
1566
1271
480
-35
-42
51
137
-96
-687
-1205
-1512
-1374
-989
-875
-1181
-1729
-1998
-2043
-2021
-1646
-1648
-1583
-1542
-1597
-1601
-1667
-1424
-1226
-850
-722
-971
-1280
-1134
-684
-225
-69
-398
-754
-942
-516
-115
179
246
24
-50
68
351
577
597
808
1107
1280
1185
992
1175
1478
1413
1296
1397
1212
1016
805
910
1362
1153
681
380
352
473
309
18
-81
-198
-291
-473
-592
-435
-497
-674
-854
-782
-480
-232
-12
13
-33
-65
26
279
479
813
1135
1446
1497
1311
1144
1371
1910
2121
2147
2030
1882
1663
1373
1408
1549
1527
1101
449
147
-52
-244
-548
-934
-1388
-1927
-2189
-1953
-1850
-2145
-2795
-3362
-3561
-3502
-3257
-3208
-3234
-3573
-3937
-3918
-3463
-2940
-2883
-3248
-3419
-2910
-2095
-1397
-1098
-1050
-1079
-771
-220
508
1110
1199
1142
1328
1940
2565
3093
3266
3080
2798
2828
3245
3624
3515
3247
3074
3162
3204
2789
2455
2294
2222
2090
1793
1542
1269
804
391
218
443
340
-305
-977
-1277
-1123
-1086
-1249
-1424
-1536
-1652
-1819
-1824
-1670
-1546
-1496
-1477
-1269
-1130
-1000
-960
-860
-503
-167
210
429
270
213
394
853
1458
1620
1379
1072
1067
1319
1586
1708
1691
1306
775
442
594
1023
1021
603
-10
-360
-495
-666
-820
-1061
-1564
-1987
-2084
-1982
-1982
-2338
-2778
-2807
-2631
-2526
-2454
-2469
-2390
-2392
-2207
-1847
-1574
-1341
-1283
-1133
-770
-435
88
621
848
872
834
1227
2016
2491
2649
2581
2308
2346
2631
3096
3597
3573
3069
2519
2469
2926
3258
3043
2644
2071
1592
1349
1244
1343
1190
788
244
-105
-327
-483
-633
-748
-912
-1208
-1342
-1441
-1529
-1597
-1743
-1766
-1658
-1655
-1769
-1805
-1972
-2037
-1840
-1599
-1316
-1340
-1551
-1723
-1433
-1086
-888
-766
-675
-706
-818
-729
-338
251
446
234
36
184
418
556
552
772
825
733
581
506
663
845
925
757
628
594
502
506
572
633
773
680
375
201
327
567
637
576
402
346
359
325
318
364
298
-8
-153
-67
123
30
-252
-460
-540
-398
-348
-509
-769
-1022
-1064
-858
-600
-606
-1010
-1414
-1322
-988
-680
-603
-799
-888
-809
-591
-289
-45
8
-168
-118
189
493
656
516
569
780
758
729
680
622
608
496
523
677
596
425
225
334
467
301
90
-242
-488
-515
-510
-546
-506
-710
-1017
-1165
-1144
-1013
-911
-856
-789
-901
-1095
-1211
-1147
-820
-386
-280
-487
-710
-593
-207
80
244
261
299
271
308
528
891
1143
1040
994
1057
1374
1766
1823
1727
1665
1702
1882
2011
2005
1936
1724
1524
1507
1634
1513
1248
985
951
998
897
549
89
-160
-122
43
91
-94
-548
-934
-1031
-764
-530
-440
-623
-1027
-1267
-1175
-952
-897
-896
-999
-1254
-1400
-1332
-1114
-946
-991
-1086
-1178
-1263
-1325
-1326
-1164
-1028
-1135
-1230
-1193
-999
-959
-1220
-1466
-1352
-1063
-918
-996
-1169
-1363
-1503
-1474
-1142
-724
-659
-852
-1076
-1019
-860
-638
-308
-63
25
-24
-71
30
300
439
615
881
1101
1059
939
941
1103
1307
1373
1455
1495
1509
1530
1476
1626
1773
1760
1840
1874
1965
1859
1758
1770
1756
1770
1821
1776
1676
1545
1299
1254
1308
1359
1209
953
833
681
475
259
217
279
216
53
-84
-54
-173
-458
-591
-393
-167
-174
-355
-629
-786
-787
-673
-457
-252
-352
-752
-1052
-1029
-794
-593
-623
-784
-974
-1099
-1105
-979
-886
-825
-902
-1058
-1110
-1194
-1249
-1360
-1405
-1270
-1238
-1302
-1506
-1635
-1626
-1611
-1482
-1295
-1143
-1169
-1265
-1350
-1221
-988
-741
-538
-298
-208
-291
-305
-155
193
422
523
685
823
751
693
816
1145
1479
1492
1341
1295
1376
1565
1629
1665
1661
1529
1467
1517
1619
1704
1537
1327
1199
1267
1429
1430
1327
1066
829
678
683
764
733
522
190
-12
10
7
-43
-161
-221
-234
-321
-384
-550
-613
-632
-604
-422
-298
-344
-570
-756
-776
-651
-367
-286
-469
-754
-1009
-1037
-918
-807
-808
-1090
-1403
-1514
-1440
-1309
-1507
-1750
-1858
-1849
-1862
-1907
-1811
-1740
-1732
-1718
-1576
-1429
-1369
-1317
-1150
-909
-716
-626
-532
-274
2
149
250
494
770
956
1118
1346
1518
1566
1496
1576
1852
2073
2043
1836
1754
1767
1795
1819
1892
1825
1541
1240
1165
1273
1287
1094
773
637
608
499
363
215
77
-51
-99
-91
-106
-216
-370
-521
-526
-434
-445
-402
-233
-208
-344
-459
-440
-328
-157
6
66
56
-109
-179
1
275
458
435
423
379
272
251
351
415
352
236
31
-95
-194
-309
-437
-561
-753
-935
-1087
-1178
-1311
-1573
-1751
-1838
-1836
-1872
-1917
-1876
-1874
-1951
-2061
-2052
-1887
-1703
-1503
-1355
-1240
-1274
-1260
-969
-558
-188
0
28
101
272
510
792
988
1141
1166
1198
1302
1463
1581
1584
1645
1766
1792
1723
1688
1742
1811
1782
1644
1461
1312
1151
1050
1000
898
825
648
402
181
163
146
15
-171
-396
-507
-465
-379
-374
-358
-416
-506
-583
-478
-170
79
92
-133
-284
-207
-17
171
300
369
304
172
162
279
479
605
539
440
372
282
171
131
212
258
83
-133
-214
-217
-320
-547
-606
-555
-497
-567
-714
-850
-1025
-1153
-1109
-867
-749
-838
-1037
-1121
-1084
-985
-773
-533
-320
-382
-533
-525
-312
-51
149
322
471
487
384
410
686
1038
1222
1173
1033
969
942
990
1171
1438
1495
1303
1073
929
1016
1114
1171
1138
957
685
431
386
492
567
500
343
157
-25
-169
-135
-90
-104
-260
-488
-553
-513
-431
-403
-509
-744
-909
-919
-811
-674
-670
-743
-818
-805
-706
-666
-633
-616
-585
-528
-492
-458
-480
-525
-461
-324
-263
-314
-425
-479
-493
-472
-407
-271
-197
-310
-381
-323
-283
-247
-232
-224
-189
-170
-114
-60
-50
-62
-141
-78
131
213
138
-17
-101
-33
143
347
523
474
265
166
288
600
820
866
824
748
766
827
895
989
941
856
830
832
929
875
762
670
562
500
455
399
321
56
-209
-178
-55
39
-100
-279
-364
-439
-441
-408
-354
-306
-337
-334
-303
-387
-527
-684
-740
-586
-403
-426
-643
-900
-1028
-883
-620
-484
-571
-845
-1081
-1068
-874
-616
-468
-488
-641
-780
-762
-603
-434
-421
-471
-485
-435
-352
-336
-324
-307
-248
-104
48
141
146
104
105
288
516
635
642
608
576
642
718
808
895
904
830
712
678
731
812
817
847
806
683
522
348
369
480
504
440
370
343
269
109
110
235
310
265
88
-43
-103
-177
-223
-297
-392
-480
-574
-597
-581
-587
-621
-707
-737
-645
-568
-482
-363
-255
-166
-149
-137
-33
110
214
314
336
308
267
308
417
493
464
332
186
125
123
130
175
217
223
106
-55
-100
-15
53
82
28
-86
-191
-272
-274
-232
-231
-225
-325
-426
-406
-428
-476
-536
-461
-293
-223
-234
-260
-219
-132
-32
99
265
340
295
270
261
307
373
415
453
474
447
324
197
209
299
429
528
477
368
260
222
372
585
700
575
336
217
258
338
389
408
256
1
-173
-175
-79
-104
-299
-459
-489
-405
-397
-484
-562
-545
-449
-365
-249
-134
-77
-156
-196
-91
23
61
65
68
114
53
-94
-198
-225
-188
-153
-177
-212
-327
-472
-535
-449
-266
-127
-210
-305
-449
-275
-21
201
273
115
-234
-556
-522
-408
-190
-143
-94
-39
51
0
55
-18
-82
-203
-312
-395
-399
-383
-326
-141
54
226
266
241
91
56
-1
27
169
367
454
558
654
805
788
641
330
172
102
100
171
165
180
255
396
619
861
821
570
226
71
7
155
156
108
15
82
150
347
425
420
160
-49
-189
-282
-402
-543
-502
-419
-153
-142
124
2
206
59
276
168
190
42
-145
-173
-275
-165
-395
-260
-475
-228
-281
15
-68
-62
-341
-487
-470
-470
-330
-514
-481
-545
-323
-97
239
314
250
64
-212
-113
-216
-139
-88
105
17
73
171
118
240
125
37
-78
-110
-373
-348
-364
-187
44
194
347
157
128
-96
255
170
162
196
-54
-90
-293
-253
-560
-722
-1005
-960
-1045
-1044
-709
-524
-737
-705
-656
-848
-1027
-1103
-1071
-1194
-908
-487
-178
-360
13
122
57
142
-87
-83
-38
-151
-14
396
338
787
1081
868
1283
1081
1052
1079
645
835
850
781
860
944
936
1048
1117
779
877
1001
818
729
656
174
229
563
310
629
406
199
728
345
137
203
114
-334
-80
-410
-552
-122
-248
19
31
181
126
75
18
-236
-457
-436
-161
-411
-330
36
-93
-96
128
140
59
-183
-52
-53
-469
-406
66
281
-288
179
66
-67
-68
-126
-275
-468
-602
-680
-504
-732
-256
-571
-410
-530
-708
-686
-590
-406
-901
-777
-548
-702
-518
-312
-333
-307
-189
-249
-272
-351
-86
439
463
310
239
741
510
653
1107
302
670
1219
823
1212
837
776
1249
897
641
1266
906
222
1169
974
691
684
979
874
617
507
262
481
-154
548
643
269
-56
184
5
-217
171
-319
-497
-288
-362
-535
-54
-645
-383
-639
-31
-597
-792
144
-868
-937
194
-76
-920
-65
-582
-77
-380
-1002
-108
-235
-851
-281
32
-1002
-361
36
-682
-723
-755
-1176
-558
-279
-721
-444
-402
-660
-236
-459
-394
-121
-483
-262
166
-561
34
249
-208
513
-199
595
661
-53
-385
395
-676
555
578
-572
1416
-296
463
438
339
498
229
498
111
489
338
630
299
760
670
601
940
364
591
-72
772
706
-318
-93
543
15
386
268
-398
959
-384
299
-269
-786
397
-69
-139
-144
382
-477
25
214
-619
-549
-413
-41
-248
-216
177
342
60
-255
-51
-720
-331
-164
-777
129
51
-510
256
-655
-600
48
-861
349
-688
-1118
544
-735
-1052
852
-427
-172
-304
-691
432
-860
-989
473
-294
-1129
969
-271
224
571
-906
1174
256
-802
620
137
-349
548
-246
170
1218
-573
-99
818
-353
-792
1043
-536
123
193
-188
1007
180
152
458
856
-1122
527
446
650
860
59
1187
777
17
549
1150
21
321
470
297
-106
-119
1109
-96
149
505
-303
-36
-127
-157
-310
-546
222
416
-677
-202
249
-180
-833
52
-582
-771
-166
-732
-178
-362
-847
-382
-375
-479
-451
-724
-647
-560
-356
-559
-544
793
-255
-809
482
-510
255
131
-195
1009
-639
106
1059
-639
31
732
96
13
370
93
886
-808
-91
1578
-786
-1
392
470
-353
-568
1110
135
-998
989
47
-567
234
4
455
101
-308
274
766
-663
66
1146
-695
-314
789
190
-396
890
221
-162
748
-400
70
376
-130
-221
1296
-1293
-179
1602
-1660
309
391
-859
358
-408
-817
933
-920
-1501
1944
-651
-957
716
446
-538
-718
-168
75
-88
-1454
544
-145
-868
-320
619
-631
-601
-494
-782
258
-895
-15
-258
-220
-785
15
123
-250
-708
162
567
-743
456
-342
620
-224
-276
1651
41
-208
417
438
51
88
358
454
529
-349
883
600
-162
898
-484
595
503
-414
472
320
89
772
279
-76
854
-243
-391
1001
125
-169
576
270
732
-332
346
1351
-148
-458
848
252
-505
207
31
696
-86
-112
515
368
-753
98
-57
-462
353
-1051
38
361
-791
130
-182
-518
-881
-957
256
-472
-1034
135
-142
-1535
170
-214
-1589
-15
-748
-500
-278
-1699
238
19
-1978
197
1245
-2275
351
541
-989
260
-37
6
-181
-53
-227
1436
-736
26
1207
337
-144
225
855
-357
361
856
721
284
43
697
1230
50
371
671
312
-623
853
977
-423
503
1140
239
-57
1272
-836
10
897
-542
894
283
272
890
323
105
1153
-55
-731
1252
-689
164
485
324
476
-220
127
-397
-517
-274
787
-828
22
-618
-242
54
-1401
-610
-117
234
-1190
85
-536
-586
-1328
-674
-311
-872
-180
-531
-531
-1545
-295
-196
-941
-1157
548
-1086
-735
152
-317
-164
-426
662
-800
-377
27
284
913
-465
721
950
-252
139
1027
699
-518
1351
1291
567
-367
1350
1466
64
1313
719
764
-67
806
1460
669
-224
1166
861
-460
740
554
416
-134
760
107
-188
52
-332
250
-438
426
-116
-186
174
-943
-223
183
-77
-330
-621
97
787
-766
296
1206
-1477
426
432
-546
1333
-147
71
834
185
308
663
50
118
1144
56
-310
197
292
-625
114
817
-942
-32
543
-492
-319
-990
-910
-268
-390
-1349
-256
-114
-1733
-111
-559
-1785
-430
-1245
-1409
-552
-1199
-1293
290
-1238
-980
-35
-1071
-829
-1023
-892
38
-743
-479
462
-327
41
-290
472
-363
807
-118
467
752
-27
843
277
1517
217
841
210
1325
230
-1171
1875
112
140
866
137
927
-497
-453
1552
-145
-1494
901
264
-664
698
-699
926
-398
-790
642
-714
-821
-78
-122
433
-259
-601
688
-239
-1402
107
192
-1127
507
-620
179
-160
-549
162
57
-499
-856
309
-1111
233
-102
-166
282
-398
463
-646
-234
-81
-819
423
57
-462
-334
11
-99
-61
129
-445
-437
29
-731
-106
-230
-1091
248
352
-633
245
575
-909
233
-642
-276
11
-816
242
177
274
-629
-131
548
-681
-448
744
-170
87
-392
178
892
115
-848
1302
261
-1171
1329
-256
151
81
346
800
595
-615
392
1205
-551
115
324
591
-355
253
748
287
737
12
810
239
-635
-141
932
-400
-981
790
412
-193
76
-46
-141
-252
-781
592
-346
-748
123
848
-816
-1087
653
-235
-76
-703
350
-229
68
-281
373
965
-748
-234
471
840
-1047
241
1191
-139
152
440
508
207
-64
256
644
244
-578
599
736
-421
1263
-104
719
763
-704
450
1166
-721
586
570
-557
1034
-251
1071
67
-40
506
498
-306
-434
980
333
-130
781
242
200
-109
-528
424
197
-219
-285
354
-101
-49
-234
313
308
-566
-65
682
-208
-570
145
250
394
-352
-42
-91
292
-683
-798
627
-1189
-737
410
-211
-652
790
-796
-540
284
-894
156
70
-647
174
101
-379
538
-156
-588
285
466
-1059
317
350
-956
653
595
-488
915
113
-135
1075
-265
349
451
88
919
394
-301
924
1075
-966
208
1148
-1209
278
631
62
202
-75
318
646
-775
-385
834
-815
-779
716
204
-462
-354
303
309
-1144
-127
-741
386
-1121
-966
1054
-353
-1176
353
405
-1206
96
-996
425
-1156
-219
645
-430
-751
-128
311
-620
-73
-282
461
-678
145
-493
427
446
-174
-252
214
-127
-767
319
356
-627
-278
937
-730
178
-577
-193
382
-1007
179
259
132
-929
810
646
-1072
149
477
-270
-200
580
122
-55
287
326
-26
-387
979
396
-292
896
175
730
-431
-95
742
-8
-204
864
-127
-39
917
-402
-128
626
-137
143
38
-192
588
-253
-361
15
834
-894
43
504
50
-1361
-477
692
-586
-116
-160
297
-289
-298
-408
493
-577
-838
482
-154
-175
198
-255
491
563
-791
347
306
-427
-351
521
82
-233
717
467
615
183
-3
67
315
-504
122
38
219
209
-29
925
-465
189
432
-715
-450
262
-314
-488
386
140
-66
278
-84
-84
-422
-584
631
-361
-428
471
703
-473
86
853
-418
-126
663
176
-394
589
560
95
391
515
321
181
-23
314
96
-102
191
730
-249
-156
758
18
562
122
-242
451
-229
-662
230
233
-507
323
198
-437
194
-661
-467
-256
-270
-326
-710
145
-185
-389
-342
-258
-65
-406
-769
246
-245
-592
-51
-38
425
-505
-8
615
-472
-74
420
-100
-332
231
613
516
-612
1006
-74
-144
828
-737
161
-88
336
-244
762
-268
221
473
-115
-386
275
-47
-789
691
14
-100
508
425
-344
418
-88
-422
-306
265
226
-182
-113
477
-198
233
172
33
-510
-191
343
-323
-174
14
217
193
-184
-488
794
-390
-370
312
-234
-283
204
-232
274
109
-430
564
-301
-477
113
-378
-334
285
-303
-414
-49
-1103
381
-177
-1288
1106
-675
-569
188
-438
-1109
226
-127
-1104
1000
-453
-725
303
-58
152
-377
-210
148
474
-419
226
945
-487
-291
1160
142
-1308
1658
108
-426
537
480
-200
412
-233
226
351
-718
686
-146
139
-75
756
-429
220
-67
60
475
-616
625
-278
263
327
33
269
-227
346
338
-140
-187
724
-470
-5
491
-573
738
-15
-458
955
-232
-726
1250
-713
6
370
-157
-79
311
-242
-715
781
-1146
208
490
-695
723
-72
-1014
251
-154
-890
228
-396
-536
1070
-1140
-681
894
-973
-568
288
-141
-1069
-112
-68
-751
-469
-277
-92
-132
-141
-460
147
407
-767
290
674
-735
890
241
-251
555
-66
-94
563
350
-451
1659
-409
573
742
-632
368
484
11
358
257
-69
815
250
-217
385
975
-349
320
427
278
-280
141
1045
-124
486
-271
41
751
-572
83
921
-479
389
204
-406
175
-69
-214
100
111
-546
496
-66
-289
172
-541
-35
23
-864
30
-93
-471
-197
304
-464
-148
-312
-19
167
-1648
461
166
-1441
36
347
-325
-531
158
281
-467
-191
-420
213
148
-676
180
449
-454
-132
190
-225
391
-51
-206
1274
-567
-87
886
-370
-10
440
280
69
840
-536
529
316
-344
775
235
-73
584
76
-92
799
-127
65
644
-419
349
571
-429
831
194
-542
526
584
-371
374
45
-254
678
3
-156
405
-191
-660
972
-605
-600
655
-122
-1184
432
-175
-609
365
-1032
563
-722
-765
142
-60
-389
-473
412
-303
-655
200
-201
-499
140
-534
-36
199
-870
-253
121
-297
-183
-11
-585
-506
393
-399
-36
412
-336
-279
439
-252
-419
184
169
16
-88
274
-112
486
-468
281
554
-732
154
810
-245
-143
807
-245
709
47
261
327
-739
591
271
-202
81
227
367
-224
370
116
-124
-151
-127
329
7
-260
-124
423
-335
839
-510
-222
657
-937
266
-224
-265
-19
565
-914
751
44
-1230
810
-462
-498
-519
-44
-95
-141
-637
125
658
-629
-305
241
364
-649
-341
631
-151
-753
561
377
-131
-173
127
474
-534
-416
61
276
-312
-465
287
202
-1014
397
62
-849
520
-774
253
515
-603
-604
791
-318
-381
469
-359
-114
148
303
-267
332
-269
280
600
-286
-95
605
143
103
219
152
104
211
338
313
342
8
586
104
32
278
251
608
339
-156
710
375
34
225
163
355
99
-113
69
667
-40
-499
500
33
-471
235
-21
130
-173
-574
605
68
-897
-48
620
-402
-342
217
-166
231
1
-590
773
-178
-522
384
212
-329
-408
729
-443
30
-108
-150
62
310
-246
-93
435
-951
581
21
-922
927
-87
-579
660
251
-778
491
45
-215
710
-1122
669
455
-993
1045
-37
-127
388
394
186
329
-205
54
266
-488
191
656
-255
180
498
128
176
-675
752
45
145
-44
487
135
106
445
-105
199
-55
626
-122
631
46
176
976
-934
48
867
-481
-175
399
178
437
-931
137
499
-768
31
448
-641
-386
161
-438
-179
-662
520
-210
-523
167
-38
-613
-375
331
-363
-388
-457
296
-427
-165
-175
56
-134
-661
345
-633
-241
1
-681
42
25
-907
351
226
-604
88
-184
-120
-49
-403
103
146
-553
274
459
-332
166
40
297
155
-171
442
-37
197
40
570
-186
311
792
-602
505
495
47
-46
695
70
343
796
-841
1000
566
-448
498
238
232
195
101
122
239
-135
206
194
-69
14
-470
244
-24
-791
376
155
-487
138
-218
-163
-351
-230
-290
-275
-293
-69
-3
-605
110
-121
-82
-825
149
22
-759
-30
86
-534
-88
-114
-376
467
-820
87
-168
118
-535
-334
236
-233
-13
-336
-26
-289
-7
-322
181
-810
78
416
-660
-224
216
-180
-229
-119
-57
-39
-525
105
130
-390
-159
357
-125
190
-40
190
26
-277
501
89
-202
48
878
28
-137
408
-46
99
141
-70
795
94
-288
649
129
-49
-118
632
131
63
22
99
64
-218
133
178
111
-399
187
-104
-370
12
262
-418
-70
-119
-44
-48
-647
111
107
-82
-142
58
-470
-148
370
94
-217
-72
382
-370
225
-73
315
119
-105
719
-15
-65
453
-68
61
513
209
33
-148
156
332
255
75
303
-397
336
487
-441
80
169
431
-71
59
-24
-175
68
265
87
-639
475
441
-283
-372
548
-32
-239
252
-214
-43
69
-279
273
14
-482
829
-348
-258
383
-156
75
-172
-251
161
203
-387
303
84
-300
59
519
-466
-389
152
34
-197
-333
415
4
-79
-374
422
-98
-727
200
263
-243
-116
316
99
-273
-53
519
-485
-260
409
138
-163
-157
661
191
-502
-49
769
-493
-261
749
-88
-153
272
212
160
1
-30
494
44
-208
93
169
-229
27
193
-222
329
-200
-25
-212
-78
100
-680
219
12
-211
-138
140
-176
-13
-389
-44
344
-598
197
123
-128
-22
40
49
146
-378
55
280
10
-489
-171
627
-560
-236
392
-237
-302
296
-410
131
-125
-671
351
-322
-268
184
-224
-82
-45
-374
-193
99
-112
-618
479
203
-699
12
-83
-125
164
-294
-52
161
-260
22
205
-208
-47
148
-1
137
125
-263
1
718
-543
-239
810
-147
-260
540
-91
-104
130
-227
347
-134
-228
494
97
-359
252
97
-612
258
-6
-125
152
-335
102
5
-178
-118
153
-49
-427
176
121
-182
-379
313
127
-368
98
-44
175
-68
-133
320
-152
-146
144
103
-56
-352
255
-65
-159
-132
-260
62
-144
-365
-20
13
-167
-359
-244
395
-790
-316
406
-273
-118
-76
0
-22
-305
6
153
-141
-121
325
258
-433
393
291
-250
163
215
305
154
-279
571
408
-285
520
432
-36
228
402
122
-7
4
354
99
-87
462
377
-297
264
404
-340
447
151
79
212
-42
297
402
32
-101
390
94
77
196
-124
43
89
148
134
-57
114
-5
177
-13
230
45
-23
247
29
399
11
61
274
95
-44
339
11
169
229
38
222
-145
118
117
-2
-113
141
28
-146
-87
26
94
-108
52
-99
188
-364
-265
146
-159
-59
-64
-8
-61
-165
-287
235
-58
-222
183
2
126
-195
-104
102
145
-17
139
87
43
245
-191
85
135
6
30
135
79
29
44
102
267
-129
147
31
10
82
-78
247
55
68
116
340
-168
171
164
-68
143
-59
113
109
-144
41
363
-308
92
231
-392
223
228
-612
411
116
-404
445
-141
-228
236
-57
-211
72
-150
60
86
-218
40
-156
-23
33
-198
-64
17
-188
-56
146
-124
-44
-148
31
69
-204
-43
100
40
-57
-70
-32
-80
-245
-29
33
-237
-62
-2
-86
-161
-181
-186
61
-94
-378
131
64
-414
-12
94
-275
-135
67
-29
-79
-109
-53
211
-249
-38
255
-161
-169
212
-67
-232
176
-12
44
-170
-50
129
-188
-101
-88
-75
-189
-23
-253
-262
110
-286
-90
-193
-289
-164
-64
-146
-326
59
-260
-183
-198
-212
-144
-290
-73
-134
-110
-376
-41
53
-517
-79
-35
-366
-215
7
-278
-257
15
-184
-48
-364
-110
-92
-412
-61
-91
-292
-183
-65
-182
-186
-137
-247
-337
-126
-96
-357
-263
16
-182
-352
25
1
-255
-125
-104
18
-86
-160
234
-43
-10
288
146
-80
77
63
289
48
-140
419
-22
-5
174
-44
-114
56
-21
55
60
-88
35
74
-60
-32
225
-78
14
233
-13
93
-14
-13
245
5
53
167
188
279
35
61
323
8
118
319
108
264
329
127
216
220
31
407
179
112
305
206
228
121
260
363
253
9
144
78
106
337
-52
109
225
243
-19
87
116
-3
264
6
81
84
24
196
84
-99
37
150
-135
-6
-115
-160
198
-41
2
73
-194
0
180
-68
-168
28
168
155
-8
-48
200
117
-30
19
243
-88
51
91
-88
297
-28
112
254
37
87
285
89
154
54
-16
408
93
58
127
137
28
148
77
-21
-81
42
174
13
24
-62
121
-108
31
-69
-308
-38
-84
-182
57
-122
-197
75
-257
-150
-15
-347
-74
-98
-249
38
-22
-190
-76
-17
-54
114
45
-156
85
36
-117
134
141
-211
-35
208
-36
-144
-49
28
-89
-85
-86
46
39
-274
45
150
-268
-214
-62
14
-174
1
-140
89
-70
-212
119
-88
-117
-165
109
-44
-51
-6
-39
-8
-104
117
114
-183
42
106
82
68
86
230
217
268
178
237
260
114
198
216
247
177
148
365
167
103
88
150
79
-89
8
107
24
-73
-10
37
-29
-241
-82
-37
-57
-218
-52
-9
-148
-176
-132
-41
-175
-120
-224
-41
-153
-214
-42
-142
-114
-246
-114
17
-235
-184
-35
-46
42
182
180
215
89
-50
58
50
-276
-44
91
-82
93
81
-24
22
6
-80
-17
-63
13
45
-77
50
108
135
116
153
141
-2
62
5
-6
-179
-238
-122
-74
-242
-100
70
-212
-124
-100
-85
-285
-287
-117
-177
-290
-88
-72
-229
-150
-114
-314
-327
-289
-331
-191
-205
-198
-204
-165
-54
100
-64
-91
1
-8
6
85
63
-150
-33
269
320
143
41
102
300
330
153
111
61
0
206
297
-102
-197
95
43
-74
-50
-46
-127
-168
-72
-96
-381
-329
27
-70
-257
-242
-151
-269
-344
-124
-206
-285
-233
-81
93
-59
-170
-48
144
51
165
184
83
91
159
253
97
96
37
211
210
145
255
228
280
236
249
278
290
294
358
482
407
307
347
260
180
263
266
138
187
108
199
257
143
154
201
196
254
151
119
157
35
28
21
104
156
46
89
218
76
-33
51
-95
-46
27
-72
145
24
-14
61
113
20
-2
136
6
-20
70
-1
-57
-10
-94
-130
-95
-90
-131
-178
-200
-196
-371
-345
-327
-516
-457
-431
-533
-513
-480
-588
-547
-532
-592
-527
-539
-503
-433
-493
-480
-500
-443
-291
-256
-289
-220
-156
-195
-76
15
17
18
7
181
202
215
289
122
119
178
215
203
44
55
53
8
152
136
12
53
144
97
89
72
9
52
9
50
62
159
107
43
86
29
37
40
-43
-36
72
37
26
126
46
27
28
56
23
12
10
-26
22
-27
2
41
49
56
232
257
203
253
183
215
249
256
298
309
253
396
472
352
280
289
227
233
270
205
157
153
223
197
237
133
60
-25
-34
76
-47
-71
-113
-32
51
59
47
3
4
61
48
28
23
-155
-23
79
-85
4
97
-22
-9
65
66
-34
-15
34
-23
58
36
16
18
49
27
73
136
58
3
18
66
-39
-55
-14
-54
-60
-26
-48
-117
-130
-153
-148
-155
-202
-182
-163
-210
-188
-118
-199
-176
-194
-327
-257
-220
-176
-162
-260
-166
-130
-138
-53
-84
-160
-49
-27
-31
8
-64
-46
2
-46
-48
-4
-57
-83
-108
-10
-33
-141
-22
20
80
116
134
87
54
103
112
47
48
106
75
127
137
87
89
109
183
100
141
124
-7
140
73
22
62
78
37
31
84
-7
-22
10
46
15
1
57
30
100
129
112
153
172
228
176
187
166
114
174
184
159
159
156
100
111
104
82
90
67
82
102
78
42
49
10
6
45
12
-17
11
38
-24
-21
-15
-46
-13
-17
-30
-8
-47
-26
-6
-79
-4
-34
-158
-43
-106
-157
-132
-165
-163
-100
-154
-205
-136
-167
-152
-114
-98
-134
-129
-143
-123
-67
-82
-61
-82
-73
-115
-186
-135
-173
-150
-133
-119
-121
-155
-131
-160
-139
-166
-142
-155
-109
-96
-115
-85
-135
-80
-89
-77
-62
-47
-36
-18
-9
-15
-1
-20
68
35
47
40
-33
4
22
8
17
42
-19
-29
-3
-41
-51
-18
-28
-12
-17
-30
-30
0
33
33
67
31
30
31
24
36
30
-9
-12
29
17
14
-6
29
16
18
-4
-30
-3
5
10
-31
-20
-18
-10
-12
2
11
14
29
-3
18
24
27
56
30
49
59
-3
53
60
25
31
17
15
42
70
27
63
42
24
32
30
58
66
106
127
142
112
107
160
172
160
124
164
139
147
164
120
123
89
153
137
79
100
88
60
52
66
43
65
8
29
90
7
19
-11
-26
0
-21
-32
4
-17
-21
12
-25
-43
-30
-62
-66
-15
-45
-59
-28
-64
-76
-80
-60
-92
-80
-57
-67
-73
-75
-47
-55
-20
-8
-7
-7
-34
-33
-25
-33
-54
-64
-44
-74
-38
-69
-84
-117
-127
-84
-110
-128
-114
-100
-112
-105
-141
-143
-114
-102
-99
-77
-78
-70
-69
-51
-51
-7
-18
-22
-6
33
9
-5
29
15
23
15
19
8
38
69
37
26
27
24
34
74
38
73
94
69
84
73
51
94
97
86
91
102
82
60
88
45
52
13
43
50
5
19
2
-43
-34
-15
-72
-38
-41
-62
-60
-55
-82
-74
-20
-39
-17
-1
-13
0
20
10
25
4
27
56
38
69
62
32
82
55
54
74
79
71
96
99
62
75
46
72
47
65
68
76
55
51
62
0
41
22
11
33
-3
6
19
-32
-38
-17
-28
-41
-15
-43
-54
-31
-86
-79
-87
-88
-65
-58
-75
-58
-43
-83
-62
-66
-44
-55
-63
-56
-36
-65
-74
-80
-73
-62
-76
-55
-58
-65
-74
-53
-68
-70
-46
-50
-51
-43
-17
-37
-48
-16
-25
-30
3
4
21
-3
18
36
-9
23
30
25
39
80
54
57
68
51
80
84
65
84
89
74
94
88
84
74
56
114
99
52
87
69
61
61
44
28
33
26
13
35
4
-3
-14
-26
-9
20
-20
-42
-4
-19
-48
-42
-27
-58
-36
-32
-19
-65
-42
-22
-39
-47
-23
-9
-45
-7
-6
-7
-28
-7
-26
0
-10
-3
12
1
-11
6
1
-23
6
-13
10
11
-15
0
-9
-15
11
-4
17
16
17
11
12
24
3
9
21
2
11
62
6
15
33
13
21
4
14
23
10
-7
14
12
-17
-22
14
6
-13
17
15
-21
8
27
-10
10
14
18
15
13
22
17
0
26
26
19
29
30
25
19
8
1
17
-27
-12
12
-9
-25
-30
-15
-35
-47
-38
-34
-58
-53
-40
-57
-79
-63
-55
-75
-59
-62
-57
-57
-69
-52
-63
-63
-57
-67
-64
-47
-60
-76
-66
-76
-52
-58
-78
-43
-33
-47
-35
-25
-19
-14
-14
19
37
13
47
62
60
56
90
83
76
95
115
99
76
103
89
85
81
93
88
86
89
85
87
74
59
92
90
58
88
90
68
64
83
63
37
59
63
28
29
20
11
-8
-4
-9
-27
-26
-43
-29
-31
-55
-62
-38
-45
-59
-45
-34
-50
-48
-32
-53
-53
-57
-53
-55
-47
-62
-61
-64
-79
-62
-73
-67
-76
-68
-45
-68
-67
-46
-58
-46
-28
-31
-32
-5
-18
-16
12
-4
-22
3
1
-15
9
-14
-18
-2
-17
-20
-5
-24
-9
10
-5
13
9
14
15
26
30
33
40
38
41
42
50
35
29
50
38
26
36
39
24
14
22
35
8
4
48
25
14
52
41
28
53
50
48
50
41
46
43
16
22
28
2
0
-6
-16
-20
-30
-40
-37
-45
-61
-49
-54
-69
-55
-62
-57
-54
-58
-60
-56
-45
-48
-57
-53
-56
-69
-59
-63
-63
-71
-57
-75
-66
-60
-66
-61
-51
-31
-31
-23
-30
-5
3
-5
35
29
20
60
64
40
58
68
45
70
73
50
69
70
68
67
81
76
64
82
99
92
93
102
92
101
99
86
92
108
78
86
98
68
56
53
57
44
27
26
25
7
2
13
-9
-20
-3
-13
-20
-14
-22
-39
-22
-31
-40
-36
-47
-38
-48
-61
-57
-68
-84
-71
-72
-85
-86
-76
-87
-94
-80
-92
-91
-76
-75
-68
-56
-58
-58
-50
-42
-49
-50
-37
-40
-36
-24
-35
-38
-24
-16
-24
-7
0
-5
8
9
14
16
18
37
39
49
52
43
51
60
51
47
70
55
54
65
57
48
54
49
55
57
51
56
65
60
55
76
60
53
67
65
56
56
50
37
38
31
28
14
21
18
8
6
2
-9
-12
-8
-16
-11
-20
-27
-14
-27
-41
-32
-40
-44
-39
-42
-48
-56
-70
-59
-64
-85
-72
-66
-84
-66
-67
-78
-74
-71
-63
-65
-60
-49
-46
-47
-33
-36
-39
-29
-34
-24
-20
-33
-16
-10
-32
-13
-7
-21
-11
4
7
3
8
18
21
14
38
38
39
51
49
46
58
45
39
61
48
41
59
56
40
51
55
48
45
56
65
53
67
62
60
59
62
58
62
59
49
63
50
36
41
38
17
25
20
10
1
-2
1
-16
-26
-16
-20
-29
-20
-19
-24
-31
-24
-19
-33
-36
-22
-36
-46
-38
-44
-54
-60
-51
-54
-66
-67
-53
-63
-76
-52
-56
-67
-51
-48
-46
-39
-53
-36
-26
-43
-34
-22
-31
-35
-22
-24
-39
-28
-28
-24
-28
-21
-16
-23
-12
-5
-2
-2
10
12
21
26
37
36
32
43
46
45
46
49
53
56
47
50
55
48
49
49
58
50
45
49
57
47
49
54
49
55
49
51
49
37
38
47
36
26
33
32
18
23
22
4
8
9
3
-1
0
3
1
-4
-3
3
-10
-9
-5
-4
-17
-14
-9
-15
-23
-17
-17
-31
-29
-21
-35
-42
-27
-41
-41
-35
-41
-44
-42
-41
-42
-41
-43
-44
-43
-42
-46
-44
-42
-44
-47
-40
-38
-54
-47
-38
-50
-42
-38
-41
-32
-33
-31
-22
-20
-20
-15
-5
-6
-13
2
1
-3
0
2
-2
-1
-1
1
7
4
12
11
11
19
22
15
31
29
20
37
34
33
46
41
40
51
33
42
51
36
38
48
37
38
42
39
41
33
39
38
30
35
36
26
35
29
19
34
24
8
26
17
1
12
9
-2
2
1
-6
-7
-4
-8
-12
-11
-14
-16
-15
-15
-23
-16
-18
-22
-19
-25
-22
-25
-27
-22
-30
-37
-26
-39
-43
-34
-45
-50
-38
-48
-50
-36
-47
-46
-37
-38
-35
-31
-34
-28
-29
-31
-26
-29
-25
-20
-29
-14
-16
-26
-11
-8
-17
-6
2
-3
7
10
6
16
18
17
29
30
28
35
41
41
41
45
45
45
46
49
43
44
49
44
39
50
44
40
50
52
41
45
49
39
42
42
38
39
44
31
35
36
26
23
26
15
11
14
6
3
1
-6
-10
-12
-23
-25
-28
-36
-39
-43
-43
-45
-50
-48
-47
-52
-50
-51
-52
-52
-52
-55
-51
-51
-51
-53
-52
-46
-46
-47
-39
-37
-41
-26
-26
-29
-16
-12
-15
0
2
2
13
12
10
20
23
20
25
33
31
31
42
37
39
42
42
42
48
47
50
53
52
51
58
52
50
55
50
54
50
51
51
48
47
47
45
42
39
32
35
28
23
24
18
11
11
4
-1
-2
-12
-17
-16
-23
-29
-27
-32
-37
-43
-45
-46
-52
-53
-53
-56
-58
-57
-57
-58
-59
-60
-56
-58
-59
-56
-55
-54
-53
-54
-48
-46
-48
-42
-38
-36
-36
-29
-26
-23
-21
-12
-13
-9
-5
-2
1
6
7
9
16
15
20
26
30
31
35
35
38
38
38
41
43
45
48
49
50
53
53
54
55
54
51
54
54
52
49
49
46
41
40
39
31
30
31
23
22
17
12
9
8
-1
-1
-4
-9
-12
-12
-17
-21
-18
-24
-24
-24
-26
-30
-27
-33
-34
-32
-36
-40
-38
-42
-48
-41
-44
-47
-44
-41
-46
-42
-38
-42
-41
-36
-40
-38
-33
-34
-33
-30
-28
-26
-22
-23
-22
-16
-16
-16
-14
