-9
-4
-4
-7
-7
-7
-5
-4
-8
-12
-8
-4
-1
1
4
5
6
5
7
9
8
13
11
9
11
12
9
9
9
10
10
9
11
10
8
4
5
2
5
7
3
3
3
6
5
2
-2
-2
-2
-3
-3
-1
0
0
0
-1
0
-2
-3
-6
-6
-2
2
3
1
-1
-1
-4
-2
-1
-2
-2
-5
-3
-2
3
4
1
-2
-1
2
-1
-1
1
3
1
0
-1
-1
-2
-2
-4
-5
-4
-8
-12
-16
-14
-10
-7
-6
-6
-8
-11
-13
-16
-17
-12
-11
-11
-5
-6
-1
-2
-5
-3
-3
2
1
1
-1
-1
-4
-2
-3
-2
-1
0
1
2
2
-1
-3
-6
-2
-4
-2
-3
-4
-2
-7
-7
-5
-7
-4
-2
-7
-2
3
1
0
3
-1
2
0
-6
-3
-7
-2
0
-3
-7
-6
-5
-6
-1
-1
4
-4
1
0
4
8
2
10
1
15
13
15
17
16
16
16
18
17
17
11
16
13
19
12
17
13
13
15
8
12
8
8
0
8
-1
11
11
2
2
-5
0
-1
0
-9
7
-7
-4
1
-9
4
9
9
6
15
-1
11
5
-3
9
-2
7
7
9
2
7
1
4
0
-2
0
-3
3
-4
7
-6
-1
-2
-7
-1
4
-5
3
-2
-13
3
-18
-5
-9
-10
-7
-7
-6
-8
-1
-11
-5
-8
-14
-10
-13
-11
6
1
-1
3
-3
-4
11
-6
-3
3
-11
4
-1
2
6
6
-5
2
0
-1
5
-2
-7
-5
1
-4
6
-3
3
1
5
2
-1
-6
-3
3
-12
3
-19
-3
0
-9
0
-12
2
-1
-2
-11
-9
-4
-1
-4
-6
3
-3
15
1
11
13
7
14
-3
0
2
11
3
18
-2
7
16
5
25
3
14
3
8
-4
2
3
8
23
5
13
-5
12
-2
-1
-5
-7
0
-12
-4
-9
17
25
9
2
-8
-7
-1
-8
-2
6
12
9
0
-25
-31
-16
-7
-8
-19
-8
-19
-3
-12
-6
-14
-4
10
-8
10
3
18
19
16
-15
-17
-18
-15
-20
-22
-9
-2
12
-12
-7
-10
5
2
-6
-24
-11
3
-9
-10
-18
1
-7
-11
-20
-18
-6
10
16
1
18
22
21
23
13
15
27
9
-21
-10
-18
24
69
23
-1
-33
-49
-18
-14
-2
8
7
30
3
-40
-42
-10
-3
-20
-16
-40
-27
-20
-41
-31
-45
-34
-57
-52
-34
-22
19
20
33
-2
10
12
-7
-7
4
-1
-10
15
9
41
3
36
59
34
23
30
24
34
78
40
70
43
6
21
0
20
25
11
-25
-7
6
-20
-18
-63
-31
-54
-31
-30
-19
0
-10
179
9
26
-105
-223
-105
-131
-21
-52
-33
21
138
23
15
-43
-40
9
-47
-42
-64
-5
52
86
69
109
28
13
-8
-11
-14
6
45
31
83
129
103
110
90
-11
48
18
7
47
-10
30
40
30
32
-11
-61
-17
-11
-36
-50
-40
41
-14
-12
-25
-86
-119
-113
-110
-78
-66
-47
-47
-64
-20
-79
-47
-91
-133
-75
-60
-42
1
10
-48
26
18
59
-13
-18
-7
-94
69
-19
-4
32
43
156
143
77
95
34
35
95
75
119
73
106
132
78
53
55
12
20
19
19
41
-24
58
-80
143
150
-3
26
-97
-48
-71
-32
-120
-44
-136
-4
-71
-176
-112
-83
-7
-137
-54
-126
-86
-102
-30
6
-53
34
-61
-69
-62
2
-15
-1
6
-15
18
74
45
36
98
21
142
162
70
178
132
108
186
54
49
23
18
135
98
121
68
105
86
35
92
-20
-18
-67
-112
-20
-59
-121
-17
9
-8
5
-134
-89
-166
-139
-111
-131
-118
-99
24
-74
-72
-12
67
-53
-34
-82
-15
-22
-68
34
-25
53
55
44
-28
27
126
158
-39
99
199
82
142
156
131
93
159
92
54
11
150
120
-34
-9
-16
30
-19
25
-39
-101
-37
33
-75
-105
4
-30
-44
-105
-108
-254
-100
-26
-135
-86
-159
-19
-104
-54
-103
-28
25
17
0
-144
66
-45
-36
-12
37
-37
25
104
12
133
47
174
65
51
99
129
99
121
42
59
83
-112
60
9
56
0
31
-20
-16
-40
-71
28
-62
-70
-47
-44
-85
-31
17
56
-17
-10
-96
-113
-60
-106
-90
-65
-57
55
-1
-17
-40
-5
78
-21
-66
-24
-24
0
84
-24
109
88
70
103
71
77
38
57
-21
-3
-138
-19
-17
0
48
11
47
-1
68
-74
-35
-165
-58
-55
-133
-43
-82
-23
-63
16
-58
-48
-34
-39
-17
-46
-43
-77
14
-80
-124
51
-3
31
-162
74
-1
-168
137
23
-27
-146
34
4
100
-124
-12
154
-151
149
89
-166
-254
-137
-35
-37
-159
-18
39
-57
-27
39
-126
-218
-28
-79
56
-135
-141
45
-141
-98
122
28
-32
116
25
-35
-12
42
-28
62
31
101
216
59
33
33
48
61
62
85
137
54
108
246
74
105
142
25
92
81
85
-11
-126
-62
28
-45
4
103
-6
-91
-22
-11
-66
-95
-5
32
-8
-68
-103
-41
-85
104
29
23
56
8
48
32
24
-6
126
124
79
-93
162
-6
126
223
-39
188
49
236
182
109
116
153
117
214
101
124
138
-11
93
-124
-13
-50
26
185
89
75
147
54
79
-12
100
196
-168
170
83
-36
145
165
145
150
133
107
90
-162
182
-24
-28
-45
-172
27
-10
-10
-50
51
-44
-62
-63
-55
-18
15
5
26
65
-9
-13
-42
-90
-130
-119
-270
-82
3
-89
-71
-265
-106
-95
-238
-28
-28
-44
197
118
106
26
-93
29
-7
-116
-25
74
40
26
72
-51
-114
-21
-111
-38
-141
-116
3
-72
-193
-147
-38
-29
3
-114
-68
-94
-95
0
-52
-101
-46
98
-45
7
-10
-135
-114
-178
-83
-140
9
88
87
34
134
131
-7
93
131
148
80
125
9
22
44
127
220
128
100
58
61
48
97
34
17
-5
25
12
24
55
64
60
42
-15
159
15
-22
48
-130
141
-93
18
-35
-17
125
150
1
-153
47
21
164
-47
104
40
-33
95
60
24
-85
79
-99
-201
-211
-94
-18
2
82
110
2
-76
41
43
144
22
176
137
29
137
32
133
70
68
71
14
-38
9
-75
32
10
30
80
-135
158
158
84
20
-146
-48
-64
-100
-107
-92
-148
-126
-119
-191
-89
-156
-36
-164
-228
-186
-208
-187
-186
-147
-154
-160
-149
-162
-198
-111
-22
392
212
-82
-130
-289
-145
35
-55
1
11
47
365
104
-98
74
140
32
124
109
35
107
164
299
205
180
92
22
-38
-113
48
-332
-204
25
76
67
-3
22
-79
-54
-285
-142
-192
-142
-16
218
141
-166
-36
-134
-30
18
-27
-72
-83
-64
11
-153
-141
24
-127
82
-176
-125
33
-6
-19
-59
71
-4
84
103
185
187
124
70
45
-3
-54
58
-95
-78
124
35
-48
-83
-68
36
-133
-57
-93
-134
-95
89
122
111
96
-33
129
-135
-28
-60
-67
43
65
150
-10
48
-62
-58
-209
-2
122
26
53
-96
89
-73
128
32
42
-32
93
305
53
51
-26
104
-39
31
47
-86
-42
24
19
-36
-53
-101
-48
33
-116
-33
34
-42
-74
137
141
131
190
93
85
-134
35
-106
-52
-49
2
72
42
223
182
199
22
-91
-214
-341
-150
3
-3
53
124
190
-83
-19
-159
-304
-74
-282
-240
-260
-178
-45
-11
-106
-174
-313
-238
-199
-405
-206
-201
-64
-103
-118
115
135
69
188
-71
-172
-74
-226
160
-102
94
185
-43
233
125
-30
109
274
95
122
225
252
255
201
284
127
8
295
243
208
158
213
109
-60
70
-98
39
200
100
100
74
-232
-70
-149
-108
-10
-178
148
24
-34
-23
33
120
98
-33
7
-108
-17
108
-79
30
5
61
82
227
57
68
74
146
-28
12
323
28
229
159
186
62
102
189
-27
-48
24
-58
-54
49
15
-10
-121
-39
-89
-109
-72
-186
-129
-98
-283
-15
-158
-195
-74
-287
-134
-199
-138
-171
-175
-229
-273
-227
-386
-252
-68
12
-216
-176
74
-198
-158
-92
-35
-122
119
127
-56
110
37
-49
-200
38
-101
-118
-52
-172
-105
-90
-56
2
-66
-44
80
80
0
-203
-180
-212
-6
12
66
6
11
64
-44
32
-216
-193
-205
-273
-136
64
40
24
97
118
-19
-131
-96
-169
-127
19
34
215
213
-26
83
120
240
-1
-108
-2
-146
-88
109
76
77
100
138
216
41
160
126
167
190
299
229
178
203
139
182
55
28
-22
53
-78
181
33
275
405
98
354
-146
-85
91
54
109
150
196
260
233
329
184
-107
344
38
-114
-26
-164
63
106
58
124
-36
103
158
-21
-63
-213
-46
-82
67
-23
60
173
-12
252
27
-123
-117
-184
-208
-20
-23
1
181
-120
-130
-168
-306
-148
-147
-69
85
116
31
-21
-161
-170
-57
-85
37
-91
-200
-46
-32
76
35
-93
14
-164
-170
-255
-341
-200
-127
-146
-76
-22
-95
118
39
202
67
-92
-119
-249
-21
-85
12
204
-46
-30
-201
-274
-192
-177
171
28
-8
19
8
-119
-10
-26
10
84
36
205
88
89
96
45
176
62
79
206
2
175
30
-15
41
120
311
184
77
2
-5
-89
81
63
139
298
191
289
195
82
55
84
-65
73
71
54
133
81
129
77
-28
-85
36
-30
87
-112
-66
-77
-151
53
70
164
290
279
27
-18
-160
-99
20
44
97
1
107
104
-50
-116
-125
-29
-149
-84
-6
-5
69
129
19
-17
104
12
53
33
136
44
-116
-38
-32
9
49
125
177
-122
-37
-33
-45
86
-55
-46
-48
-48
-22
61
33
55
-21
-133
-32
-122
-73
-87
-58
21
-87
5
63
-12
-46
72
135
-5
-113
-52
-27
-143
70
67
34
59
-92
12
-167
-249
-198
-56
-65
54
125
-21
96
210
95
-68
83
-58
68
161
-34
51
-24
-76
-77
-105
7
137
-71
-47
-16
-167
-8
-72
14
195
-5
-48
59
-58
-24
-172
-67
138
95
180
125
60
-149
-135
-55
-143
-69
64
-59
59
185
-15
-13
-62
-85
-96
48
65
-62
41
-3
-105
-234
-190
24
50
43
158
47
16
106
81
5
-76
-62
-97
-41
13
69
55
134
186
65
226
197
59
2
-123
-233
-307
-75
-18
67
144
152
118
-57
-81
-147
-40
-48
-76
60
169
103
-72
0
124
108
-101
-101
-169
-341
-197
-125
-139
-118
-7
43
3
31
103
96
-67
-5
35
-14
28
28
105
167
126
60
38
90
-56
-78
81
32
-75
-35
71
-6
-51
-27
-99
-45
33
-8
-31
67
26
-72
-122
-89
-7
9
-52
-89
-109
-20
97
-71
-123
-68
-57
-78
32
113
51
82
92
104
188
307
168
224
228
208
254
205
406
317
110
176
261
227
282
298
255
324
373
351
344
422
529
405
222
189
226
236
215
201
242
324
240
248
252
166
137
73
114
67
66
164
110
146
108
-15
-150
-258
-313
-355
-481
-440
-350
-508
-451
-525
-595
-634
-761
-863
-942
-947
-977
-1069
-1154
-1149
-1131
-1193
-1238
-1256
-1359
-1503
-1640
-1699
-1773
-1778
-1786
-1814
-1748
-1686
-1534
-1197
-493
485
1337
1928
2204
2451
2576
2258
1659
957
404
107
30
153
490
1029
1649
2114
2461
2756
2747
2473
1980
1481
1250
1138
1121
1079
1109
1319
1504
1462
1249
875
415
-157
-674
-1044
-1285
-1317
-1226
-941
-551
36
509
796
957
969
996
818
670
560
509
479
410
505
571
540
399
227
13
-241
-481
-677
-683
-635
-579
-435
-384
-288
-258
-406
-457
-560
-817
-1124
-1456
-1676
-1707
-1896
-1938
-1881
-1810
-1740
-1773
-1801
-2030
-2279
-2829
-3327
-3704
-4079
-4194
-4550
-4710
-4830
-3630
-1308
841
2640
3060
3875
4626
4542
3837
2043
386
-663
-1488
-1762
-1703
-1124
306
1362
2257
3154
3708
3971
3245
1882
1024
757
747
372
147
1016
2310
3182
3580
3524
3364
2599
806
-762
-2060
-3015
-3986
-5128
-4986
-3864
-2457
-1076
11
1521
2778
3256
3405
3331
3184
2729
1803
1169
1126
1115
1077
797
765
755
327
-90
-445
-719
-1039
-1555
-1555
-1006
-459
59
496
1263
1970
2112
1926
1677
1319
826
59
-514
-499
-298
-68
68
412
855
766
262
-499
-1252
-1931
-2836
-3606
-3919
-3812
-3589
-3424
-3084
-2615
-2320
-2562
-3002
-3372
-3721
-4136
-4734
-5307
-5354
-5513
-4837
-1579
2060
5580
6864
6919
8167
7953
6813
4013
249
-1832
-3537
-4458
-4277
-3689
-1406
749
2078
3552
4434
4917
4385
2120
579
38
47
305
80
1290
3394
4733
5492
5640
5218
4126
1147
-2026
-4246
-6009
-7262
-8889
-9258
-7557
-5573
-3322
-1483
397
2353
2743
2569
2658
3085
3277
2532
1829
2164
2832
3398
3594
3408
2841
1355
-488
-2006
-3161
-4271
-5701
-6473
-5465
-3403
-1287
482
2290
4188
5241
5491
5354
4908
4058
2601
1331
1056
1492
1948
1970
1779
1827
1583
769
-476
-1869
-3057
-4104
-4841
-4653
-3703
-2343
-1161
-314
596
1232
1279
426
-947
-2225
-3266
-4274
-4947
-5107
-4695
-4207
-4029
-3738
-3816
-4118
-4538
-2597
1125
3999
5380
4903
6259
7708
7176
5355
2111
72
-1148
-2641
-3132
-3166
-2076
-250
561
1529
2640
3307
3286
1651
115
219
846
1446
1479
2206
4190
5470
5433
4817
3577
1794
-1382
-5170
-7335
-8631
-9543
-10524
-10537
-8116
-5247
-2838
-647
1507
3667
4278
3754
3724
4129
4213
3463
2689
3044
3827
3880
3163
2125
720
-1490
-4290
-6218
-7046
-7533
-7757
-6912
-4201
-720
2113
4242
6150
7705
8219
7518
6573
5808
4934
3877
2933
2826
3147
2942
2318
1512
785
-251
-1980
-3642
-4665
-4929
-4632
-4137
-2971
-1280
222
1279
1773
1969
1686
623
-832
-2075
-2694
-3042
-3322
-3365
-3277
-2860
-2730
-2893
-3591
-4648
-6062
-7578
-8737
-7420
-2485
2267
5986
7382
8698
10738
9844
7241
3008
-1681
-4544
-6862
-7411
-6255
-4671
-1604
946
2616
4086
4327
3998
2254
-699
-1749
-1158
272
1531
2666
5198
7831
8542
7533
5321
2429
-1403
-6615
-10204
-11301
-11248
-10609
-9640
-6549
-2158
1052
3345
4802
5806
5615
3765
2636
2977
3622
3814
3623
4498
5865
6102
5316
3683
1293
-2066
-5995
-8485
-8989
-8197
-6944
-5261
-1926
2240
5386
7003
7772
8193
7581
5625
3894
3362
3537
3325
2651
2594
3091
2966
1345
-981
-2928
-4489
-6061
-7200
-6781
-5065
-3118
-1483
209
2356
3718
3432
2058
612
-443
-1799
-3246
-3731
-3154
-2367
-2214
-2176
-1729
-1892
-3091
-4840
-5918
-6260
-6705
-6947
-6724
-5950
-4962
-4900
-4217
337
5747
9729
9970
8102
8233
6667
3552
73
-3627
-5009
-5762
-5563
-3109
-1078
1392
2906
2550
2397
1455
414
-503
-2439
-2615
-520
2554
5532
6855
8075
9097
7644
4495
534
-3061
-5869
-9348
-11065
-9769
-7053
-4046
-2100
-40
2370
3027
2656
1817
1074
869
130
591
2914
5585
7751
8306
8400
7967
5567
2169
-1266
-4142
-6617
-9082
-9539
-7288
-3869
-860
836
2567
4627
5342
4708
3584
2904
2900
2591
3067
4414
5469
5609
4174
2369
904
-899
-2729
-4402
-5450
-5159
-4036
-2182
-261
997
1839
1811
1094
414
-334
-696
-1108
-1602
-1273
-422
661
971
505
-76
-1198
-2163
-3148
-3628
-3374
-3693
-3349
-2746
-2287
-1566
-2298
-3621
-4668
-6557
-7182
-6365
-2320
4133
7823
9204
8692
7928
6628
2713
-1711
-5216
-7626
-7509
-5797
-2625
1204
3786
5521
5199
2966
657
-1974
-4306
-6061
-6440
-3452
947
4519
7194
8934
9878
8587
4420
51
-3583
-6486
-8561
-9419
-7510
-4394
-1945
-140
954
1717
1306
-338
-1470
-1740
-1139
155
2046
5228
8230
9697
9855
8725
6623
3040
-1386
-4618
-6710
-8013
-8481
-7695
-4907
-1702
383
1300
1743
2240
2110
1444
1495
2430
3762
4980
5922
6931
7217
6073
3794
716
-2021
-3972
-5304
-5524
-4924
-3399
-1345
152
1250
1744
1709
1147
-136
-917
-753
-139
486
764
1146
1561
1170
367
-580
-1341
-1838
-2473
-2692
-2283
-1965
-1536
-1658
-2482
-3054
-4235
-5154
-6203
-7150
-7738
-7885
-6357
-1012
6045
10539
11899
9769
7613
4958
666
-2982
-6136
-7438
-6093
-3614
114
3108
4190
4326
2016
-1812
-4980
-6959
-6749
-5830
-3732
1377
7076
11024
12120
11093
9576
6149
634
-4089
-6852
-7452
-7162
-6514
-3810
-797
613
230
-1500
-2769
-4140
-5432
-4854
-2397
1361
5089
8155
11340
13146
12330
9501
5617
1950
-1674
-4945
-6365
-6282
-5632
-5210
-4843
-3338
-1842
-1668
-2330
-2344
-902
1135
2998
5142
7172
8321
8269
7042
5589
3729
1172
-1450
-3549
-3991
-3153
-2186
-1126
-356
203
317
-407
-1113
-1427
-1497
-1494
-1481
-593
903
1909
2001
1432
814
44
-1163
-2202
-2492
-2044
-1766
-1770
-1526
-1416
-1496
-2350
-3143
-3888
-4721
-5242
-5248
-4265
-3443
-2970
-3255
-3745
-2717
1501
6272
8721
7976
5256
3778
1682
-972
-3002
-4697
-4752
-3592
-1852
497
1628
2076
2143
160
-2062
-3261
-2928
-1184
-246
1797
5665
8693
9527
8037
6627
5513
2591
-969
-3099
-3347
-2947
-3294
-3145
-1754
-1218
-1972
-3240
-3792
-3381
-3234
-2016
1061
4835
7778
8866
9234
9490
8430
6158
3521
1198
-680
-2829
-4386
-4565
-4483
-5126
-6405
-6798
-5467
-3779
-2393
-914
1023
3165
4592
5438
5910
5582
4613
3085
1765
1285
942
479
-504
-1602
-2263
-2939
-3438
-3580
-3519
-3147
-2796
-2188
-1014
148
978
816
215
-45
-294
-444
-408
-107
346
265
81
-7
-77
-515
-1679
-2568
-3328
-3788
-3795
-3378
-2393
-1753
-1644
-1703
-1830
-2129
-2759
-3347
-4307
-5309
-5580
-3050
3183
7882
9062
6982
4206
2485
-689
-3573
-4361
-3949
-2185
266
2828
5480
5713
4184
1602
-2530
-5220
-5891
-4689
-1812
649
4223
8173
9605
8761
6281
3770
1456
-2048
-4267
-3982
-2600
-927
-431
-91
218
-1090
-2683
-3972
-4522
-3998
-3094
-644
2835
5635
7229
7139
6355
5492
4053
2665
1431
36
-1228
-2695
-3611
-3884
-4437
-5228
-6147
-5732
-3647
-1341
523
1951
3469
4392
3765
2612
2164
2048
1572
988
1164
2253
2744
2102
1042
0
-1175
-2769
-3461
-2730
-1581
-849
-444
335
1089
837
-140
-861
-1199
-1302
-1242
-496
979
1923
1840
1256
701
121
-763
-1664
-1713
-1281
-1072
-641
-128
-239
-597
-1794
-2978
-3762
-4985
-5142
-5357
-5286
-4880
-4874
-4442
-1636
3626
7652
8337
5423
2817
1212
-558
-1194
-1252
-551
953
2741
4295
4366
2402
-22
-2712
-5969
-7386
-6070
-2618
708
2340
4731
7438
7987
6166
3476
2061
1376
122
-19
1370
2518
2243
119
-1909
-3500
-5663
-7123
-7308
-5940
-3877
-1831
1121
4232
5936
5542
3877
2711
2558
2613
2585
2523
2256
1648
245
-976
-1618
-2486
-3896
-5330
-5088
-3434
-1956
-1047
-304
623
929
567
944
2367
3767
4224
4127
4217
4219
3196
1634
512
-192
-666
-1028
-478
636
1005
290
-905
-1807
-2598
-3239
-3226
-2374
-1089
199
1488
2677
3315
2721
1643
716
-78
-783
-1327
-1250
-483
231
83
-494
-1168
-2013
-3118
-4355
-5207
-5207
-4905
-4331
-3521
-3117
-2844
-3479
-4335
-4156
-143
5636
8606
8188
5247
3331
1322
-1086
-1981
-1785
-887
518
1872
2665
1617
-1326
-3731
-5463
-6682
-5793
-3185
690
3616
5001
6827
7605
6134
3276
903
611
1244
1725
2712
3283
2344
-50
-3293
-5262
-6269
-7014
-6626
-5184
-2324
535
2609
4388
5087
4588
3098
1856
2361
3917
4691
4157
3113
2338
1130
-852
-2365
-2893
-3268
-4215
-4680
-3528
-1879
-1203
-1332
-1132
-260
530
1286
2886
4560
5120
4358
3114
2458
1756
620
31
-70
-124
-220
-421
-331
-912
-2336
-3463
-3872
-3456
-2759
-1667
-14
1252
1733
1741
1670
1661
1324
866
832
750
310
-179
-212
-37
-346
-1322
-2064
-2424
-3126
-3886
-4252
-3770
-2973
-2581
-2384
-1833
-1451
-1813
-2510
-3562
-4235
-4969
-2456
3027
6886
7385
3591
528
-852
-2002
-1590
-442
979
2800
3504
2791
978
-1509
-2543
-3100
-3823
-2104
787
3925
5233
4035
3643
2919
1186
-377
-705
1138
3322
4339
4856
4006
1325
-1591
-3928
-4309
-3469
-2654
-1090
492
1906
2346
1567
1023
678
556
589
822
1879
2832
2851
1933
308
-1149
-2266
-2770
-1992
-480
179
-346
-1131
-1015
-660
-989
-1097
-901
-536
-496
-603
307
1027
795
53
-326
635
1643
1992
2116
1706
635
-733
-1624
-1293
-813
-667
-123
535
1112
1102
734
675
226
-721
-1371
-992
256
1243
1382
1205
705
-143
-1128
-1662
-1334
-1273
-1638
-1898
-1447
-518
-418
-668
-702
-722
-740
-1164
-1917
-2764
-4032
-4814
-5163
-5743
-5938
-4152
1247
6216
7275
3930
-151
-1284
-1088
-119
1451
3082
4801
5662
4769
2395
-767
-2718
-2990
-3154
-2281
55
2294
3137
1681
424
394
168
207
1066
3008
4753
4806
3927
2755
1056
-952
-2191
-1814
-3
1415
1624
834
-764
-2352
-3647
-3686
-2452
-1192
-499
-441
-126
276
-106
-1027
-1535
-1095
-361
611
2067
3396
3200
849
-1849
-3032
-2730
-2144
-1688
-1071
-544
-996
-1981
-2076
-1580
-1310
-1656
-1679
-436
1019
2006
2473
2524
2331
2049
2295
3361
4166
3701
2252
753
-76
-650
-943
-695
-282
-23
15
217
690
794
147
-873
-1480
-1357
-783
-142
251
589
481
-37
-249
-258
67
-277
-1401
-2297
-2203
-1799
-1645
-1905
-2573
-2548
-3502
-4490
-5376
-6409
-6941
-4426
1255
5850
6576
2904
409
-150
-489
232
912
2117
3428
3642
3206
1165
-1068
-1105
68
612
777
799
1348
1259
-371
-643
-173
231
755
1515
3611
4641
3546
1683
120
-210
3
275
1032
1869
1776
524
-1505
-3100
-3687
-3691
-2735
-1527
-981
-1406
-2339
-2377
-1486
-539
30
321
1084
2081
2551
2376
1647
664
-660
-1724
-1549
-349
539
36
-1269
-2065
-1771
-1716
-2146
-2025
-925
481
967
1191
1723
2268
2465
2524
3205
4120
4389
3990
3409
3135
2885
2227
1573
1279
1260
968
107
-507
-493
-267
-330
-770
-1097
-1168
-1209
-1250
-1268
-1132
-1276
-1472
-1243
-771
-296
-118
-89
195
648
594
219
-685
-1817
-2824
-3955
-4725
-5259
-5489
-5888
-6330
-7042
-5353
-185
3785
4352
381
-3399
-3472
-2074
636
3122
4714
6482
7332
6304
3178
-598
-1523
371
1540
1876
1711
972
-121
-2252
-2180
-81
864
751
332
1492
2902
2173
563
-450
-105
1406
2978
4081
4179
2206
-710
-2888
-3640
-2953
-2264
-1841
-1404
-1688
-2416
-3314
-3627
-2774
-1675
-597
397
1183
1503
1266
527
-102
-408
-714
-360
517
1552
1902
808
-639
-1389
-928
-293
-488
-1069
-1374
-1030
-679
-375
178
872
1597
2359
3181
4174
4824
4601
4095
3884
4151
4354
3889
3192
2388
1559
590
-217
-586
-1093
-1985
-2912
-3433
-3498
-3179
-2711
-1950
-1176
-784
-445
-104
367
484
248
303
405
357
516
185
-725
-1578
-2692
-3091
-3454
-4088
-4401
-5257
-6476
-7679
-8086
-7003
-2153
3091
5018
3063
-963
-1481
36
1860
3783
4437
4968
5433
4665
2630
-345
-1788
-144
1643
1641
1087
-62
-943
-1930
-2187
352
2280
2453
1962
1507
2202
1997
644
-164
-346
133
701
321
-462
-1662
-3234
-3771
-3218
-1912
-579
-452
-673
-822
-1434
-2054
-2568
-1826
243
1687
1849
1155
374
-164
-467
-160
755
802
-228
-679
-147
457
-48
-940
-542
314
517
-47
-566
-341
-254
-299
557
2209
3561
3917
3838
4179
4490
4348
4426
5042
5522
4866
3289
1656
381
-494
-1083
-1294
-1301
-1552
-1973
-2342
-2551
-2382
-2098
-1682
-1130
-620
-63
129
-26
-195
-296
-50
38
-18
172
161
-244
-1423
-3081
-4371
-5048
-4878
-4170
-3728
-3825
-3967
-4749
-5146
-5769
-5572
-3797
-643
4134
5873
4101
478
-1330
127
2224
3819
4499
4108
3374
2576
1440
63
-359
878
3071
3616
2379
870
-774
-1284
-647
1253
3060
2611
1243
152
-261
-386
-904
-1174
-862
-149
536
502
-547
-1819
-2471
-2171
-970
-29
-262
-1524
-2997
-3291
-2641
-1901
-1072
-104
1102
1734
1353
603
107
-135
-35
638
1316
1328
416
-226
3
115
-177
-809
-1080
-1114
-995
-635
-254
360
875
1790
2766
3352
3635
3710
4161
4764
5154
5063
4437
3370
2107
1392
1267
1257
819
145
-222
-467
-857
-1511
-2082
-2201
-2065
-1778
-1279
-745
-377
-459
-922
-1224
-1277
-1204
-1171
-1316
-1202
-1147
-1345
-1833
-2404
-2918
-3364
-3528
-3160
-2413
-1969
-2099
-2638
-3252
-3629
-3961
-3975
-4206
-3593
-2464
347
3585
3512
1292
-1968
-1940
669
2829
4244
4330
3762
3362
2659
1512
300
366
2491
4741
4259
2435
444
-1102
-977
121
2320
3261
1356
-736
-2013
-1891
-901
-515
-575
-984
-1401
-1422
-1767
-2729
-3102
-2486
-1328
-57
178
-400
-1150
-1722
-994
-21
434
752
738
931
906
399
410
755
1004
1198
949
405
-641
-2080
-2503
-1911
-1034
-286
-142
-153
-33
235
1036
1867
2509
3062
3309
3428
3497
3472
3399
3444
3440
3484
3347
2828
2214
1214
354
140
360
750
754
307
-163
-495
-418
-98
-102
-530
-1043
-1391
-1603
-1797
-1955
-1837
-1777
-1693
-1491
-1451
-1498
-2036
-2410
-2197
-2134
-2193
-2535
-2561
-1776
-1139
-1210
-1666
-2433
-2772
-2756
-2871
-2593
-2435
-2217
-2538
-2706
-2544
-992
1876
2525
1238
-1569
-2478
-481
1096
2247
2456
1880
1881
1970
2440
2616
2305
3131
4510
4244
2603
1386
1156
2045
2602
2993
3038
806
-2164
-4159
-4345
-2730
-1716
-1668
-2133
-2790
-2595
-2118
-1699
-1168
-516
93
500
830
705
653
577
961
2109
2505
2291
1396
490
587
603
439
73
-713
-1284
-1646
-1576
-819
-436
-538
-513
-170
705
1289
1246
1554
2235
2967
3336
3114
3052
3032
2753
2392
1981
1565
1177
1005
1152
1664
1891
1664
1361
1184
1528
1633
1208
666
303
506
777
863
770
324
-366
-1142
-1713
-2134
-2373
-2652
-2885
-2960
-3141
-3258
-3461
-3448
-2916
-2301
-1791
-1728
-1825
-1553
-1014
-481
-334
-403
-584
-628
-639
-922
-1307
-2354
-3866
-5093
-5613
-5688
-5119
-4512
-2121
1260
1753
-15
-3183
-3408
-485
1795
3525
4064
3888
4501
4923
4924
4145
3246
4082
5285
4130
1834
177
-731
-698
-468
416
908
-991
-2964
-3374
-2552
-984
-411
-669
-1082
-1320
-561
537
872
796
703
218
-221
-560
-859
-372
-274
-291
-196
-968
-1341
-1356
-810
716
1362
1235
804
33
-95
125
509
961
562
-40
2
385
688
463
92
232
526
610
747
840
1083
1236
1071
1218
1640
2042
2181
1904
1703
1874
2074
2442
2729
2685
2624
2476
2327
2156
1648
1005
351
-540
-1271
-1769
-2022
-1859
-1804
-1896
-2031
-2509
-2730
-2612
-2325
-1697
-1260
-827
-418
-581
-836
-953
-901
-944
-1331
-1621
-1563
-1797
-2413
-2939
-2963
-2654
-2535
-2460
-2802
-3055
-3228
-3265
-3334
-3272
-2233
911
3626
3318
811
-1765
-816
1897
3647
4128
2949
1837
2106
2783
3329
2909
2985
4346
4817
3229
1470
824
877
1278
2154
3524
3217
332
-2002
-1996
-287
1463
1416
-31
-1977
-3190
-2918
-2218
-2049
-2088
-2395
-2883
-2758
-2064
-1344
-965
-1209
-801
-148
-215
-73
28
339
697
396
421
456
223
574
1122
1448
996
-195
-542
257
903
1053
863
797
942
825
807
1052
1146
1177
1155
1257
1553
1822
1952
2055
2229
2522
2835
2870
2636
2121
1466
1052
927
1014
1035
590
-169
-852
-1145
-849
-431
-215
-150
-342
-679
-1143
-1678
-1960
-2033
-2050
-1978
-2170
-2426
-2565
-2663
-2644
-2705
-2614
-2450
-2347
-2242
-2094
-1928
-1820
-1537
-1312
-878
-635
-825
-1124
-1694
-1952
-1933
-2185
-2299
-2165
-600
1960
2210
247
-2217
-1827
1251
3309
3454
2239
1029
1303
2384
2954
2522
1954
2868
3859
3134
1598
1142
1301
1307
1482
2235
2200
-161
-2676
-2706
-816
909
958
-560
-2359
-3241
-2596
-1238
-613
-1018
-1835
-2677
-2899
-2144
-1557
-1674
-2116
-2024
-1013
-796
-1212
-1106
-489
630
1170
1194
1098
467
398
1173
2183
2630
1980
1337
1369
1608
1739
1603
1537
1686
1943
2235
2398
2266
1861
1513
1111
714
405
334
483
675
711
519
246
-35
-73
117
541
1002
1001
694
558
744
993
889
670
492
68
-543
-1095
-1394
-1509
-1813
-2190
-2440
-2669
-2654
-2481
-2323
-2145
-2222
-2210
-1985
-1778
-1377
-1028
-926
-1090
-1618
-1833
-1593
-1254
-825
-831
-1211
-1499
-1756
-1431
-1001
-886
-542
-478
-464
136
1708
2995
2183
-178
-1271
458
2668
3220
2386
1181
1116
1817
2399
2281
1033
530
1394
1892
1448
761
701
1087
1068
1362
2024
1505
-149
-1009
-213
1291
1579
163
-1465
-2492
-2333
-1294
-813
-1096
-1989
-3047
-3302
-2879
-2120
-1618
-1774
-1746
-1304
-1194
-1454
-1542
-1027
-52
711
892
867
785
1010
1788
2424
2707
2317
1648
1530
1820
2198
2257
1870
1553
1450
1429
1545
1579
1521
1470
1093
855
884
981
1120
1012
888
791
500
77
-181
-174
126
447
306
-204
-802
-1193
-1033
-687
-260
-56
-368
-701
-867
-734
-464
-375
-363
-422
-556
-537
-443
-557
-947
-1434
-1775
-1787
-1620
-1362
-1362
-1817
-2237
-2367
-2179
-2007
-1994
-1669
-1342
-1170
-1113
-1070
-748
-389
-224
-179
-191
-389
-580
183
2184
3316
1997
-737
-1708
15
1846
2076
1254
489
511
841
934
486
-237
167
1452
1758
976
371
424
568
440
1149
2093
1507
-156
-858
62
1183
990
-218
-1391
-1966
-1625
-849
-544
-882
-1484
-1975
-2204
-2038
-1533
-1130
-1077
-1040
-610
-435
-556
-366
241
941
1028
691
589
563
697
1041
1323
1353
1019
709
893
1407
1810
1899
1596
1319
1413
1651
1827
1853
1767
1750
1524
1113
877
936
1291
1347
901
332
62
123
183
108
212
385
102
-460
-750
-536
-281
-326
-410
-385
-300
-214
-81
61
107
112
79
-38
-220
-268
-245
-506
-968
-1325
-1340
-1188
-1206
-1247
-1350
-1663
-2015
-2106
-1951
-1541
-1251
-1303
-1418
-1621
-1701
-1457
-1371
-1241
-1230
-1493
-1393
-1269
-1240
-774
366
1219
309
-1889
-2741
-999
1145
1734
1109
271
273
965
1745
1976
1327
1127
1879
1836
830
306
921
1710
1349
853
932
256
-1070
-1320
-67
1185
756
-679
-1489
-1406
-632
427
766
302
-623
-1429
-1583
-1378
-1008
-818
-1142
-1526
-1417
-1213
-1144
-979
-563
-50
-93
-614
-713
-170
683
1348
1490
1518
1678
1731
1736
1784
1975
2240
2192
2102
2293
2400
2163
1679
1449
1630
1622
1337
1163
1098
861
346
-10
243
639
685
383
7
-122
-162
-177
17
325
486
337
12
-126
-1
97
98
83
42
-79
-406
-798
-910
-746
-382
-201
-512
-1017
-1423
-1430
-1093
-813
-808
-1192
-1738
-2042
-2035
-1733
-1233
-939
-1156
-1509
-1900
-1931
-1757
-1706
-1303
-1060
-1163
-1164
-1298
-1062
-590
-343
494
608
-517
-1606
-1708
5
1746
1534
715
156
260
1109
1466
1392
1146
969
1443
1470
779
787
1416
1871
1685
1287
1209
790
-70
-99
787
1224
712
-218
-865
-774
-374
-17
-82
-966
-1688
-1819
-1854
-1558
-1293
-1324
-1462
-1909
-1894
-1438
-1273
-935
-545
-412
-285
-376
-58
730
1130
1382
1587
1778
2194
2309
2318
2588
2656
2592
2300
1926
1950
1894
1593
1267
857
530
284
313
939
1514
1412
931
574
618
902
910
794
737
658
721
661
350
-20
-461
-748
-797
-795
-740
-856
-1069
-1057
-919
-859
-1089
-1342
-1241
-874
-754
-1053
-1460
-1651
-1460
-1226
-1045
-1018
-1344
-1815
-2104
-1926
-1509
-1363
-1493
-1673
-1697
-1573
-1439
-1269
-1012
-934
-1055
-1346
-1485
-1256
-997
-647
-245
309
420
-372
-1204
-963
542
1991
1886
884
159
174
926
1402
1531
1448
1383
1715
1622
1154
1165
1628
1917
1616
1387
1701
1722
1223
1143
1646
1790
1047
38
-505
-649
-810
-964
-1274
-1870
-2333
-2490
-2395
-2169
-1910
-1824
-1877
-1841
-1380
-768
-534
-372
-93
120
263
374
757
1371
1659
1661
1368
1026
1079
1240
1362
1483
1527
1591
1474
1314
1515
1805
1810
1584
1369
1424
1546
1513
1465
1328
1141
949
635
257
-40
-165
-42
17
-89
-233
-429
-633
-583
-374
-286
-412
-609
-468
-269
-321
-416
-436
-388
-418
-549
-546
-521
-709
-974
-1173
-1141
-964
-939
-1063
-1193
-1291
-1405
-1576
-1617
-1358
-1242
-1338
-1357
-1132
-631
-329
-367
-404
-488
-731
-976
-1187
-1033
-644
-330
-251
-182
-159
-434
-1073
-1545
-843
298
627
211
-87
256
898
1451
2003
2066
1693
1833
2250
2191
1728
1689
2113
1941
1118
1037
1376
1056
501
466
757
353
-606
-1084
-970
-757
-520
-499
-913
-1480
-1749
-1720
-1765
-1834
-1702
-1652
-1914
-1832
-1213
-727
-708
-834
-720
-574
-709
-487
382
1211
1559
1362
1104
1278
1654
2024
2336
2411
2365
2222
1958
1905
1979
1886
1553
1143
965
857
557
271
136
88
-54
-319
-523
-514
-334
-167
-115
-276
-235
182
465
368
-64
-237
89
406
574
517
68
-320
-473
-551
-725
-1072
-1183
-998
-954
-1019
-1084
-1061
-911
-724
-452
-283
-443
-725
-682
-177
458
754
465
-95
-484
-569
-477
-491
-617
-816
-1085
-1404
-1614
-1611
-1453
-1360
-1406
-1422
-1250
-1045
-963
-975
-561
351
712
374
-66
250
1210
1649
1346
1096
938
1129
1601
1813
1750
1337
1252
1647
1543
1280
1400
1429
1147
726
753
889
394
-173
37
437
272
-263
-738
-941
-1291
-1388
-1413
-1584
-1966
-1939
-1816
-1669
-1634
-1436
-722
-2184
-1910
-782
-972
-663
-369
202
257
532
558
504
1034
1134
931
1133
1134
1270
1439
1368
1219
1063
960
1053
1168
1175
1184
941
799
825
894
857
609
598
722
623
553
231
-87
-100
-284
-545
-765
-820
-859
-1109
-1144
-1333
-1447
-1293
-1433
-1395
-1218
-1050
-980
-908
-829
-724
-560
-434
-330
-297
-1
59
92
-12
-172
-36
298
649
680
567
537
649
740
712
622
441
299
428
485
562
700
571
292
99
0
58
34
-55
-26
77
-26
-246
-229
12
296
305
111
-104
-307
-455
-509
-265
-16
-35
-308
-486
-429
-268
-34
-81
-323
-669
-759
-523
-477
-667
-676
-548
-361
-309
-473
-584
-764
-573
-37
57
-91
-97
79
254
170
290
598
575
300
339
585
647
498
441
559
531
413
379
419
369
326
288
209
199
148
-20
-284
-375
-62
88
-161
-177
77
260
132
-32
220
356
141
-37
108
448
581
571
627
532
404
308
266
320
286
349
207
-134
-415
-353
-213
-321
-460
-550
-703
-838
-797
-697
-656
-815
-860
-767
-820
-786
-736
-806
-948
-1045
-909
-674
-528
-412
-228
-6
157
303
416
512
618
802
1053
1168
1231
1273
1193
1098
1111
1094
1002
819
787
845
678
435
215
190
214
122
-65
-233
-379
-393
-183
-8
44
-75
-198
-232
-234
-181
-115
-138
-260
-396
-461
-450
-465
-446
-425
-513
-649
-775
-874
-952
-986
-930
-840
-851
-968
-992
-984
-854
-717
-648
-605
-567
-507
-339
-5
241
385
388
519
771
919
1029
1202
1346
1352
1243
1159
1191
1256
1151
1025
906
809
685
529
420
286
190
24
-77
-185
-228
-236
-230
-264
-257
-190
-227
-357
-511
-481
-328
-238
-206
-128
-93
-102
-166
-175
-85
-14
-77
-267
-461
-641
-707
-634
-551
-561
-674
-884
-1024
-1028
-926
-743
-531
-442
-399
-312
-101
144
365
469
528
566
517
606
682
954
1208
1276
1158
957
870
901
1021
1063
1049
879
654
467
300
269
308
262
116
-49
-131
-160
-166
-180
-134
-35
23
33
-18
15
123
169
172
90
32
3
-121
-209
-241
-223
-230
-312
-396
-479
-549
-647
-577
-456
-392
-406
-473
-557
-555
-463
-400
-356
-415
-348
-276
-223
-157
-62
140
263
311
399
499
548
631
747
911
952
825
700
682
735
723
610
395
152
-29
-116
-147
-150
-231
-438
-652
-756
-697
-614
-649
-727
-808
-730
-555
-488
-488
-474
-430
-415
-403
-349
-119
79
-100
-414
-583
-522
-324
-292
-394
-569
-683
-572
-362
-363
-495
-428
-238
-97
-150
-116
-47
-166
-255
-212
53
229
84
-63
-92
-38
-36
-53
17
160
294
249
140
-28
-187
-235
-342
-359
-303
-276
-233
-212
-157
-187
-371
-431
-210
4
39
-104
-234
-136
78
262
236
150
197
362
496
539
588
622
658
715
950
1187
1197
1079
1006
1066
1086
1074
1025
934
808
759
743
596
453
387
268
147
99
50
-43
-164
-181
-110
-70
-53
33
121
180
179
181
266
310
351
461
537
537
426
302
276
305
310
172
-102
-288
-273
-244
-256
-336
-489
-672
-785
-684
-455
-371
-475
-555
-580
-618
-659
-615
-501
-475
-516
-566
-643
-693
-713
-688
-652
-684
-645
-587
-584
-613
-549
-383
-301
-373
-418
-329
-240
-145
-179
-289
-263
-190
-205
-250
-213
-81
63
70
20
44
36
50
67
142
284
357
400
430
484
566
640
673
657
646
658
614
528
429
329
207
31
-117
-214
-214
-272
-312
-286
-273
-246
-234
-253
-252
-158
-40
30
68
139
194
288
289
280
267
224
252
320
325
263
194
123
132
55
-59
-123
-153
-128
-73
-18
46
128
202
312
449
575
656
671
693
715
707
680
667
647
677
668
632
600
547
516
495
448
366
282
257
289
289
284
232
133
-14
-164
-285
-330
-304
-357
-563
-866
-1147
-1234
-1186
-1105
-1072
-1125
-1121
-1092
-1068
-1002
-947
-860
-761
-728
-652
-547
-479
-437
-427
-387
-306
-272
-338
-405
-376
-270
-165
-185
-261
-304
-250
-116
-11
26
82
187
257
316
368
349
297
314
410
585
659
604
504
415
376
348
288
193
158
191
271
297
282
262
244
240
225
254
284
254
204
233
350
451
381
225
167
194
287
289
226
193
195
203
186
127
53
21
38
127
218
265
271
250
260
336
365
336
328
374
411
383
298
242
249
228
166
102
35
-18
-59
-50
10
16
-16
-18
29
130
217
240
237
230
242
228
204
163
119
84
-1
-104
-193
-310
-401
-437
-458
-489
-565
-659
-749
-793
-779
-725
-652
-676
-740
-792
-814
-783
-724
-666
-636
-622
-596
-559
-531
-485
-419
-346
-344
-347
-287
-236
-245
-301
-329
-245
-173
-161
-129
-96
21
181
245
232
208
202
217
183
151
192
183
153
216
291
336
311
268
313
338
329
329
337
347
335
293
263
230
185
157
106
84
72
36
43
39
52
119
122
55
-35
-55
18
94
135
116
93
155
240
316
323
278
290
339
409
419
378
364
362
345
249
111
-7
-26
68
174
162
46
-37
-23
11
16
38
28
-10
-45
-48
2
45
56
37
3
-3
-11
-21
-28
-42
-24
15
-8
-88
-130
-107
-34
-9
-36
-100
-146
-163
-184
-198
-194
-185
-225
-303
-369
-344
-288
-232
-232
-282
-266
-255
-282
-284
-214
-152
-127
-153
-162
-147
-121
-57
8
65
83
91
112
112
84
60
89
131
117
124
128
135
132
133
139
137
170
202
236
256
286
328
351
374
407
388
300
224
183
187
163
101
39
4
-68
-170
-248
-324
-388
-437
-442
-442
-463
-458
-452
-436
-433
-419
-392
-366
-330
-274
-181
-128
-115
-135
-133
-81
-24
33
70
131
199
250
294
340
363
385
439
478
502
494
465
449
471
474
444
397
362
352
320
257
199
171
189
211
239
264
238
186
135
126
138
108
68
64
92
94
32
-78
-168
-225
-254
-267
-273
-312
-376
-408
-384
-321
-324
-364
-402
-399
-340
-267
-195
-167
-213
-283
-304
-285
-248
-223
-231
-255
-306
-333
-338
-348
-325
-275
-204
-170
-171
-160
-115
-93
-89
-76
-52
22
82
118
157
200
244
258
215
168
144
165
195
189
191
208
211
176
140
160
182
193
196
221
287
282
240
159
82
58
21
-16
-83
-152
-182
-211
-230
-255
-263
-271
-290
-314
-331
-353
-368
-331
-259
-212
-241
-290
-287
-247
-186
-111
-64
-45
-39
-35
-12
4
-5
12
24
23
-7
-57
-80
-43
22
87
118
112
148
208
267
281
260
253
280
313
323
313
300
293
298
285
253
198
130
96
91
125
125
50
-43
-95
-74
-38
-16
-16
-46
-91
-124
-135
-135
-165
-220
-251
-240
-200
-174
-167
-196
-231
-233
-202
-142
-89
-69
-66
-63
-40
-12
31
101
168
233
252
236
229
243
267
246
193
140
102
64
36
23
12
-8
-19
-39
-60
-93
-124
-135
-114
-71
-46
-58
-83
-91
-60
-2
13
-7
-46
-50
-48
-32
-7
-22
-54
-107
-166
-188
-158
-115
-95
-118
-125
-93
-75
-94
-100
-76
-42
0
40
58
45
-3
-53
-30
28
71
77
81
111
122
93
25
-45
-77
-71
-64
-90
-146
-199
-209
-195
-187
-207
-227
-231
-206
-129
-43
3
-10
-36
-16
37
75
84
83
78
86
88
66
57
60
92
139
169
177
142
87
70
85
102
90
37
-3
-17
-18
-6
-6
-31
-63
-77
-49
17
103
161
147
117
128
184
260
306
309
300
314
333
356
360
352
354
337
293
235
174
90
5
-54
-98
-127
-158
-196
-204
-207
-196
-178
-168
-189
-219
-215
-161
-84
-45
-56
-68
-60
-76
-95
-104
-115
-123
-150
-188
-219
-282
-340
-355
-348
-316
-306
-330
-366
-378
-339
-274
-245
-251
-227
-166
-96
-50
-23
-11
10
92
181
238
261
253
296
383
458
506
503
453
434
465
503
523
473
418
422
431
417
365
313
260
205
147
84
37
-2
-25
-45
-50
-54
-77
-98
-121
-130
-121
-134
-166
-178
-177
-166
-160
-171
-175
-190
-205
-210
-255
-309
-331
-335
-324
-327
-344
-331
-297
-260
-212
-175
-144
-126
-92
-10
101
195
228
218
198
202
231
262
256
236
209
178
160
138
120
116
117
114
114
106
89
72
56
51
49
47
50
54
54
50
39
32
30
18
-16
-36
-36
-1
63
90
68
19
-31
-73
-73
-39
-13
-22
-62
-95
-118
-129
-152
-180
-218
-263
-287
-318
-360
-383
-388
-392
-408
-425
-395
-326
-277
-237
-191
-122
-52
6
54
111
196
294
383
449
493
491
468
471
509
556
570
516
439
382
351
335
302
249
200
151
104
64
26
14
14
1
-10
-8
-13
-25
-54
-95
-126
-162
-216
-263
-264
-262
-280
-336
-389
-402
-396
-363
-322
-275
-239
-215
-205
-189
-143
-88
-25
30
70
79
43
1
-5
46
122
166
161
111
51
37
54
65
70
55
32
34
74
123
142
136
124
132
158
180
176
148
116
101
104
100
85
57
17
-11
-21
-11
-26
-67
-86
-92
-55
-2
27
33
8
-33
-52
-49
-48
-64
-91
-123
-160
-192
-215
-220
-219
-229
-264
-312
-349
-374
-365
-323
-286
-268
-287
-308
-279
-196
-121
-98
-90
-75
-47
-11
14
42
93
132
168
208
217
201
195
235
306
381
421
421
412
419
441
453
435
389
353
338
320
276
213
140
96
73
40
22
-1
-26
-58
-93
-111
-131
-158
-170
-169
-161
-184
-241
-291
-314
-325
-322
-315
-306
-282
-278
-283
-275
-255
-226
-182
-141
-119
-118
-115
-92
-42
29
74
81
66
65
90
138
181
201
210
198
184
188
221
259
283
298
287
289
304
300
303
300
285
280
276
265
246
201
141
94
67
43
1
-56
-105
-135
-140
-135
-133
-140
-154
-166
-167
-171
-180
-196
-209
-225
-245
-254
-254
-258
-261
-267
-284
-295
-312
-316
-298
-269
-244
-232
-238
-248
-242
-209
-157
-120
-103
-96
-86
-53
-8
39
96
154
209
237
236
229
238
276
325
359
369
358
342
361
402
424
420
399
375
362
345
307
267
228
196
175
145
102
48
2
-26
-60
-97
-147
-204
-242
-262
-260
-263
-295
-329
-350
-353
-340
-335
-331
-325
-323
-309
-281
-250
-206
-166
-152
-149
-162
-163
-141
-113
-86
-71
-62
-56
-58
-59
-32
12
52
88
114
127
153
207
284
349
368
364
352
346
359
375
383
376
364
348
334
324
306
281
255
229
205
181
147
109
86
78
72
60
20
-48
-105
-146
-162
-189
-240
-300
-348
-361
-367
-393
-422
-444
-467
-476
-465
-440
-421
-403
-389
-360
-333
-324
-315
-298
-254
-207
-182
-188
-196
-168
-120
-74
-38
-24
-19
4
40
88
136
177
221
263
305
339
363
381
408
446
481
472
426
385
366
359
342
291
243
197
148
117
95
76
56
29
-2
-41
-72
-95
-110
-108
-107
-124
-173
-216
-238
-225
-206
-213
-223
-252
-275
-280
-277
-262
-246
-245
-237
-231
-233
-229
-223
-199
-165
-135
-103
-92
-98
-71
-21
38
88
116
145
173
207
239
267
296
306
307
325
360
379
372
356
346
354
358
354
348
344
339
321
296
267
235
199
170
152
141
103
49
-4
-39
-53
-69
-103
-152
-210
-253
-279
-290
-292
-302
-316
-339
-351
-362
-371
-366
-356
-342
-343
-334
-325
-315
-310
-293
-251
-213
-193
-187
-182
-161
-125
-87
-58
-33
-4
16
44
77
115
157
196
227
257
283
301
314
324
333
347
349
334
315
294
277
246
210
178
149
128
106
87
65
44
24
-15
-64
-94
-111
-126
-151
-174
-198
-225
-244
-241
-238
-245
-254
-275
-293
-301
-303
-306
-304
-303
-296
-277
-268
-252
-246
-227
-192
-161
-144
-135
-115
-87
-56
-19
14
51
77
94
102
101
107
104
126
143
155
168
164
166
175
193
212
234
244
261
275
280
275
248
217
195
182
169
150
114
68
18
-39
-79
-106
-135
-152
-175
-202
-214
-220
-235
-241
-233
-235
-229
-228
-235
-229
-223
-226
-214
-200
-200
-206
-225
-229
-226
-205
-178
-152
-128
-111
-78
-29
21
52
70
79
99
124
152
175
186
198
213
220
213
214
218
215
221
225
229
232
231
228
240
268
279
270
240
206
198
190
179
155
119
82
49
13
-5
-20
-49
-75
-102
-124
-135
-147
-148
-130
-118
-109
-108
-117
-127
-130
-117
-99
-92
-85
-79
-74
-54
-35
-27
-25
-19
-15
-9
13
37
48
45
43
52
74
102
124
151
181
192
193
197
215
223
241
252
234
211
181
172
178
183
177
158
127
87
64
56
69
82
75
56
29
5
-8
-13
-21
-24
-47
-76
-111
-136
-138
-137
-148
-159
-161
-158
-157
-160
-163
-160
-164
-166
-157
-152
-133
-109
-70
-25
5
21
41
64
80
100
114
130
131
121
123
131
143
145
135
135
143
151
164
170
175
181
187
191
196
196
186
176
167
156
134
102
77
56
52
50
44
32
3
-20
-38
-52
-75
-105
-133
-156
-164
-163
-165
-186
-205
-232
-254
-269
-294
-314
-327
-326
-316
-298
-283
-275
-255
-229
-212
-192
-175
-162
-154
-135
-119
-93
-56
-46
-48
-52
-43
-22
-3
7
20
15
11
23
38
62
86
113
132
141
143
139
137
130
121
135
135
127
120
98
91
87
81
78
76
60
41
19
-12
-43
-60
-61
-63
-71
-82
-87
-96
-113
-133
-138
-129
-121
-119
-119
-123
-119
-105
-91
-77
-79
-79
-79
-86
-76
-61
-43
-14
18
50
68
68
61
58
61
69
84
91
101
118
120
119
113
110
110
115
121
122
119
114
123
132
141
140
144
148
142
134
117
112
108
98
89
79
69
61
54
41
21
-8
-37
-62
-84
-94
-95
-94
-95
-101
-93
-98
-112
-122
-134
-143
-152
-154
-161
-151
-136
-125
-108
-102
-96
-95
-93
-91
-88
-80
-67
-48
-33
-18
5
33
49
55
57
48
42
40
40
44
50
50
50
39
29
25
22
34
38
40
38
29
26
28
42
57
64
71
72
63
63
59
54
46
23
8
-5
-8
-10
-10
-21
-44
-55
-67
-72
-77
-74
-70
-71
-61
-55
-48
-42
-39
-39
-36
-30
-26
-25
-20
-7
2
5
-3
-6
-3
7
15
23
25
18
17
16
24
38
52
63
65
66
67
67
64
63
63
62
62
64
64
65
65
65
67
63
56
53
53
58
63
68
73
79
87
90
94
96
83
65
58
58
60
61
61
53
40
22
7
-4
-12
-14
-12
-10
-11
-12
-13
-11
-4
5
13
12
3
-16
-33
-45
-49
-49
-52
-58
-68
-79
-86
-86
-85
-80
-74
-63
-56
-52
-43
-32
-24
-25
-20
-9
-3
3
0
5
9
13
21
27
25
23
21
20
28
36
37
36
41
48
57
63
65
67
66
62
55
47
39
30
22
20
19
13
0
-11
-28
-43
-52
-57
-61
-63
-55
-46
-44
-37
-35
-35
-30
-21
-16
-15
-15
-14
-14
-16
-15
-21
-30
-33
-40
-49
-54
-56
-55
-51
-42
-33
-22
-10
-3
-3
2
3
7
11
9
14
15
17
15
9
1
-12
-24
-36
-40
-40
-39
-35
-30
-24
-16
-12
-13
-11
-9
-6
-5
-6
-4
-3
0
-1
-4
-9
-18
-28
-40
-46
-53
-53
-52
-49
-48
-44
-38
-29
-19
-12
-8
-9
-8
-7
-3
4
8
6
2
0
-1
-4
-8
-9
-11
-13
-14
-14
-12
-7
2
11
15
20
21
25
31
35
37
37
39
37
42
40
37
33
22
12
2
-6
-11
-19
-18
-17
-22
-23
-21
-21
-22
-19
-19
-21
-21
-21
-21
-21
-17
-16
-17
-19
-20
-23
-27
-28
-29
-26
-24
-23
-18
-11
-6
1
8
12
15
19
21
23
23
25
24
26
29
29
28
25
21
18
12
10
6
5
6
4
4
5
7
11
14
12
13
14
16
18
19
22
23
26
26
24
21
17
15
14
11
11
9
9
9
9
7
5
4
2
-2
-4
-8
-12
-14
-13
-12
-12
-10
-9
-11
-13
-16
-17
-16
-13
-11
-8
-7
-4
-3
-1
2
2
3
0
-3
-4
-4
-5
-2
-1
1
2
2
2
2
5
7
8
11
14
22
29
32
36
38
37
36
35
35
33
29
25
18
10
3
-4
-9
-13
-18
-25
-30
-37
-38
-35
-32
-26
-22
-20
-18
-16
-16
-14
-12
-11
-9
-7
-7
-7
-7
-7
-7
-10
-12
-17
-18
-18
-18
-18
-18
-18
-18
-19
-17
-16
-17
-19
-18
-19
-17
-15
-16
-15
-14
-15
-16
-18
-16
-15
-12
-11
-8
-3
2
9
16
20
27
29
31
32
31
32
31
33
33
28
23
16
9
4
-3
-9
-13
-15
-19
-21
-20
-19
-18
-15
-13
-11
-9
-7
-4
-2
2
4
4
3
3
2
2
-1
-3
-5
-9
-13
-15
-17
-18
-19
-17
-17
-15
-14
-12
-10
-6
-3
0
3
6
11
13
17
17
17
16
17
19
19
19
19
19
19
17
16
16
14
14
13
11
10
9
10
7
9
9
9
8
7
7
7
6
5
5
5
6
8
9
9
11
11
10
10
11
12
13
13
11
11
9
8
8
6
3
-2
-8
-13
-18
-23
-28
-31
-33
-35
-35
-35
-34
-31
-30
-26
-22
-18
-15
-11
-5
1
7
12
17
19
21
20
19
17
16
14
10
10
7
4
4
3
3
4
3
5
5
6
10
11
15
14
16
18
20
20
21
21
