1
-2
-10
-21
-28
-27
-23
-23
-24
-23
-20
-19
-16
-7
4
8
7
7
13
16
17
21
26
25
21
15
10
5
0
3
11
16
7
-5
-10
-5
4
8
11
13
11
12
16
19
19
20
25
27
16
5
3
10
14
14
9
5
-1
-5
-2
4
2
-3
-1
-1
-3
-5
-4
5
8
6
7
14
17
14
12
13
18
16
9
3
-5
-9
-7
2
5
-2
-10
-10
-6
-6
-8
-6
-1
1
-4
-7
-8
-7
-2
2
7
4
-2
-1
6
10
11
12
9
4
-8
-15
-15
-6
-1
-4
-12
-21
-25
-21
-11
-4
-3
-3
-2
1
-5
-12
-10
0
9
6
-1
-4
-3
0
5
12
10
4
-1
-1
0
-2
-2
5
10
7
-1
-5
-5
-1
4
12
19
16
6
-2
-1
2
4
9
10
7
-2
-6
-3
-2
0
5
13
15
7
-2
-2
9
14
13
6
-2
-5
-1
8
12
8
3
9
16
15
8
2
7
12
11
4
-4
-9
-10
-7
-4
-4
-10
-14
-10
-5
-10
-13
-7
1
1
-8
-14
-9
-9
-10
-6
0
2
-4
-5
-4
-1
-3
0
5
2
-8
-16
-9
-3
-4
-9
-10
-9
-12
-13
-9
-3
-1
-4
-3
-4
-7
-9
-3
5
5
1
-2
2
0
-5
-1
5
4
-6
-14
-15
-9
-7
-8
-8
-8
-13
-11
-5
-4
-9
-5
8
18
13
-1
-3
7
17
22
20
11
3
0
3
7
3
-3
-1
3
-1
-13
-19
-11
-1
2
-4
-10
-18
-19
-12
0
7
3
-4
-4
1
1
2
6
10
6
0
0
0
-8
-11
-6
2
2
-5
-10
-8
-3
4
12
16
10
1
2
8
10
5
4
12
15
9
-1
-7
-4
-1
3
2
-3
-10
-14
-12
-9
-8
-9
-7
-6
-10
-10
-5
6
16
16
10
7
6
9
14
16
17
17
15
12
5
-6
-5
1
8
5
-5
-10
-8
-5
-5
-3
-1
1
4
5
4
1
3
9
17
13
4
-1
-1
3
6
7
4
-2
-11
-19
-15
-9
-8
-7
-10
-12
-15
-14
-13
-11
-10
-5
2
3
-7
-16
-14
-2
7
4
-3
-7
-4
1
7
7
3
0
4
10
9
3
0
9
19
19
11
6
6
11
15
20
21
17
10
7
5
5
3
5
5
-2
-9
-13
-8
-7
-10
-13
-9
-5
-6
-9
-10
-3
3
6
9
5
2
5
16
24
20
12
11
16
18
13
10
12
18
18
19
19
15
12
12
15
16
11
4
0
-1
-5
-5
-2
-2
-7
-14
-16
-13
-13
-15
-16
-13
-15
-17
-20
-20
-21
-18
-12
-12
-17
-26
-22
-9
1
1
-4
-4
-2
2
4
3
4
5
8
9
5
-4
-9
-3
4
5
0
-3
-6
-6
-7
-6
-4
-8
-12
-13
-13
-13
-16
-15
-13
-14
-15
-13
-11
-14
-13
-10
0
5
1
-4
-5
3
10
15
15
13
11
10
13
17
16
17
21
25
19
13
7
9
12
17
19
13
8
0
-1
0
1
1
-1
-3
-7
-10
-11
-10
-7
-8
-6
-8
-10
-13
-16
-10
-2
6
5
2
-1
0
7
17
26
27
25
25
25
25
23
24
27
32
31
26
20
15
12
14
16
15
7
0
-3
-2
-3
-3
-3
-1
0
-3
-2
-2
-3
-2
1
3
-1
-5
-9
-10
-6
1
7
6
2
-3
-1
5
7
9
7
9
12
17
18
16
15
14
17
17
16
11
5
6
7
1
-9
-14
-17
-15
-16
-17
-21
-27
-34
-36
-36
-35
-36
-36
-36
-34
-31
-30
-28
-28
-27
-22
-14
-10
-13
-16
-14
-6
-3
-5
-11
-14
-12
-8
-2
2
0
-1
2
7
6
2
-1
3
7
6
2
-6
-12
-9
-4
3
1
-5
-10
-10
-8
-6
-8
-11
-14
-18
-18
-20
-19
-19
-19
-11
-3
3
3
3
7
12
19
22
22
17
14
14
19
26
24
22
22
22
22
18
15
14
17
21
21
18
9
5
5
11
13
8
2
-2
1
3
5
2
-1
-3
-5
-4
-4
-6
-10
-9
-7
-6
-9
-13
-15
-13
-6
2
3
0
-5
-4
1
7
6
0
-2
-5
-2
-2
-4
-9
-9
-5
1
1
-6
-13
-14
-13
-10
-13
-16
-20
-19
-16
-14
-15
-20
-21
-21
-12
-7
-4
-4
-7
-6
-5
-6
-7
-10
-8
-5
2
4
2
-1
-4
0
6
9
8
5
4
6
12
11
6
1
0
4
4
3
0
2
6
10
13
8
4
3
7
11
14
13
10
7
8
11
12
13
14
16
21
24
24
22
20
22
24
27
27
23
20
18
19
24
24
19
15
14
17
20
18
12
9
10
13
10
1
-5
-7
-1
3
-1
-9
-12
-9
-3
-2
-5
-13
-13
-11
-8
-12
-19
-22
-24
-21
-19
-16
-15
-18
-13
-7
-1
3
1
-2
-7
-7
-1
0
-3
-12
-15
-12
-2
2
0
1
5
10
12
6
-5
-12
-8
-2
-1
-10
-19
-16
-11
-10
-17
-26
-33
-36
-32
-29
-28
-32
-27
-21
-18
-19
-20
-14
-10
-3
3
4
4
2
11
19
24
27
24
22
21
28
37
35
26
17
19
27
36
41
29
16
11
23
35
32
21
9
6
5
7
10
2
-5
-9
-13
-20
-30
-30
-28
-26
-24
-33
-39
-40
-30
-19
-13
-14
-25
-30
-23
-9
2
2
-3
-10
-10
2
11
5
-5
-7
4
18
27
29
24
28
40
47
46
35
31
32
42
43
35
25
22
32
35
33
21
13
15
11
16
10
-4
-17
-24
-14
-14
-11
-6
-15
-32
-47
-45
-53
-71
-84
-89
-89
-88
-82
-86
-102
-109
-107
-103
-111
-121
-126
-124
-114
-103
-87
-75
-72
-70
-74
-72
-64
-48
-36
-35
-23
-7
7
15
34
53
63
83
98
100
97
146
221
241
223
202
220
247
275
299
261
213
205
263
299
254
218
201
212
191
170
160
112
89
75
66
4
-52
-29
-26
-54
-137
-187
-213
-242
-236
-279
-325
-378
-390
-375
-398
-404
-423
-411
-418
-444
-452
-456
-404
-370
-350
-352
-340
-271
-216
-169
-165
-153
-119
-69
8
42
64
95
169
236
252
275
308
362
393
421
440
443
476
523
564
532
483
469
474
477
441
416
382
342
318
289
264
210
174
144
86
30
-17
-21
-43
-86
-141
-200
-227
-241
-245
-287
-346
-373
-383
-377
-388
-411
-439
-456
-437
-416
-401
-392
-363
-337
-337
-344
-334
-293
-261
-237
-222
-211
-184
-136
-48
1
4
-21
-45
-52
-79
-48
-3
31
40
37
91
109
137
132
98
67
24
73
105
131
134
136
197
195
215
205
216
236
212
244
218
238
260
292
337
293
302
305
359
397
374
368
298
279
247
259
301
298
332
323
330
293
255
255
209
187
142
156
184
187
215
198
203
187
178
176
142
122
94
116
137
153
179
196
215
188
160
131
110
113
115
120
98
72
59
53
46
11
-30
-79
-121
-156
-188
-220
-266
-320
-361
-370
-372
-369
-380
-400
-434
-464
-466
-462
-463
-486
-518
-528
-533
-528
-535
-535
-543
-565
-585
-609
-614
-618
-587
-531
-502
-506
-535
-530
-500
-454
-412
-406
-411
-414
-367
-314
-301
-313
-318
-276
-235
-197
-180
-176
-157
-146
-133
-175
-208
-172
-79
18
15
-22
-66
-70
-32
-36
-61
-130
-112
-6
92
178
214
287
311
297
271
231
281
358
466
493
455
510
619
754
761
697
647
613
660
695
728
710
707
766
775
764
736
767
800
754
676
567
497
454
434
398
311
272
294
343
340
294
268
225
158
89
48
54
77
117
157
172
212
289
372
359
250
157
142
181
222
261
301
327
381
403
368
302
265
304
313
273
185
122
89
56
50
19
-4
-20
-63
-121
-242
-363
-442
-486
-544
-638
-704
-734
-731
-762
-808
-834
-879
-934
-1042
-1160
-1252
-1304
-1288
-1236
-1202
-1214
-1241
-1264
-1294
-1364
-1400
-1367
-1341
-1359
-1374
-1329
-1270
-1204
-1152
-1075
-1017
-993
-906
-838
-844
-876
-849
-716
-600
-401
-23
308
438
318
251
270
309
466
589
607
506
615
1031
1363
1440
1353
1373
1392
1304
1257
1199
1185
1162
1280
1457
1439
1418
1513
1706
1667
1368
1164
1090
1098
1064
966
826
658
646
724
722
540
319
230
146
29
-102
-156
-151
-182
-196
-197
-136
-17
137
238
147
-25
-147
-123
29
142
265
418
591
701
700
671
611
554
545
565
542
487
497
599
722
721
663
625
589
562
440
323
252
203
191
116
-21
-203
-380
-487
-560
-613
-713
-843
-992
-1169
-1363
-1538
-1639
-1705
-1717
-1762
-1797
-1837
-1916
-1940
-1988
-2066
-2171
-2224
-2201
-2145
-2036
-1919
-1825
-1788
-1732
-1633
-1503
-1458
-1464
-1408
-1349
-1225
-1113
-1005
-876
-854
-813
-772
-707
-449
46
721
1173
1096
646
294
316
742
1086
1164
1159
1169
1521
2051
2322
2232
1797
1614
1711
1726
1593
1373
1412
1501
1592
1552
1469
1435
1514
1640
1394
932
550
567
815
726
497
165
38
214
368
433
97
-300
-450
-505
-524
-640
-686
-563
-467
-420
-359
-227
-57
43
-7
-116
-220
-211
47
374
604
754
936
1215
1389
1374
1318
1286
1348
1434
1466
1506
1489
1532
1635
1644
1605
1509
1477
1478
1378
1226
1017
908
824
665
475
257
104
-53
-195
-380
-629
-867
-1068
-1187
-1371
-1580
-1747
-1840
-1885
-1995
-2083
-2229
-2401
-2526
-2637
-2700
-2789
-2845
-2847
-2791
-2748
-2763
-2723
-2633
-2500
-2425
-2387
-2269
-2137
-1944
-1794
-1687
-1595
-1577
-1423
-1252
-1102
-1063
-1166
-1142
-969
-363
490
1211
1477
1174
959
878
966
1145
1218
1231
1163
1478
2144
2613
2656
2395
2283
2120
1884
1745
1600
1554
1506
1623
1674
1538
1520
1672
1823
1560
1040
715
627
796
818
553
82
-331
-325
-126
9
-162
-476
-717
-797
-770
-905
-1121
-1248
-1238
-1100
-928
-636
-378
-257
-143
-175
-335
-455
-336
8
249
455
721
1019
1293
1449
1520
1480
1429
1490
1651
1769
1842
1926
2023
2134
2145
2075
2034
2047
2012
1871
1658
1472
1269
1073
906
685
458
266
168
56
-161
-422
-665
-877
-1132
-1430
-1713
-1933
-2111
-2230
-2272
-2316
-2399
-2539
-2711
-2883
-3053
-3092
-3001
-2875
-2786
-2826
-2841
-2752
-2647
-2561
-2500
-2402
-2283
-2110
-1870
-1625
-1498
-1432
-1279
-1020
-801
-702
-679
-637
-568
-407
110
830
1407
1590
1437
1294
1172
1148
1365
1491
1454
1322
1459
1919
2149
2118
1986
1899
1768
1511
1405
1302
1122
954
968
1004
845
862
1010
1102
832
399
250
178
196
171
-24
-282
-586
-558
-343
-246
-274
-465
-561
-693
-930
-1033
-959
-802
-689
-584
-457
-311
-134
85
289
307
269
349
495
720
924
1175
1477
1717
1888
1998
2083
2150
2163
2154
2147
2149
2226
2343
2427
2419
2259
2113
2068
2022
1927
1715
1526
1339
1101
868
615
392
162
-56
-254
-493
-739
-953
-1118
-1335
-1619
-1892
-2104
-2228
-2380
-2526
-2601
-2636
-2639
-2678
-2739
-2880
-3055
-3143
-3126
-2988
-2880
-2846
-2773
-2667
-2492
-2284
-2135
-2035
-1997
-1932
-1793
-1650
-1507
-1420
-1316
-1211
-1130
-1076
-1042
-669
107
897
1279
1107
836
738
811
1040
1154
1105
981
1312
2114
2596
2507
2155
2007
1977
1760
1632
1436
1207
1141
1283
1422
1145
992
1142
1299
1177
647
267
56
-8
74
-8
-207
-495
-509
-274
-249
-475
-800
-905
-914
-1086
-1296
-1451
-1473
-1413
-1184
-850
-587
-381
-218
-84
-100
-292
-363
-150
231
543
831
1217
1629
1941
2126
2204
2181
2139
2181
2324
2414
2390
2428
2643
2899
2986
2888
2715
2492
2262
2049
1908
1764
1535
1279
1052
760
440
198
84
-15
-269
-606
-970
-1293
-1568
-1822
-2030
-2234
-2381
-2517
-2624
-2749
-2963
-3106
-3161
-3114
-3121
-3228
-3297
-3358
-3298
-3187
-3077
-2979
-2950
-2806
-2652
-2500
-2323
-2212
-2064
-1872
-1597
-1402
-1398
-1443
-1450
-1350
-1148
-471
553
1423
1792
1602
1384
1157
1110
1394
1558
1546
1404
1775
2676
3260
3365
3103
2843
2577
2312
2252
2078
1819
1604
1701
1856
1641
1541
1596
1662
1390
781
391
127
88
112
-112
-474
-933
-946
-589
-370
-490
-920
-1231
-1377
-1499
-1591
-1726
-1845
-1880
-1702
-1314
-900
-571
-396
-323
-446
-733
-895
-795
-372
88
482
969
1423
1829
2079
2152
2103
1973
2012
2236
2506
2647
2718
2859
3052
3159
3096
3047
2938
2769
2519
2237
2037
1837
1679
1548
1271
906
519
314
209
-18
-370
-821
-1180
-1514
-1837
-2159
-2450
-2640
-2761
-2761
-2840
-3058
-3291
-3494
-3534
-3639
-3781
-3819
-3746
-3506
-3332
-3276
-3290
-3393
-3392
-3280
-3060
-2852
-2726
-2568
-2428
-2294
-2339
-2416
-2335
-2146
-1640
-764
372
1239
1343
1215
1071
1118
1323
1452
1641
1506
1710
2551
3488
4026
3804
3466
3281
3081
2865
2504
2225
1978
2020
2325
2343
2163
1901
1996
2105
1686
1080
563
350
311
181
-31
-458
-757
-700
-451
-394
-865
-1385
-1691
-1844
-1993
-2221
-2410
-2506
-2408
-2083
-1609
-1293
-1208
-1140
-1124
-1250
-1455
-1513
-1246
-738
-123
510
1089
1484
1777
1974
1967
1921
1867
1972
2276
2575
2851
3047
3267
3423
3431
3337
3166
3053
2952
2875
2820
2656
2471
2229
2002
1763
1450
1215
996
797
444
-15
-469
-869
-1134
-1378
-1631
-1860
-2086
-2241
-2385
-2631
-2963
-3339
-3624
-3772
-3887
-3967
-3977
-3870
-3657
-3518
-3426
-3416
-3470
-3600
-3747
-3677
-3406
-2993
-2542
-2265
-2210
-2328
-2415
-2307
-2136
-2009
-1765
-940
417
1599
1862
1277
740
697
1083
1696
1964
1812
1648
2251
3621
4419
4109
3377
3119
3214
3172
3036
2786
2505
2469
2836
3155
2731
2168
2179
2475
2288
1372
541
226
238
320
158
-354
-989
-1127
-582
-172
-576
-1477
-2116
-2266
-2332
-2485
-2637
-2759
-2694
-2315
-1664
-1181
-1110
-1269
-1403
-1473
-1642
-1759
-1489
-818
-66
575
1023
1404
1633
1750
1870
1853
1802
1805
2089
2569
2969
3209
3345
3466
3552
3509
3395
3222
3126
3101
3001
2775
2566
2461
2250
1831
1312
934
633
354
56
-370
-941
-1559
-1851
-1936
-2140
-2564
-2871
-2869
-2964
-3241
-3572
-3872
-4190
-4463
-4590
-4522
-4457
-4393
-4284
-4095
-3949
-3879
-3878
-3861
-3765
-3688
-3473
-3245
-3226
-3183
-2997
-2646
-2298
-2213
-1907
-560
1899
4230
5024
4506
4141
4270
4094
3209
2169
1306
803
1474
3544
5189
5033
4144
4004
4183
3218
1657
1157
1377
1504
1984
3110
3892
3526
2790
2413
1698
-339
-2558
-3474
-3285
-2951
-2758
-2412
-2048
-1766
-1431
-1359
-2185
-3715
-4732
-4592
-3873
-3056
-2108
-1097
-243
382
810
744
-88
-1090
-1607
-1807
-1996
-1789
-758
787
2157
3119
3734
3797
3331
2902
2705
2499
2361
2751
3802
4832
5256
5320
5039
4201
3083
2094
1401
876
736
1211
1840
2136
2193
2090
1653
732
-329
-1138
-1763
-2070
-1934
-1434
-1094
-1168
-1418
-1880
-2605
-3544
-4233
-4623
-4657
-4298
-3756
-3205
-3031
-3047
-3180
-3380
-3628
-3735
-3493
-2977
-2522
-2099
-1667
-1285
-995
-1244
-1715
-2301
-2630
-2766
-2572
-2545
-2342
-2564
-2069
1522
6052
8370
6637
4337
3980
3399
1221
-619
-1384
-1515
-834
2276
6437
6877
4272
2567
2750
1597
-1368
-2353
-478
1994
3625
5534
6875
5432
2426
-26
-1495
-3037
-4827
-4494
-2095
767
2513
1934
242
-1742
-3131
-3934
-4668
-5017
-4225
-2232
102
1756
1954
844
-884
-2055
-2203
-2096
-2018
-1219
77
1192
1085
143
-715
-1439
-1474
-863
225
1559
2768
4023
4694
4376
2919
1284
606
699
1313
1998
2801
3574
3909
3777
2985
1750
650
102
386
998
1760
2421
2642
2281
1388
257
-858
-1658
-1889
-1645
-1106
-555
-488
-775
-1333
-2257
-3233
-3997
-4202
-3788
-3324
-3090
-3094
-3204
-3285
-3521
-3898
-4245
-4316
-3990
-3452
-2599
-1856
-1815
-1944
-2431
-3270
-3766
-4584
-4155
-3772
-3546
-3698
-2372
3633
8484
9585
5897
3123
2683
462
-1242
-2235
-1774
-969
1006
6173
9510
7651
3266
1521
2354
772
-1037
387
4255
6794
7108
7757
6690
2988
-1434
-3200
-2412
-2428
-2556
-1163
2061
4274
3198
33
-3398
-5346
-5512
-4296
-2803
-2048
-992
269
1153
793
-1148
-3352
-4987
-4406
-2101
-322
566
846
1202
862
-982
-2793
-3816
-3187
-1047
1564
4147
5183
5007
4555
3773
2555
588
-615
81
1842
3424
4452
4773
4328
3276
2468
1647
803
559
1126
2610
3833
4132
3402
1999
345
-1103
-1992
-2463
-2162
-1238
-49
610
123
-1104
-2580
-3774
-4495
-4683
-4557
-4030
-3266
-2680
-2401
-2959
-3799
-4576
-5022
-5045
-4898
-4551
-4070
-3132
-2129
-1827
-2727
-3892
-4499
-4250
-3818
-3576
-3361
-3546
-3718
-3380
1661
7708
9934
7783
3721
3274
1923
-289
-1905
-2404
-1583
-379
4148
8874
9249
4935
1869
2418
2271
45
-761
2602
6130
7411
7576
6707
3700
-1076
-3891
-3213
-1903
-1563
-1140
1188
3481
3027
-66
-3777
-5924
-5997
-4248
-2159
-1203
-912
-405
211
101
-1258
-3134
-4532
-4095
-1540
952
1791
1179
349
-250
-1657
-3127
-3698
-2825
-270
2802
5590
6563
5550
4009
2872
2087
1110
335
1071
3174
5036
5790
5188
4041
2723
1585
1356
1366
1709
2400
3656
4693
4391
2787
795
-533
-1266
-1381
-1355
-1104
-475
325
854
369
-1049
-2793
-3945
-4456
-4443
-4285
-3971
-3508
-3323
-3236
-3817
-4681
-5331
-5562
-4760
-4018
-3536
-3355
-3514
-3570
-3583
-3360
-3319
-3518
-3429
-3447
-3176
-3320
-3673
-3826
-4110
-4398
-2166
4223
9537
10421
6152
2203
684
-1185
-2196
-2833
-2310
-874
2496
8000
10553
7528
2052
-73
523
349
-234
1586
5309
7494
7876
6827
3904
-824
-4853
-4779
-1936
286
1009
1917
3638
3954
1611
-2243
-5360
-6412
-4862
-1686
537
808
-39
-780
-1287
-1837
-2598
-3342
-3129
-1176
1710
3140
2271
352
-1196
-2329
-3511
-3863
-3060
-835
2137
4639
5767
4523
2409
1020
559
663
709
1347
2726
4064
4752
4299
3208
1893
973
1284
2144
2911
3573
4173
4489
3894
2401
917
-175
-802
-676
-56
607
937
971
1012
696
-304
-1732
-2868
-3310
-3228
-2766
-2410
-2409
-2786
-3223
-3856
-4834
-5078
-4964
-4596
-3800
-3113
-2926
-3172
-3831
-4258
-4153
-4541
-4262
-3791
-3718
-3557
-4236
-4075
-4061
-4499
-5068
-2026
5045
9424
8943
3683
523
-655
-1877
-2330
-2894
-2265
-1081
3079
8355
9488
5477
547
-175
726
778
872
3243
6626
7885
7651
5660
2424
-1751
-4454
-3132
-293
1587
1682
1930
2936
2886
694
-2776
-5205
-5272
-2670
402
1419
394
-1291
-2291
-2673
-2517
-2579
-2877
-2343
-313
2157
2468
527
-1695
-2688
-2920
-3001
-2691
-1640
476
2774
4430
4425
2671
882
416
1360
2270
2390
2310
2810
3810
4151
3554
2330
1258
969
1823
3017
3744
3773
3528
3699
3401
2448
1206
211
-60
333
777
760
464
210
340
326
-162
-1060
-2116
-2710
-2660
-2275
-2212
-2558
-3093
-3389
-3394
-3637
-3893
-4015
-3887
-3606
-3203
-3014
-3204
-3240
-3770
-3636
-3326
-3781
-3740
-4055
-3987
-4065
-4311
-4640
-5035
-5210
-973
6513
10117
8336
2206
-795
-1268
-1957
-2312
-3078
-2603
-748
3633
8205
8221
3234
-1134
-1453
-274
668
1280
4027
6970
7374
6579
3886
503
-2979
-4653
-2465
606
2131
1970
1717
1829
1345
-710
-3137
-4423
-3562
-555
1519
1254
-719
-2587
-2965
-2638
-1783
-1384
-1558
-926
796
2297
1750
-468
-2192
-2353
-2063
-1605
-1100
-405
885
2305
3558
3518
2011
766
1003
2366
3341
3004
2403
2358
2540
2692
2586
2311
2015
1715
2117
2841
3143
3006
2951
3130
3052
2397
1569
809
306
155
58
-57
-222
-94
422
715
200
-1042
-2393
-3071
-2844
-2274
-1752
-1662
-2129
-2598
-2939
-3398
-3994
-4361
-4058
-3349
-2611
-2394
-2936
-3037
-3235
-3715
-3744
-4058
-3833
-3269
-3306
-3230
-3703
-4533
-4895
-4398
892
7337
9278
6243
914
-1116
-1260
-1489
-1786
-2377
-2525
-137
4310
7847
6814
1329
-1488
-1075
566
1950
2880
5246
6249
5589
4559
2434
-176
-2746
-3479
-1279
1366
2334
1827
871
490
-122
-1370
-2133
-2605
-1570
331
1171
290
-1713
-2924
-3084
-2550
-1372
-409
-198
-21
557
702
-244
-1597
-2053
-1558
-1070
-724
-522
-248
437
1463
2206
2032
1142
901
1721
2603
2770
2155
1788
1931
2165
2280
2227
2027
1648
1311
1598
2258
2609
2890
3104
2998
2526
1665
1034
402
-202
-422
-359
-97
100
246
375
258
-390
-1268
-2131
-2494
-2139
-1533
-1058
-1304
-2055
-2830
-3526
-3623
-3303
-3056
-3012
-2976
-2749
-2710
-2978
-3221
-3207
-3382
-3019
-2594
-2541
-2500
-3543
-4204
-4650
-4660
-4134
-2254
3498
8709
9047
4306
-864
-2533
-1951
-1093
-675
-782
-989
1250
4621
6559
3954
-1139
-2700
-1120
1879
3657
4672
5387
4597
3459
2553
1416
-448
-2340
-2349
14
2082
2086
371
-1402
-1751
-1538
-951
-626
-892
-676
-175
-13
-1034
-2331
-2957
-2688
-1501
72
1020
635
-76
-241
-40
-171
-391
-413
-319
-296
-306
-6
328
875
1552
2116
2343
2028
2026
2196
2301
2119
1867
2191
2589
2746
2566
2232
1789
1070
583
940
1950
2842
3288
3168
2372
1228
341
193
126
-17
11
156
378
286
-9
-446
-964
-1369
-1525
-1577
-1540
-1272
-1000
-916
-1472
-2371
-3086
-3399
-3032
-2565
-2309
-2253
-2529
-2840
-3006
-3220
-3155
-2906
-2882
-2269
-1706
-1963
-2270
-3464
-4457
-4699
-4909
-4304
-2458
2644
8275
8991
4406
-1136
-3221
-1776
-45
568
-47
-1110
583
3900
5970
3890
-1088
-2961
-1115
2062
4073
4453
4358
3572
2659
2524
2163
742
-1159
-1768
63
2040
2077
290
-1601
-1968
-1355
-298
105
-592
-1256
-1141
-756
-1250
-2259
-2918
-2620
-1354
205
797
-136
-1313
-1159
-126
499
617
275
-107
-581
-760
-343
94
670
1372
2142
2564
2352
2074
1902
1944
2180
2552
3114
3467
3213
2633
2137
1871
1525
1156
1616
2485
3417
3926
3401
2372
1006
327
720
888
712
295
-42
17
-140
-377
-789
-1368
-1595
-1652
-1607
-1629
-1671
-1568
-1770
-2203
-2745
-3370
-3623
-3424
-3192
-3118
-3038
-2807
-2719
-3008
-3417
-3290
-2715
-2305
-2198
-2675
-3233
-3706
-3674
-3110
-2854
-3281
-4211
-4318
-1117
4754
8421
6759
1126
-2684
-2206
112
1752
1062
-1097
-1692
726
4602
5759
2036
-2145
-2805
189
3467
4152
3608
2802
2267
2422
2738
2367
425
-1982
-2043
112
1934
1693
-310
-1740
-1887
-1126
-143
-221
-1345
-2192
-1987
-1280
-1252
-2109
-2677
-2331
-924
538
587
-500
-1290
-916
133
904
1080
593
-556
-1252
-866
59
891
1217
1516
1811
2056
2419
2590
2428
2256
2443
3119
3683
3465
2785
2091
1802
1727
1574
1779
2396
3045
3143
2534
1502
546
554
1415
2001
1446
346
-246
-224
-90
-216
-479
-814
-1080
-1188
-1385
-1751
-1999
-1983
-1782
-1729
-1970
-2511
-3136
-3460
-3289
-2924
-2808
-2816
-3136
-3509
-3269
-2712
-2521
-2723
-2814
-2391
-2114
-2262
-2611
-3215
-3482
-3486
-3609
-3670
-3958
-1472
4402
8567
7888
2182
-2702
-2870
-972
1530
2572
1026
-150
578
3818
5720
2176
-2259
-3459
-476
3338
4343
4315
3536
1910
1256
1777
2789
1760
-1092
-1872
-249
1879
2348
649
-1138
-2154
-1672
-237
434
-300
-1704
-2343
-2146
-1791
-1665
-1722
-1550
-807
248
741
74
-613
-601
5
855
1241
1123
211
-698
-717
-182
570
998
1074
1336
1736
2357
2878
2779
2625
2543
2809
3223
3184
2803
2211
1934
1928
1934
2046
2204
2330
2328
2101
1816
1651
1798
1967
1496
571
-166
-288
113
502
687
404
-413
-1221
-1750
-1866
-1710
-1495
-1129
-967
-1155
-1661
-2321
-2842
-3341
-3592
-3254
-2781
-2436
-2515
-2763
-2642
-2808
-2841
-2451
-1862
-1479
-1976
-2859
-3523
-3551
-3281
-3185
-3500
-3942
-3897
-1392
3986
8094
7004
1374
-3333
-3447
-445
2447
3239
1146
-1136
-684
2229
4189
1635
-2312
-3093
-441
2766
4009
3633
2567
919
461
1806
2986
2086
-745
-2151
-697
1596
2280
863
-1117
-2297
-2190
-1034
185
-152
-1588
-2782
-2997
-2396
-1647
-1108
-913
-760
-255
110
-289
-568
-342
263
1003
1693
1967
1020
-621
-1504
-1159
-46
1114
1662
1831
1875
2282
2844
2754
2279
1829
1961
2795
3510
3612
3015
2174
1753
1690
2040
2368
2018
1330
901
1252
1708
1526
909
251
-204
-286
-94
206
313
58
-402
-921
-1233
-1345
-1447
-1559
-1419
-1049
-946
-1356
-2010
-2471
-2847
-3250
-3449
-3247
-2871
-2643
-2600
-2779
-3036
-3118
-2805
-1988
-1354
-1361
-1838
-2685
-3063
-2921
-2669
-2303
-2529
-3082
-3605
-3889
-1129
4187
7508
5714
-378
-4120
-2628
916
3953
3979
1239
-1226
-1413
1681
3878
1818
-1108
-1882
324
2817
3105
2608
1600
490
744
1868
2936
1997
-555
-1399
-68
1861
2481
1147
-890
-2349
-2114
-346
783
-53
-1744
-2885
-2739
-1641
-503
-17
-285
-680
-499
-237
-66
472
959
1515
2044
2195
1685
-5
-1597
-1807
-934
628
1827
2140
2104
1822
1879
1952
1642
1721
2132
2984
3873
3988
3329
2148
1221
1213
1815
2356
2106
1210
722
988
1417
1333
1016
815
573
254
156
386
500
288
20
-119
-242
-644
-1177
-1406
-1171
-639
-493
-879
-1499
-2114
-2536
-2740
-2755
-2694
-2504
-2330
-2322
-2621
-2895
-2707
-2033
-1390
-1100
-1102
-1377
-2027
-2882
-2924
-2582
-2064
-2192
-2948
-4087
-4345
-548
5177
7208
3141
-2918
-4649
-1374
2566
4764
3146
-842
-3114
-1657
2717
4091
1167
-1715
-1772
409
2041
2184
2159
1291
127
596
2073
3040
1016
-1769
-1883
258
2337
2330
645
-1345
-2483
-1853
-99
462
-476
-1931
-2527
-2217
-1239
-132
130
-253
-719
-583
-363
74
882
1411
1687
2003
2060
1319
-447
-1856
-1710
-558
1338
2396
2165
1430
766
1099
1690
1979
2208
2286
2808
3522
3476
2756
1554
975
1258
1788
2234
1711
802
397
493
760
644
416
386
244
188
150
-83
-250
-373
-325
-440
-836
-1196
-1515
-1513
-1155
-787
-876
-1527
-2244
-2521
-2516
-2582
-2646
-2679
-2550
-2411
-2539
-2559
-2411
-2215
-1815
-1358
-983
-1030
-1917
-2836
-2985
-2358
-1420
-1173
-1852
-3273
-4685
-2950
2318
6495
5320
-303
-4042
-2484
1603
4659
4304
527
-3020
-3072
929
4502
3169
-507
-2177
-829
1218
1876
1958
1712
398
-22
1253
2842
2249
-936
-2725
-1291
1520
2896
1495
-1030
-2602
-2554
-957
327
-1
-1268
-2585
-2776
-1982
-839
-25
-116
-543
-606
-519
-331
240
1036
1670
1956
2141
1862
523
-1191
-1641
-507
1368
2546
2270
1238
349
566
1757
2779
3097
2733
2417
2762
3116
2926
2467
2155
2277
2399
2381
2191
1485
767
395
507
889
1109
1259
1139
625
140
-273
-475
-370
-130
60
-175
-630
-908
-1114
-1279
-1332
-1300
-1421
-1869
-2158
-2134
-2125
-2433
-2860
-2852
-2572
-2358
-2276
-2119
-1767
-1460
-1270
-1328
-1615
-1744
-2013
-1961
-1398
-1003
-936
-1272
-2143
-2848
-4016
-4431
-937
4275
7107
3993
-2015
-3994
-1105
3060
5362
3807
-178
-2934
-1758
3164
5333
2458
-1253
-2179
-366
1098
1455
1851
1270
-236
-238
1094
2205
489
-2033
-1549
1103
3236
2559
-294
-2925
-3698
-2240
478
1251
-351
-2851
-4327
-3656
-2083
-547
237
-128
-741
-867
-848
-96
798
1463
2056
2117
1832
762
-968
-1340
-123
1373
2247
1644
628
98
196
1480
2706
3014
2770
2181
2148
2462
2508
2848
3093
3033
2655
1868
1526
1316
948
878
936
1145
1275
1093
790
-12
-915
-1143
-684
140
516
102
-571
-1078
-1076
-844
-882
-1072
-1338
-1556
-1647
-1796
-1993
-2311
-2832
-3082
-2973
-2580
-2139
-1905
-1855
-1809
-1798
-1708
-1554
-1682
-1571
-1564
-1498
-978
-457
-591
-1372
-2395
-2883
-2530
-2383
-2464
-3110
-1441
3169
6219
3918
-1899
-4444
-866
4594
6724
4809
-94
-3530
-2668
2150
6207
4421
-269
-2730
-1779
-115
665
1199
1715
556
-516
222
1690
1948
151
-514
855
2380
1890
-547
-2796
-2770
-931
947
749
-1834
-4150
-4566
-2867
-636
737
596
-654
-1813
-1728
-750
298
1376
1860
1606
788
47
-190
-256
1
912
1640
1522
861
275
620
1493
2150
2583
2530
2250
1972
1967
2550
3070
2922
2643
2585
2520
1965
1085
713
1017
1610
1926
1535
687
-222
-692
-679
-352
203
546
341
-368
-1027
-1118
-778
-497
-538
-865
-1191
-1501
-1876
-2121
-2281
-2425
-2595
-2593
-2341
-2162
-2260
-2395
-2284
-2080
-1876
-1645
-1385
-1216
-1262
-1331
-1169
-1069
-1277
-1335
-1242
-1200
-1396
-1811
-1768
-1774
-2124
-2629
-2603
-100
3627
4892
2116
-1691
-1954
1691
4525
4253
1620
-1387
-1630
949
4594
5089
996
-3009
-3088
-289
2192
2496
1811
722
-631
-151
1518
2588
1521
-172
46
1408
1878
606
-1469
-2537
-1678
-15
903
-309
-2410
-3312
-2461
-680
475
393
-633
-1673
-1895
-996
-47
424
486
171
-144
-246
-14
418
543
652
1043
963
474
293
930
2201
2582
2012
1450
1302
1770
2284
2600
2862
2753
2453
2340
2130
2003
1894
1979
2342
2202
1693
999
472
317
319
449
619
427
57
-208
-290
-158
-336
-577
-776
-932
-942
-938
-1034
-1326
-1828
-2157
-2048
-1831
-1613
-1693
-1889
-1941
-1982
-2165
-2363
-2167
-1478
-1150
-1520
-2129
-2336
-2133
-1913
-1595
-1254
-1117
-1581
-2089
-2443
-2109
-1721
-1609
-1872
-2247
-2584
-1802
1337
4302
3864
-426
-3304
-1332
3257
5415
3966
439
-2742
-2618
649
4776
4476
75
-2991
-1955
812
2154
2141
2055
1263
-435
-258
1243
2411
1509
367
676
1170
688
-646
-1466
-1039
315
1321
1150
-685
-2221
-2271
-1124
54
16
-762
-1872
-2509
-2070
-1119
-605
-357
-299
-216
-364
-511
-75
418
634
798
795
617
551
923
1563
1779
1590
1701
1899
1888
1684
1620
1931
2201
2381
2684
2773
2519
2220
2046
2001
1718
1348
1373
1566
1721
1681
1368
897
366
180
359
397
199
-143
-485
-709
-914
-921
-930
-1140
-1430
-1713
-1846
-1916
-1985
-2022
-2164
-2348
-2379
-2420
-2450
-2532
-2470
-2318
-2438
-2730
-2742
-2463
-2165
-2107
-2310
-2274
-2209
-2138
-1998
-1736
-1507
-1279
-1034
-883
-962
-1718
-2559
-2874
-873
2860
4908
2643
-1525
-2495
619
4065
4166
2027
-666
-1435
540
4087
5515
2586
-1153
-1361
1222
2676
2205
1393
1186
479
455
1829
2687
1362
-776
-543
1503
2592
1547
7
-538
144
1070
1317
412
-1136
-1715
-1168
-191
-57
-976
-2209
-2821
-2307
-1115
-606
-1116
-1704
-1764
-1349
-838
-143
583
590
-45
-529
-353
330
1226
1765
1636
821
198
627
1555
2234
2362
2146
1839
1526
1613
2384
3178
3441
3029
2197
1610
1550
2177
2843
2792
2017
1076
543
498
761
1017
921
214
-645
-1116
-941
-401
-148
-362
-969
-1519
-1703
-1655
-1597
-1607
-1723
-1826
-2088
-2563
-2890
-3066
-2877
-2605
-2411
-2474
-2848
-3313
-3537
-3382
-2863
-2073
-1605
-1539
-2059
-2361
-1962
-1227
-709
-989
-1518
-1840
-1783
-1772
-1576
-1693
-1222
685
2474
2143
-572
-1856
517
4112
4633
2431
-148
-1032
596
3467
5742
4069
-408
-2709
-797
2259
3226
2227
1158
48
-1000
131
2413
3530
1854
-21
135
1395
1840
1145
461
446
868
873
212
-1060
-1484
-923
-286
-356
-1208
-1996
-2607
-2840
-2238
-1136
-604
-646
-1007
-1035
-756
-411
442
1057
944
545
414
649
917
946
1125
1347
1195
1244
1405
1708
1916
1712
1632
1776
2143
2809
3257
3094
2553
1912
2029
2740
3173
2914
1827
810
695
1231
1655
1110
-140
-862
-759
-185
58
-257
-643
-1027
-1242
-1290
-1303
-1264
-1404
-1730
-2025
-2300
-2453
-2579
-2695
-2546
-2463
-2668
-3189
-3708
-3679
-3272
-2745
-2342
-2335
-2431
-2507
-2576
-2371
-1967
-1205
-535
-690
-1421
-2020
-1918
-1127
-676
-708
-1026
-1451
-1811
-1691
180
2832
3391
892
-1186
158
3515
4716
2923
978
-5
887
3128
5250
4487
308
-2276
-318
2950
3302
1261
37
544
554
932
1964
2450
1256
-418
-15
1655
2312
1422
225
-261
3
111
-151
-1030
-1932
-1923
-1694
-1675
-1987
-2127
-1968
-1991
-2028
-1822
-1754
-1582
-949
-63
541
303
-152
-314
-227
314
1178
1704
1421
637
244
570
977
1404
2013
2440
2276
1697
1638
2390
3212
3555
3474
3132
2778
2516
2507
2779
2826
2414
1649
966
763
808
688
378
-18
-199
-342
-608
-746
-777
-713
-771
-1070
-1408
-1821
-2129
-2037
-1834
-1824
-2297
-2928
-3228
-3209
-3059
-3005
-3038
-3098
-3217
-3325
-3315
-3065
-2715
-2451
-2252
-2070
-1906
-1752
-1495
-1229
-1020
-1036
-1045
-854
-576
-428
-527
-703
-613
-366
-374
-639
-775
588
2768
3518
1798
-100
918
3851
5181
3396
1101
142
1110
2984
4373
3690
675
-1555
-722
1614
2314
1239
176
144
303
969
2187
2589
1312
-372
-235
1108
1691
680
-605
-982
-631
-257
-391
-1151
-2015
-2292
-2121
-1734
-1583
-1627
-1715
-1837
-1622
-1304
-1271
-1226
-634
231
663
320
-57
83
399
902
1407
1643
1251
576
636
1539
2354
2507
2333
2101
1951
1960
2471
3146
3293
2987
2665
2429
2141
2015
2297
2576
2064
1127
564
659
974
891
421
-320
-872
-911
-538
-375
-668
-1103
-1465
-1719
-2077
-2237
-2124
-1997
-2028
-2170
-2423
-2792
-3110
-2956
-2490
-2377
-2675
-3062
-3125
-2972
-2659
-2180
-1955
-2039
-2185
-1974
-1430
-1099
-1050
-1077
-996
-788
-665
-635
-453
-147
-16
-137
-401
-393
-75
229
340
202
-209
-158
987
2808
3526
2075
629
1070
2810
3335
2034
662
56
497
1779
2991
2414
-118
-1676
-287
1738
1747
311
-392
139
369
525
1013
1136
297
-569
-259
653
589
-433
-1056
-765
-55
53
-559
-1376
-1863
-1681
-1153
-743
-681
-980
-1371
-1498
-1153
-661
-460
-379
75
643
725
424
585
1396
1995
1746
1051
737
1120
1890
2399
2336
1710
1182
1375
2062
2600
2503
2025
1667
1590
1845
2201
2165
1739
1201
916
868
696
575
451
138
-439
-909
-1015
-936
-882
-893
-890
-1121
-1521
-1784
-1802
-1692
-1651
-1731
-1892
-2080
-2170
-1937
-1722
-1825
-2204
-2329
-1971
-1701
-1826
-2023
-1887
-1657
-1676
-1768
-1551
-1225
-985
-867
-694
-444
-375
-352
-157
199
557
713
516
342
289
469
678
616
430
179
-12
-226
-377
-551
-192
849
1994
2164
1004
101
556
1794
2191
1473
387
-174
-89
582
1352
930
-585
-1705
-1174
115
589
78
-397
-390
-195
141
566
846
670
476
664
969
784
170
-104
201
605
544
75
-381
-445
-217
13
53
-70
-180
-211
-30
347
586
474
314
533
1030
1270
1075
912
1004
1186
1174
1028
1077
1202
1257
1186
1145
1198
1277
1293
1250
1125
1005
1033
1139
1196
958
529
189
47
48
4
-192
-429
-623
-843
-972
-976
-869
-811
-1023
-1225
-1258
-1193
-1208
-1303
-1252
-1068
-1056
-1287
-1432
-1388
-1212
-1226
-1379
-1502
-1541
-1467
-1364
-1262
-1252
-1421
-1611
-1506
-1170
-788
-545
-461
-508
-633
-494
27
543
558
162
-186
-174
131
371
379
150
-262
-557
-502
-257
-101
-379
-765
-981
-977
-957
-671
90
824
1021
196
-601
-599
64
721
643
21
-613
-821
-443
166
291
-46
-382
-394
-171
46
251
512
626
598
789
970
1096
1024
977
1221
1364
1211
811
577
777
1202
1398
1195
788
433
275
292
499
696
653
303
-112
-248
-113
19
77
181
335
374
207
100
184
336
452
467
449
277
39
-14
177
456
455
220
7
-56
9
153
360
446
253
-5
24
329
450
169
-175
-238
-84
-30
-44
-81
-153
-180
-170
52
330
364
109
-269
-357
-104
128
145
-37
-316
-539
-641
-540
-351
-364
-542
-674
-603
-540
-737
-963
-959
-757
-644
-758
-859
-826
-781
-753
-684
-585
-562
-636
-666
-583
-544
-593
-678
-725
-620
-558
-631
-834
-1113
-1223
-1125
-959
-958
-1157
-1325
-1155
-642
-32
368
320
5
-279
-124
328
673
596
187
113
368
679
759
659
649
532
359
550
1051
1449
1457
1366
1613
1941
2060
2003
1961
2002
1988
1869
1705
1614
1546
1445
1115
684
414
377
428
252
-49
-251
-281
-285
-383
-449
-466
-631
-913
-1033
-925
-798
-868
-980
-973
-909
-855
-911
-1016
-1075
-849
-388
-83
-231
-535
-555
-267
74
183
209
151
61
106
344
615
680
531
439
466
433
497
629
847
992
917
812
775
905
1174
1355
1338
1201
1008
941
950
1016
987
688
332
37
-159
-317
-473
-512
-522
-752
-1060
-1203
-1075
-907
-924
-933
-906
-998
-1258
-1418
-1187
-836
-865
-1300
-1734
-1862
-1659
-1438
-1337
-1377
-1473
-1484
-1484
-1369
-1169
-990
-967
-1107
-1201
-1223
-1208
-1184
-930
-459
-54
72
-87
-135
3
235
484
515
393
334
549
1081
1440
1530
1468
1322
1232
1261
1590
1998
2131
1972
1773
1659
1585
1541
1550
1589
1491
1295
1112
992
931
844
698
487
252
61
-94
-279
-481
-599
-672
-821
-1092
-1383
-1544
-1616
-1689
-1780
-1804
-1724
-1667
-1639
-1595
-1435
-1200
-1084
-1052
-954
-763
-559
-374
-145
130
298
403
540
691
827
886
965
1070
1099
1118
1203
1346
1467
1545
1581
1588
1605
1708
1909
1985
1921
1842
1819
1771
1577
1429
1414
1319
1020
627
432
435
354
92
-269
-501
-581
-622
-735
-1017
-1321
-1500
-1525
-1520
-1634
-1816
-1919
-1871
-1755
-1708
-1722
-1747
-1757
-1824
-1898
-1847
-1711
-1541
-1440
-1447
-1427
-1310
-1125
-965
-911
-821
-652
-524
-463
-479
-462
-492
-616
-609
-361
36
367
518
543
568
691
925
1207
1433
1504
1472
1448
1477
1491
1416
1330
1280
1223
1174
1182
1301
1380
1262
1074
944
871
753
665
698
682
440
104
-15
80
68
-237
-612
-786
-808
-847
-935
-1005
-1060
-1179
-1348
-1470
-1531
-1625
-1810
-1934
-1877
-1724
-1571
-1466
-1301
-1030
-713
-399
-172
-101
-142
-81
211
619
864
879
879
938
996
1020
1143
1482
1787
1899
1881
1886
1942
1943
1997
2183
2339
2239
2020
1902
1984
2104
2054
1923
1670
1423
1235
1102
1030
832
582
398
215
66
-158
-417
-612
-843
-903
-866
-919
-1169
-1566
-1751
-1672
-1584
-1680
-1843
-1917
-1874
-1848
-1816
-1710
-1628
-1585
-1605
-1572
-1448
-1317
-1208
-1168
-1199
-1202
-1032
-765
-566
-508
-450
-319
-243
-259
-242
-55
168
196
71
-81
-129
-10
248
532
639
575
505
543
714
976
1136
1112
964
830
817
851
836
760
522
168
-28
83
354
358
136
-72
-177
-175
-109
19
10
-217
-483
-546
-450
-409
-571
-846
-1033
-1074
-973
-943
-1061
-1202
-1265
-1291
-1363
-1425
-1436
-1496
-1538
-1446
-1216
-957
-851
-790
-629
-366
-82
144
321
507
726
991
1226
1325
1334
1316
1328
1373
1453
1565
1657
1726
1777
1779
1778
1853
1956
2035
1957
1830
1805
1769
1715
1591
1524
1433
1193
918
693
616
582
521
461
276
-57
-385
-545
-497
-510
-672
-896
-1077
-1132
-1064
-920
-890
-1044
-1338
-1548
-1565
-1442
-1302
-1258
-1260
-1327
-1351
-1252
-1058
-875
-822
-850
-784
-586
-334
-74
93
190
186
129
101
103
171
271
319
280
162
59
72
123
171
214
267
383
508
579
548
453
419
453
522
493
369
230
128
116
79
-24
-187
-331
-375
-335
-296
-316
-399
-482
-493
-445
-444
-487
-517
-498
-393
-344
-414
-603
-792
-810
-722
-650
-709
-843
-876
-774
-634
-570
-581
-600
-579
-518
-452
-421
-358
-220
-50
118
189
228
298
424
606
741
826
911
1032
1243
1462
1570
1572
1511
1475
1526
1642
1760
1783
1717
1675
1686
1664
1547
1358
1243
1181
1132
1084
991
812
568
446
453
413
270
123
83
137
177
150
66
-68
-289
-517
-622
-597
-607
-759
-957
-1064
-1043
-1023
-1083
-1172
-1201
-1141
-1075
-970
-858
-789
-739
-724
-727
-726
-687
-621
-482
-324
-238
-286
-403
-390
-186
23
59
-48
-124
-63
-6
13
-13
-99
-210
-324
-381
-340
-257
-202
-185
-189
-138
-103
-146
-202
-286
-274
-254
-299
-317
-324
-240
-210
-315
-445
-562
-541
-433
-364
-370
-462
-543
-538
-460
-344
-285
-343
-469
-539
-457
-237
-48
-54
-229
-412
-436
-321
-168
-100
-154
-303
-495
-601
-540
-394
-353
-447
-563
-595
-529
-390
-135
129
303
310
222
255
443
700
898
953
923
895
915
996
1092
1148
1132
1064
1045
1129
1182
1164
1104
1055
1083
1085
1073
1088
1060
1023
974
963
952
810
662
557
506
483
393
365
384
374
319
201
122
107
121
117
40
-113
-238
-329
-371
-402
-483
-549
-605
-636
-638
-633
-615
-602
-609
-598
-552
-533
-534
-505
-417
-294
-276
-342
-344
-302
-272
-312
-383
-419
-470
-486
-477
-439
-419
-521
-646
-758
-767
-656
-514
-386
-375
-377
-381
-392
-347
-336
-342
-380
-406
-375
-351
-350
-410
-477
-545
-614
-591
-493
-368
-313
-332
-294
-199
-97
-64
-44
28
102
162
143
114
94
76
83
53
-33
-219
-372
-383
-303
-250
-308
-381
-394
-375
-335
-252
-172
-178
-209
-114
158
384
435
408
409
442
442
421
444
522
608
647
651
675
717
783
838
914
1028
1126
1151
1120
1190
1342
1439
1374
1185
1093
1126
1249
1291
1167
1013
871
873
907
836
751
658
636
617
526
463
413
404
388
285
175
75
-13
-56
-61
-97
-226
-438
-610
-630
-576
-558
-627
-714
-746
-767
-796
-830
-832
-754
-662
-667
-758
-835
-804
-683
-598
-574
-615
-640
-613
-592
-564
-585
-617
-603
-600
-633
-692
-757
-777
-790
-773
-619
-517
-526
-576
-595
-454
-326
-282
-273
-314
-292
-256
-184
-85
-114
-186
-237
-226
-127
-64
-4
83
164
201
138
41
28
99
162
137
56
15
23
34
36
-21
-124
-198
-241
-202
-135
-106
-123
-199
-240
-222
-183
-170
-226
-301
-331
-312
-247
-192
-148
-97
-65
-22
11
23
95
272
474
591
594
618
756
930
1086
1173
1203
1213
1230
1321
1496
1612
1611
1531
1450
1416
1379
1310
1226
1152
1114
1095
1060
995
882
791
773
806
826
759
645
520
431
378
323
241
105
-58
-220
-337
-400
-453
-528
-644
-784
-905
-970
-1015
-1058
-1059
-998
-942
-936
-920
-895
-891
-912
-881
-773
-698
-733
-820
-844
-801
-725
-650
-624
-608
-629
-618
-565
-533
-507
-527
-606
-690
-669
-509
-312
-211
-230
-316
-399
-381
-271
-130
-109
-173
-152
-62
39
54
32
17
-76
-142
-133
-43
39
-34
-154
-224
-213
-159
-124
-99
-108
-161
-225
-239
-172
-107
-108
-177
-260
-335
-385
-369
-309
-256
-288
-371
-420
-390
-343
-363
-442
-495
-445
-341
-227
-123
-31
55
81
114
228
428
639
740
832
992
1163
1312
1385
1375
1335
1339
1398
1509
1577
1549
1486
1465
1509
1505
1455
1368
1270
1228
1199
1185
1131
1022
894
776
714
666
628
546
408
287
234
204
101
-62
-230
-345
-433
-549
-653
-732
-813
-889
-948
-993
-1059
-1155
-1201
-1183
-1171
-1169
-1168
-1118
-1088
-1088
-1048
-959
-838
-761
-749
-710
-640
-565
-483
-436
-404
-385
-401
-387
-329
-255
-212
-280
-366
-401
-407
-351
-292
-243
-162
-82
27
46
-9
-16
23
166
238
204
125
8
-17
48
142
106
-87
-250
-281
-182
-92
-63
-75
-144
-198
-207
-124
-51
-36
-36
-79
-115
-173
-208
-206
-232
-312
-387
-436
-453
-457
-492
-543
-609
-652
-638
-611
-564
-528
-504
-418
-290
-176
-78
20
139
255
329
410
508
676
852
1021
1166
1233
1264
1295
1391
1548
1669
1698
1664
1661
1730
1797
1791
1654
1465
1352
1313
1323
1298
1211
1099
978
862
755
659
580
498
447
408
347
256
136
46
-47
-169
-324
-477
-602
-685
-707
-720
-774
-880
-986
-1041
-1056
-1051
-1075
-1099
-1056
-951
-841
-787
-758
-673
-553
-457
-394
-358
-308
-246
-179
-111
-78
-99
-147
-167
-148
-98
-61
-47
-71
-112
-93
-104
-153
-243
-311
-252
-158
-96
-108
-174
-274
-388
-418
-398
-377
-417
-489
-530
-523
-485
-489
-553
-690
-793
-789
-727
-639
-625
-682
-752
-775
-705
-609
-525
-502
-556
-606
-589
-470
-324
-242
-255
-295
-314
-298
-224
-147
-106
-115
-123
-96
-60
-25
7
38
62
74
93
176
323
486
602
663
716
804
931
1079
1220
1306
1349
1365
1377
1394
1401
1405
1387
1327
1231
1154
1124
1123
1090
1006
912
851
823
780
742
658
559
452
361
340
260
158
30
-86
-138
-231
-278
-323
-402
-455
-537
-568
-600
-644
-640
-618
-580
-570
-580
-573
-573
-560
-535
-520
-519
-521
-496
-409
-299
-251
-206
-132
-27
59
120
178
226
270
307
333
339
317
288
287
286
223
124
11
-72
-121
-180
-248
-321
-408
-449
-438
-400
-390
-447
-481
-517
-551
-602
-643
-637
-691
-752
-791
-801
-828
-915
-996
-1043
-1015
-953
-899
-871
-855
-792
-703
-587
-516
-479
-441
-370
-242
-141
-81
-40
-3
30
52
81
101
110
136
159
182
198
223
284
356
409
435
447
445
465
521
597
673
695
691
716
779
838
857
869
901
966
1029
1035
1009
993
982
975
937
853
766
715
679
649
593
488
345
216
179
184
181
122
25
-58
-119
-121
-102
-89
-85
-98
-110
-120
-128
-116
-146
-191
-218
-260
-286
-301
-294
-259
-247
-235
-209
-188
-141
-58
50
121
145
175
223
299
393
469
525
540
495
448
451
479
463
397
314
268
235
181
125
41
-75
-209
-308
-357
-410
-512
-665
-777
-805
-807
-813
-865
-962
-1097
-1185
-1210
-1223
-1242
-1297
-1285
-1247
-1254
-1290
-1352
-1370
-1360
-1292
-1165
-1084
-1033
-973
-852
-687
-564
-482
-413
-330
-213
-57
94
215
282
327
386
466
544
559
558
596
657
687
676
657
664
696
721
697
625
566
578
658
741
775
750
708
710
728
731
704
678
682
690
703
694
639
565
489
434
390
339
305
271
231
194
148
100
49
1
-34
-67
-91
-94
-103
-121
-143
-182
-188
-193
-211
-199
-203
-205
-238
-252
-184
-122
-84
-116
-149
-120
-87
-36
-14
8
58
120
215
285
319
332
355
405
468
541
608
664
694
722
747
747
738
716
691
683
688
667
609
550
515
482
428
342
231
112
10
-57
-148
-298
-456
-586
-674
-745
-834
-928
-1040
-1137
-1206
-1241
-1258
-1302
-1339
-1383
-1429
-1453
-1473
-1467
-1468
-1491
-1487
-1441
-1365
-1299
-1242
-1154
-1042
-926
-817
-706
-595
-483
-363
-245
-120
-8
85
166
259
368
485
606
703
752
773
820
911
1018
1075
1078
1057
1044
1079
1138
1153
1113
1018
945
923
901
864
821
797
778
719
655
608
565
532
494
460
426
360
275
194
159
140
104
39
-53
-142
-205
-224
-239
-299
-364
-394
-396
-395
-395
-388
-390
-398
-396
-378
-338
-290
-242
-197
-179
-183
-192
-207
-222
-234
-218
-185
-167
-179
-182
-150
-103
-67
-50
-33
-13
19
64
98
143
191
236
329
423
489
502
492
513
528
577
667
733
757
743
790
880
893
823
755
728
707
683
712
723
650
551
481
443
359
250
157
70
-29
-123
-173
-223
-314
-426
-511
-602
-754
-892
-976
-1032
-1108
-1222
-1320
-1392
-1434
-1457
-1480
-1511
-1545
-1549
-1517
-1448
-1371
-1306
-1251
-1186
-1091
-989
-905
-835
-762
-661
-529
-392
-280
-217
-181
-109
16
137
244
328
402
486
581
689
764
814
867
903
932
962
997
1035
1046
1045
1014
961
917
870
832
783
707
617
530
441
359
265
160
64
-27
-110
-207
-294
-379
-453
-491
-516
-558
-605
-638
-627
-585
-534
-502
-490
-459
-414
-347
-251
-162
-119
-103
-84
-20
73
163
227
284
363
433
505
581
656
719
762
810
858
901
944
978
1003
996
957
914
887
885
848
780
725
655
568
479
409
348
257
152
57
-40
-135
-222
-305
-374
-472
-595
-694
-777
-830
-880
-935
-983
-1038
-1088
-1130
-1153
-1172
-1203
-1215
-1217
-1211
-1200
-1161
-1117
-1098
-1072
-1032
-999
-972
-942
-896
-839
-778
-723
-642
-534
-441
-365
-294
-206
-92
28
147
246
321
395
466
581
673
721
768
789
815
819
829
852
837
833
824
823
812
778
778
759
727
687
636
606
594
607
615
586
544
449
350
271
164
103
33
-39
-104
-194
-218
-283
-359
-402
-499
-532
-588
-605
-577
-595
-572
-562
-547
-532
-545
-501
-463
-462
-440
-422
-387
-342
-297
-244
-215
-204
-155
-106
-58
-19
3
55
93
148
211
250
277
300
321
361
434
495
551
592
641
715
768
802
843
888
928
957
958
951
928
891
867
817
768
733
703
701
670
627
589
504
409
349
333
319
279
244
223
199
142
65
-11
-101
-176
-226
-282
-370
-479
-582
-670
-760
-877
-976
-1037
-1064
-1087
-1113
-1127
-1134
-1119
-1078
-1013
-964
-942
-927
-897
-829
-759
-683
-597
-516
-427
-348
-289
-221
-166
-122
-54
10
78
125
180
251
323
394
433
466
497
534
571
594
603
593
592
582
573
565
523
478
411
343
303
253
193
115
33
-42
-115
-184
-253
-333
-391
-423
-455
-477
-505
-511
-500
-489
-449
-401
-351
-290
-231
-172
-129
-89
-18
61
146
215
287
363
422
475
531
572
598
620
639
669
683
682
690
674
656
641
616
598
586
568
524
450
389
335
279
231
174
93
5
-86
-162
-242
-357
-454
-510
-562
-622
-696
-791
-873
-946
-993
-1022
-1044
-1048
-1018
-954
-910
-874
-847
-821
-769
-694
-627
-577
-542
-497
-425
-352
-295
-252
-210
-155
-98
-48
10
47
88
144
214
289
340
376
420
478
535
589
628
660
701
747
787
813
810
788
781
778
771
747
710
660
608
568
523
462
408
354
306
250
182
116
33
-42
-89
-108
-132
-177
-230
-270
-288
-324
-353
-398
-455
-506
-556
-602
-647
-693
-743
-777
-784
-782
-777
-772
-764
-741
-704
-650
-597
-528
-460
-398
-320
-242
-182
-134
-88
-28
47
118
179
223
255
291
323
359
392
430
465
479
488
492
497
521
559
595
613
632
650
653
645
625
622
609
589
572
544
508
457
396
326
256
205
158
106
52
-20
-89
-153
-205
-249
-294
-343
-390
-425
-457
-495
-511
-511
-514
-521
-538
-557
-578
-582
-581
-571
-543
-511
-467
-426
-401
-389
-375
-347
-301
-254
-208
-170
-122
-62
-13
35
85
124
170
225
276
335
374
401
436
474
509
529
539
555
574
575
564
546
525
508
491
480
467
441
399
353
321
293
251
205
143
62
-14
-61
-102
-143
-191
-250
-300
-340
-358
-387
-424
-450
-463
-459
-460
-479
-502
-526
-548
-553
-515
-473
-433
-395
-362
-332
-313
-288
-247
-179
-102
-41
12
66
116
185
250
283
325
368
424
485
542
582
601
605
610
631
644
650
643
616
587
573
572
562
543
512
467
411
358
305
260
218
170
125
80
30
-18
-78
-154
-234
-303
-357
-401
-456
-507
-569
-631
-665
-678
-678
-685
-691
-709
-717
-711
-711
-706
-697
-676
-652
-619
-584
-553
-508
-444
-383
-337
-284
-209
-130
-77
-27
35
105
169
229
294
356
414
464
515
542
563
590
618
636
651
651
647
658
677
709
729
726
723
702
665
616
559
519
459
407
367
334
291
239
194
138
76
22
-20
-71
-128
-205
-286
-343
-390
-426
-476
-531
-591
-655
-707
-740
-751
-742
-744
-765
-786
-809
-810
-793
-755
-713
-662
-607
-569
-532
-493
-456
-414
-365
-329
-274
-201
-127
-40
35
97
159
223
265
307
344
379
425
482
543
582
606
620
639
672
697
738
784
794
796
784
761
741
727
712
686
653
611
554
497
428
362
304
240
184
128
52
-22
-90
-145
-210
-289
-361
-417
-447
-468
-492
-529
-565
-610
-623
-635
-663
-690
-711
-725
-718
-699
-696
-690
-685
-684
-678
-640
-583
-520
-468
-436
-402
-360
-305
-239
-163
-94
-32
26
79
118
146
177
224
270
324
377
413
447
468
490
504
513
533
544
551
550
523
484
458
445
441
434
419
410
418
445
463
449
385
308
249
206
186
169
136
66
16
8
-24
-78
-146
-224
-271
-315
-326
-328
-367
-404
-429
-436
-461
-512
-544
-552
-544
-547
-578
-592
-593
-552
-476
-435
-424
-426
-414
-387
-340
-291
-254
-233
-194
-136
-65
4
50
116
180
248
331
408
462
519
580
651
688
686
675
655
653
642
611
564
505
463
433
389
342
290
241
198
149
85
6
-69
-116
-150
-189
-222
-267
-313
-361
-408
-459
-504
-527
-539
-542
-535
-530
-521
-502
-492
-478
-462
-449
-415
-368
-326
-284
-231
-167
-97
-17
48
88
117
160
213
277
341
400
458
496
532
576
606
630
653
648
645
632
606
603
578
550
534
511
465
406
356
303
246
209
168
129
97
62
12
-54
-107
-148
-193
-234
-283
-333
-378
-434
-474
-495
-528
-555
-569
-581
-590
-593
-583
-580
-575
-568
-551
-512
-467
-419
-393
-381
-364
-329
-283
-232
-180
-135
-98
-67
-32
8
61
124
183
230
278
319
347
382
414
439
443
439
429
428
432
439
447
445
458
459
456
446
428
404
381
367
343
321
308
298
273
247
216
170
129
106
86
68
45
-10
-68
-115
-154
-168
-158
-149
-168
-201
-250
-314
-353
-369
-360
-338
-339
-352
-375
-375
-356
-326
-286
-262
-242
-235
-226
-200
-172
-136
-98
-79
-62
-31
7
37
59
77
86
102
130
152
168
173
172
152
143
137
143
145
140
133
107
91
67
44
23
-2
-29
-53
-67
-88
-114
-133
-161
-193
-225
-259
-276
-290
-308
-317
-321
-312
-282
-249
-223
-207
-191
-175
-161
-149
-133
-105
-85
-60
-18
13
35
58
65
58
69
92
130
166
189
224
248
267
289
311
324
311
305
316
338
350
349
348
342
331
318
299
257
231
200
165
135
108
96
94
92
63
20
-26
-60
-93
-118
-143
-172
-189
-200
-206
-219
-236
-280
-324
-347
-369
-384
-397
-418
-431
-426
-408
-370
-337
-310
-278
-254
-226
-201
-164
-125
-85
-34
5
46
93
143
196
247
304
347
378
415
444
470
490
500
517
530
549
569
578
565
542
506
473
455
435
422
419
410
387
367
332
302
273
240
207
175
143
106
63
14
-44
-99
-140
-188
-229
-271
-309
-352
-389
-423
-450
-455
-451
-433
-412
-398
-398
-411
-412
-399
-385
-350
-323
-303
-283
-284
-291
-298
-299
-291
-268
-232
-215
-208
-210
-207
-192
-161
-148
-146
-128
-104
-80
-64
-45
-36
-36
-24
-10
10
29
32
26
27
34
47
69
80
69
45
16
-2
-4
16
43
47
43
49
59
64
63
66
72
78
74
58
48
34
12
-2
-9
-12
-15
-13
-13
-27
-49
-67
-78
-69
-52
-29
-10
-13
-24
-24
-10
6
27
59
87
102
107
107
93
87
97
108
128
141
128
130
133
146
164
164
177
178
170
154
148
145
141
128
115
105
77
67
56
38
20
9
6
-9
-43
-95
-139
-180
-213
-228
-233
-238
-242
-245
-267
-291
-302
-311
-310
-294
-280
-287
-307
-324
-334
-323
-298
-280
-264
-264
-264
-259
-243
-225
-215
-204
-188
-169
-150
-139
-138
-123
-111
-102
-84
-59
-23
23
57
86
111
113
131
162
179
199
219
231
246
274
303
326
339
343
350
349
345
344
350
363
364
359
363
369
369
354
325
300
295
289
284
289
278
252
215
188
164
145
121
96
65
35
13
-21
-58
-80
-95
-114
-137
-175
-215
-249
-255
-248
-252
-250
-253
-252
-240
-236
-217
-194
-171
-141
-118
-88
-68
-40
1
42
69
95
128
153
188
216
228
238
253
276
292
304
319
352
379
391
387
384
399
410
412
396
378
362
338
316
295
281
264
233
206
182
143
101
46
-16
-74
-117
-133
-155
-164
-184
-214
-239
-275
-306
-333
-353
-375
-389
-406
-423
-426
-420
-411
-413
-409
-402
-404
-393
-380
-367
-347
-329
-317
-306
-281
-254
-220
-197
-190
-187
-185
-186
-179
-152
-132
-109
-100
-100
-101
-97
-74
-64
-48
-29
-24
-28
-37
-48
-62
-48
-28
-5
2
-1
-9
-22
-27
-23
-15
-17
-9
-8
-19
-30
-51
-69
-69
-54
-32
-12
-5
-3
7
17
29
48
77
112
135
146
147
150
161
169
189
213
237
257
281
297
299
298
300
304
311
321
319
324
331
345
339
322
329
334
342
343
324
298
284
275
259
242
232
217
190
171
143
99
63
21
-22
-64
-95
-122
-153
-180
-216
-244
-269
-292
-314
-344
-372
-399
-420
-432
-441
-448
-449
-448
-434
-419
-411
-415
-422
-414
-394
-379
-358
-331
-308
-274
-248
-219
-188
-166
-150
-123
-96
-71
-35
-6
27
50
63
84
113
136
163
188
209
231
246
257
274
290
306
323
321
310
289
270
259
236
214
194
172
151
126
91
63
52
48
38
15
-15
-49
-81
-106
-118
-130
-139
-143
-157
-165
-172
-193
-209
-209
-204
-218
-221
-215
-210
-212
-206
-196
-178
-156
-132
-113
-101
-84
-70
-45
-22
11
46
92
137
164
183
209
228
240
257
281
308
339
368
387
395
406
422
433
438
442
440
435
425
419
400
385
375
353
322
288
257
228
209
187
163
133
100
63
22
-11
-35
-53
-73
-99
-131
-158
-186
-209
-226
-255
-264
-269
-287
-309
-340
-370
-376
-372
-375
-373
-371
-355
-345
-326
-316
-323
-317
-306
-295
-291
-275
-253
-228
-195
-170
-139
-116
-94
-70
-49
-27
-1
28
57
71
65
63
72
82
86
84
102
126
146
169
160
139
135
127
120
121
109
89
72
54
37
15
-8
-12
-6
-7
-19
-35
-46
-68
-87
-95
-96
-97
-100
-100
-110
-127
-143
-158
-153
-144
-142
-130
-120
-113
-101
-77
-56
-31
-26
-29
-26
-10
15
36
53
60
79
101
121
135
151
173
195
231
257
276
294
295
301
320
337
332
331
336
326
320
305
299
306
288
272
252
238
215
186
169
144
115
94
72
47
25
-1
-23
-35
-47
-70
-94
-122
-162
-192
-209
-215
-220
-235
-252
-258
-262
-269
-275
-284
-282
-277
-274
-265
-259
-255
-253
-248
-230
-218
-203
-176
-154
-132
-119
-112
-97
-84
-62
-42
-17
9
21
45
73
96
111
124
155
172
181
174
157
149
139
146
160
179
179
166
157
140
127
113
105
98
88
81
74
55
35
29
18
12
10
4
-19
-44
-60
-72
-73
-82
-97
-106
-109
-110
-118
-126
-127
-127
-137
-142
-141
-141
-126
-118
-110
-100
-91
-84
-80
-55
-27
-2
8
12
14
24
47
64
82
110
139
157
166
164
179
196
213
224
233
242
242
245
242
242
246
242
236
222
210
211
209
198
186
171
156
145
137
118
93
62
21
-5
-23
-50
-64
-75
-91
-101
-113
-121
-134
-141
-157
-175
-186
-199
-199
-215
-230
-238
-248
-249
-244
-235
-235
-245
-254
-261
-269
-272
-271
-255
-232
-212
-203
-192
-173
-160
-149
-136
-121
-117
-118
-112
-103
-84
-71
-70
-68
-69
-72
-50
-32
-33
-28
-31
-18
-11
-27
-34
-29
-14
-6
3
4
8
23
24
32
34
22
14
17
10
11
13
9
10
12
12
11
9
8
11
8
3
1
-3
-7
-6
-4
1
3
2
-5
-1
4
8
24
38
41
45
52
44
50
63
76
78
82
90
86
78
74
78
71
65
73
80
85
94
98
107
120
136
143
149
163
165
161
166
163
155
153
146
131
125
121
115
112
105
94
87
79
64
56
42
31
21
7
-3
-11
-25
-40
-54
-63
-74
-87
-98
-114
-123
-128
-136
-146
-156
-162
-169
-179
-184
-177
-166
-158
-150
-139
-118
-100
-85
-60
-40
-28
-23
-23
-14
4
24
39
64
84
88
93
100
111
112
119
138
147
143
133
135
142
147
142
142
146
138
118
101
96
90
76
55
33
15
-2
-17
-30
-39
-54
-88
-112
-125
-145
-166
-189
-202
-216
-236
-260
-276
-284
-283
-280
-274
-272
-271
-265
-248
-229
-214
-198
-179
-159
-140
-122
-104
-73
-42
-23
1
37
64
76
103
136
162
186
214
241
272
309
337
363
381
394
393
395
400
399
393
384
383
362
346
329
302
275
242
220
194
175
149
115
90
67
34
-8
-38
-62
-102
-135
-168
-206
-234
-263
-285
-309
-328
-348
-368
-380
-393
-398
-394
-392
-378
-367
-350
-332
-319
-295
-266
-242
-217
-187
-165
-150
-131
-108
-85
-53
-22
-5
11
27
51
73
94
117
140
156
161
172
180
193
201
198
199
197
196
198
201
191
175
163
148
128
108
91
84
77
71
55
29
10
-3
-22
-36
-43
-55
-80
-98
-105
-116
-125
-127
-121
-113
-113
-111
-104
-91
-83
-75
-54
-39
-34
-21
-1
9
15
22
33
45
55
69
77
88
106
108
106
119
133
144
158
174
186
203
215
217
219
209
197
195
195
186
168
163
152
134
114
96
88
75
62
51
32
8
-23
-46
-59
-73
-94
-106
-119
-147
-179
-199
-214
-225
-233
-248
-269
-286
-295
-296
-293
-301
-307
-314
-321
-311
-303
-294
-281
-261
-250
-246
-232
-219
-201
-180
-163
-145
-130
-111
-87
-60
-32
-7
13
34
60
78
100
115
124
136
136
135
147
164
180
202
215
217
215
206
195
183
174
176
173
164
159
150
133
107
90
68
36
10
-11
-40
-63
-78
-103
-120
-141
-164
-187
-207
-220
-219
-210
-203
-204
-199
-194
-190
-190
-189
-168
-149
-133
-121
-110
-90
-76
-50
-15
5
28
47
59
73
95
119
147
169
195
220
231
250
262
275
294
307
319
323
326
337
332
318
309
302
294
278
268
259
246
227
213
199
167
135
111
93
75
61
38
20
11
-7
-28
-45
-58
-66
-74
-71
-74
-84
-100
-120
-134
-156
-168
-173
-178
-183
-190
-197
-203
-207
-218
-223
-220
-220
-219
-214
-205
-198
-190
-179
-172
-153
-139
-132
-119
-107
-104
-98
-85
-69
-49
-29
-5
11
20
28
43
61
79
99
129
154
177
200
218
239
254
267
272
275
278
272
258
249
240
220
192
161
138
118
98
76
58
43
23
-10
-39
-65
-93
-106
-121
-131
-137
-144
-150
-157
-161
-168
-173
-178
-176
-177
-171
-157
-152
-145
-136
-123
-104
-86
-59
-36
-14
11
41
71
96
113
124
146
162
173
187
197
211
216
222
229
229
235
232
220
213
202
189
183
169
153
130
109
85
58
33
18
8
-4
-22
-40
-52
-72
-90
-103
-104
-102
-108
-117
-125
-133
-152
-160
-157
-165
-185
-200
-210
-218
-219
-221
-224
-232
-240
-247
-250
-249
-239
-225
-211
-195
-186
-180
-174
-166
-149
-137
-117
-95
-81
-65
-59
-51
-33
-17
-4
15
32
50
68
83
100
123
145
160
182
203
215
218
220
233
236
237
238
229
223
202
182
162
139
125
109
96
77
55
34
24
8
-13
-21
-27
-46
-66
-83
-103
-117
-126
-138
-140
-140
-148
-161
-167
-165
-166
-164
-161
-149
-142
-130
-124
-123
-118
-108
-93
-71
-59
-60
-53
-46
-35
-22
-6
13
33
50
67
81
83
86
101
123
139
147
140
140
143
153
160
155
150
156
165
157
157
162
172
185
183
174
161
150
143
137
135
126
118
110
103
97
81
65
51
36
22
4
-17
-32
-45
-54
-61
-71
-85
-101
-110
-121
-124
-127
-127
-131
-138
-143
-149
-148
-148
-146
-152
-143
-127
-123
-123
-126
-123
-121
-118
-113
-101
-90
-77
-67
-58
-45
-47
-44
-28
-12
2
12
25
34
43
54
49
53
65
72
77
78
77
73
80
84
73
66
66
70
79
84
85
81
74
63
51
40
32
23
19
20
17
15
7
4
-7
-21
-38
-50
-57
-64
-75
-88
-95
-97
-98
-99
-104
-107
-97
-94
-95
-92
-86
-81
-79
-74
-71
-71
-68
-65
-66
-74
-81
-86
-88
-74
-63
-53
-48
-48
-45
-42
-41
-44
-37
-30
-26
-16
-9
-6
-6
-6
-11
-18
-9
3
4
3
6
14
13
13
13
15
22
28
30
38
45
44
43
46
50
49
52
68
83
91
87
83
78
72
74
73
83
95
100
99
97
90
84
86
84
90
95
91
85
82
80
78
72
73
71
62
50
41
38
34
33
27
17
12
3
-2
-8
-15
-19
-25
-35
-37
-38
-41
-37
-33
-37
-44
-48
-53
-57
-63
-59
-50
-43
-40
-46
-54
-61
-61
-56
-53
-48
-47
-45
-38
-36
-39
-39
-30
-18
-14
-9
0
9
16
19
20
24
32
46
56
57
56
59
64
71
76
80
83
83
86
93
91
84
78
70
65
62
56
50
52
46
34
25
17
14
4
-10
-25
-42
-54
-62
-77
-89
-99
-117
-132
-141
-154
-162
-162
-172
-180
-180
-174
-175
-179
-179
-176
-168
-165
-164
-159
-155
-149
-138
-123
-108
-94
-77
-61
-42
-29
-22
-7
11
30
50
67
78
89
108
125
139
151
165
176
182
187
188
191
199
199
201
205
202
200
197
189
183
175
162
147
136
127
115
99
84
76
64
49
32
17
6
-10
-29
-46
-54
-60
-70
-83
-94
-100
-105
-115
-122
-129
-134
-136
-139
-146
-149
-145
-142
-140
-134
-132
-124
-115
-109
-99
-87
-76
-64
-50
-32
-19
-8
5
19
34
46
61
76
95
109
118
128
141
153
163
171
174
177
183
184
185
184
179
173
168
157
143
128
110
94
75
56
38
20
4
-14
-31
-50
-70
-88
-107
-125
-146
-162
-175
-188
-196
-202
-212
-219
-224
-231
-233
-233
-232
-228
-221
-218
-211
-202
-191
-180
-169
-158
-147
-130
-113
-98
-84
-67
-49
-33
-15
0
18
36
54
67
84
101
118
133
146
159
171
180
187
196
200
202
203
207
206
205
207
204
201
196
188
178
168
157
146
136
121
108
93
77
62
48
35
23
10
-2
-18
-34
-48
-59
-71
-83
-91
-99
-106
-110
-116
-125
-131
-135
-134
-133
-137
-138
-139
-138
-134
-130
-127
-120
-110
-103
-96
-89
-81
-70
-58
-49
-36
-26
-10
5
18
27
40
48
55
62
69
79
87
95
101
107
109
113
115
112
107
103
101
98
93
85
80
71
65
55
47
42
33
28
20
9
-5
-22
-33
-40
-47
-55
-60
-66
-75
-83
-87
-91
-95
-100
-105
-110
-116
-119
-119
-117
-115
-115
-118
-120
-118
-118
-117
-115
-114
-109
-106
-103
-103
-101
-89
-85
-87
-81
-74
-63
-54
-41
-27
-17
-6
4
10
17
29
48
60
72
86
95
107
117
128
135
141
147
151
157
163
164
162
161
158
157
156
158
156
153
150
145
142
142
138
134
123
110
103
95
84
74
70
65
58
51
39
25
16
9
1
-2
-11
-20
-34
-45
-51
-57
-59
-61
-66
-71
-76
-81
-80
-76
-71
-69
-64
-63
-58
-51
-48
-47
-46
-39
-35
-26
-25
-28
-28
-25
-24
-23
-15
-8
-6
0
7
12
14
14
14
14
13
14
17
24
27
25
17
10
7
2
-2
-6
-12
-13
-15
-19
-22
-26
-30
-32
-35
-41
-47
-51
-59
-67
-73
-78
-85
-91
-93
-100
-107
-110
-110
-107
-107
-104
-108
-110
-106
-101
-94
-91
-89
-84
-79
-75
-71
-65
-59
-53
-43
-28
-20
-15
-6
2
10
14
19
29
37
42
49
58
66
71
77
79
81
83
86
88
91
86
82
83
82
85
86
85
83
74
72
71
65
59
55
51
48
45
39
31
26
27
28
28
25
27
33
34
35
35
37
36
39
42
43
45
48
52
52
49
42
44
47
48
49
43
41
37
33
30
25
20
17
11
8
5
3
-2
-5
-7
-9
-14
-23
-30
-35
-43
-49
-55
-59
-62
-66
-72
-79
-86
-90
-96
-100
-100
-99
-98
-99
-100
-101
-99
-96
-94
-91
-84
-79
-77
-69
-60
-55
-52
-44
-36
-28
-23
-15
-7
1
8
14
21
25
31
37
43
46
47
50
49
47
46
44
40
39
36
33
30
28
25
20
15
11
5
-2
-5
-9
-15
-21
-26
-32
-36
-38
-41
-44
-46
-48
-51
-54
-57
-58
-56
-55
-52
-48
-47
-42
-34
-29
-24
-16
-6
0
7
19
29
39
50
62
71
80
89
97
101
110
118
122
126
131
135
138
138
138
137
134
131
127
121
115
112
106
96
87
77
66
56
47
38
28
19
11
2
-9
-20
-28
-39
-47
-55
-63
-73
-81
-88
-93
-98
-102
-105
-107
-111
-112
-112
-111
-110
-110
-111
-109
-106
-103
-96
-91
-85
-81
-76
-71
-65
-60
-52
-47
-39
-31
-23
-17
-11
-4
0
5
10
17
21
27
33
38
41
42
46
50
53
56
57
56
56
57
54
53
52
51
49
46
44
39
36
32
27
23
18
14
8
3
-2
-7
-15
-22
-26
-31
-37
-42
-46
-50
-53
-57
-62
-66
-69
-70
-70
-72
-73
-71
-73
-71
-70
-69
-68
-64
-57
-52
-48
-42
-40
-36
-31
-25
-21
-15
-8
-2
3
10
15
20
26
33
37
40
43
49
55
58
64
68
73
78
83
85
86
89
91
93
95
97
98
94
93
92
89
86
83
80
73
67
59
52
43
36
29
22
14
5
-3
-13
-21
-30
-39
-46
-52
-60
-70
-77
-83
-88
-91
-94
-97
-98
-100
-99
-100
-99
-97
-94
-91
-86
-78
-73
-68
-61
-54
-47
-40
-32
-21
-10
3
14
24
36
47
56
66
76
85
93
103
111
118
122
128
132
134
133
133
131
128
126
122
117
113
104
96
86
78
70
61
49
38
28
14
3
-6
-16
-27
-38
-48
-58
-65
-73
-80
-89
-95
-99
-103
-105
-106
-107
-109
-107
-108
-106
-103
-97
-93
-88
-83
-78
-71
-64
-55
-48
-39
-30
-19
-9
2
14
23
33
43
52
60
68
76
84
90
95
100
100
104
105
105
102
100
99
95
91
88
83
74
68
62
55
49
42
36
27
21
13
5
-2
-10
-15
-22
-30
-36
-41
-46
-49
-51
-54
-58
-59
-60
-64
-64
-67
-69
-68
-68
-67
-66
-64
-61
-62
-60
-58
-53
-48
-42
-40
-37
-33
-29
-24
-20
-15
-8
-5
-4
-1
3
7
11
16
20
24
28
30
30
30
33
35
34
34
32
31
30
30
28
27
25
23
21
19
18
18
17
16
17
17
17
16
17
19
19
17
14
13
14
14
9
6
0
-4
-8
-14
-18
-24
-28
-33
-38
-44
-45
-47
-50
-52
-55
-56
-59
-59
-63
-64
-61
-60
-60
-60
-59
-59
-58
-55
-57
-57
-55
-52
-51
-50
-51
-48
-45
-42
-40
-37
-34
-31
-28
-24
-20
-15
-10
-5
1
6
13
19
24
29
35
42
46
51
55
57
59
62
63
64
66
67
67
67
66
63
60
57
52
48
43
38
35
29
24
18
12
7
3
-4
-8
-11
-16
-20
-21
-23
-23
-24
-25
-27
-26
-25
-22
-17
-14
-12
-10
-6
-4
-2
2
7
8
10
11
14
15
17
20
19
21
21
23
23
27
30
33
38
41
44
48
52
52
52
53
53
54
54
53
51
49
43
39
33
26
18
12
6
-1
-9
-17
-22
-27
-32
-36
-38
-41
-44
-46
-50
-51
-50
-48
-47
-45
-44
-44
-44
-43
-41
-41
-39
-37
-38
-39
-38
-38
-37
-36
-38
-39
-39
-38
-39
-40
-38
-35
-32
-29
-27
-26
-24
-19
-18
-16
-12
-7
-5
-3
-2
-3
-1
1
-1
-1
0
-1
-2
-2
-4
-7
-7
-8
-9
-10
-10
-11
-14
-17
-18
-19
-15
-11
-9
-9
-7
-3
-3
1
6
11
17
25
30
35
41
46
52
56
60
63
68
71
72
72
73
75
73
71
68
65
63
58
53
52
49
47
43
41
42
40
40
40
40
40
38
40
37
35
34
32
28
24
19
14
7
0
-8
-15
-22
-30
-36
-41
-48
-55
-60
-65
-68
-70
-70
-71
-71
-70
-70
-69
-68
-64
-59
-56
-51
-45
-42
-39
-34
-29
-26
-20
-17
-13
-10
-8
-7
-6
-5
-6
-6
-7
-7
-8
-9
-7
-8
-9
-11
-14
-16
-17
-15
-15
-13
-12
-11
-9
-9
-7
-8
-6
-7
-7
-7
-6
-7
-8
-11
-13
-17
-21
-25
-27
-31
-32
-33
-34
-34
-33
-33
-34
-32
-30
-24
-20
-17
-14
-9
-6
-2
2
8
13
19
21
25
28
32
36
38
39
40
40
40
40
40
41
39
39
38
36
33
32
30
30
30
28
27
29
30
31
32
35
35
38
38
41
42
43
43
43
45
43
40
37
33
29
25
21
15
9
4
1
-3
-5
-8
-11
-14
-15
-16
-16
-15
-16
-16
-15
-15
-15
-16
-15
-15
-15
-15
-15
-16
-17
-17
-17
-17
-19
-22
-24
-24
-24
-23
-23
-24
-23
-26
-26
-26
-24
-24
-22
-22
-21
-20
-19
-16
-15
-13
-12
-9
-6
-4
-1
1
5
7
8
9
9
8
7
4
2
0
-1
-3
-5
-9
-12
-16
-17
-19
-20
-20
-18
-17
-15
-13
-11
-10
-8
-5
-2
-1
1
3
3
3
4
3
3
3
1
0
-4
-4
-6
-8
-7
-6
-4
-1
2
6
8
11
14
19
22
26
29
33
37
40
42
45
45
44
45
46
48
49
49
47
47
44
42
37
33
30
26
21
16
12
10
6
2
-2
-6
-9
-12
-13
-14
-15
-16
-17
-17
-17
-15
-14
-12
-13
-14
-16
-18
-20
-22
-26
-28
-30
-33
-35
-39
-40
-41
-39
-39
-35
-34
-30
-25
-22
-17
-12
-7
-2
3
10
13
18
21
23
25
28
30
30
31
28
29
28
27
25
22
17
13
7
4
1
-1
-5
-9
-15
-19
-21
-23
-23
-24
-25
-26
-27
-26
-25
-23
-22
-20
-17
-15
-13
-12
-12
-14
-15
-16
-18
-18
-20
-22
-25
-27
-28
-27
-29
-27
-23
-22
-18
-14
-10
-4
0
4
10
16
21
25
28
32
36
40
42
43
44
44
43
40
37
35
32
30
28
23
18
15
12
8
3
0
-3
-4
-8
-11
-10
-11
-10
-10
-8
-6
-3
-3
-2
-2
0
3
6
8
8
7
6
5
3
0
-3
-7
-12
-16
-21
