-14
-15
-10
-11
-12
-9
-7
-8
-9
-9
-12
-13
-12
-11
-10
-10
-13
-14
-15
-18
-20
-21
-26
-28
-30
-31
-32
-34
-37
-36
-36
-36
-37
-34
-34
-32
-28
-27
-24
-21
-18
-16
-14
-12
-10
-11
-10
-8
-5
-2
0
4
7
10
13
18
21
23
28
29
31
34
37
39
40
41
43
45
45
45
47
45
42
41
39
39
38
37
36
36
34
32
34
32
29
29
27
25
26
26
22
18
16
12
9
9
7
7
7
5
4
7
4
3
5
5
3
6
4
3
5
5
3
3
1
-1
-2
-4
-5
-5
-5
-8
-8
-6
-7
-7
-7
-8
-10
-9
-10
-9
-8
-8
-6
-7
-8
-6
-5
-7
-7
-6
-7
-6
-7
-5
-4
-5
-3
-1
1
1
2
2
3
2
3
3
0
-1
-1
-2
-5
-8
-9
-9
-8
-8
-6
-5
-5
-2
1
2
4
6
5
3
4
2
0
-1
-2
-1
-2
-3
-6
-8
-12
-17
-18
-17
-19
-18
-18
-20
-21
-22
-26
-25
-25
-28
-28
-29
-31
-33
-33
-40
-39
-38
-37
-35
-32
-28
-24
-22
-18
-14
-10
-8
-6
-4
-4
-5
-1
-1
0
5
7
9
10
11
12
14
15
15
19
22
25
28
32
34
34
34
36
36
32
31
29
27
25
24
23
21
21
21
19
18
20
19
19
17
17
18
17
16
14
15
12
11
11
9
6
6
7
6
7
5
3
2
1
-1
-1
-1
-1
2
4
4
4
2
-4
-10
-15
-21
-26
-27
-30
-33
-33
-35
-37
-40
-43
-46
-45
-46
-50
-50
-52
-55
-53
-55
-57
-56
-57
-59
-58
-61
-61
-57
-53
-50
-44
-41
-38
-36
-35
-31
-27
-23
-20
-15
-11
-10
-7
-1
-2
-4
-1
-1
-5
-2
1
2
4
5
9
12
13
16
15
12
12
13
10
9
12
14
12
12
16
18
15
15
19
20
17
19
25
24
21
26
28
21
21
27
26
27
32
39
39
42
51
52
51
53
54
57
64
64
65
71
71
71
70
68
63
57
56
57
46
49
55
47
43
50
48
42
45
41
35
33
38
36
28
31
32
22
18
20
14
9
5
5
6
8
12
17
20
23
20
26
32
24
17
23
27
22
20
26
28
17
14
21
9
-4
0
2
-9
-9
0
0
-7
-4
-6
-17
-17
-16
-28
-35
-31
-38
-43
-45
-51
-57
-63
-70
-73
-77
-83
-84
-80
-75
-82
-82
-73
-75
-85
-78
-73
-83
-83
-78
-78
-79
-74
-76
-77
-76
-75
-76
-78
-72
-71
-67
-61
-55
-49
-46
-46
-43
-37
-46
-50
-31
-27
-40
-28
-9
-15
-21
-12
-9
-14
-17
-15
-5
-6
-12
-2
11
-1
-4
12
14
0
2
14
11
14
28
36
30
45
59
51
50
70
75
62
78
93
80
72
92
94
77
77
87
86
78
81
87
89
93
95
91
95
94
87
80
78
78
63
58
69
57
34
41
46
20
8
19
11
-6
7
9
0
10
20
0
3
20
-2
-7
13
4
-11
2
4
-3
-7
-6
-4
0
-5
-11
-7
1
3
-15
-10
3
-12
-24
-8
-11
-32
-30
-11
-22
-29
-17
-22
-30
-34
-40
-41
-35
-52
-59
-54
-59
-43
-54
-65
-64
-60
-63
-69
-66
-62
-62
-72
-53
-49
-53
-39
-36
-40
-29
-38
-25
-7
-30
-27
-10
-25
-32
-20
-31
-43
-47
-41
-43
-50
-31
-13
-38
-48
-17
-19
-40
-35
-35
-60
-67
-45
-42
-81
-88
-62
-75
-88
-107
-102
-73
-101
-104
-37
-36
-78
-26
21
-10
-21
28
56
17
17
63
47
46
69
68
76
51
70
66
26
50
65
43
32
85
88
40
67
131
95
44
84
96
54
59
91
73
96
58
56
121
106
43
48
85
73
74
29
70
99
31
41
143
56
-9
80
125
56
26
72
88
96
63
84
88
79
76
40
41
76
13
8
79
78
-17
-2
135
52
-106
55
125
-88
-74
45
-18
-80
-15
-15
-70
-51
-51
-100
-39
-72
-118
-82
-33
-106
-151
14
-7
-155
-61
55
-63
-108
30
-1
-47
4
8
-6
-46
-7
10
-29
-87
-42
-6
-46
-96
-33
13
-64
-65
38
17
-96
-15
48
-22
-50
25
10
-11
-33
17
95
-38
-79
45
36
-129
-54
44
-69
-97
4
-2
-83
-32
36
-56
-22
29
-52
-53
14
-8
-29
5
-40
-10
-6
-33
27
15
-67
-3
79
-5
1
62
-5
57
4
-46
18
-32
-67
-77
-71
-56
-59
-121
-39
-61
-82
5
-98
-58
-15
-42
1
13
-52
34
51
-28
40
9
-48
-6
53
-4
-128
-29
129
-60
3
58
72
59
7
60
73
61
12
166
36
39
112
105
59
-13
50
-59
42
-7
-115
2
38
-39
-49
50
-48
-22
58
92
21
-83
83
61
18
-52
27
105
-65
-49
105
-74
-105
32
-74
-41
-59
-30
52
12
-76
179
67
-8
13
-57
89
16
-81
-34
138
-181
-53
47
-104
-204
-120
3
-244
-195
-44
-19
-74
-184
57
147
-78
-92
133
61
-125
230
116
-10
78
148
173
-44
17
114
51
-81
3
77
-131
-89
37
72
-228
-5
184
16
-52
-4
294
-6
-160
190
77
-223
41
138
-81
-89
-45
28
8
-157
69
100
-211
-55
289
-79
-51
218
57
78
114
123
136
13
31
248
-17
160
161
40
86
50
352
49
-171
297
250
-236
280
173
-134
232
123
63
86
94
114
130
-85
138
137
-208
-9
114
-176
-106
191
-288
-260
135
-107
-349
13
128
-262
70
196
-35
62
106
183
37
-32
224
93
-263
269
57
-172
151
113
-17
18
306
-31
-99
230
223
-198
166
296
-119
114
212
-2
27
-44
-4
-5
-151
90
-66
-93
100
99
-182
242
129
-144
224
87
-20
138
159
7
158
257
72
68
241
95
-47
109
91
-107
-55
-57
0
-291
-84
-88
-253
-60
-190
-200
-122
-56
-235
-70
-126
-67
-189
-71
148
-449
-103
31
-154
-199
-104
-233
3
-158
-190
197
-282
-50
158
6
-87
179
-37
75
85
10
114
-67
220
-86
86
37
45
-92
21
44
-68
176
70
14
146
346
29
47
190
147
-2
-48
236
188
-197
-72
447
-155
-485
433
130
-402
-126
157
106
-238
-377
337
68
-516
5
340
-219
-334
157
214
67
-491
220
447
-312
-357
517
151
-390
17
381
103
-356
89
416
12
-306
229
314
-242
-138
390
140
-349
157
393
-319
-82
172
84
-137
-254
364
48
-558
200
349
-359
-204
368
-36
-358
85
188
-47
-293
226
124
-216
-54
230
60
-375
260
253
-330
-85
280
-98
-240
18
45
-118
-398
138
-77
-605
12
-31
-267
-243
-38
34
-315
-6
203
-83
-235
392
27
-190
183
157
-126
-132
356
-94
-307
161
199
-307
-158
189
-110
-235
2
152
-375
-104
124
-172
-363
125
9
-370
-42
154
26
-407
368
98
-261
115
412
-319
-104
642
-139
-235
189
228
-151
-156
113
162
-412
239
357
-397
143
272
-37
46
164
168
-11
4
270
-72
-37
349
149
-161
395
311
-242
212
88
217
-137
125
358
-305
216
296
-100
22
237
19
64
53
213
79
-182
388
79
-313
367
30
-314
51
216
-295
-138
12
-223
-98
-83
66
-305
-36
294
-229
-167
296
-67
-211
362
92
-317
255
44
-204
43
45
-22
-180
223
-137
-108
234
-233
50
-66
87
-200
-21
82
-115
-30
-85
103
-335
57
18
-155
89
-120
-38
15
-175
210
-236
-112
139
-124
-232
326
-306
-300
350
-109
-357
23
233
-357
25
259
-84
-322
234
-22
-168
-350
56
52
-408
34
183
-147
-281
217
9
-287
249
22
-153
97
166
76
34
141
-9
355
-215
-121
454
-245
-276
506
-153
-365
396
101
-247
47
227
-83
192
-30
17
128
241
-81
102
452
-369
183
503
-500
-94
629
-343
18
456
-189
159
-17
121
204
-385
79
424
-478
28
287
-275
-2
221
-73
-56
160
-446
371
-62
-371
109
258
-158
-246
377
-261
122
-207
247
237
-472
459
128
9
-43
118
276
-135
-492
367
274
-971
331
309
-279
-369
181
-196
73
-231
-226
739
-463
-226
644
132
-701
698
157
-340
407
-306
354
65
-536
557
308
-405
212
361
-200
-113
517
-148
-122
127
56
258
15
-289
304
172
-431
35
125
-127
-395
265
-167
-347
193
-57
-181
131
-192
41
399
-478
364
404
-504
342
202
-137
162
-336
276
162
-615
71
414
-752
-259
364
-319
-161
-430
331
132
-575
109
544
-211
-255
158
355
-124
-326
152
316
-239
-378
163
226
-516
-463
719
-286
-592
212
154
259
-515
-18
765
-159
-635
491
650
-961
-35
318
-49
-346
-323
251
146
-521
-136
515
-182
-322
437
225
-35
186
-114
562
62
-413
751
-27
-342
334
143
-487
203
-67
-376
122
-498
70
-199
-517
141
109
-516
39
166
-385
-54
-135
99
-202
-192
-13
-320
154
-486
-99
-58
-204
-391
-83
199
-424
98
-247
47
118
-266
-2
35
188
-296
-87
385
-218
103
-76
-70
377
-306
-233
385
-10
-604
550
12
-318
638
-415
614
-178
-9
341
-203
299
-147
189
257
178
-46
-172
479
-54
-179
62
89
70
-153
314
50
42
-78
323
121
-297
443
-8
-18
272
-78
255
104
-113
146
287
-536
505
-137
-388
442
-473
-100
294
-488
5
8
-154
-53
-279
295
-188
-58
-201
611
-439
-416
631
-242
-350
3
440
-636
-1
182
7
-130
-477
662
-79
-474
627
-15
-205
382
-89
470
11
-265
393
606
-515
262
335
91
-54
-105
702
-116
-174
10
734
-18
-619
507
539
-335
-296
702
-27
-517
571
55
-2
70
-97
541
140
-491
741
44
-248
426
-84
191
118
-18
198
259
-276
404
124
-3
-192
270
171
-206
62
423
-104
-205
497
-15
236
-284
472
379
-414
360
395
-253
-34
282
-149
55
47
-162
242
-102
-113
-85
36
-5
32
-101
172
171
-236
124
322
-212
-246
773
-299
-25
286
-170
63
301
-623
483
140
-445
338
-64
42
-201
28
-53
115
-553
125
368
-569
-46
330
-261
-213
347
-173
75
-234
431
-113
-350
123
207
-230
-297
514
-414
-223
-134
4
-191
-80
-354
539
-280
-432
497
-184
58
-326
223
355
-245
-143
349
197
-535
159
228
-414
-9
-216
259
-153
-383
232
81
-279
-154
54
-76
150
-618
542
262
-738
753
170
-314
328
-192
233
-116
-192
145
-231
-81
292
-174
-210
-53
159
-68
-567
481
39
-541
307
154
-323
51
-103
484
-704
199
349
-147
-36
29
373
-301
-114
475
-91
-322
388
102
-232
145
-4
-298
458
-474
135
130
10
86
-42
-40
95
-119
-114
135
28
124
-146
384
-210
135
-246
613
-497
-94
649
-458
153
180
174
-108
58
31
-14
-115
-265
426
-153
-600
610
-233
-191
-335
398
-187
-179
229
-74
-167
-318
287
-112
36
-472
669
-164
-581
243
-238
-165
-53
-281
180
-178
-260
456
-313
-301
382
-271
-267
5
-238
-201
72
-183
-147
127
-250
-174
-31
-25
-374
387
-422
117
169
-689
797
-439
-338
380
25
-656
368
263
-817
289
70
-255
-111
153
-85
102
-438
164
130
-550
99
260
-54
-72
-126
538
43
-423
582
397
-394
493
545
-416
348
309
-239
237
30
-62
423
-472
575
51
-531
525
-82
-470
454
-159
-203
481
-498
583
-373
51
431
-479
701
-354
257
460
2
-61
206
-114
-211
260
-459
214
-332
-175
376
-610
-15
238
-92
-265
213
-54
219
-270
6
487
-566
-328
1078
-718
-196
533
-423
-61
80
-363
82
241
-641
586
-305
42
79
36
59
-492
254
-254
-270
41
-135
-77
-230
357
-664
398
-233
-146
531
-362
254
31
223
-145
579
-751
776
168
-654
560
-178
-137
19
257
-436
293
-391
251
-312
87
-187
283
-227
-7
724
-650
406
386
-158
-339
693
-167
46
164
-128
403
-355
-26
626
-595
-69
338
-144
-4
10
165
-75
127
-118
246
161
-575
813
-476
215
423
-370
697
-262
-62
614
-26
-364
592
202
-214
251
115
271
-128
-150
806
-126
-611
838
-165
-319
507
-231
141
154
-412
499
320
-898
693
279
-712
672
-197
161
220
-293
350
531
-654
230
341
-723
576
-547
-31
149
-237
-392
341
-258
-767
239
-45
-750
82
-167
-420
357
-1288
875
-291
-743
681
-71
-656
157
28
-498
43
-62
-249
-75
-15
-622
430
-450
-235
-207
340
-517
-178
392
-550
360
-533
322
142
-223
58
756
-341
-41
928
-405
265
115
61
398
-127
7
849
-426
-133
1199
-561
-247
668
-72
126
154
-120
335
-79
-154
79
511
-470
244
650
-133
169
0
426
-152
167
123
306
-127
-57
317
-385
409
-389
221
-304
222
-411
178
151
-718
508
-316
-184
48
-97
-319
793
-977
702
425
-973
611
91
-274
-177
190
-231
206
-379
345
-450
-43
-14
-610
572
-532
-207
348
-195
-299
845
-527
79
720
-678
253
283
-16
-414
558
-376
-174
509
-614
165
318
122
-150
473
-192
35
96
-170
266
-86
-169
-29
262
-810
299
-31
29
-434
352
-74
-467
433
-475
655
23
-176
498
412
-722
1094
58
-547
641
86
-139
38
37
-72
130
-569
170
-117
-591
110
-357
277
-544
-26
264
-638
385
-152
-382
276
299
-582
348
170
-293
111
178
-147
-18
-62
-59
414
-492
32
117
129
-427
67
201
-682
358
-407
-80
87
-68
-85
150
-17
-551
204
-93
-645
75
-134
74
-98
-568
794
-164
-603
796
-191
-642
410
41
-389
285
161
-100
133
-664
587
-334
-707
842
-659
-300
213
-201
-259
-338
-5
-257
214
-729
114
29
-582
331
-591
482
-499
75
74
-407
309
-358
261
-159
-94
-57
155
168
-601
807
-182
-490
745
-318
-411
668
-116
-530
881
-647
-286
910
-921
-163
970
-895
104
632
-373
-169
174
-562
-394
787
-593
-320
764
-178
-760
1051
-296
-402
629
-390
168
228
-588
485
264
-560
528
349
-859
357
660
-1005
402
69
179
-255
493
-174
556
65
-63
979
13
-297
336
647
-197
442
-232
1183
-358
-331
883
33
115
-113
542
234
-156
-91
947
-185
-213
439
185
645
-404
563
457
-347
-8
538
-156
104
637
-750
1098
-255
-254
358
1
35
-76
507
-84
-236
-604
904
-634
-178
470
417
-518
520
436
-769
490
-208
450
-645
675
104
158
-138
-161
783
-716
480
348
-180
-401
1016
-941
-225
371
-486
655
-339
884
-839
-75
418
-81
-709
457
1
-602
232
-125
480
-1338
480
201
-617
-653
753
-544
-712
693
-690
522
-880
414
-298
-473
285
-135
268
-784
782
-297
-225
538
-185
128
-181
769
-480
-154
207
97
-259
165
292
-226
372
4
15
37
-285
-75
418
-726
1025
-775
373
575
-669
554
-142
792
-810
877
-145
-164
272
80
225
-541
813
-456
443
148
-290
150
13
-264
102
-260
131
-397
97
473
-549
-39
129
-536
195
13
-796
605
-128
-966
528
-289
-786
310
-26
-303
49
-272
-394
207
-804
76
145
-433
-300
177
-171
-267
161
-629
563
-707
-117
589
-965
330
-257
112
-91
-284
203
141
-118
-243
687
-838
458
-490
-45
117
-362
314
72
-280
-176
440
-507
267
-89
-169
-188
-21
-630
694
-473
228
139
-151
398
-763
263
-507
755
-469
-43
598
-1078
642
-692
500
303
-586
809
-561
-41
-597
632
-868
523
404
-508
517
-469
456
-1245
493
108
-296
205
-293
684
-298
-553
1093
167
-568
499
214
-677
1051
48
-387
1227
-685
608
272
281
-485
1041
549
-1002
1164
-139
-375
885
423
27
491
2
471
823
-1216
1030
1075
-1339
643
1155
-1079
152
789
-420
977
-413
-11
1505
-829
-794
1846
-551
-564
90
142
92
-246
140
728
-108
-381
864
-320
-55
-98
-335
559
2
-795
797
244
-940
1146
-172
-704
339
-597
-171
283
-774
-243
540
-1284
350
408
-910
201
71
-144
18
-27
-298
462
-910
858
81
-1009
477
279
-719
19
412
-562
298
-1173
822
168
-1637
408
313
-755
-412
591
-136
269
-670
364
839
-1583
602
220
-523
-250
371
238
-611
-77
-382
790
-475
-407
763
15
-818
458
1116
-924
-17
556
-63
345
-432
106
646
-1139
674
485
-379
95
-301
23
83
-798
154
965
-804
382
617
-311
297
-182
120
150
-437
159
479
-22
-596
1044
122
-504
385
-404
221
96
-423
851
1
-478
-38
799
-17
-732
247
381
-27
-902
199
410
-287
-498
166
464
-861
-40
590
-95
-602
-35
817
-327
-164
-178
435
255
-768
650
173
-406
266
0
26
-218
-354
427
102
-78
182
171
-278
92
-152
23
123
-271
275
162
-464
143
75
-172
-581
414
18
-695
659
-58
-450
-331
273
-71
-72
-209
102
-13
-9
73
-99
33
-166
-31
343
312
-638
281
446
-700
-31
666
-340
-236
376
160
-138
-54
49
212
-284
45
60
348
-131
-333
605
-206
-97
362
-203
291
407
-253
402
103
-133
-118
357
-265
-122
-65
319
481
-696
-50
-285
-403
-355
83
-103
56
-78
-653
268
-279
-1280
45
-85
-944
-210
-396
-541
-82
-357
-464
42
-571
-523
-84
-378
-51
-512
-128
-6
-455
-658
-114
-15
-367
245
-149
336
-39
-216
302
-64
-167
288
430
250
532
406
626
687
388
843
839
233
793
667
717
870
509
969
1165
913
375
802
981
616
397
641
699
130
574
379
242
203
-160
134
6
-150
-174
259
179
-270
97
-94
-203
74
-123
-48
-382
-534
-594
-459
-238
-1119
-506
-226
-983
-980
-747
-1086
-1533
-738
-1469
-898
-1141
-1473
-987
-2067
-1535
-1622
-1956
-1937
-1581
-2035
-2912
-1729
-1408
-943
-155
274
69
-776
-460
-548
-54
-239
285
1889
1794
2158
2450
2142
2267
2296
2238
2587
2952
2972
3537
3093
2633
2916
2657
2480
1945
2167
2282
1746
1586
1027
417
-72
-370
-399
-610
-406
-392
-534
-1207
-1734
-1686
-1496
-1525
-1157
-414
-628
-661
-388
-245
-538
-236
575
908
1263
1133
978
731
469
385
823
1148
873
1053
740
147
-417
-1046
-1088
-983
-1622
-1578
-1728
-2170
-2948
-3697
-3615
-3837
-3785
-3864
-3836
-4048
-4565
-4383
-4229
-4778
-2506
510
1512
926
-1815
-2193
-846
-371
1206
1762
1505
3438
3588
3489
2968
1343
2559
3082
3311
4115
3952
4549
3951
2454
2821
3354
3347
3393
2720
2375
2518
1685
625
-52
-562
-583
-538
-1162
-1279
-1432
-2742
-3640
-3894
-3558
-2206
-1709
-1527
-860
-897
-1026
-1173
-1300
-217
1180
1873
2764
2959
2805
2677
1781
1741
2272
3150
4097
3846
3458
2912
1797
1056
891
903
979
619
-76
-955
-2020
-2966
-3410
-3737
-3921
-3906
-4055
-4340
-4677
-4955
-5248
-5395
-5046
-4921
-4435
-4535
-5106
-5337
-5791
-5212
-3552
227
3300
3102
-43
-3404
-2906
-637
759
1639
1456
1626
3001
2789
2340
1441
697
2787
3980
4022
4377
3577
3568
3266
2434
4250
5826
6116
5330
3484
3077
3262
2408
1794
1566
1470
1579
340
-1016
-1673
-2787
-4140
-4989
-4356
-2783
-2078
-3234
-4624
-5145
-4814
-3876
-2968
-1620
95
1399
1500
1338
1742
2294
2465
2259
2938
4265
4036
2936
2443
3018
3877
3667
3347
3386
3242
2370
888
277
238
-69
-553
-676
-1100
-2592
-3792
-4846
-5072
-4298
-3717
-3770
-4230
-4619
-4798
-4812
-4784
-5113
-5048
-5208
-4984
-4984
-5402
-5739
-3821
1460
4100
2412
-2231
-5234
-3212
144
1560
1957
629
1589
3762
2821
2784
1846
2296
5360
5471
5038
4477
3552
4718
4951
5118
7395
7577
6410
4505
2514
3732
4685
3774
2766
1964
1841
1146
-1022
-2173
-2268
-2786
-3718
-4083
-3325
-2635
-3490
-5443
-6213
-5376
-3891
-3151
-2872
-2073
-1681
-1593
-1553
51
3177
3775
2581
1845
2434
3768
3428
2632
3408
4362
4516
3648
2306
2302
2148
2026
2673
2470
1506
-48
-1135
-1013
-1102
-1611
-2273
-2713
-2812
-3047
-4041
-5239
-5549
-4861
-3976
-3846
-4022
-5142
-6121
-6308
-5767
-4720
-4978
-6022
-6583
-6038
-1120
2840
1941
-1654
-5880
-5029
-874
1554
2315
1402
-30
1711
2173
3157
4272
3906
5807
6049
5049
4526
4107
5716
7329
7448
8595
8617
6974
4929
2932
4160
6637
6862
5671
3357
1365
456
-1027
-1346
-125
160
-1692
-4645
-5580
-4776
-4455
-5267
-5539
-4982
-4787
-5546
-6110
-5229
-4356
-3876
-3837
-2606
-489
36
-975
-1668
95
2433
2443
1554
1459
1904
2200
1740
1893
2814
2838
2176
1815
2073
1999
1205
912
1379
1527
1149
-16
-1032
-883
-496
-434
-1451
-2859
-3520
-3085
-2659
-2395
-2511
-3742
-4407
-3922
-2580
-2883
-3800
-4927
-4871
-4335
-3890
-3861
-2768
878
1804
302
-3183
-4179
-1237
1571
2296
1765
408
710
1919
2604
4441
4498
4655
5021
4166
3766
3513
4324
6361
6928
6483
6165
5558
5313
3804
3683
5460
6549
5584
2259
250
724
1170
842
648
337
-613
-3578
-5380
-3965
-2472
-2573
-4546
-6235
-6322
-6527
-6785
-5939
-4668
-4373
-5817
-6702
-5545
-3973
-3349
-3477
-2866
-1603
-1407
-1255
-122
892
840
385
1157
2576
2921
2284
1914
2951
4222
4021
3663
3557
3822
3808
3356
3169
2878
2648
2245
2111
1925
1444
561
-58
-155
-41
-177
-1083
-1825
-2043
-1958
-1864
-2074
-2362
-2324
-2455
-2508
-2705
-2979
-3108
-3263
-2646
-1309
348
908
183
-1215
-1885
-995
530
1642
1994
1328
261
57
765
1611
2062
1758
1250
777
702
961
1258
2027
2152
1874
1718
1720
1903
1675
1587
2059
2517
2638
2263
1772
1513
1058
742
447
327
226
-511
-1203
-1432
-1276
-1280
-2356
-3676
-4385
-4460
-3863
-3234
-2790
-2826
-3561
-4381
-4466
-3829
-2686
-1683
-1461
-1614
-1922
-1710
-1041
-179
863
1587
1945
1754
1484
1483
1793
2250
2439
2463
2500
2723
2534
2042
1641
1897
2707
2769
2341
1741
1282
1436
1820
2220
2209
1646
947
759
1004
1388
1728
1579
1172
844
985
1347
1160
687
159
181
486
406
62
-640
-1325
-1720
-1724
-1446
-1138
-1723
-2488
-2825
-2657
-2199
-2333
-2888
-2976
-2645
-2491
-2341
-2420
-2555
-2789
-2796
-2210
-1391
-1148
-1577
-1800
-1247
-326
91
113
-41
55
366
443
890
1061
1008
895
764
1211
1692
1735
1375
1054
1194
1667
1811
1768
1688
1444
1192
985
1005
1137
1077
789
542
569
890
864
719
514
317
445
355
49
54
163
97
-45
-468
-790
-998
-1086
-933
-642
-495
-900
-1279
-1193
-619
162
341
-139
-405
-265
146
564
754
1083
1371
1422
1362
1459
1729
1970
1759
1695
1909
2162
2132
1804
1602
1524
1353
810
386
158
-16
-203
-449
-618
-850
-1234
-1716
-1885
-1878
-2263
-2586
-2805
-2876
-3019
-3414
-3730
-3565
-3246
-3040
-3079
-3012
-2762
-2758
-2799
-2715
-2244
-1492
-848
-585
-535
-630
-606
-261
275
884
1266
1278
1358
1532
1902
2209
2297
2293
2168
2135
2195
2166
2020
1964
1856
2130
2229
1913
1482
1048
1177
1231
1022
879
798
602
262
-43
-7
125
-288
-821
-957
-675
-512
-657
-848
-963
-902
-1017
-1155
-1042
-772
-737
-947
-776
-482
-156
-235
-471
-338
-58
502
737
973
957
577
648
1030
1424
1525
1393
1164
1448
1626
1572
1444
1092
990
716
757
990
962
508
-401
-998
-1000
-777
-889
-1415
-1917
-2208
-2247
-2322
-2382
-2594
-2855
-2958
-2855
-2448
-2205
-2228
-2314
-2362
-2126
-1507
-1084
-857
-812
-902
-796
-293
342
756
913
755
532
811
1645
2104
2133
1865
1605
1808
2394
2830
3058
2842
2424
2123
2060
2432
2661
2521
2040
1620
1393
1200
841
521
420
405
479
113
-196
-553
-800
-789
-858
-728
-673
-707
-842
-913
-1101
-1233
-1114
-960
-706
-729
-815
-1011
-1160
-998
-689
-401
-446
-824
-1042
-816
-499
-188
-75
-174
-273
-398
-111
465
687
553
211
210
538
704
614
404
327
482
440
491
658
541
168
-235
-247
38
259
17
-458
-572
-192
122
130
-98
-280
-225
-123
96
464
574
357
123
-42
346
624
488
262
195
428
550
330
151
117
8
41
79
115
-21
-197
-141
98
178
-83
-458
-456
-242
-138
-195
-387
-409
-276
-246
-229
-102
-286
-688
-658
-307
149
223
-205
-407
-390
-285
-369
-445
-403
-556
-687
-635
-498
-306
-493
-849
-899
-727
-548
-549
-772
-1004
-1122
-1061
-609
-259
-120
-401
-792
-804
-542
-285
-72
89
-70
-424
-636
-603
-319
-97
-157
-207
-183
-105
-82
35
35
111
323
411
598
667
745
959
1097
1323
1455
1711
2051
2146
2219
2347
2437
2615
2745
2596
2429
2215
2140
2165
2183
2053
1545
1094
921
762
591
260
-180
-422
-520
-562
-589
-759
-1165
-1589
-1825
-1761
-1605
-1639
-1866
-2005
-1978
-1983
-2008
-2028
-2082
-2153
-2188
-1990
-1817
-1733
-1788
-1825
-1638
-1494
-1442
-1608
-1733
-1634
-1473
-1341
-1182
-1044
-842
-599
-647
-824
-871
-685
-377
-189
-50
-1
42
-46
-27
213
506
730
620
512
559
676
753
710
747
874
783
872
1037
1007
950
757
584
645
827
913
910
715
452
359
474
695
803
787
799
892
926
910
865
944
1016
1111
1350
1425
1375
1162
1000
1082
1212
1386
1412
1318
1176
1068
938
997
1064
921
791
662
714
780
796
726
644
543
302
37
14
217
267
86
-217
-446
-564
-640
-690
-599
-595
-716
-995
-1103
-1048
-1028
-1148
-1351
-1243
-1137
-1156
-1335
-1514
-1590
-1638
-1660
-1724
-1652
-1673
-1898
-2184
-2307
-2166
-1931
-1844
-1942
-1951
-1925
-1874
-1742
-1518
-1347
-1294
-1291
-1063
-582
-243
-173
-230
-139
19
272
512
791
946
830
813
972
1176
1183
1137
1201
1464
1544
1486
1410
1394
1608
1690
1684
1690
1703
1665
1495
1430
1561
1690
1597
1488
1406
1430
1498
1358
1274
1221
1136
915
853
834
693
582
499
463
512
467
217
33
-35
-115
-150
-251
-351
-423
-452
-348
-286
-266
-422
-632
-647
-523
-398
-343
-517
-795
-968
-1036
-916
-656
-635
-927
-1246
-1349
-1210
-1029
-1122
-1420
-1501
-1341
-1237
-1238
-1252
-1246
-1208
-1144
-999
-861
-745
-833
-860
-684
-376
-147
-190
-195
-41
111
208
287
502
675
618
529
487
613
659
622
689
848
781
573
466
538
728
739
743
712
590
463
359
480
699
709
465
282
357
409
412
406
376
324
256
241
247
303
243
96
123
204
153
81
62
172
201
133
156
243
274
150
41
102
203
215
155
202
322
389
376
333
272
176
106
106
202
148
-41
-300
-408
-471
-653
-792
-812
-833
-1087
-1433
-1677
-1726
-1722
-1831
-1929
-2000
-1988
-1855
-1713
-1623
-1590
-1567
-1560
-1408
-1070
-734
-578
-533
-413
-163
91
444
714
863
945
1030
1219
1427
1582
1581
1587
1705
1918
2033
1993
1875
1830
1860
1840
1805
1917
1946
1794
1592
1376
1292
1194
1005
888
796
739
633
429
295
199
116
61
-109
-316
-587
-821
-817
-771
-772
-910
-991
-978
-993
-1007
-920
-772
-657
-741
-897
-826
-767
-660
-581
-456
-265
-216
-277
-303
-121
26
137
219
256
208
54
12
59
113
-16
-197
-261
-154
-87
-260
-493
-636
-631
-566
-516
-623
-758
-1012
-1149
-1038
-773
-648
-729
-842
-932
-816
-653
-426
-323
-317
-318
-235
-57
132
300
335
434
538
560
630
657
787
939
1104
1146
1074
998
832
791
914
1141
1288
1200
938
751
688
737
767
739
628
424
297
261
241
196
142
64
13
30
28
-61
-193
-362
-443
-346
-184
-69
-85
-299
-563
-571
-429
-239
-122
-201
-267
-310
-248
-161
-181
-153
-142
-129
-68
-42
-64
-63
-44
10
89
178
211
93
7
-87
-136
-99
-91
-101
-244
-384
-310
-312
-371
-459
-605
-611
-595
-558
-491
-496
-511
-512
-457
-274
-218
-278
-303
-310
-104
108
162
186
95
-14
33
291
574
667
573
490
509
614
748
820
908
851
806
762
823
934
904
888
838
786
715
633
576
606
500
344
275
302
341
204
61
-4
-55
-172
-339
-391
-336
-336
-371
-435
-504
-619
-867
-1099
-1136
-1014
-962
-996
-1097
-1175
-1168
-1196
-1166
-1095
-1004
-1012
-1030
-998
-941
-858
-819
-779
-770
-734
-658
-523
-342
-264
-334
-343
-283
-174
-52
11
62
113
151
96
76
115
188
231
291
323
317
282
238
313
379
403
410
312
254
217
175
235
286
320
323
280
260
227
238
233
329
499
622
616
504
518
520
538
580
660
747
668
467
343
392
379
297
199
125
87
32
18
68
153
88
-98
-188
-82
44
79
75
144
148
71
18
52
167
191
79
16
57
5
-59
-129
-181
-191
-249
-330
-338
-329
-337
-379
-401
-415
-534
-618
-600
-517
-448
-489
-555
-611
-636
-617
-519
-421
-390
-471
-571
-530
-421
-337
-332
-257
-153
-30
88
133
222
302
288
302
476
694
813
745
665
690
731
779
824
862
830
749
661
684
783
839
806
712
683
671
662
687
733
693
529
336
228
258
251
140
26
-63
-158
-327
-481
-517
-511
-590
-713
-726
-681
-643
-744
-823
-725
-619
-557
-611
-567
-472
-421
-424
-398
-274
-135
-70
-60
5
26
-59
-199
-207
-53
96
80
-72
-134
-141
-91
-18
128
246
206
80
-19
17
134
233
298
285
193
139
131
211
279
249
129
103
147
130
40
-21
10
38
0
-38
-4
-53
-93
-122
-73
27
-16
-114
-138
-124
-165
-222
-246
-250
-283
-308
-289
-220
-152
-227
-290
-181
-62
-30
-56
-16
108
185
162
142
199
218
135
47
118
311
440
400
260
157
156
177
213
284
300
253
209
258
366
416
331
241
272
440
534
450
364
269
233
260
312
307
244
120
19
59
83
8
-169
-333
-327
-220
-93
-80
-190
-305
-370
-324
-136
-13
-87
-187
-210
-141
-68
-28
-41
-99
-146
-122
-4
61
-22
-190
-258
-247
-149
-61
-101
-173
-282
-326
-295
-206
-166
-209
-299
-312
-217
-173
-176
-249
-303
-331
-340
-296
-276
-333
-430
-491
-487
-467
-444
-504
-568
-532
-478
-436
-457
-450
-404
-366
-333
-325
-291
-209
-145
-41
109
218
262
259
330
443
598
634
623
675
716
733
745
807
847
847
797
734
765
798
755
665
606
540
433
377
384
438
403
301
229
248
308
241
105
1
-10
15
22
12
-68
-169
-275
-275
-174
-127
-190
-278
-262
-228
-223
-270
-293
-294
-304
-241
-198
-145
-206
-292
-204
-14
124
151
51
-16
-37
-12
69
143
164
85
54
77
130
101
-12
-73
-55
-32
-66
-139
-226
-292
-401
-498
-448
-369
-409
-588
-723
-710
-575
-538
-671
-809
-878
-836
-763
-642
-591
-654
-780
-813
-671
-550
-453
-472
-470
-349
-225
-140
-75
-28
5
115
227
396
513
515
479
511
621
728
759
736
770
788
834
854
896
936
935
909
880
886
865
820
828
870
845
758
637
584
591
613
584
508
433
288
167
129
122
41
-86
-171
-202
-238
-328
-398
-463
-490
-502
-502
-488
-476
-526
-581
-574
-506
-415
-408
-451
-484
-474
-416
-348
-310
-357
-474
-542
-502
-383
-325
-368
-482
-501
-460
-445
-457
-487
-473
-427
-385
-258
-141
-206
-338
-410
-277
-19
75
31
-52
-94
-82
-72
43
145
155
120
123
224
307
303
258
210
270
346
381
432
455
440
419
431
457
485
427
348
367
430
463
451
413
381
362
324
360
368
350
351
315
332
320
239
162
103
141
214
237
217
127
48
-4
-21
-26
-85
-179
-263
-277
-246
-216
-286
-395
-486
-486
-380
-314
-333
-437
-526
-528
-456
-357
-306
-397
-490
-464
-380
-312
-328
-382
-451
-502
-507
-438
-360
-375
-502
-571
-531
-431
-330
-313
-328
-326
-302
-235
-117
-18
58
44
61
229
352
395
312
258
279
346
430
498
513
487
524
528
623
633
579
488
423
422
468
518
508
454
386
309
284
396
485
520
406
283
185
123
40
52
27
12
-50
-93
-143
-153
-241
-318
-367
-387
-389
-439
-428
-495
-449
-418
-301
-259
-223
-286
-329
-318
-302
-313
-427
-474
-485
-474
-368
-312
-215
-203
-173
-215
-227
-264
-307
-365
-388
-317
-236
-141
-115
99
219
368
398
403
299
189
64
37
27
48
56
83
203
259
345
307
368
434
505
458
451
340
213
75
-34
-20
13
130
132
312
333
506
489
623
664
578
535
410
300
98
3
-109
-1
127
203
300
355
369
341
260
265
145
9
-80
-223
-153
-16
-99
177
81
81
198
-127
9
-121
-159
-235
-307
-372
-324
-374
-315
11
-202
-49
-158
-193
-212
-299
-241
-427
-264
-359
-186
-348
-316
-56
-280
-204
-267
-225
-518
-340
-395
-379
-276
-352
-133
-216
-117
6
-54
90
97
74
-95
28
123
177
353
236
285
426
487
531
590
452
524
362
273
491
234
172
353
387
415
435
528
365
410
349
318
444
248
322
409
285
330
504
387
482
390
272
553
393
54
321
142
15
131
-83
200
-12
-283
-18
-374
-421
-167
-427
-144
-141
-558
-340
-291
-533
-158
-374
-340
-97
-327
-403
-160
-345
-521
-226
-342
-346
-326
-230
-282
-196
-292
-68
-319
-329
-391
-353
-483
-284
-185
-488
-192
-396
26
-329
-294
-33
-53
-164
-73
130
-308
256
34
60
153
42
210
399
336
109
499
128
466
432
81
290
427
285
303
508
341
455
323
584
355
134
653
369
349
437
480
296
676
347
469
573
382
616
376
331
399
434
-4
527
236
147
310
97
103
-102
-22
-144
-45
-348
118
-298
-244
-96
-547
-420
-562
-466
-288
-694
-941
-413
-732
-714
-590
-1024
-707
-510
-1133
-546
-650
-1207
-458
-479
-954
-824
-588
-539
-466
-701
-390
-154
-701
-313
-47
-159
-66
85
334
81
-82
59
599
124
216
686
325
184
358
471
684
355
278
1035
364
149
678
454
261
423
202
249
461
172
500
462
44
269
171
145
267
196
358
435
173
419
464
257
489
187
249
474
-101
228
337
238
668
448
230
662
401
181
417
244
-2
176
374
-29
280
319
374
-84
37
113
-382
-370
-474
-565
-256
-201
-787
-378
-823
-910
-708
-1098
-974
-1107
-1549
-1147
-1141
-1490
-993
-834
-1172
-631
-823
-1174
-649
-1302
-1155
-441
-839
-1221
-559
-471
-710
-186
11
-86
-249
-54
131
-75
-170
-66
355
408
158
413
734
753
1201
1155
244
945
653
-259
904
980
247
822
1409
655
505
754
382
22
-150
317
-123
-68
368
234
-100
422
-259
12
272
-829
-49
-693
-260
-191
-519
-170
241
122
370
61
-291
84
-9
180
202
130
9
723
826
118
649
146
370
565
500
743
327
489
763
412
-109
712
84
528
460
246
600
-36
244
509
288
314
247
-3
152
-12
-653
264
-75
-417
339
-472
-126
-541
-1068
341
-832
-1316
591
-811
-697
-294
-1096
-596
-376
-543
-637
206
-1095
-141
147
-433
-221
-415
642
-191
-410
-148
451
-271
309
521
317
389
-492
426
732
-562
65
1082
28
508
452
255
420
124
303
516
-213
82
835
132
296
315
-378
479
501
-481
657
-20
-695
449
81
-338
-215
145
-53
283
-459
-198
474
-1360
-55
770
-742
-273
215
-374
-413
-276
-22
-219
259
-262
299
-59
-1037
566
-594
-710
578
-385
-125
285
-59
100
-248
-226
180
-331
122
224
129
407
15
-144
86
187
-98
-21
147
-167
-465
-105
458
603
-589
541
1187
-1362
-7
56
-366
224
-353
-31
540
-573
-434
1457
-1520
-624
1227
-703
80
-77
-370
42
-870
-250
478
-852
-774
1170
-420
-570
404
-299
-3
-473
-504
435
-84
-822
338
-35
-793
624
-594
30
405
-676
637
-404
-343
459
-459
92
783
-454
272
182
-49
738
-322
-485
1018
202
-138
922
-487
-708
504
-234
334
546
-936
587
277
-269
150
-237
-279
611
-922
92
30
-937
912
-96
-478
775
-1301
61
845
-1502
748
107
-603
572
632
-765
174
310
-525
614
106
-451
731
622
-658
1100
150
-331
248
300
-139
531
319
168
969
-519
355
344
-320
349
11
390
315
-271
616
-99
110
210
-5
-273
118
190
-137
-11
48
179
77
-457
-605
408
-707
-78
-200
-125
-2
-833
-100
178
-1062
-512
557
-1151
-630
158
162
-132
-382
572
-51
99
453
-374
-80
-414
769
146
-126
478
4
698
-327
476
-25
-396
199
257
193
90
845
97
418
112
-396
442
304
-532
627
803
246
106
275
708
71
187
-205
352
-846
-196
613
82
-591
175
183
-298
-132
-760
284
-480
-300
-621
441
-623
-550
244
-194
-687
-422
150
-129
-119
-284
489
-17
-32
-190
-173
-310
-85
-48
-58
457
-267
386
-545
73
300
-1178
326
586
-941
-122
540
-1011
725
104
-410
823
-919
241
620
-1085
167
705
-855
1057
-333
-75
770
-597
103
216
34
-129
475
-51
633
66
180
1414
-570
-13
909
-19
-11
1029
149
125
1217
-686
714
276
-240
877
-414
-131
649
-294
82
512
-892
979
-702
-204
911
-1071
-450
873
-1310
-640
719
-1745
668
-608
-1330
596
-819
-1353
-229
-358
-1268
290
-619
-641
541
-1319
188
-172
-607
23
-378
-803
508
70
-1170
1841
-397
-413
758
273
-151
466
-249
886
467
-1137
1767
-230
-302
1390
212
195
698
-433
-142
503
-584
700
552
-210
264
315
-72
367
-304
-500
869
-398
-85
-3
432
427
51
-440
1102
-190
-1382
1901
-335
-289
765
-275
-105
533
-827
606
634
-1029
915
-258
-568
483
386
-860
585
518
-264
137
-368
251
-50
-648
303
-33
-853
177
410
-380
149
-116
38
336
-742
-84
182
-1070
371
273
-675
417
-200
119
-205
-1280
497
-471
-989
307
-588
48
-395
175
164
-1102
-143
268
-601
-54
-190
55
679
-330
626
278
-344
395
-253
282
477
-393
836
135
345
530
-545
866
-66
-717
863
-419
-140
490
565
-212
722
330
-34
479
-842
737
338
-592
793
612
-200
126
831
83
-596
779
211
-361
15
633
-71
235
734
-390
565
-146
258
955
-1193
-20
606
-517
-170
849
-388
-207
-65
-606
-3
-660
-564
116
53
-905
289
248
-1367
20
115
-649
-562
-321
-154
-173
-961
327
249
-562
139
5
-293
-356
26
-243
315
-613
661
-46
750
358
-258
-143
-421
58
-559
926
-494
581
655
-739
844
82
-617
412
228
-307
316
-217
482
775
-486
677
169
380
-184
131
-12
150
-193
-72
1207
-510
-269
310
716
-779
-411
899
-231
-549
760
-321
887
-426
-339
970
-713
-159
706
-87
-794
855
475
-688
366
963
-802
48
911
-1302
-97
653
-427
536
-253
289
476
-375
-135
26
-541
-831
724
-212
-661
530
-17
-628
-31
-60
-1122
-559
118
-1156
-549
-260
-146
66
-917
-111
224
-1542
-669
816
-1164
71
195
-271
-170
-555
253
-244
-602
3
366
-265
211
384
-436
-41
527
256
229
-166
211
232
209
410
440
71
692
600
457
439
869
259
193
249
240
747
196
67
1536
-129
-684
1886
-145
-791
488
1428
-950
-64
700
-52
-451
-7
761
-451
-211
575
-415
-500
-92
-488
11
-886
-249
0
-573
7
-101
-943
-300
-89
-1056
-398
-328
-185
-700
13
-238
-706
27
-986
37
-227
-466
-117
-58
-207
-279
715
-1109
959
-660
-143
1053
-1066
183
309
-272
301
396
-166
912
-824
475
571
-885
633
411
-373
526
567
-45
835
-484
432
554
-1185
703
576
-494
532
1366
-514
867
201
-137
708
-532
651
75
519
799
178
128
476
348
-369
-146
385
-462
61
250
237
-50
-267
507
-44
-661
-583
725
-621
-329
358
-300
-59
-655
421
-377
-863
-241
732
-1827
663
489
-1437
397
-155
-396
-197
-789
-23
576
-1365
463
314
-315
-226
684
-396
-347
-79
-532
665
-1160
426
130
-276
106
82
223
-666
672
-681
212
286
-145
152
-3
384
254
558
-374
475
414
-664
866
555
-845
1017
493
-393
594
539
-396
1113
68
33
1017
459
247
416
505
607
-208
234
725
-285
221
307
678
-647
747
86
-453
-3
-162
-872
-408
632
-557
-51
-5
133
-899
97
-444
-783
116
-1078
667
-534
-414
115
-845
-24
-608
-401
-417
554
-572
-370
176
-161
-495
-306
63
211
-907
469
40
-857
297
355
-198
-253
251
-287
-621
533
-724
-41
-52
-184
398
-620
501
-276
-53
-292
140
-175
-459
-127
526
-453
-19
796
-695
-176
293
-52
-400
344
-194
-2
324
472
-59
-803
1462
-704
-607
1461
-463
-426
844
-114
586
-488
238
1100
-1129
352
1218
-504
-7
431
-22
-245
247
-90
368
128
-604
687
-24
-604
152
357
-358
277
-608
901
-813
-516
728
-467
-459
159
88
-510
22
-359
-252
17
-667
60
540
-1373
306
-106
-389
92
-379
-69
-418
-256
481
-610
455
-95
-601
949
-335
227
-43
22
527
-375
133
140
753
-804
418
291
-281
435
-338
932
75
-178
333
319
-38
-151
651
53
267
-11
581
248
134
224
529
139
64
320
59
390
-534
1095
-217
812
14
197
289
-183
1008
-499
722
156
558
-256
216
550
-408
620
-284
931
-527
61
112
222
134
-810
1241
-571
-437
759
221
-522
525
-135
-92
463
-850
163
406
-918
250
120
-601
442
-241
-952
1136
-639
-813
509
-148
-566
-89
15
-738
265
-507
504
-912
20
98
-752
-65
-295
-300
-531
-498
25
-205
-1268
525
-220
-971
-260
610
-979
11
69
-348
609
-502
-439
671
-332
-954
932
-77
-589
923
-463
693
10
-252
495
-443
408
578
-456
76
1024
-73
-292
343
1068
-885
274
638
150
1
-281
857
3
-521
349
554
-278
-449
292
142
-542
-212
306
-268
-38
503
-487
290
121
-731
316
-123
-727
721
-729
349
404
-1063
820
18
-939
783
-955
223
-119
-168
154
-258
351
147
-583
577
-381
-398
766
-276
92
-197
849
-577
588
94
-619
514
-588
184
290
-483
-13
876
-244
-252
638
-486
379
-289
226
683
-767
350
344
-207
-26
266
334
84
17
-170
651
-453
-100
898
-490
15
532
-230
181
-137
163
-402
467
-620
649
-54
-623
1066
-725
-238
469
-604
-67
309
-765
262
-505
99
-348
-101
-286
-46
578
-858
-161
417
-1147
-217
821
-925
-198
638
-1018
231
329
-951
1086
-999
-381
1037
-410
-408
475
56
-64
-580
269
268
-901
838
152
114
283
188
233
-373
282
-463
767
-243
140
-95
399
492
-356
344
305
335
-443
93
537
-61
-797
807
585
-950
151
923
-503
296
-159
-124
509
-1015
381
458
59
-935
1009
26
-763
582
-376
541
-785
194
356
-523
362
-223
115
75
-407
8
796
-780
-207
1026
-890
284
187
-815
822
-302
-551
710
40
-172
58
481
-329
-141
145
-473
221
-257
-233
529
-50
-611
697
-152
-166
83
763
-719
364
-54
-338
478
-764
327
-5
53
-550
752
-139
-639
792
-164
-204
320
-605
367
-211
51
-357
546
79
-1092
1243
-274
-819
293
-295
68
90
-701
247
689
-802
-146
1066
-901
150
-166
342
-403
-159
-162
425
233
-904
1204
-895
-223
-325
-315
29
-340
30
50
-119
-685
-8
6
-927
570
-417
-460
647
-615
-73
280
-493
-21
423
-425
-112
-97
122
-217
-245
380
13
-21
-95
-134
352
-662
346
46
-604
178
454
-473
198
121
-204
399
-335
391
-377
545
83
408
-1
71
491
-121
182
72
442
-483
1105
114
-157
347
122
390
-568
227
669
-170
-317
493
354
-552
-150
832
-681
-64
172
-108
579
-711
392
884
-270
-273
1091
-344
-401
1082
-824
463
281
280
356
106
295
-562
964
-635
-383
284
-135
-294
210
366
-434
-109
123
-271
-514
-578
598
-247
-808
650
-446
-190
-645
279
-99
-690
97
224
-333
-1005
462
-260
138
-231
-186
374
-274
-30
-143
285
-556
320
299
-244
-202
284
-5
-59
33
12
274
-377
375
-44
375
-391
9
662
-661
445
149
-119
333
-60
99
-84
144
-275
688
-238
-427
943
-827
220
102
-143
-14
-170
374
-120
-283
541
-140
-41
624
65
-25
202
305
-510
328
522
-276
31
761
-241
-49
810
-449
552
-36
-239
589
-431
338
93
21
179
-112
-147
92
-8
-173
-262
284
13
-434
442
-105
-228
-298
434
-569
-46
-129
218
-142
-825
706
-146
-410
-593
903
-707
-411
968
-544
-268
232
-23
-575
602
-242
-349
809
-533
477
223
-272
687
-123
4
354
73
-106
500
167
383
-101
362
637
-315
116
659
-467
8
279
104
-315
412
-112
376
122
-393
769
-635
-100
768
-364
-96
604
-392
158
-51
-232
221
-78
-239
278
-63
-391
556
-436
50
-289
-194
225
-603
234
-17
-201
111
50
-442
241
-386
-567
451
-609
-311
-96
44
-246
-426
163
-173
-377
-216
-199
234
-473
-411
200
-289
-431
134
63
-402
76
-239
468
-317
-607
607
-361
-291
335
-681
234
128
-431
119
16
41
-74
375
285
-218
-125
-24
-161
46
-426
302
635
-654
285
630
-453
177
183
-99
350
-286
222
403
-478
209
357
-347
529
68
116
355
-157
316
-315
92
-97
65
-140
200
245
-307
122
505
-185
-363
359
259
-336
-375
574
-254
-152
-124
567
-481
-142
257
70
-234
-191
304
-225
-121
-46
-16
-407
249
-140
-179
30
-233
163
-393
231
62
-52
240
-371
491
-68
-401
675
28
-341
726
29
379
196
-278
747
99
-147
445
304
304
219
31
564
252
-177
360
678
-78
290
193
628
109
-320
869
65
-90
253
529
79
-251
217
386
-115
-45
349
104
-189
207
92
-496
-15
155
-383
24
309
-508
148
-123
-214
-299
-155
-385
55
-1
-749
435
-193
-693
351
-36
-315
27
-233
40
-60
-511
223
247
-157
148
234
-214
95
-234
-199
405
-371
-62
88
-7
178
-193
-200
430
-536
-474
419
-262
-542
-103
128
-44
-120
-373
148
-33
-798
205
126
-507
2
-44
-54
89
-133
-103
288
-234
-106
313
174
-493
568
277
-52
520
-42
257
252
144
211
284
-77
306
227
289
182
29
437
-38
217
111
169
74
-235
635
-63
-16
237
-93
-111
107
82
-453
323
-315
21
129
-449
182
-192
-134
153
-410
-49
48
-404
163
-194
-277
58
-435
-265
-97
-250
-183
24
-507
251
-61
-403
-207
-33
-62
-301
21
53
-136
-361
80
-33
-239
-448
155
-233
-324
-118
-179
-28
-241
-221
-27
-24
-536
203
-252
-46
-244
-314
209
-256
-378
277
-5
-527
302
-104
-405
298
-100
70
523
-144
221
465
123
-97
286
409
-11
282
48
373
290
55
211
477
148
-238
525
-4
-167
132
94
269
147
-322
281
33
-323
12
-174
-70
-204
-214
186
32
-716
251
-66
-527
-135
-285
-35
-114
-391
-63
271
-767
53
15
-323
-289
-255
-170
59
-206
-167
420
-424
95
146
-381
-64
128
-161
72
-24
158
-178
-223
381
-160
-205
72
305
-124
-19
58
295
348
-174
244
525
42
-159
406
226
110
294
303
618
198
-21
619
465
-401
463
169
-83
476
157
220
442
398
-265
482
222
-412
249
382
94
-158
506
-183
-9
425
-350
187
177
-135
3
225
-434
84
308
-509
167
57
-476
-80
71
-570
245
-130
-477
148
-70
-380
29
-32
-404
-20
-188
-114
-136
-42
-149
8
-31
-421
65
-100
-207
-161
-144
-29
-250
63
-236
285
-260
65
269
-289
-107
294
-105
-120
395
-253
127
107
-101
-78
419
-437
254
214
-475
176
58
46
-209
216
-310
137
-34
-192
139
-30
308
-55
55
56
254
-21
-117
392
-151
129
159
155
308
-83
420
60
-75
418
-340
190
68
-227
114
-104
76
-87
74
-98
188
-439
-132
-3
-372
-132
-460
56
-147
-314
-236
-8
-417
-60
-58
-372
17
-44
-202
-57
-67
-139
-35
125
-105
-184
218
2
-92
59
-77
350
-9
-230
32
371
-311
-146
361
-317
248
66
-159
114
-103
-185
257
-337
-289
210
76
-361
282
32
-367
446
-155
-177
42
170
-66
140
14
-23
209
-98
314
10
-203
393
-21
-148
120
60
77
-32
112
-41
-42
-99
283
-46
-12
212
-48
196
148
-4
39
52
115
168
-79
308
304
36
401
192
227
83
218
177
-63
19
68
98
-26
-34
18
-100
-22
-253
-249
-310
-153
-228
-373
-101
-95
-235
-230
13
-447
-74
126
-495
-101
35
-203
-61
-99
-19
-85
-104
12
111
-162
-203
325
-172
-196
278
-29
-157
346
59
-126
108
87
37
38
260
193
18
300
246
-89
116
272
152
202
285
147
295
139
107
145
165
175
164
126
320
316
-9
479
336
10
376
269
97
323
-28
440
323
-269
358
334
-228
177
184
-248
208
157
-213
24
157
-182
84
-39
-56
136
-243
-73
165
-410
-164
248
-351
-384
228
-45
-197
-218
-126
45
-336
-113
-232
-50
-215
-200
106
-305
-185
14
52
-267
-76
-24
-3
-15
-102
63
-167
68
-64
-52
-227
-112
137
-213
-34
8
-156
29
-56
-105
-71
24
11
120
-68
33
258
-199
195
178
-125
97
245
76
-92
84
194
-18
-85
358
30
-147
210
38
113
176
-84
34
144
20
8
224
-35
153
244
94
133
-4
56
-51
95
-134
33
-11
-53
61
4
-288
-48
-11
-288
-147
45
-187
-243
-108
-155
-61
-304
-294
-72
-89
-404
-47
-228
-293
-93
-230
106
-213
-360
17
56
-441
-214
-10
-208
-185
-259
-107
-128
-209
-178
-52
-207
-111
-154
-67
9
-234
81
6
-75
-139
-121
92
-9
-210
25
132
-74
-80
301
60
-230
285
105
-78
229
34
212
248
-70
227
249
-51
148
220
7
136
151
-11
156
45
5
240
-10
-72
175
104
-9
35
183
31
54
147
221
73
-26
251
76
25
-75
121
103
-76
16
147
-47
-123
79
-98
65
-12
-197
153
-67
-102
113
8
-51
122
68
-15
166
-29
13
156
11
-9
106
21
29
-27
30
-16
-14
18
-121
-91
-6
-51
-116
-83
35
-163
21
18
-140
-133
103
43
-43
9
29
139
-129
48
92
-52
-131
26
9
-104
-164
13
-119
-224
163
-189
-256
-85
-116
-184
-79
-128
-92
-41
-268
1
-60
-243
-19
74
-192
25
85
-133
-23
-23
2
103
-37
-30
72
-72
-45
45
-65
-73
-10
-73
70
-118
-128
64
-157
1
37
-169
2
155
-8
-81
181
141
85
103
112
177
165
89
158
201
134
91
202
192
-50
117
245
-32
14
97
1
97
28
-1
82
141
15
118
133
36
101
167
166
182
119
261
279
99
147
105
222
103
9
90
104
51
19
62
31
-3
38
-2
5
-143
-101
31
-56
-77
-58
108
12
-114
-68
10
-77
-69
-87
-83
-67
-84
-128
21
-141
-180
20
-145
-85
-159
-178
-54
-75
-217
-135
-28
-128
-110
-100
-103
-101
-120
-104
-166
-164
-185
-82
-112
-103
-118
-96
-70
-145
-140
-47
-99
-101
-35
-53
78
1
-13
3
77
77
22
159
83
86
190
131
19
39
140
2
31
131
41
33
71
192
149
58
204
273
161
75
255
223
75
156
139
131
142
93
58
160
102
13
96
69
103
-14
61
133
48
-7
12
170
-42
-79
100
-12
-138
5
7
-112
-87
-128
-82
-134
-214
-108
-97
-191
-76
7
-160
-77
-66
-143
-81
-90
-75
-146
-76
-44
-75
-78
-139
-49
-109
-96
-17
-72
-68
-33
-101
-31
-63
-96
-12
-25
-47
-57
2
-77
23
56
-50
18
74
45
41
87
119
100
101
149
98
121
143
122
103
110
86
17
7
44
-48
-19
31
-77
-6
-56
-40
14
34
-49
-23
67
-44
-4
22
-46
-26
-55
-67
-67
-92
-67
-2
-94
-180
-81
-69
-135
-61
-103
-104
-92
-106
-112
-108
-98
-159
-114
-136
-230
-145
-158
-185
-153
-212
-160
-94
-39
-67
-53
-37
-49
-23
-63
-80
-31
-39
-74
-7
-37
-106
40
29
33
53
58
80
67
54
-13
33
59
32
38
112
43
95
164
37
68
177
74
83
126
122
102
82
132
72
82
79
55
74
80
52
41
-12
52
-6
-90
48
-2
-63
-91
-23
-8
-56
-22
-36
-81
-34
-21
-137
-106
-50
-72
-129
-137
-77
-42
-96
-58
-14
-100
-38
-59
-135
-78
-66
-84
-65
-13
-11
25
-39
9
53
-35
-13
24
-77
-45
-5
-82
5
41
-14
52
124
95
124
121
124
119
112
67
71
121
87
84
98
148
125
136
164
72
118
123
92
44
48
72
105
87
78
152
84
100
100
139
90
89
98
98
69
25
58
13
8
-4
-22
-45
5
-37
-50
9
4
-4
-19
-25
-7
-25
-25
1
21
15
9
30
7
4
32
9
8
-4
-46
0
-16
-15
-15
23
-32
22
81
3
33
72
24
-30
17
39
-21
-8
30
-20
16
11
10
-39
-5
-32
-44
-30
-51
-18
-38
-13
22
30
11
23
56
41
21
36
40
40
-6
22
40
38
29
104
100
70
147
93
70
132
83
14
52
74
25
27
48
48
48
73
75
66
98
69
25
69
-8
-24
-14
-73
-91
-105
-87
-105
-83
-88
-104
-76
-52
-97
-44
-47
-88
-64
-64
-93
-129
-89
-106
-108
-129
-130
-92
-142
-148
-108
-113
-112
-81
-107
-66
-37
-59
-15
14
0
-7
32
-14
-20
36
-60
-35
-35
-78
-5
-30
-41
-18
-15
-30
-30
-10
-43
-32
-7
-28
-11
3
-4
5
42
0
15
-2
16
-2
7
-9
0
37
-25
30
37
10
35
32
13
38
37
47
39
51
22
71
31
9
76
26
34
35
37
52
50
66
52
52
43
14
67
43
-32
38
7
-30
12
-13
-42
-23
-19
-43
-45
-21
-62
-65
-59
-75
-93
-88
-107
-99
-94
-123
-78
-110
-128
-133
-109
-110
-120
-113
-72
-83
-105
-4
-55
-51
-1
-58
-50
-29
-48
-27
-24
-47
-17
0
-4
-3
11
45
38
34
74
45
70
76
37
66
30
38
37
13
22
33
21
34
80
48
45
117
103
65
139
87
85
107
74
69
39
50
68
46
32
54
71
53
61
69
66
91
49
47
85
52
41
74
92
32
51
77
61
59
32
62
40
35
51
28
30
63
47
-7
25
17
-18
16
-11
-31
-15
-6
-45
-44
-38
-37
-32
-69
-72
-77
-56
-75
-85
-60
-72
-64
-46
-45
-58
-23
-16
-40
5
-24
-25
17
-3
-30
-1
-24
-10
-12
-4
-13
18
49
6
55
67
35
44
57
50
9
38
44
28
35
19
86
37
48
102
47
71
88
63
59
54
47
25
36
16
-11
33
28
-3
14
34
30
21
55
13
16
24
-10
-15
-41
-40
-53
-42
-69
-86
-58
-44
-70
-64
-18
-29
-32
-29
-11
-15
-18
-22
-38
-37
-54
-52
-35
-75
-72
-50
-76
-79
-63
-49
-57
-48
-66
-45
-30
-50
-35
-32
-46
-35
-34
-29
-28
-6
-28
-7
3
-36
-21
-1
-39
-46
-14
-58
-27
-35
-48
-28
-10
-44
-22
7
-13
-9
-21
-26
-29
-45
-85
-77
-90
-115
-94
-94
-90
-63
-40
-31
-31
1
9
1
22
11
-4
16
-3
-19
-16
2
-6
-24
-10
13
-10
3
44
12
37
27
17
38
23
13
17
42
11
-11
38
20
7
38
12
3
4
0
-28
-25
-50
-34
-61
-62
-51
-47
-35
-40
8
-28
-14
21
5
