30
54
70
87
98
96
90
81
64
44
26
11
1
1
-2
1
0
7
7
22
27
23
16
13
2
-3
-6
-12
-9
-6
-3
-1
-4
-21
-36
-50
-62
-67
-56
-48
-34
-17
-1
11
20
20
16
11
1
-11
-24
-32
-41
-29
-11
4
16
28
29
27
18
11
5
2
4
21
36
52
65
73
76
72
63
46
25
-1
-19
-34
-40
-40
-29
-14
10
32
43
41
31
16
-1
-16
-30
-41
-47
-47
-46
-38
-28
-21
-14
-13
-19
-27
-35
-49
-56
-59
-51
-33
-14
-3
3
5
-1
-14
-25
-36
-44
-31
-18
-5
7
18
25
36
36
30
23
12
-9
-26
-35
-42
-30
-2
19
39
59
66
62
53
36
20
11
0
-10
-12
-16
-17
-7
-3
5
15
18
8
-3
-20
-35
-37
-31
-21
1
22
30
33
25
14
0
-8
-26
-43
-57
-67
-68
-61
-50
-28
4
26
36
35
30
18
10
1
-5
-7
-4
-1
-4
-11
-19
-20
-26
-31
-36
-36
-32
-22
-6
11
32
53
72
77
67
48
26
-6
-32
-55
-68
-70
-60
-50
-37
-10
17
38
51
53
45
36
21
4
-8
-16
-22
-20
-19
-25
-24
-27
-35
-42
-49
-56
-48
-29
-15
0
22
35
45
51
51
45
39
18
-9
-32
-53
-64
-54
-44
-32
-9
10
15
16
17
12
17
23
23
20
24
17
11
5
-3
-5
-12
-25
-42
-54
-67
-69
-61
-47
-22
21
50
67
74
67
50
28
2
-24
-40
-57
-67
-72
-71
-70
-53
-29
-13
-8
-3
-2
-15
-30
-44
-49
-55
-58
-54
-54
-61
-52
-39
-43
-49
-47
-44
-39
-30
-33
-29
-17
-20
-18
-8
-4
-4
-8
-12
-13
-17
-4
22
35
43
55
62
52
42
37
35
23
23
23
20
30
38
49
71
79
84
107
106
90
81
70
50
36
41
66
86
100
122
131
121
122
126
112
97
86
70
44
21
12
-8
-26
-22
-19
-25
-11
11
16
15
19
23
11
13
14
0
-20
-36
-48
-67
-86
-77
-68
-67
-42
-18
-17
-5
14
10
6
0
-6
-22
-49
-53
-58
-69
-31
0
5
23
45
49
39
41
48
36
21
18
-5
-32
-51
-47
-52
-61
-31
0
6
13
32
28
17
28
41
33
24
17
-8
-36
-58
-70
-73
-64
-61
-46
-31
-31
-9
5
-1
-6
-6
-23
-38
-55
-62
-71
-75
-67
-57
-49
-29
1
-1
-4
5
-8
-24
-30
-44
-65
-86
-94
-97
-112
-98
-68
-63
-69
-50
-35
-34
-24
-9
-12
-17
1
-7
-25
-32
-38
-51
-56
-61
-41
-20
-10
10
10
5
10
12
12
8
-3
5
-3
-16
-6
-10
2
50
79
101
133
144
145
146
125
118
120
117
101
95
93
101
109
122
144
164
176
185
183
163
155
160
189
196
183
180
179
149
143
125
96
81
73
48
23
15
-2
-21
-33
-44
-49
-61
-91
-116
-156
-178
-161
-147
-147
-113
-79
-63
-60
-64
-63
-71
-80
-95
-124
-143
-156
-175
-191
-195
-200
-177
-134
-95
-76
-67
-48
-36
-37
12
43
43
58
47
98
133
144
201
208
168
200
223
249
208
199
296
320
315
342
338
317
274
220
189
127
53
0
-23
-49
-113
-148
-119
-156
-221
-252
-269
-357
-402
-443
-416
-569
-561
-471
-620
-598
-484
-550
-510
-543
-637
-473
-681
-743
-551
-735
-859
-638
-710
-831
-720
-627
-668
-709
-686
-634
-761
-756
-645
-717
-715
-476
-398
-403
-380
-253
-174
-250
-220
-131
-106
-106
99
370
471
578
832
1033
1074
1116
1193
1216
1180
1215
1356
1463
1421
1410
1536
1562
1498
1410
1368
1272
1163
1129
1163
1136
979
917
979
944
752
601
515
362
157
26
53
-38
-203
-190
-125
-198
-303
-332
-404
-501
-563
-542
-518
-545
-548
-410
-288
-221
-200
-158
-75
-124
-109
-69
-126
-109
-14
154
281
270
285
343
333
299
220
152
88
61
87
177
107
122
23
172
38
-179
-116
-390
-479
-676
-444
-715
-652
-562
-666
-596
-662
-846
-651
-977
-1137
-730
-1134
-971
-1020
-889
-837
-956
-944
-786
-966
-1159
-965
-910
-1062
-1062
-880
-908
-973
-855
-769
-890
-1012
-849
-813
-860
-675
-575
-546
-424
-197
-155
-244
-182
-71
-179
-79
43
215
332
397
684
811
898
1044
1146
1178
1199
1235
1290
1361
1390
1427
1502
1589
1598
1580
1542
1500
1410
1295
1261
1207
1138
1044
1027
1029
925
804
760
708
587
490
407
278
118
40
42
-42
-117
-126
-97
-122
-159
-149
-227
-247
-188
-195
-198
-175
-156
-110
-79
-39
4
120
233
324
359
389
430
423
441
371
337
322
350
231
248
120
226
116
240
139
275
170
-83
276
110
-96
-340
251
-572
-418
-123
-538
-793
-381
-617
-1035
-615
-1173
-869
-1089
-1479
-976
-1451
-1724
-1121
-1604
-1478
-1481
-1436
-1437
-1620
-1498
-1532
-1372
-1702
-1258
-1332
-1464
-1092
-1210
-1083
-1047
-1109
-1072
-1153
-1154
-1284
-1276
-1303
-993
-853
-641
-584
-477
-157
-219
-241
-257
-405
-228
-59
241
496
539
822
1124
1389
1551
1560
1459
1447
1597
1636
1773
1939
1946
2160
2429
2616
2506
2337
2210
2070
2008
1937
1838
1754
1664
1682
1788
1763
1560
1246
1016
894
741
505
346
300
274
432
588
598
402
163
90
60
-114
-330
-248
-357
-282
-74
0
-86
-198
-190
-183
-227
-385
-469
-645
-653
-501
-386
-352
-282
-264
-171
-52
-195
-316
-267
-376
-476
-187
-322
-319
-297
-164
-62
-599
38
-348
-890
-121
-689
-457
-378
-1075
-227
-615
-980
-606
-546
-1157
-1274
-633
-1257
-1333
-1310
-1092
-1195
-1226
-1084
-1216
-1299
-1519
-1232
-1424
-1369
-1393
-1188
-1183
-924
-865
-914
-665
-901
-844
-675
-877
-837
-525
-848
-678
-421
-538
-599
-513
-553
-484
-351
-150
-103
-42
88
250
353
187
223
235
94
382
624
767
923
1154
1325
1465
1533
1486
1553
1388
1502
1749
1676
1728
1770
1847
1979
1953
1963
1832
1705
1706
1716
1705
1588
1358
1281
1199
1073
924
738
471
333
243
265
266
92
6
-27
-21
-124
14
-337
-446
-323
-461
-510
-457
-607
-706
-515
-468
-430
-720
-348
-417
-525
-150
-396
-356
-532
-339
-316
-207
-454
-98
-111
-665
155
-127
-435
-168
-83
-484
67
-162
-468
142
-352
-218
118
-645
-336
-362
-450
-414
-190
-617
92
-600
-494
-206
-694
-590
-1034
-454
-1027
-918
-735
-484
-1320
-544
-927
-891
-586
-1285
-800
-696
-846
-677
-822
-833
-727
-788
-745
-638
-806
-692
-541
-490
-406
-545
-530
-525
-547
-735
-301
-467
-355
-383
-69
-137
-41
-34
-106
-74
-66
-27
32
233
203
365
718
688
827
1014
962
959
1143
1128
1289
1445
1463
1701
1791
1837
1798
1905
1808
1793
1721
1733
1646
1554
1448
1473
1494
1327
1376
1253
1103
979
958
738
820
440
544
766
366
296
587
230
111
340
162
40
-328
211
-279
-79
-268
-323
-32
-433
-479
-122
-407
-526
-404
-48
-659
-109
-217
-524
90
-679
-10
-443
-386
-480
-58
-498
-322
264
-842
-210
-228
-1045
47
-791
-735
-206
-534
-1061
151
-837
-650
-71
-1036
-231
-677
-697
-670
-419
-884
-52
-1404
11
-1102
-545
-951
-499
-544
-1436
155
-1234
-549
-759
-670
-548
-738
-429
-479
-755
-255
-947
-463
-653
-548
-414
-374
-436
-431
-490
-537
-714
-653
-661
-607
-525
-502
-394
-391
-504
-548
-408
-599
-323
-650
-233
-108
-246
23
53
248
261
311
490
410
580
636
904
1085
1206
1266
1484
1535
1509
1509
1522
1363
1453
1399
1325
1400
1206
1309
1231
1244
1199
1195
919
1014
1069
794
784
904
685
1007
623
540
796
209
744
-63
314
377
-42
147
131
259
-351
-49
239
-234
-147
-318
3
-53
-390
-241
386
-740
174
313
-587
455
-615
-126
100
-251
-349
196
-742
370
-521
-618
-324
-298
-952
-283
-127
-908
249
-928
393
-779
-490
576
-1357
-264
176
-1103
-286
-261
-148
-768
-149
-488
-457
-241
-1042
-298
-467
-977
-343
-528
-910
-433
-995
-575
-710
-1226
-946
-981
-937
-960
-1380
-455
-1239
-939
-866
-1089
-910
-1131
-1328
-874
-1547
-1189
-1093
-1316
-1145
-906
-1006
-830
-786
-1142
-794
-773
-1025
-862
-728
-746
-387
-495
-177
-4
-19
158
422
211
456
672
639
888
1238
1191
1518
1547
1600
1585
1683
1629
1691
1708
1741
1832
1794
1980
1840
1996
1783
2138
1310
2041
1307
1572
1469
1179
1840
858
1599
665
1379
802
844
557
849
392
422
1120
-132
785
224
450
86
221
167
-261
870
-202
171
423
219
185
-340
761
-797
205
138
-489
-361
65
-116
-542
417
-772
-104
-89
-260
-574
-52
-652
-51
-520
-408
-402
95
-914
-95
-150
-933
115
-820
-683
100
-1404
-543
60
-1160
-796
-195
-1186
-430
-1028
-1119
-323
-1557
-656
-997
-1053
-1139
-1030
-1076
-1014
-1324
-898
-1536
-1261
-963
-1550
-883
-1302
-1161
-1352
-1178
-1490
-1341
-1297
-1652
-1192
-1501
-1507
-1267
-1599
-1279
-1209
-1418
-1199
-1001
-1135
-955
-552
-948
-604
-524
-560
-182
-226
-96
-6
65
370
397
561
728
908
894
1119
1348
1348
1535
1594
1729
1893
1761
1914
1918
1852
1997
1927
2079
1493
2416
1459
1547
2117
1172
1745
1777
1500
1847
1423
1328
1716
601
1663
901
770
897
785
684
159
1197
-40
271
1111
-635
771
-85
222
-20
-25
11
230
-21
291
-25
-10
207
-564
548
-765
437
-537
78
205
-767
165
-437
-478
191
-895
-15
-76
-400
-521
201
-45
-1037
392
-1036
-29
-137
-1631
746
-826
-1105
439
-674
-1069
-214
-749
-953
83
-1568
-21
-418
-1329
-584
-397
-1798
-921
-607
-1745
-833
-1222
-1093
-908
-1616
-1140
-1085
-1846
-994
-1609
-1620
-1272
-1650
-1371
-1902
-1397
-1632
-1815
-1473
-1304
-1709
-1774
-1286
-1817
-1533
-1616
-1246
-1044
-1229
-823
-718
-696
-642
-329
-553
-356
-182
-76
89
325
411
707
850
750
1115
877
956
1456
1272
1654
1850
1851
2123
2053
2052
2143
2096
2027
2249
2197
2085
2603
2229
2146
2126
2359
1848
1737
2036
1506
2044
1486
2301
1755
1516
1587
1156
1862
597
1505
676
1059
1122
1240
576
1331
254
425
1327
-498
533
480
83
535
459
-75
830
-699
507
-332
245
-222
-632
610
-765
-24
-334
159
-555
-193
-340
-270
249
-1815
531
-821
-1001
57
-1084
-254
-614
-1243
-246
-339
-1780
284
-1033
-1053
-790
-865
-1559
-581
-1258
-1136
-974
-1024
-1315
-1085
-1101
-2125
-705
-1846
-1003
-1458
-914
-1517
-1317
-1414
-1654
-979
-1586
-1722
-1306
-1107
-1553
-1031
-1634
-820
-1440
-1667
-468
-1965
-771
-1257
-1445
-1042
-1374
-1267
-761
-1280
-1116
-568
-803
-390
-863
-335
-331
-316
-378
92
-183
-4
617
551
798
545
947
783
1020
1073
1242
1580
1438
1826
1743
1943
1855
1849
1746
1869
1983
1673
1998
1868
2094
1900
1899
2186
1542
1886
2028
1291
1404
2123
1002
1462
2033
639
1888
978
984
1356
440
615
1611
33
1029
850
91
1718
-509
1068
610
-179
838
373
144
449
868
-322
286
697
-177
-16
766
-726
504
390
-1156
1254
-913
-66
129
-671
-144
-476
-229
-510
-858
443
-1717
-82
-44
-2213
162
-893
-1956
112
-1296
-1808
617
-2373
-597
-1162
-1097
-1988
-1110
-1236
-1773
-271
-2981
-165
-1949
-1668
-1337
-1781
-1626
-1821
-1048
-2117
-714
-1941
-1046
-1569
-1355
-1892
-1616
-1004
-2476
-645
-2080
-692
-1594
-1187
-1112
-1442
-1568
-1422
-1075
-1637
-759
-1068
-437
-891
15
-844
-404
-424
-416
-202
-222
59
176
819
490
901
697
825
760
960
1266
1315
1698
1463
2062
1736
2010
1850
1714
1912
1673
2018
1940
2102
1952
2386
1822
2064
2325
1287
2032
1706
1291
1896
1360
1720
1660
1508
1208
1886
997
1399
1771
517
1516
868
1118
793
835
899
1020
682
907
893
458
631
501
664
205
931
43
932
347
-110
1106
-317
-144
656
-491
50
558
-437
82
-553
420
-555
-439
-570
241
-687
-1347
669
-1261
-913
-299
-1311
-530
-907
-1808
-56
-1401
-1442
-572
-1765
-620
-1450
-1665
-801
-1963
-1162
-1355
-1331
-1143
-1493
-1843
-1274
-1143
-2350
-1184
-1760
-1628
-1005
-1953
-1416
-1520
-1803
-1942
-1543
-1787
-2473
-1020
-1960
-1825
-1320
-2330
-1426
-1978
-2032
-907
-1143
-1354
-479
-1106
-997
-757
-1253
-353
-918
-255
-20
13
699
47
420
113
227
642
364
1098
1060
1298
1611
1510
1527
1427
1429
1471
1545
1888
1968
2064
2054
1871
1918
1562
1590
1530
1449
1586
1721
1595
1855
1724
1405
1450
1516
1109
1234
1602
930
1741
1256
1106
1623
740
831
964
672
976
1448
354
1398
1184
213
1221
550
584
556
608
648
791
577
400
598
679
-143
323
428
-461
623
120
421
240
-64
-152
-273
-622
-627
-518
-748
-137
-1050
-230
-971
-651
-752
-1760
-661
-1218
-930
-1286
-1075
-1015
-1229
-1886
-1150
-1447
-2265
-1228
-1412
-2142
-1269
-1323
-2389
-476
-2560
-1958
-1310
-2322
-1727
-2222
-1529
-2192
-1749
-1979
-1795
-2465
-2250
-1701
-2556
-1999
-2437
-2060
-1890
-1354
-1428
-1239
-948
-1285
-702
-1136
-681
-634
-746
-41
319
392
683
835
706
636
790
1041
1329
1656
1578
2185
1887
1814
1925
1390
1666
1371
1707
1909
1881
1849
1770
1539
1142
1228
994
1110
1010
1116
1210
1051
1000
843
643
401
541
512
834
815
877
1438
949
950
1433
883
1103
1390
1272
1689
1710
1544
1455
1269
1162
1381
1126
1339
1572
1378
1493
1306
1412
1010
920
888
760
905
492
637
769
178
240
380
-132
-73
-412
-308
-81
-599
-662
-117
-828
-1019
-1088
-1041
-1143
-1517
-871
-1246
-1293
-1204
-1586
-1251
-1374
-2362
-1185
-1473
-2070
-1794
-2006
-1777
-2251
-2247
-2119
-1839
-2331
-2598
-2340
-2440
-2902
-2554
-2140
-2535
-2365
-2607
-2285
-2622
-2851
-2994
-2640
-1877
-1958
-1183
-1236
-1255
-1267
-1579
-1238
-888
-1080
-313
242
384
917
700
653
485
622
1053
1543
1774
2099
2293
2091
2042
2041
1951
1709
1885
1755
2042
2042
1840
1756
1418
1013
763
1079
806
633
909
632
483
394
141
-26
-132
-60
-130
221
359
375
326
234
148
320
524
509
857
1027
1085
1233
1456
1423
1358
1525
1623
1945
2062
2113
2028
1836
1781
1663
1696
1636
1725
1637
1623
1584
1264
1252
1001
769
838
777
855
831
653
393
312
21
-96
-33
-271
-309
-427
-553
-314
-638
-1138
-829
-1090
-971
-1059
-1303
-1071
-1391
-1533
-1445
-1692
-1746
-1674
-2061
-1625
-2040
-2190
-1839
-2426
-2429
-2394
-2340
-2578
-2486
-2466
-2908
-2563
-2712
-2741
-2589
-2595
-1874
-1341
-932
-825
-915
-907
-1097
-893
-526
-189
114
692
1016
1215
1223
958
1056
1042
1387
1917
2409
2561
2539
2361
2034
2096
1865
1841
2096
2139
2121
2026
1716
1304
863
405
351
538
441
437
218
-265
-360
-754
-903
-827
-811
-663
-505
-579
-823
-718
-1048
-902
-616
-501
-87
64
183
161
291
210
369
703
996
1312
1550
1714
1624
1637
1679
1610
1672
1860
1927
2118
2036
1952
1733
1656
1593
1558
1574
1434
1432
1255
1213
1085
866
876
830
783
874
565
372
208
-14
36
-83
-5
-13
-280
-239
-455
-669
-713
-960
-1016
-844
-1001
-1105
-1091
-1378
-1765
-1758
-1516
-1843
-2059
-2083
-2143
-2236
-2325
-2386
-2683
-2689
-2655
-2737
-2808
-2973
-3010
-2712
-2148
-1482
-918
-1038
-1040
-1092
-1309
-811
-403
-80
512
890
1368
1728
1639
1419
1613
1594
2061
2821
3069
3154
2844
2542
2365
2237
2311
2387
2410
2293
2062
1817
1452
918
706
428
249
405
292
11
-434
-874
-1172
-1358
-1321
-1286
-1162
-1172
-1331
-1433
-1635
-1827
-1747
-1573
-1201
-963
-835
-689
-755
-709
-668
-432
-126
332
483
620
733
749
675
761
904
960
1226
1194
1346
1310
1223
1211
1078
1106
955
1131
1131
995
1027
797
772
610
717
622
544
713
523
379
311
148
80
44
-101
-129
-72
-353
-444
-471
-693
-857
-877
-771
-944
-1168
-1322
-1452
-1639
-1674
-1717
-1634
-1728
-2001
-2051
-2299
-2308
-2468
-2549
-2299
-2373
-2486
-2558
-2716
-3041
-2585
-2050
-1176
-500
-725
-672
-1142
-1165
-801
-293
274
850
1366
1811
2009
1784
1748
1683
1984
2473
3120
3573
3406
3052
2686
2522
2525
2769
2844
2862
2541
2184
1896
1363
945
587
341
201
208
-11
-353
-1005
-1564
-1804
-1923
-1788
-1780
-1810
-2016
-2264
-2317
-2196
-2136
-2052
-1958
-1714
-1485
-1338
-1129
-1018
-944
-748
-307
29
143
107
163
313
392
616
939
888
891
825
801
879
759
850
824
869
880
849
806
668
490
537
557
525
586
414
307
232
149
166
229
110
5
122
13
49
-23
-146
-231
-254
-140
-256
-336
-522
-808
-897
-884
-1023
-945
-1143
-1332
-1447
-1718
-1766
-1883
-2002
-2071
-2054
-2068
-1933
-1918
-2087
-2165
-2356
-2302
-2199
-1784
-1147
-503
82
3
-87
-379
-433
69
672
1393
1765
2069
2393
2463
2357
2461
2590
2942
3524
3972
4274
4056
3598
3232
3188
3292
3478
3590
3311
2844
2388
2025
1792
1520
1244
933
596
265
-153
-584
-1079
-1440
-1681
-1788
-1898
-2052
-2341
-2654
-2844
-2903
-2737
-2557
-2272
-2278
-2239
-2209
-2216
-1924
-1656
-1268
-871
-619
-348
-205
-231
-136
85
472
777
963
1025
882
719
582
633
898
1042
1012
932
711
493
403
290
290
309
228
125
92
13
-155
-212
-249
-240
-209
-222
-348
-360
-385
-421
-313
-330
-386
-388
-501
-640
-702
-830
-919
-892
-887
-907
-1001
-1243
-1457
-1526
-1608
-1624
-1504
-1682
-1819
-1815
-1960
-2062
-2094
-2070
-2066
-1877
-1898
-1903
-1840
-2063
-1416
-711
196
711
388
108
-154
95
826
1703
2269
2644
2802
3059
3097
2985
3061
3237
3694
4260
4599
4589
4097
3437
3105
3230
3598
3778
3623
3118
2481
1946
1624
1548
1255
976
604
221
-95
-637
-1121
-1671
-2095
-2180
-2287
-2322
-2525
-3082
-3376
-3520
-3437
-3123
-2798
-2683
-2873
-3091
-3140
-2961
-2611
-2184
-1834
-1630
-1533
-1259
-1031
-861
-770
-566
-241
74
397
485
344
109
-41
212
576
637
618
386
152
88
135
264
277
175
51
65
10
-47
-83
-163
-202
-214
-230
-220
-324
-488
-599
-631
-507
-487
-539
-632
-825
-930
-989
-889
-852
-855
-834
-937
-995
-1101
-1192
-1223
-1369
-1447
-1371
-1488
-1419
-1510
-1560
-1606
-1631
-1546
-1641
-1477
-1590
-1490
-1535
-1224
-572
241
983
848
718
475
588
1309
2063
2798
3184
3290
3462
3620
3716
3813
4007
4307
4702
4954
5079
4913
4469
4094
4106
4381
4577
4494
4005
3298
2738
2332
2186
2085
1769
1294
732
268
-204
-614
-1080
-1466
-1737
-2032
-2170
-2344
-2656
-2975
-3153
-3212
-3032
-2830
-2625
-2646
-2691
-2588
-2638
-2285
-2062
-1782
-1494
-1439
-1193
-1022
-851
-604
-362
-194
-110
5
166
218
225
101
103
128
174
253
142
32
-75
-15
102
148
89
-55
-194
-247
-235
-128
-109
-187
-193
-255
-248
-255
-290
-264
-368
-389
-346
-341
-374
-544
-679
-752
-726
-727
-624
-661
-793
-940
-1072
-1138
-1086
-1028
-1115
-1122
-1275
-1427
-1561
-1594
-1512
-1442
-1326
-1349
-1211
-1164
-1114
-1140
-1032
-1173
-752
139
896
1616
1176
957
713
975
1838
2648
3233
3469
3439
3635
3911
3904
4049
4182
4424
4785
5027
5080
4803
4166
3809
4009
4330
4537
4245
3680
2988
2381
2149
2229
2073
1603
1089
460
47
-441
-839
-1149
-1564
-1715
-1801
-1910
-2119
-2525
-2764
-2806
-2696
-2487
-2266
-2280
-2247
-2180
-2102
-1921
-1785
-1455
-1179
-1004
-669
-505
-347
-231
-170
-30
58
267
494
607
564
473
402
321
403
563
685
763
585
451
318
154
188
140
145
152
13
-58
-190
-248
-249
-251
-191
-187
-231
-306
-447
-500
-544
-516
-369
-441
-477
-551
-645
-695
-760
-718
-647
-645
-752
-779
-850
-907
-982
-928
-986
-975
-996
-1106
-914
-1057
-878
-869
-855
-695
-655
-586
-427
-533
-461
-571
-257
689
1499
2211
1889
1434
997
1155
1795
2700
3448
3629
3589
3651
3688
3604
3598
3800
4253
4567
4801
4868
4396
3752
3266
3411
3852
4034
3910
3450
2764
2150
1735
1829
1849
1563
1286
748
289
-174
-647
-885
-1058
-1135
-1150
-1201
-1383
-1759
-2033
-2050
-1867
-1448
-1167
-1019
-975
-1178
-1143
-1269
-1157
-989
-782
-448
-331
-223
-258
-405
-532
-595
-479
-195
35
18
-215
-639
-1018
-1122
-921
-604
-450
-630
-1122
-1504
-1738
-1724
-1588
-1450
-1455
-1697
-1954
-2173
-2314
-2408
-2392
-2306
-2154
-2084
-2175
-2405
-2699
-2919
-2872
-2594
-2391
-2292
-2405
-2657
-2892
-2952
-2886
-2715
-2642
-2703
-2744
-2830
-2895
-2960
-3048
-3122
-3030
-2912
-2781
-2786
-2887
-2962
-2966
-2812
-2660
-2449
-2342
-2368
-2149
-2317
-2135
-2178
-1975
-1047
-221
692
631
197
-269
-206
307
1284
2152
2572
2575
2422
2368
2195
2119
2281
2765
3184
3442
3434
2967
2289
1644
1618
2022
2359
2388
1987
1210
471
-80
-142
-60
-161
-295
-658
-1047
-1525
-1993
-2245
-2362
-2344
-2159
-2124
-2187
-2429
-2744
-2796
-2633
-2266
-1866
-1577
-1477
-1337
-1325
-1228
-997
-936
-559
-337
-27
303
295
288
199
140
312
608
882
916
658
329
158
114
322
623
641
464
135
-123
-103
-118
-147
-111
-198
-192
-290
-392
-502
-774
-788
-681
-530
-401
-554
-781
-995
-1081
-918
-709
-622
-679
-870
-1038
-1117
-1141
-1082
-1094
-1185
-1303
-1428
-1383
-1490
-1510
-1489
-1606
-1529
-1560
-1549
-1515
-1542
-1541
-1468
-1442
-1231
-1183
-988
-988
-861
-797
-697
-738
-791
25
870
2043
2135
1922
1536
1238
1679
2459
3326
3867
4004
4061
4187
3765
3393
3303
3535
3981
4410
4733
4531
3665
2684
2332
2360
2650
2812
2763
2358
1581
864
547
344
91
54
-23
-32
-377
-817
-1181
-1649
-1812
-1621
-1267
-931
-881
-1032
-1175
-1374
-1289
-967
-516
-91
190
592
721
763
679
608
873
1227
1776
2159
2120
1759
1314
1232
1403
1656
1883
1801
1541
1175
926
865
867
836
746
639
498
363
218
21
-137
-232
-194
-127
-147
-267
-429
-629
-720
-688
-617
-545
-560
-618
-678
-715
-764
-794
-843
-887
-947
-1030
-1108
-1253
-1421
-1583
-1729
-1827
-1824
-1811
-1853
-1951
-2093
-2196
-2268
-2258
-2164
-1973
-1803
-1757
-1716
-1764
-1784
-1560
-1496
-1183
-1123
-1115
-1192
-797
28
1083
1870
1657
1556
1143
1206
1678
2303
3026
3559
3828
4176
3928
3395
2938
2728
3036
3655
4241
4527
4024
3002
2110
1706
1704
1906
2077
2097
1714
1080
464
-85
-651
-938
-893
-684
-464
-655
-1061
-1686
-2215
-2391
-2079
-1583
-1114
-900
-849
-1001
-1168
-1144
-902
-501
-15
472
916
1147
1241
969
799
773
1005
1574
1893
1977
1677
1197
993
1009
1153
1245
1075
900
732
675
689
646
374
20
-193
-182
-88
-74
-189
-249
-400
-495
-475
-496
-555
-670
-686
-633
-593
-662
-762
-952
-1090
-1101
-943
-803
-815
-966
-1148
-1307
-1485
-1613
-1678
-1817
-1863
-1967
-2065
-2086
-2322
-2451
-2569
-2643
-2633
-2580
-2512
-2455
-2329
-2303
-2283
-2198
-2106
-1998
-1636
-1583
-1305
-1255
-1151
-1127
-657
160
955
1880
1747
1912
1528
1358
1811
2221
2816
3480
3711
4035
3865
3283
2872
2447
2391
2797
3148
3420
3263
2619
1860
1265
856
802
832
829
817
553
215
-206
-783
-1220
-1363
-1293
-878
-726
-692
-882
-1301
-1598
-1734
-1581
-1166
-713
-276
-35
37
-57
-143
-52
127
541
1086
1486
1711
1641
1432
1317
1167
1302
1399
1469
1475
1403
1476
1415
1243
939
660
451
374
526
718
767
574
165
-132
-349
-370
-211
-147
-65
-100
-166
-224
-418
-628
-810
-794
-644
-492
-410
-518
-756
-961
-1110
-1150
-1177
-1200
-1242
-1349
-1399
-1455
-1597
-1816
-2076
-2312
-2427
-2417
-2325
-2276
-2369
-2464
-2599
-2707
-2689
-2658
-2534
-2328
-2133
-1882
-1751
-1800
-1804
-1777
-1595
-1241
-943
-766
-723
-882
-171
494
1230
2004
1910
1964
1610
1326
1787
1964
2205
2769
3097
3604
3616
3191
2694
2040
1568
1787
2174
2500
2573
2215
1741
1205
627
403
294
113
254
447
556
432
-26
-509
-834
-1042
-879
-596
-411
-334
-371
-453
-494
-540
-504
-389
-288
-156
102
324
517
650
669
793
802
794
885
1006
1215
1428
1495
1459
1287
964
732
661
721
929
1082
1048
928
620
368
264
178
237
222
179
204
160
137
120
7
-163
-248
-216
-137
-65
-84
-154
-136
-232
-343
-469
-680
-812
-862
-775
-668
-719
-873
-1081
-1278
-1434
-1566
-1640
-1717
-1780
-1867
-1851
-1822
-1921
-2029
-2135
-2161
-2163
-2071
-1903
-1645
-1458
-1289
-1167
-1130
-1089
-997
-810
-570
-306
33
291
397
355
260
132
9
307
796
1452
1881
1994
2056
1873
1653
1591
1362
1342
1465
1728
2212
2432
2437
2212
1826
1529
1331
1167
1092
1011
1036
1189
1367
1450
1369
1053
658
377
245
261
373
434
468
511
489
440
328
120
-97
-239
-253
-178
-128
-2
85
157
169
120
107
44
-22
-46
-22
72
158
190
225
295
327
361
373
309
227
155
224
295
350
428
506
633
742
781
791
798
699
621
624
643
643
592
553
516
507
479
379
208
51
-22
-61
-84
-122
-239
-369
-452
-560
-690
-818
-971
-1017
-993
-959
-947
-1089
-1265
-1424
-1529
-1481
-1368
-1195
-1049
-999
-1032
-1048
-1010
-879
-662
-469
-273
-92
81
237
328
409
478
566
748
928
1052
1109
1041
929
845
825
792
759
758
688
566
401
160
-68
-231
-352
-384
-486
-630
-811
-1039
-1257
-1409
-1504
-1543
-1565
-1601
-1598
-1612
-1631
-1617
-1553
-1470
-1326
-1150
-976
-790
-599
-441
-273
-97
86
309
509
678
802
897
1035
1145
1217
1270
1299
1354
1392
1466
1480
1419
1368
1294
1259
1266
1235
1173
1088
985
894
841
813
718
622
524
420
427
401
353
319
251
209
202
230
240
171
122
101
61
38
8
-50
-112
-123
-134
-167
-219
-335
-467
-572
-647
-668
-638
-628
-635
-669
-766
-847
-926
-971
-983
-957
-908
-863
-816
-831
-856
-876
-854
-733
-556
-372
-243
-142
-52
82
210
339
454
552
674
805
966
1051
1069
1062
1048
1067
1101
1091
1028
896
743
634
569
550
508
437
335
208
82
-72
-219
-340
-447
-547
-638
-754
-870
-991
-1127
-1220
-1274
-1313
-1337
-1389
-1467
-1534
-1534
-1523
-1494
-1472
-1461
-1434
-1372
-1259
-1153
-1100
-1086
-1027
-939
-769
-593
-391
-205
-115
-22
75
194
284
363
467
590
685
762
816
834
849
877
873
870
831
703
655
657
640
634
602
556
535
573
620
623
568
504
458
443
482
516
535
563
557
522
464
389
307
226
162
157
186
183
159
66
-95
-209
-253
-240
-192
-158
-182
-235
-281
-337
-377
-364
-314
-223
-164
-124
-77
-53
-26
18
111
242
382
495
588
644
729
793
891
1031
1117
1201
1284
1331
1327
1340
1316
1278
1278
1240
1266
1271
1173
912
543
278
150
242
352
331
141
-104
-316
-477
-588
-720
-810
-860
-922
-1004
-1147
-1307
-1449
-1561
-1607
-1643
-1700
-1723
-1732
-1698
-1720
-1883
-2086
-2285
-2275
-2099
-1903
-1784
-1799
-1837
-1880
-1876
-1849
-1804
-1693
-1511
-1281
-1071
-950
-901
-818
-722
-582
-422
-295
-204
-186
-127
23
191
308
413
450
414
446
547
632
664
688
749
772
793
886
953
991
1088
1158
1177
1383
1640
1728
1476
1116
811
631
760
934
1090
1130
1110
1111
967
697
412
253
276
364
563
782
688
586
416
506
869
799
639
305
-3
92
381
678
633
563
669
803
912
800
614
383
331
472
600
693
729
925
1128
1289
1332
1154
961
752
718
695
571
508
377
476
586
493
440
157
-179
-471
-872
-1073
-1140
-1162
-1137
-1148
-1154
-1203
-1337
-1568
-1770
-1925
-2035
-2107
-2267
-2453
-2503
-2411
-2133
-1881
-1654
-1407
-1322
-1246
-1208
-1267
-1283
-1245
-1132
-926
-711
-378
-32
300
593
690
613
437
284
181
188
258
361
539
693
773
791
663
441
158
-86
-231
-321
-293
-235
-178
-126
-115
-73
-91
-185
-268
-318
-314
-274
-157
-2
201
459
673
806
867
914
920
943
973
1009
1056
1122
1203
1289
1353
1364
1300
1089
900
753
622
498
405
386
354
365
410
436
446
370
236
75
-17
17
126
286
398
456
524
566
567
550
548
527
554
667
787
903
1026
1139
1205
1262
1269
1189
1028
804
691
713
751
814
804
685
557
429
263
72
-178
-411
-653
-810
-841
-849
-784
-822
-960
-1113
-1300
-1444
-1629
-1836
-1969
-2047
-2106
-2054
-1909
-1551
-956
-406
-76
-95
-374
-601
-676
-578
-424
-367
-197
95
474
877
1021
892
637
414
359
294
145
-71
-220
-148
111
357
404
216
-41
-251
-310
-347
-466
-619
-760
-692
-477
-199
-18
-41
-63
-67
-27
26
-17
-79
-93
92
432
751
956
1024
1059
1165
1316
1388
1284
1099
982
988
1127
1252
1275
1188
1119
1156
1194
1185
1139
1003
887
840
780
731
666
637
646
601
557
504
474
511
603
705
789
843
890
1046
1263
1413
1420
1290
1161
1103
1083
1040
903
729
566
473
460
423
338
167
-14
-143
-252
-357
-508
-718
-934
-1096
-1215
-1313
-1434
-1613
-1790
-1937
-2053
-2138
-2243
-2360
-2440
-2546
-2652
-2721
-2792
-2827
-2866
-2956
-3090
-3276
-3380
-3317
-3033
-2493
-1966
-1538
-1310
-1321
-1266
-1184
-1123
-1112
-1292
-1369
-1301
-1064
-684
-482
-418
-463
-515
-472
-538
-702
-1019
-1336
-1458
-1449
-1307
-1213
-1190
-1186
-1171
-1067
-1041
-1122
-1282
-1461
-1508
-1516
-1493
-1483
-1510
-1419
-1301
-1171
-1087
-1115
-1107
-1055
-908
-740
-681
-666
-657
-549
-320
-76
110
139
100
99
173
309
319
207
22
-116
-80
76
257
349
324
265
212
217
246
236
218
153
116
151
182
213
219
191
239
306
339
357
303
226
179
168
168
164
113
28
-33
-76
-83
-99
-158
-254
-362
-441
-505
-587
-680
-827
-927
-961
-988
-980
-1021
-1074
-1121
-1159
-1177
-1199
-1255
-1309
-1334
-1329
-1270
-1201
-1145
-1097
-1079
-1039
-980
-965
-972
-1052
-1172
-1220
-1091
-654
4
657
1149
1359
1485
1684
1874
2012
1886
1598
1406
1380
1597
1819
1840
1756
1662
1728
1876
1856
1652
1263
934
785
734
673
465
253
168
239
373
382
268
106
23
56
97
83
-63
-194
-228
-201
-134
-149
-170
-70
129
397
593
668
690
735
841
956
1019
962
857
788
793
868
887
850
760
660
627
603
535
429
304
200
120
15
-61
-46
65
202
297
353
472
669
942
1171
1256
1271
1233
1289
1390
1385
1323
1205
1171
1289
1416
1479
1418
1307
1265
1299
1354
1300
1134
963
835
776
695
527
303
103
-38
-124
-203
-311
-411
-474
-514
-545
-619
-745
-825
-861
-886
-920
-957
-970
-949
-871
-767
-724
-766
-857
-971
-1088
-1238
-1443
-1645
-1710
-1491
-1017
-521
-166
52
235
548
893
1046
954
668
480
520
618
622
420
218
234
438
732
841
768
701
751
965
1125
1056
786
511
418
472
518
433
242
109
122
219
252
158
13
-100
-93
-61
-105
-212
-318
-317
-245
-172
-151
-139
-76
90
306
454
518
514
516
537
492
395
285
165
87
32
-54
-165
-232
-226
-182
-127
-82
-72
-62
-71
-106
-167
-275
-391
-446
-430
-371
-244
-50
154
357
523
639
723
817
964
1084
1131
1077
972
866
758
682
622
564
519
462
419
397
413
479
521
488
425
341
281
267
205
77
-98
-267
-339
-357
-349
-353
-389
-350
-240
-123
-16
3
-55
-116
-193
-268
-358
-483
-575
-653
-739
-842
-986
-1150
-1306
-1494
-1777
-2049
-2089
-1829
-1415
-1121
-1075
-935
-604
-165
212
212
44
-36
149
514
529
193
-94
-32
339
624
663
533
463
678
1109
1346
1192
868
794
971
1076
966
667
366
231
274
300
130
-109
-244
-218
-162
-159
-183
-254
-303
-316
-318
-337
-400
-434
-444
-492
-521
-427
-161
74
161
155
177
310
469
555
492
310
179
182
261
264
119
10
13
112
201
177
66
-27
-2
86
117
10
-124
-191
-147
-55
4
56
99
235
429
628
819
965
1107
1196
1163
1106
1069
1095
1074
915
716
575
622
778
851
791
675
669
797
935
925
751
583
541
601
635
536
317
108
9
37
72
53
11
-6
13
43
57
38
23
21
-11
-74
-148
-219
-328
-487
-665
-829
-988
-1186
-1382
-1569
-1711
-1795
-1856
-1915
-1943
-1897
-1758
-1522
-1338
-1180
-1048
-915
-718
-553
-411
-342
-275
-102
110
341
551
719
900
1131
1348
1558
1732
1842
1955
2021
2042
2008
1890
1764
1613
1419
1242
1046
811
588
406
265
150
53
-32
-72
-90
-98
-109
-137
-131
-142
-110
-61
-39
30
157
349
542
705
796
853
965
1089
1199
1221
1168
1120
1086
1104
1151
1175
1135
1073
1013
998
974
895
859
820
777
711
674
659
650
703
731
723
754
812
846
926
970
986
1040
1112
1291
1429
1415
1367
1272
1227
1263
1233
1175
1053
971
1044
1073
1035
904
702
603
556
492
376
147
-52
-178
-282
-325
-390
-486
-584
-675
-738
-809
-849
-843
-876
-950
-998
-1014
-1018
-1020
-1093
-1181
-1261
-1317
-1368
-1456
-1579
-1684
-1711
-1739
-1723
-1721
-1699
-1631
-1544
-1417
-1303
-1209
-1082
-891
-681
-480
-329
-197
5
172
294
388
437
547
632
706
807
851
875
916
948
955
953
947
954
901
785
682
551
450
388
324
265
207
174
127
81
19
-5
-30
-69
-66
-63
-35
13
66
115
147
190
269
390
516
629
751
867
961
1071
1171
1177
1123
1074
1044
1019
977
927
872
809
769
766
752
753
796
824
855
881
896
936
976
1091
1213
1244
1252
1223
1120
1008
881
757
690
615
549
459
343
276
214
143
34
-72
-169
-289
-417
-564
-740
-922
-1055
-1182
-1332
-1505
-1708
-1897
-2073
-2254
-2408
-2545
-2688
-2797
-2918
-3036
-3129
-3247
-3369
-3461
-3541
-3525
-3417
-3374
-3334
-3274
-3074
-2728
-2492
-2294
-2126
-1958
-1672
-1432
-1350
-1408
-1507
-1399
-1238
-1259
-1414
-1603
-1687
-1662
-1606
-1613
-1714
-1802
-1718
-1532
-1423
-1366
-1323
-1243
-1159
-1132
-1125
-1162
-1246
-1321
-1378
-1437
-1457
-1451
-1433
-1404
-1369
-1258
-1073
-951
-906
-892
-816
-660
-543
-491
-515
-562
-535
-439
-402
-448
-537
-588
-556
-533
-520
-556
-609
-607
-573
-529
-487
-471
-460
-420
-363
-271
-180
-132
-148
-174
-165
-89
-41
-80
-138
-184
-140
-52
28
82
89
155
317
488
617
691
755
837
920
981
988
959
925
911
895
856
802
728
672
601
563
557
507
440
401
407
442
465
448
431
396
349
310
262
189
130
93
58
25
-29
-69
-101
-80
-11
58
119
130
146
172
188
180
146
101
74
79
62
21
-31
-67
-57
-25
34
77
73
81
93
93
88
65
26
-30
-75
-107
-145
-184
-157
-71
2
65
124
183
203
209
212
203
197
192
215
240
249
269
273
288
335
416
508
563
610
657
718
804
872
935
993
1037
1082
1121
1091
1007
915
818
735
614
501
452
397
329
262
200
167
153
138
141
155
203
300
374
450
522
577
667
714
733
764
808
880
921
941
942
956
1014
1073
1087
1059
1019
987
976
918
829
724
623
549
476
394
328
271
196
104
12
-51
-72
-70
-49
-5
28
75
152
251
352
425
495
592
682
742
759
758
776
802
824
795
725
652
584
517
451
406
364
300
213
108
-9
-129
-243
-334
-376
-404
-425
-451
-484
-486
-475
-455
-400
-336
-276
-224
-191
-169
-125
-64
-24
-9
-23
-13
16
28
-3
-91
-197
-294
-349
-378
-445
-541
-625
-685
-736
-805
-862
-879
-892
-882
-855
-854
-817
-758
-689
-604
-552
-502
-442
-356
-262
-180
-113
-49
14
67
90
95
142
203
251
258
227
182
145
111
72
23
-43
-81
-119
-133
-148
-187
-234
-290
-326
-352
-376
-398
-399
-388
-351
-286
-186
-66
44
168
282
419
578
685
762
804
830
882
917
927
902
861
825
773
700
643
603
580
550
481
408
370
354
353
354
338
324
306
300
296
311
324
329
317
302
287
249
219
182
182
231
274
308
354
358
342
365
389
412
414
390
349
305
251
180
93
-2
-79
-137
-182
-217
-268
-313
-357
-386
-384
-392
-398
-392
-376
-364
-356
-361
-377
-381
-351
-318
-304
-287
-289
-293
-275
-271
-268
-278
-324
-395
-465
-527
-576
-607
-657
-716
-768
-804
-832
-867
-894
-904
-909
-919
-925
-902
-830
-738
-646
-545
-455
-366
-268
-183
-94
4
83
154
235
314
371
387
402
412
413
417
411
412
438
466
474
450
389
329
291
247
176
87
1
-46
-54
-49
-53
-75
-75
-54
-23
28
75
107
136
153
183
246
300
350
395
420
435
456
478
508
521
503
485
473
466
459
440
450
469
466
457
428
417
419
406
389
364
325
294
284
271
275
276
274
267
266
288
299
297
289
276
263
248
226
185
135
77
31
-12
-74
-145
-206
-256
-278
-276
-292
-323
-352
-362
-369
-357
-354
-367
-372
-368
-374
-403
-429
-450
-472
-500
-535
-547
-537
-530
-538
-565
-607
-646
-676
-725
-769
-799
-789
-754
-714
-672
-650
-645
-631
-607
-580
-552
-515
-453
-393
-338
-281
-213
-141
-74
-11
39
99
153
205
249
281
310
322
328
332
344
375
396
402
393
378
354
342
330
303
281
263
251
239
230
219
187
151
145
171
212
233
222
200
204
222
236
231
199
189
200
209
217
197
164
124
85
55
36
30
18
-5
-25
-32
-21
13
58
87
121
167
224
285
345
400
443
494
556
615
649
662
656
641
635
618
576
514
458
408
361
320
276
229
195
184
154
113
72
42
18
1
-13
-26
-40
-77
-114
-162
-225
-289
-360
-425
-489
-540
-573
-610
-655
-696
-739
-789
-811
-800
-777
-752
-743
-748
-738
-726
-714
-711
-731
-739
-725
-681
-636
-610
-602
-596
-571
-541
-518
-523
-509
-464
-402
-355
-327
-302
-274
-224
-168
-109
-39
24
73
125
165
205
243
283
334
377
408
437
467
484
493
484
467
447
424
421
439
449
449
446
455
481
503
529
560
588
614
625
636
648
647
625
592
580
598
605
586
542
491
455
427
402
371
323
263
230
217
208
188
144
95
42
4
-6
-22
-53
-93
-132
-145
-133
-126
-123
-127
-132
-127
-112
-88
-60
-41
-35
-38
-16
34
74
94
98
101
105
105
98
98
106
116
113
100
85
69
69
77
70
40
7
-29
-71
-123
-190
-245
-284
-320
-360
-402
-450
-501
-547
-595
-638
-672
-696
-702
-703
-706
-713
-728
-744
-744
-743
-739
-726
-715
-708
-690
-677
-674
-663
-639
-591
-524
-460
-404
-342
-264
-181
-115
-69
-22
41
119
208
273
318
362
405
443
470
485
493
507
512
512
507
486
453
419
381
347
315
285
272
245
212
182
160
149
158
179
193
204
213
229
255
280
290
302
315
325
326
328
338
340
333
316
301
284
266
238
207
171
136
101
84
72
56
43
26
13
1
-14
-34
-58
-69
-61
-60
-58
-52
-51
-45
-40
-40
-34
-19
-15
-12
-11
-13
-15
-8
3
-5
-23
-32
-41
-53
-80
-115
-141
-154
-171
-190
-205
-219
-224
-229
-226
-224
-231
-236
-250
-248
-235
-237
-241
-256
-277
-304
-334
-350
-355
-368
-390
-408
-425
-447
-466
-491
-516
-537
-538
-525
-513
-510
-518
-529
-534
-533
-527
-500
-460
-409
-350
-294
-243
-187
-129
-65
2
73
137
185
230
287
349
402
444
484
523
561
598
630
658
678
688
696
708
711
713
724
732
735
731
724
713
696
690
682
668
657
648
638
623
598
562
517
481
458
441
413
381
344
306
264
233
218
186
141
94
50
4
-47
-97
-146
-196
-235
-258
-277
-302
-330
-353
-369
-377
-393
-410
-427
-438
-442
-450
-466
-488
-510
-533
-539
-533
-530
-529
-528
-526
-519
-504
-480
-446
-415
-384
-343
-298
-269
-247
-228
-214
-191
-152
-118
-96
-76
-59
-50
-53
-55
-55
-57
-47
-43
-51
-62
-74
-73
-69
-78
-96
-114
-125
-132
-127
-124
-131
-149
-152
-142
-135
-132
-127
-113
-95
-69
-52
-44
-27
-8
3
12
40
70
92
111
128
155
188
222
243
258
284
305
322
353
381
395
414
446
471
478
471
458
436
411
383
365
351
333
318
309
308
300
283
275
273
273
268
277
290
294
291
279
255
227
209
197
182
165
140
115
86
71
54
31
23
17
20
28
27
12
-1
-6
-14
-20
-16
-5
-1
4
15
15
8
-1
-13
-22
-33
-24
-9
-2
0
-7
-20
-36
-52
-62
-65
-71
-74
-80
-80
-80
-86
-88
-100
-108
-111
-118
-133
-154
-158
-160
-175
-189
-211
-244
-279
-300
-315
-335
-347
-360
-388
-404
-404
-401
-399
-386
-378
-366
-347
-333
-319
-296
-258
-230
-210
-192
-184
-169
-158
-147
-130
-107
-65
-34
-17
-5
5
25
49
69
90
117
139
154
167
181
190
189
199
212
212
210
209
207
205
213
222
222
227
231
230
236
241
231
219
210
202
196
183
167
154
144
140
136
121
114
115
112
103
98
99
108
123
140
151
162
166
160
157
156
156
159
159
167
168
158
141
124
111
102
99
91
77
51
19
-5
-19
-32
-56
-74
-92
-113
-132
-152
-168
-178
-182
-188
-191
-190
-190
-189
-184
-170
-157
-144
-131
-125
-115
-97
-88
-85
-81
-70
-50
-37
-30
-23
-10
-1
10
20
33
49
59
62
62
61
65
75
95
109
106
102
93
87
85
85
88
82
69
52
33
11
-18
-47
-70
-86
-111
-140
-173
-207
-241
-273
-295
-318
-329
-327
-330
-342
-352
-360
-366
-361
-349
-331
-307
-279
-250
-224
-189
-144
-106
-64
-21
16
56
90
128
167
204
238
265
282
296
301
301
303
299
302
294
283
279
264
241
210
181
165
158
155
153
146
137
139
145
156
175
197
211
223
237
248
265
287
311
339
364
381
397
413
425
436
455
473
483
487
483
472
462
456
452
452
455
451
441
430
422
410
401
394
387
384
382
374
367
365
373
384
403
426
446
463
475
492
514
539
567
594
622
650
670
688
711
728
747
769
781
780
767
743
706
665
626
585
539
484
424
362
295
225
160
98
34
-32
-101
-171
-242
-312
-376
-435
-489
-538
-584
-630
-676
-723
-765
-801
-829
-854
-877
-901
-925
-947
-964
-978
-986
-991
-993
-997
-998
-1000
-1002
-998
-991
-981
-974
-966
-962
-959
-954
-950
-942
-932
-916
-900
-887
-877
-867
-855
-841
-824
-805
-784
-764
-742
-722
-704
-683
-658
-630
-597
-565
-537
-512
-489
-464
-439
-412
-386
-359
-335
-318
-305
-290
-276
-259
-242
-228
-216
-207
-199
-197
-195
-191
-186
-179
-173
-167
-163
-160
-156
-148
-138
-126
-114
-104
-97
-92
-87
-82
-75
-67
-59
-52
-50
-52
-50
-49
-48
-48
-48
-49
-51
-54
-59
-67
-74
-84
-91
-97
-103
-108
-119
-131
-144
-160
-172
-178
-183
-186
-193
-200
-207
-211
-207
-201
-194
-186
-179
-172
-162
-151
-137
-119
-99
-78
-59
-42
-26
-10
8
25
40
55
71
89
103
116
132
146
161
176
191
200
210
224
233
239
251
260
269
279
290
298
306
316
324
330
333
333
333
336
339
341
341
348
353
353
356
355
361
368
374
379
382
389
399
403
405
410
412
416
421
431
437
444
456
459
462
465
473
479
482
485
488
491
493
494
491
490
494
495
491
487
482
477
471
