16
16
11
1
-4
-5
0
-1
-13
-21
-27
-28
-41
-58
-71
-70
-63
-63
-67
-69
-65
-67
-83
-103
-112
-111
-109
-113
-113
-98
-76
-64
-66
-70
-64
-49
-41
-40
-38
-24
-5
3
0
0
16
41
58
67
83
123
172
198
209
223
263
309
326
328
327
347
359
341
302
281
293
295
277
259
271
303
316
293
261
249
248
223
169
121
107
95
54
-13
-77
-123
-174
-250
-335
-395
-418
-442
-487
-542
-574
-585
-613
-662
-723
-752
-758
-773
-804
-826
-812
-787
-789
-804
-816
-790
-755
-734
-726
-708
-650
-597
-566
-553
-520
-457
-392
-334
-287
-219
-119
-12
63
116
185
295
410
500
567
643
746
822
823
777
751
750
741
690
640
652
717
761
767
791
874
991
1072
1095
1134
1199
1242
1217
1135
1052
996
914
784
634
531
465
389
293
211
185
201
218
221
234
276
320
320
294
262
253
230
176
118
71
52
28
-24
-71
-92
-89
-97
-116
-121
-114
-99
-112
-139
-161
-173
-187
-231
-278
-308
-324
-355
-407
-458
-495
-523
-556
-608
-662
-697
-727
-777
-844
-899
-932
-962
-1008
-1056
-1095
-1107
-1104
-1111
-1129
-1141
-1127
-1136
-1168
-1199
-1230
-1234
-1240
-1255
-1279
-1300
-1289
-1282
-1279
-1259
-1181
-1018
-810
-571
-337
-94
173
382
505
538
582
637
645
610
549
540
567
547
456
373
400
492
559
612
750
1007
1256
1415
1527
1652
1803
1878
1804
1685
1631
1601
1479
1271
1074
958
855
708
536
444
455
482
455
408
442
522
562
534
500
530
574
565
487
392
347
303
189
48
-48
-77
-102
-150
-195
-186
-124
-75
-79
-90
-52
14
34
-5
-19
6
37
31
-8
-14
14
39
-1
-76
-103
-112
-145
-221
-305
-346
-377
-424
-490
-549
-560
-571
-614
-683
-719
-729
-773
-844
-926
-983
-1021
-1083
-1169
-1236
-1275
-1308
-1373
-1442
-1465
-1452
-1451
-1476
-1462
-1400
-1344
-1329
-1379
-1418
-1370
-1313
-1262
-1209
-1074
-851
-626
-409
-200
65
378
620
756
815
903
994
985
914
815
817
843
817
760
685
738
838
895
940
1050
1288
1538
1706
1790
1854
1939
1966
1855
1671
1501
1396
1264
1058
855
719
651
555
414
290
252
326
371
362
352
377
427
424
372
323
301
299
256
170
117
120
123
62
-3
-14
29
77
85
90
132
201
240
221
208
230
226
184
131
120
150
160
136
107
124
172
185
145
109
101
60
-30
-132
-214
-257
-312
-408
-505
-577
-633
-721
-843
-955
-1036
-1097
-1195
-1302
-1392
-1453
-1507
-1598
-1709
-1800
-1843
-1886
-1958
-2037
-2088
-2126
-2166
-2239
-2320
-2358
-2375
-2389
-2398
-2303
-2087
-1772
-1443
-1071
-597
-59
459
851
1098
1222
1250
1128
935
780
725
721
677
624
611
659
722
787
900
1154
1512
1855
2155
2412
2639
2793
2808
2727
2618
2472
2306
2064
1804
1604
1453
1312
1153
1054
1025
1040
1027
1005
1008
1054
1105
1114
1073
1031
998
937
833
712
632
546
445
316
207
172
169
151
113
81
93
119
91
57
26
8
-12
-62
-141
-222
-282
-372
-485
-582
-650
-679
-690
-701
-722
-737
-743
-772
-820
-862
-910
-964
-1037
-1140
-1225
-1293
-1357
-1418
-1488
-1557
-1624
-1704
-1780
-1829
-1881
-1929
-2015
-2099
-2173
-2245
-2320
-2401
-2463
-2521
-2571
-2646
-2746
-2831
-2901
-2946
-3002
-3026
-2916
-2710
-2408
-2051
-1638
-1106
-479
183
790
1332
1776
2047
2110
1986
1796
1586
1431
1310
1224
1221
1285
1368
1455
1529
1664
1873
2165
2510
2814
3142
3417
3594
3649
3551
3363
3132
2854
2555
2256
2019
1831
1664
1539
1435
1388
1337
1281
1235
1177
1135
1068
986
902
825
739
623
493
377
241
91
-46
-164
-213
-230
-253
-286
-293
-272
-247
-237
-258
-254
-216
-205
-220
-268
-314
-353
-406
-476
-559
-619
-666
-724
-774
-789
-756
-702
-685
-697
-729
-765
-790
-833
-885
-927
-951
-971
-995
-1014
-1016
-1042
-1093
-1145
-1189
-1227
-1277
-1362
-1462
-1547
-1631
-1714
-1808
-1909
-2028
-2137
-2266
-2405
-2541
-2667
-2778
-2883
-2929
-2897
-2725
-2447
-2117
-1724
-1233
-592
114
788
1377
1928
2407
2704
2784
2626
2332
2029
1672
1330
1137
1077
1157
1237
1278
1357
1566
1899
2234
2521
2849
3214
3559
3749
3708
3555
3304
2983
2580
2122
1740
1469
1228
993
816
728
754
799
799
796
828
911
931
830
665
517
402
266
70
-114
-207
-272
-385
-515
-602
-588
-543
-546
-535
-445
-318
-252
-305
-377
-382
-381
-422
-519
-600
-633
-694
-805
-933
-1042
-1093
-1139
-1242
-1321
-1315
-1271
-1235
-1250
-1279
-1268
-1236
-1226
-1273
-1302
-1281
-1253
-1261
-1282
-1275
-1237
-1226
-1297
-1379
-1427
-1466
-1527
-1621
-1709
-1766
-1857
-1989
-2150
-2307
-2419
-2561
-2746
-2938
-3105
-3232
-3284
-3240
-3070
-2792
-2452
-1997
-1454
-782
-52
635
1294
1922
2482
2902
3153
3195
3082
2848
2542
2219
1961
1811
1669
1542
1530
1608
1792
2041
2257
2489
2786
3097
3336
3461
3433
3315
3093
2783
2402
1977
1611
1268
963
760
671
714
818
932
1025
1162
1355
1498
1525
1449
1341
1211
1040
823
580
391
258
108
-61
-171
-169
-119
-89
-66
6
120
257
302
272
255
211
108
-52
-232
-381
-515
-675
-856
-1015
-1110
-1185
-1284
-1397
-1469
-1492
-1495
-1500
-1523
-1520
-1492
-1492
-1533
-1590
-1638
-1694
-1760
-1857
-1946
-1975
-1986
-2024
-2072
-2099
-2124
-2151
-2207
-2305
-2400
-2464
-2564
-2701
-2846
-2997
-3116
-3280
-3478
-3655
-3844
-3960
-3986
-3911
-3666
-3357
-2957
-2410
-1773
-995
-235
461
1183
1851
2498
2942
3209
3461
3565
3551
3414
3175
3048
2918
2750
2607
2517
2678
2949
3152
3335
3517
3779
4002
4069
4025
3851
3688
3460
3080
2645
2181
1787
1451
1090
831
704
709
801
892
1047
1257
1496
1654
1678
1643
1586
1499
1304
1019
747
539
387
248
124
45
35
84
133
214
326
424
475
473
453
440
380
235
26
-208
-424
-653
-891
-1140
-1346
-1494
-1675
-1834
-1969
-2083
-2168
-2280
-2373
-2416
-2430
-2415
-2425
-2433
-2387
-2325
-2293
-2301
-2308
-2283
-2240
-2231
-2239
-2241
-2233
-2203
-2197
-2220
-2247
-2281
-2334
-2428
-2559
-2696
-2842
-2966
-3134
-3319
-3500
-3677
-3733
-3713
-3543
-3263
-2942
-2472
-1918
-1177
-346
389
1141
1844
2516
3136
3504
3783
4011
4092
4106
3918
3801
3786
3720
3659
3510
3507
3710
3866
3975
4009
4101
4303
4363
4272
4001
3676
3364
2894
2315
1692
1149
712
293
-73
-326
-414
-399
-348
-216
-1
296
614
819
961
1057
1140
1157
1016
825
632
458
328
169
65
56
115
262
374
520
701
815
898
898
896
907
799
595
326
71
-172
-462
-806
-1135
-1400
-1614
-1815
-2019
-2181
-2279
-2338
-2397
-2441
-2475
-2482
-2464
-2481
-2482
-2446
-2396
-2349
-2368
-2373
-2298
-2240
-2205
-2223
-2259
-2254
-2291
-2335
-2407
-2455
-2489
-2583
-2736
-2932
-3117
-3298
-3522
-3801
-4074
-4325
-4452
-4468
-4294
-3967
-3696
-3256
-2687
-1879
-939
-150
635
1417
2230
3010
3480
3792
4081
4263
4382
4215
4054
4079
4073
4028
3848
3811
4055
4297
4411
4383
4425
4671
4823
4714
4340
3901
3533
3038
2381
1595
943
458
-22
-437
-769
-831
-684
-611
-514
-314
108
634
909
1090
1228
1478
1734
1644
1461
1297
1238
1221
969
750
696
779
912
869
914
1125
1340
1466
1364
1265
1257
1169
902
437
33
-213
-515
-918
-1408
-1743
-1888
-2079
-2295
-2528
-2616
-2557
-2550
-2602
-2650
-2565
-2428
-2402
-2422
-2402
-2279
-2175
-2231
-2284
-2278
-2206
-2193
-2323
-2405
-2463
-2495
-2580
-2861
-3057
-3175
-3285
-3466
-3774
-4047
-4240
-4455
-4753
-5098
-5390
-5448
-5272
-4904
-4515
-4087
-3473
-2605
-1478
-472
390
1221
2140
3143
3819
4158
4388
4665
4892
4838
4506
4347
4371
4390
4121
3768
3774
4079
4341
4215
3999
4075
4353
4431
4036
3419
2993
2678
2188
1451
632
94
-269
-683
-1125
-1326
-1145
-815
-558
-290
239
1002
1691
2050
2330
2689
3137
3374
3193
2928
2814
2765
2526
2078
1702
1553
1482
1240
950
873
990
1046
835
570
499
490
290
-168
-666
-903
-1065
-1414
-1870
-2261
-2370
-2388
-2526
-2696
-2738
-2565
-2390
-2345
-2304
-2119
-1814
-1620
-1618
-1598
-1490
-1362
-1390
-1634
-1835
-1946
-2082
-2396
-2811
-3136
-3326
-3553
-3932
-4322
-4595
-4802
-5049
-5404
-5763
-5970
-6169
-6481
-6788
-6855
-6463
-5763
-5206
-4713
-3879
-2547
-873
453
1376
2437
3748
5080
5830
6007
6149
6474
6586
6159
5326
4812
4641
4347
3665
2931
2821
3165
3294
2931
2531
2708
3214
3276
2712
2039
1805
1797
1404
603
-82
-225
-167
-333
-582
-465
195
854
1199
1562
2267
3317
4153
4398
4516
4830
5257
5346
4840
4190
3797
3454
2875
1998
1144
669
304
-254
-841
-1175
-1263
-1276
-1530
-1764
-1652
-1377
-1163
-1207
-1266
-1052
-762
-705
-866
-1010
-937
-819
-918
-1140
-1281
-1186
-1063
-1086
-1166
-1168
-1027
-962
-1128
-1336
-1439
-1541
-1822
-2340
-2891
-3206
-3483
-3980
-4563
-5033
-5283
-5399
-5660
-5986
-6106
-6078
-6032
-6106
-6313
-6350
-6372
-6453
-6224
-5509
-4480
-3487
-2773
-1766
72
2013
3491
4356
5175
6579
7797
7993
7478
6854
6604
6087
4643
3008
1921
1375
641
-614
-1484
-1377
-714
-413
-731
-693
206
1302
1741
1342
1030
1371
1750
1585
972
660
979
1403
1474
1495
2031
2991
3744
4040
4261
4897
5653
5785
5348
4747
4411
4156
3298
2094
967
241
-257
-1077
-1953
-2444
-2532
-2435
-2513
-2559
-2163
-1516
-917
-523
-105
612
1417
1934
2145
2380
2752
3014
2862
2394
1916
1559
1038
134
-925
-1865
-2535
-3186
-3937
-4651
-5002
-5018
-5015
-5019
-4928
-4564
-4059
-3742
-3592
-3396
-3114
-2814
-2797
-2957
-3049
-3027
-2940
-3174
-3466
-3716
-3948
-4115
-4621
-5221
-5752
-6262
-6195
-5553
-4914
-4180
-3580
-2504
-410
1397
2684
3481
4256
5698
6599
6253
5376
4537
4117
3266
1466
-141
-939
-1101
-1612
-2534
-2669
-1673
-144
778
1010
1782
3360
4881
5426
4976
4638
4821
4858
4168
2947
2115
1857
1754
1346
894
1130
1780
2268
2366
2325
2830
3419
3393
2879
2216
2066
2026
1481
731
22
-37
162
44
-71
-4
590
1205
1423
1707
2095
2639
2952
2790
2783
2922
3022
2854
2254
1841
1713
1419
810
-166
-957
-1425
-2041
-2843
-3787
-4474
-4754
-4985
-5162
-5175
-4809
-4135
-3462
-2809
-2054
-1129
-323
132
345
416
477
306
-362
-1179
-2096
-2896
-3642
-4618
-5581
-6430
-7133
-7674
-8279
-8843
-9350
-9671
-9399
-8462
-6867
-5402
-4172
-2492
-78
2857
4970
6058
6979
8243
9490
9394
7977
6472
5260
3894
1705
-1022
-2634
-3416
-4167
-5211
-5854
-4828
-2867
-1296
-385
692
2815
5187
6493
6720
6579
6963
7330
6800
5757
4697
4153
3775
3026
2337
2045
2075
1956
1388
827
585
473
3
-875
-1532
-1879
-1752
-1596
-1650
-1231
-616
435
1733
2686
3885
5124
6066
6944
7387
7526
7548
7119
6364
5423
4395
3321
2112
766
-483
-1365
-2157
-2999
-3738
-4283
-4555
-4564
-4610
-4634
-4407
-3973
-3316
-2595
-1818
-942
63
1000
1762
2519
3043
3299
3236
2725
2099
1294
143
-1124
-2622
-4159
-5436
-6768
-7974
-8952
-9872
-10550
-10964
-11372
-11474
-11429
-11609
-11301
-9674
-7064
-4293
-2089
-492
2725
7001
9762
10940
10689
11033
12312
11333
8002
4302
1500
-408
-3481
-7636
-10099
-10255
-9532
-9708
-9635
-7288
-3021
1088
3120
4618
7701
11179
13168
12869
11418
11015
10767
9190
6693
4255
2919
1980
468
-1149
-1933
-1906
-2151
-3112
-4093
-4211
-3614
-3575
-4207
-4352
-3502
-1609
221
1529
3363
5637
8155
10202
11267
11986
12497
12088
10730
8814
6438
4218
1421
-1775
-4243
-5895
-6736
-7479
-8132
-7827
-6449
-4747
-3479
-2528
-1213
447
1775
2434
2561
2829
3096
2810
2210
1592
1191
861
74
-845
-1235
-1348
-1655
-2431
-3379
-3927
-4048
-4489
-5408
-6241
-6840
-7120
-7544
-8274
-8825
-9026
-9249
-9551
-9860
-10118
-9985
-10185
-10236
-7952
-4812
-1797
391
1234
4907
9112
10710
10423
8178
7753
8307
5311
531
-3871
-6243
-6876
-9928
-12834
-12610
-9735
-6198
-5198
-3465
1429
7165
11232
11480
11229
13528
15055
14112
10423
6588
5457
4118
1310
-1866
-3786
-3580
-3489
-4398
-5040
-4198
-2403
-1853
-2502
-2840
-1821
87
651
215
873
3064
6246
8456
9412
10892
12640
13824
13408
11174
8996
6754
3603
-314
-4385
-6888
-8325
-9917
-11039
-10781
-8423
-5155
-2738
-600
2323
5802
8480
9243
8890
8738
8577
7455
5180
2761
1104
-287
-1939
-3604
-4479
-4375
-4186
-4308
-4209
-3392
-2149
-1453
-1702
-2070
-1994
-1855
-2415
-3744
-4983
-5567
-6014
-6927
-7809
-8264
-8207
-8160
-8784
-9253
-9306
-9278
-9902
-9818
-7154
-3525
-109
1241
2444
6840
10494
11449
9763
7037
7294
6937
2650
-2524
-6482
-7455
-8017
-11249
-12924
-11017
-6788
-3716
-3182
-783
4409
9484
11414
9877
9797
11912
12371
10299
6209
3719
3633
2251
-406
-2793
-3493
-2825
-3133
-4250
-4408
-3037
-1482
-1316
-1746
-1188
835
3161
4039
4495
6129
8556
10933
11643
11224
11227
10762
9252
6248
2665
-78
-2636
-5589
-8533
-9962
-9432
-8271
-7341
-6035
-3161
929
4112
5763
7053
8562
9984
9835
7972
6115
4750
3388
1584
-608
-1980
-2495
-3041
-3533
-3674
-3036
-2031
-1505
-1303
-917
-159
435
122
-861
-1817
-2456
-3075
-4276
-5652
-6409
-6776
-7063
-7603
-8004
-7864
-7640
-8011
-8893
-9606
-10002
-10578
-11274
-9257
-5173
-947
2302
3592
7615
12740
14331
13041
9398
7481
7314
3027
-3574
-8785
-11195
-11014
-13223
-15593
-13710
-8780
-3597
-1518
319
5616
11142
13885
12637
10348
11442
11890
9307
5111
1061
379
-96
-2635
-4625
-5329
-4464
-3649
-4189
-3915
-2315
-473
573
545
1276
3214
5484
6934
7302
8082
9483
10747
10898
9633
7864
6142
3956
1039
-2286
-5103
-7004
-8468
-9343
-9279
-7451
-4786
-2548
-437
2066
5554
8550
9606
9625
9661
9794
9437
7594
5311
3643
2125
858
-469
-1539
-1943
-2529
-3111
-3052
-2493
-1637
-1127
-1165
-914
-331
180
283
-386
-1145
-1711
-2307
-2900
-3640
-4336
-4570
-5012
-5519
-5808
-6166
-6494
-7665
-9292
-10580
-11633
-12573
-13902
-14361
-10689
-4925
209
3575
5405
10883
15914
16020
12407
7348
5493
3819
-2173
-9514
-13863
-13916
-12854
-14894
-15412
-11072
-4146
935
1481
3277
8566
12971
13382
9899
7479
8854
8911
5875
1914
-207
631
0
-2628
-4333
-4149
-3022
-3605
-5034
-4733
-2567
-247
468
638
2314
5193
7765
8816
8971
9561
9923
9412
7736
5464
3436
973
-1794
-4257
-5737
-5954
-6048
-6135
-5539
-3661
-625
1946
3465
4659
6331
8236
9028
8555
7767
7182
6515
5126
3237
1705
509
-760
-1899
-2597
-2523
-2168
-2219
-2108
-1472
-429
511
892
848
838
908
710
292
-334
-985
-1487
-1985
-2540
-2959
-3296
-3685
-4503
-5671
-6708
-7864
-9064
-10837
-12651
-13879
-14823
-15376
-14903
-9986
-3042
2898
6780
8221
13250
17762
16613
11507
4637
1355
-132
-5742
-12587
-16212
-15541
-12569
-12900
-12483
-7810
-1267
3676
3821
4301
8447
12088
12273
8900
6245
8135
9341
7528
4187
1508
1784
723
-2528
-5079
-6288
-6074
-6576
-7614
-6386
-3288
-26
2204
3689
6161
9216
11059
11250
10265
8901
7429
5445
3210
1371
-202
-1696
-2929
-3502
-3091
-2337
-1986
-1986
-1559
-571
1223
2687
3151
3785
4451
5813
6811
6751
6418
5743
4919
3904
2602
1210
-113
-1599
-2487
-2633
-2040
-1328
-1248
-1064
-563
163
639
719
666
773
874
1019
1544
1982
2013
1647
951
286
-402
-1708
-3169
-4981
-6823
-8386
-9731
-10790
-12230
-13338
-14556
-14970
-14604
-14349
-13532
-8806
-791
6489
11753
12245
14867
18839
17677
12219
3822
-1767
-3839
-8108
-14547
-18250
-17632
-13738
-12615
-12214
-8256
-1880
3884
4478
3997
6753
10702
12517
10862
8275
9051
10338
9262
6181
2494
723
-1333
-4955
-8031
-9280
-8449
-7330
-6933
-5224
-1606
3096
6618
7935
8324
8930
9624
9129
7220
4736
2558
1104
192
-254
50
-24
-483
-1050
-1318
-733
-405
-807
-1476
-1441
-111
2095
3751
4976
6058
7193
8261
8157
7388
5971
4037
1822
-607
-2306
-3296
-3685
-3581
-3220
-2258
-882
451
1509
2021
2048
2145
2510
2863
2824
2398
2103
2304
2303
1737
804
-368
-1556
-2946
-4341
-5372
-6511
-7762
-8849
-10037
-10536
-10866
-11381
-11859
-12288
-12187
-11252
-10249
-6122
1977
8791
14100
14551
14669
17354
15404
9391
470
-6759
-9288
-12220
-17095
-19824
-18814
-13912
-10877
-9773
-5902
-234
5467
6623
5432
7144
10907
13366
12745
10234
10046
11243
10352
6835
2180
-1352
-3945
-7544
-11106
-12317
-11310
-8945
-7090
-5181
-1506
3461
7304
8636
7929
7399
7808
7419
5859
4033
2775
2301
1907
1140
1434
1655
517
-1453
-3666
-4406
-3754
-3560
-3685
-2940
-658
3142
6356
8180
9267
9478
9103
7565
5032
2650
233
-2008
-3792
-4728
-4010
-1984
143
1553
2316
3020
3915
4064
3259
1853
715
808
1102
1232
1479
1879
2629
2890
2301
1576
664
-712
-2671
-4521
-5473
-6280
-7196
-8126
-8755
-8897
-9060
-9641
-9730
-9498
-9313
-9153
-9362
-9364
-4357
4162
10168
14075
11946
11538
13759
10232
3563
-5655
-11309
-11920
-13540
-16231
-16254
-12960
-7517
-5784
-5012
-1381
3073
6740
5156
3163
4808
8658
11419
11019
8933
8707
9097
7613
4431
-244
-4407
-7556
-10918
-12388
-11559
-9191
-5624
-3609
-1142
2938
7076
9652
8816
6247
5169
5271
5335
4802
3807
3176
3171
3015
2334
1740
162
-2278
-4620
-6335
-5899
-3810
-2034
-35
1895
4748
8380
10559
10914
8891
6153
3633
1077
-971
-2228
-2827
-2684
-2027
-781
1885
4587
5746
5173
3573
2529
2015
1002
-326
-1231
-804
639
1846
2880
3833
4360
4165
2811
1112
-307
-1676
-3469
-5318
-6395
-6756
-6744
-7099
-7422
-7544
-7896
-8241
-8930
-9035
-8390
-8092
-8140
-8402
-8901
-5511
2520
8865
12961
10986
7858
9411
7321
2527
-5305
-12016
-12235
-11075
-10789
-10343
-8581
-4599
-2192
-2255
-925
1134
4259
4086
1882
2572
5762
9828
11448
9589
7145
6505
5716
3660
-613
-5877
-8436
-9408
-9280
-7591
-5435
-2074
764
2549
4721
6627
7622
6915
3961
1787
1548
2303
3526
3099
2177
2107
2343
2428
1459
-898
-3034
-4062
-3920
-2665
-1001
967
2688
3896
4911
6127
6532
5248
2572
-273
-1487
-1695
-981
493
1853
3117
4015
4973
6191
6258
4596
1995
-398
-1483
-1973
-2213
-1907
-811
888
2392
3391
4131
4606
4088
2535
555
-960
-1867
-2618
-3550
-4423
-4802
-4863
-4910
-5249
-5539
-6153
-7098
-7895
-8550
-7981
-7376
-7128
-7267
-7806
-8004
-4331
3345
9163
12045
8066
5373
6727
4706
773
-7591
-12266
-10942
-8810
-7581
-7659
-5942
-2563
-957
-1137
-553
1585
4522
3444
2489
3729
6937
10333
10077
7863
5644
4496
3053
983
-2932
-6403
-7547
-7634
-6079
-4032
-1682
864
2803
4071
5130
5680
4909
3669
1300
-45
149
671
1719
1741
1659
2066
2098
2007
1367
-528
-1901
-2588
-2313
-950
49
1149
1905
2347
3064
3432
3008
1777
359
-320
181
1237
2959
4651
5693
6266
5740
4964
3913
2131
136
-1812
-2875
-2760
-2241
-1140
416
1850
3048
3536
3721
3827
3547
2705
1385
190
-414
-464
-873
-1703
-2521
-3397
-4111
-5150
-6095
-6399
-7188
-8008
-8364
-8108
-6651
-5695
-5378
-5458
-5956
-6572
-5668
-480
5341
9125
6961
3066
4015
3733
1764
-5005
-10781
-9769
-7455
-5058
-5242
-4952
-1621
929
1638
1674
2375
5090
4897
3365
3512
4812
7016
6955
5216
3711
2603
1346
775
-1474
-3179
-3568
-3948
-2380
-1158
981
3288
3669
3885
3512
3081
2590
721
-1672
-3392
-3438
-1947
-566
197
1200
2600
3670
3973
3518
2210
710
-641
-1629
-1898
-1943
-1483
-971
-860
-294
601
1368
1446
1216
1581
2382
3343
4271
5119
5866
5695
4242
2130
304
-407
-866
-1765
-2494
-2137
-617
1213
2534
3195
3564
3740
3718
3433
2776
2039
1235
175
-519
-811
-1261
-2165
-3696
-4890
-5445
-5884
-5967
-6165
-6424
-6437
-5858
-4507
-3262
-2814
-3021
-3771
-4694
-5604
-6723
-8122
-8990
-6015
-770
4267
5495
3408
3906
3093
1700
-2864
-7830
-7112
-5443
-2821
-3057
-3991
-827
2936
4620
3742
1203
1757
2600
2311
2916
2805
3852
4903
5275
5532
5435
3925
2538
-322
-2733
-2771
-3205
-2720
-3056
-2465
194
2398
4300
4525
3207
2548
1875
1028
-316
-1350
-476
1063
2408
3161
3518
3433
2670
1525
-516
-3115
-5007
-5944
-5350
-3886
-2058
464
2430
4723
7294
8527
8232
6313
4436
3591
2772
2155
1047
-336
-562
-255
304
268
-235
157
980
1802
2299
2517
2880
3528
3867
3467
2660
1900
1540
862
-244
-1097
-1736
-2399
-3212
-3792
-3868
-3898
-4011
-3740
-3042
-2511
-2533
-2775
-2686
-2288
-2315
-3333
-4916
-6332
-7291
-7985
-8734
-9688
-10153
-10549
-9557
-5151
769
5757
6252
4848
5157
5285
4167
-1158
-5694
-5978
-3487
319
277
-523
211
1377
2173
602
-657
22
100
823
1773
3259
5387
6843
8520
8832
7388
4934
2623
420
-1047
-2224
-3371
-4240
-4448
-2660
31
2354
4070
4454
4014
3687
3403
2987
1290
-6
223
1418
2477
2424
1608
130
-1201
-2205
-3522
-5036
-5804
-4948
-2714
-459
2141
4681
6592
8153
8611
8188
6177
3004
538
-1356
-2389
-2664
-2650
-1987
-1222
-101
1179
1735
1961
2100
2567
3033
3130
3165
3170
3338
3347
3027
2153
1003
96
-818
-2150
-3868
-5031
-5060
-4378
-3538
-2693
-1787
-797
7
661
828
302
-862
-2433
-3960
-5413
-6567
-7398
-7971
-8369
-8482
-8281
-7973
-7662
-7253
-6828
-6457
-5574
-3194
317
2973
3689
3722
4343
5185
4733
2343
42
-1220
-987
-921
-2215
-3388
-3642
-2732
-2096
-1823
-798
1203
3316
5270
6259
5797
4743
4432
5016
4929
3538
2142
1721
1625
1309
658
-130
-1260
-1789
-1106
417
1647
2041
2100
2368
3260
4250
4288
3066
1677
964
700
-372
-1908
-3033
-3497
-3203
-2567
-1819
-857
209
1491
2681
2974
2813
2597
2566
2429
1773
1096
330
-425
-565
-226
395
582
342
436
731
878
649
477
875
1697
2404
2672
2636
2835
3190
3074
2060
580
-713
-1668
-2163
-2390
-2322
-2118
-1663
-774
156
807
898
617
292
-110
-778
-1895
-3304
-4330
-4695
-4743
-4972
-5491
-5950
-5914
-5404
-4856
-4524
-4480
-4211
-3376
-2617
-2162
-1892
-1760
-1474
-1222
-752
-708
-2117
-4207
-5654
-5592
-4725
-4371
-4234
-3491
-1447
1492
3483
3931
3649
3851
4229
4066
3618
3622
4095
4274
4529
4545
3941
3002
2403
2199
1548
526
96
644
1633
2615
3432
3954
4367
5250
6314
6656
5839
4571
3480
2317
844
-650
-1794
-2493
-2673
-2318
-1680
-1145
-698
-56
554
877
918
802
1020
1204
1318
1320
1004
650
155
-367
-817
-1261
-1527
-1810
-2202
-2398
-2127
-1372
-549
197
1091
2231
3232
3726
3742
3477
2809
1640
352
-384
-565
-604
-765
-1050
-922
-483
83
511
499
292
128
160
176
-211
-739
-1285
-1887
-2163
-2276
-2285
-2422
-2956
-3222
-2971
-2566
-2208
-2211
-2412
-2638
-3110
-3709
-4243
-4635
-4831
-5174
-5707
-6069
-6301
-6015
-4954
-3640
-2971
-3513
-4299
-3853
-2340
-897
-332
-510
-85
1500
3135
3605
2794
2191
2491
2633
2339
1920
1862
1976
2177
2618
2670
2356
2477
3597
4483
4166
3578
3808
4853
5696
5840
5296
4319
3632
3478
3309
2367
1017
185
-118
-57
34
52
125
136
611
1307
1711
1995
2110
2425
2439
1819
915
-55
-716
-1359
-2157
-3023
-3824
-4209
-4055
-3364
-2460
-1679
-863
118
1307
2146
2463
2473
2130
1522
595
-360
-1004
-1492
-1618
-1467
-1404
-1295
-1163
-666
-155
-122
-246
-473
-472
-74
571
1270
1503
1502
1772
1873
1456
606
-215
-649
-1034
-1496
-1707
-1675
-1483
-1136
-846
-591
-653
-1200
-1695
-2189
-2716
-3299
-4024
-4255
-4300
-4350
-4237
-4328
-4297
-4251
-4165
-3921
-3789
-2874
-1032
398
442
-641
-1209
-901
-779
-1074
-1727
-2134
-1580
-298
793
799
431
1135
2443
3202
3265
3498
4281
5032
5560
5328
4287
3482
3997
4986
4848
3749
3087
3406
3720
3481
3035
2472
2039
2203
2912
3630
3954
4381
4825
4802
4151
3043
2032
985
-82
-931
-1753
-2247
-2130
-1568
-1122
-1383
-1911
-1882
-1333
-882
-928
-1216
-1255
-1026
-797
-779
-1020
-1542
-2054
-2438
-2724
-2991
-3183
-2949
-2427
-1921
-1549
-1168
-525
195
667
960
1063
1118
1195
1139
1087
904
645
535
423
80
-485
-1024
-1069
-603
-110
394
809
1187
1740
2124
2232
1882
1029
206
-702
-1769
-2694
-3357
-3437
-3225
-3123
-3028
-3025
-2824
-2405
-2225
-2342
-2743
-3011
-3119
-3425
-3898
-4425
-4963
-5404
-5346
-4390
-3424
-3677
-4745
-5216
-4180
-2557
-1471
-948
-392
930
2689
3728
3380
2303
2008
2406
2379
1879
1683
2298
2983
3320
3395
3222
3199
3695
4431
4703
4492
4626
5523
6536
6970
6873
6253
5292
4368
3553
2723
1718
930
749
1027
1332
1499
1719
1862
1925
1815
1227
424
-397
-872
-1118
-1659
-2332
-2811
-2921
-2881
-2991
-3197
-3355
-3432
-3515
-3497
-3274
-3021
-2742
-2512
-2132
-1575
-973
-380
-17
-25
-408
-731
-848
-812
-690
-645
-603
-562
-499
-289
-32
329
792
1248
1618
1798
1922
2193
2528
2573
2142
1370
757
489
215
-135
-455
-634
-442
-162
219
506
486
462
172
-336
-912
-1550
-2056
-2501
-2930
-3254
-3500
-3699
-3893
-4175
-4583
-5088
-5599
-5872
-5806
-5534
-4666
-3074
-1604
-1151
-1719
-2203
-1938
-1520
-1530
-1811
-1836
-963
535
1654
1801
1581
2086
3050
3487
3424
3691
4434
5138
5518
5597
5416
5259
5431
5581
5076
4244
4018
4391
4660
4493
4128
3852
3690
3758
4050
4035
3569
3069
2620
2028
1156
294
-249
-655
-1051
-1406
-1645
-1606
-1327
-1052
-1163
-1831
-2542
-2938
-3047
-3151
-3414
-3415
-3146
-2865
-2642
-2492
-2381
-2507
-2951
-3307
-3390
-3209
-2750
-2137
-1480
-1020
-834
-666
-258
224
520
507
333
377
703
1137
1274
915
515
469
715
971
1089
1274
1585
1818
2032
2299
2555
2632
2372
1993
1621
1311
1149
1056
837
374
-180
-647
-984
-1267
-1551
-1779
-1973
-2246
-2645
-3056
-3352
-3610
-4019
-4537
-5019
-5403
-5522
-5382
-5256
-5211
-5008
-4069
-2422
-1270
-1255
-1870
-2004
-1342
-605
-304
-363
-181
734
2033
2633
2355
2233
3020
3888
3827
3396
3677
4679
5608
6110
6004
5329
4810
5031
5373
4817
3745
3516
4202
4565
4091
3292
2755
2613
2679
2693
2430
2053
2037
2298
2116
1310
533
290
206
-261
-1011
-1654
-1899
-1867
-1907
-2291
-3026
-3623
-3677
-3417
-3365
-3607
-3602
-3205
-2838
-2686
-2530
-2079
-1624
-1562
-1827
-2200
-2444
-2405
-2152
-1973
-1999
-1943
-1276
-319
169
209
222
579
1122
1465
1593
1475
1389
1603
1787
1777
1613
1616
1911
2139
2285
2421
2556
2607
2459
2104
1697
1469
1484
1551
1294
683
-53
-655
-1055
-1600
-2357
-3054
-3374
-3371
-3437
-3409
-3118
-2617
-2172
-2128
-2303
-2542
-2760
-2992
-3412
-3936
-4363
-4478
-4391
-4170
-3417
-2001
-727
-486
-903
-841
-77
525
509
137
53
760
1870
2607
2627
2485
2807
3116
2882
2530
2680
3087
3195
3101
3039
3000
3174
3873
4625
4787
4670
4842
5239
5175
4482
3604
2657
1756
1146
901
812
745
806
816
463
-92
-290
-147
-304
-841
-1333
-1433
-1271
-1187
-1274
-1728
-2449
-3036
-3358
-3570
-3995
-4362
-4231
-3850
-3560
-3367
-2984
-2404
-1960
-1829
-1876
-1908
-1858
-1690
-1535
-1551
-1680
-1739
-1497
-1098
-682
-239
137
455
635
796
1059
1372
1669
1809
1818
1804
1809
1854
1816
1578
1162
752
526
529
580
572
579
511
469
515
630
742
714
569
370
127
-206
-526
-870
-1349
-1903
-2358
-2572
-2628
-2605
-2547
-2420
-2223
-2002
-1791
-1774
-1890
-1947
-1899
-1898
-2081
-2289
-2364
-2293
-1882
-998
-265
-313
-966
-1183
-581
74
284
224
547
1685
3162
4066
4068
3860
4283
4781
4489
3630
3165
3256
3258
3088
2777
2318
2122
2645
3375
3411
2995
3027
3586
3825
3464
3098
2727
2274
1748
1174
578
-122
-488
-625
-1128
-1884
-2284
-2002
-1668
-1723
-1915
-2025
-1963
-1901
-1899
-2164
-2715
-3109
-3179
-3057
-3148
-3270
-3039
-2712
-2552
-2604
-2462
-2078
-1754
-1468
-1269
-1127
-1038
-794
-325
-62
-106
-223
-178
-159
-395
-553
-458
-187
50
233
556
902
1409
1985
2380
2446
2260
2278
2382
2230
1723
1208
1000
874
708
522
391
307
247
274
322
350
440
541
429
111
-138
-180
-225
-565
-1107
-1512
-1780
-2011
-2264
-2508
-2627
-2612
-2427
-2206
-2068
-1902
-1602
-1216
-996
-1050
-1159
-1101
-983
-936
-1020
-1153
-947
-197
467
281
-537
-941
-469
221
650
860
1282
2203
3385
4072
3811
3270
3421
3772
3487
2800
2580
2900
2947
2805
2538
1966
1446
1543
1957
1770
1202
1241
1927
2275
1898
1362
823
370
62
-170
-572
-1186
-1387
-1348
-1649
-2173
-2406
-2021
-1735
-1858
-1895
-1789
-1527
-1396
-1436
-1631
-2093
-2355
-2242
-2145
-2445
-2929
-2991
-2723
-2485
-2426
-2254
-1860
-1418
-950
-564
-197
77
433
877
940
656
360
402
564
406
168
167
483
915
1298
1667
2019
2433
2824
2917
2691
2341
2161
2055
1740
1240
856
756
750
578
242
99
139
198
198
139
182
262
374
438
330
147
59
147
71
-264
-492
-525
-538
-798
-1163
-1463
-1666
-1699
-1658
-1561
-1457
-1069
-307
359
649
700
814
903
802
550
299
124
-23
-111
-133
-129
-76
53
309
600
781
922
1012
1107
1180
1216
1300
1286
1177
1093
1067
1016
791
489
195
-102
-341
-426
-384
-382
-448
-392
-139
110
255
280
123
-170
-488
-758
-992
-1205
-1329
-1416
-1575
-1717
-1695
-1520
-1322
-1214
-1166
-1133
-1057
-909
-775
-759
-877
-1065
-1171
-1164
-1158
-1150
-1143
-1100
-1021
-926
-733
-451
-147
147
439
762
1045
1289
1490
1546
1392
1152
998
931
891
824
743
632
523
498
610
785
954
1157
1316
1387
1397
1499
1648
1618
1457
1279
1177
1026
790
539
282
65
-86
-228
-367
-335
-91
60
18
-25
128
385
448
323
72
-197
-350
-410
-490
-666
-824
-852
-787
-701
-562
-355
-145
66
219
268
284
358
467
357
49
-176
-287
-311
-364
-505
-715
-865
-819
-704
-643
-636
-529
-266
-40
52
39
28
0
-139
-376
-719
-976
-1046
-1034
-1055
-1179
-1292
-1287
-1165
-1031
-952
-851
-671
-457
-339
-333
-360
-361
-372
-439
-528
-659
-750
-753
-805
-890
-973
-954
-789
-610
-421
-214
47
329
611
852
992
1066
1078
1026
843
478
88
-172
-263
-302
-311
-189
1
255
513
744
939
1065
1198
1350
1457
1435
1317
1188
1025
847
680
527
317
108
10
22
127
231
355
545
692
752
747
657
530
444
337
164
-58
-190
-231
-323
-462
-545
-470
-299
-144
-45
43
171
382
609
718
680
566
490
377
236
127
51
-44
-147
-175
-117
50
210
347
474
588
733
888
1042
1133
1101
954
672
329
30
-166
-281
-349
-372
-485
-661
-699
-561
-350
-229
-268
-341
-287
-40
205
147
-128
-367
-503
-696
-928
-1064
-1168
-1284
-1447
-1631
-1818
-1884
-1688
-1390
-1214
-1059
-724
-348
-112
-58
-176
-418
-680
-885
-1095
-1308
-1427
-1416
-1381
-1399
-1318
-1068
-714
-428
-299
-213
-33
239
540
806
891
787
627
566
575
579
598
636
711
848
1025
1174
1284
1400
1515
1553
1553
1622
1817
2008
2005
1877
1702
1497
1251
1004
787
594
513
539
668
842
977
1042
1005
961
898
767
580
388
193
-58
-311
-498
-581
-612
-657
-717
-777
-821
-819
-817
-846
-816
-660
-462
-352
-335
-316
-282
-319
-437
-604
-747
-836
-878
-924
-1024
-1090
-1022
-845
-715
-660
-555
-378
-234
-156
-107
-72
-47
-62
-83
-171
-341
-470
-517
-526
-576
-689
-717
-627
-478
-274
-70
103
200
260
305
276
169
30
-162
-417
-663
-795
-807
-805
-822
-809
-724
-604
-456
-313
-200
-145
-148
-143
-136
-156
-197
-235
-287
-348
-349
-270
-158
-74
-45
7
121
315
503
616
690
774
973
1220
1399
1433
1356
1301
1281
1259
1139
993
910
858
854
868
946
1067
1191
1348
1468
1524
1511
1384
1151
869
610
398
195
-34
-226
-307
-301
-295
-328
-329
-288
-281
-293
-328
-364
-368
-372
-412
-517
-675
-790
-839
-891
-1014
-1210
-1378
-1468
-1493
-1463
-1390
-1337
-1239
-1007
-729
-517
-384
-273
-207
-203
-246
-291
-338
-401
-440
-457
-490
-503
-456
-334
-187
-66
78
278
523
729
860
927
930
872
803
723
597
446
315
231
174
135
153
239
297
293
267
283
315
317
310
295
268
209
98
-70
-223
-343
-465
-586
-669
-645
-540
-415
-330
-284
-260
-247
-209
-138
-116
-175
-245
-272
-264
-261
-281
-339
-432
-460
-379
-215
-16
167
366
560
700
808
936
1084
1174
1146
1032
875
768
750
746
680
593
537
507
494
474
488
511
483
433
403
395
388
379
334
249
135
20
-102
-263
-462
-707
-942
-1115
-1225
-1282
-1273
-1200
-1084
-945
-869
-803
-725
-705
-736
-807
-877
-950
-1013
-1051
-1072
-1048
-974
-882
-824
-768
-628
-414
-201
-38
109
268
402
518
604
656
645
545
416
325
297
364
533
709
842
983
1190
1429
1604
1676
1650
1530
1366
1246
1179
1116
1032
943
858
763
669
592
500
374
226
129
113
120
135
141
116
35
-46
-129
-253
-438
-671
-883
-1037
-1120
-1125
-1075
-1009
-972
-936
-846
-714
-577
-481
-422
-399
-375
-338
-314
-320
-367
-423
-432
-391
-360
-340
-313
-269
-195
-96
-1
125
311
512
657
733
808
850
838
759
648
574
512
414
296
212
191
181
140
88
69
105
176
227
216
151
85
42
-66
-231
-402
-537
-653
-778
-864
-883
-850
-806
-766
-743
-748
-774
-791
-794
-825
-867
-933
-983
-1021
-1053
-1055
-1102
-1145
-1151
-1145
-1111
-1039
-912
-742
-569
-416
-250
-57
120
251
318
350
334
306
272
246
255
316
415
512
629
786
948
1093
1227
1343
1431
1486
1555
1628
1644
1604
1554
1473
1379
1257
1118
989
869
801
767
771
796
845
946
1029
1089
1142
1174
1149
1048
909
753
602
448
265
75
-66
-143
-216
-279
-326
-328
-310
-277
-243
-216
-178
-142
-113
-134
-206
-310
-406
-489
-584
-696
-804
-880
-912
-910
-892
-875
-826
-750
-681
-651
-627
-601
-605
-629
-677
-739
-779
-797
-819
-856
-898
-907
-911
-909
-886
-859
-816
-772
-723
-664
-628
-624
-643
-673
-711
-765
-814
-880
-971
-1052
-1092
-1054
-964
-855
-744
-630
-504
-360
-229
-162
-143
-123
-79
-49
-52
-62
-74
-62
-38
-1
74
177
298
390
446
498
574
689
833
971
1083
1145
1167
1213
1249
1238
1190
1114
1030
947
886
838
841
918
1032
1144
1245
1326
1388
1435
1444
1407
1353
1283
1190
1060
910
752
590
433
316
251
182
121
75
53
46
48
43
22
-20
-74
-119
-167
-242
-342
-445
-539
-620
-702
-768
-813
-830
-824
-790
-744
-726
-717
-703
-679
-679
-697
-701
-669
-629
-612
-624
-645
-627
-572
-525
-525
-536
-518
-500
-481
-451
-414
-368
-328
-316
-338
-370
-421
-481
-531
-568
-616
-687
-729
-743
-749
-728
-684
-637
-563
-481
-424
-378
-337
-319
-322
-364
-435
-493
-511
-508
-496
-454
-397
-319
-230
-127
-30
53
136
216
305
396
497
593
691
774
816
842
877
917
944
950
968
1001
1045
1103
1173
1259
1360
1479
1574
1613
1622
1626
1613
1578
1516
1441
1331
1183
1030
893
778
672
601
531
442
385
424
489
442
295
128
1
-99
-199
-315
-460
-558
-566
-613
-792
-964
-984
-985
-1066
-1118
-1101
-1074
-1063
-1043
-1091
-1235
-1297
-1208
-1176
-1243
-1182
-1020
-915
-875
-822
-787
-796
-706
-581
-593
-614
-500
-329
-260
-249
-176
-97
-42
20
67
55
51
129
180
131
77
126
200
203
203
218
241
293
355
336
237
197
213
179
74
-21
-36
-52
-72
-119
-220
-275
-269
-256
-282
-302
-240
-151
-106
-89
-81
-61
-44
-65
-133
-240
-293
-255
-218
-204
-155
-48
92
212
313
387
453
538
618
675
723
780
834
842
840
856
879
922
956
944
909
914
936
956
968
958
955
998
1072
1107
1101
1081
1040
965
866
757
653
568
505
443
402
360
320
283
216
127
13
-97
-218
-344
-483
-622
-733
-801
-838
-869
-871
-868
-887
-935
-1005
-1069
-1119
-1165
-1189
-1226
-1258
-1263
-1240
-1205
-1154
-1098
-1066
-1046
-1042
-1019
-993
-942
-886
-852
-808
-751
-656
-529
-421
-311
-203
-112
-27
47
124
181
215
227
236
256
280
328
354
369
390
391
389
419
474
516
524
524
526
508
477
423
340
267
210
156
114
90
101
127
147
164
195
250
290
274
215
142
80
72
92
103
112
133
151
132
85
67
90
121
136
146
176
245
348
443
502
531
571
621
653
660
665
671
657
643
639
631
633
648
659
664
662
662
651
613
543
456
366
280
214
163
127
84
42
24
-1
-22
-49
-109
-205
-298
-377
-472
-570
-642
-707
-776
-846
-902
-934
-957
-965
-971
-980
-999
-1009
-1021
-1034
-1043
-1047
-1029
-990
-935
-861
-777
-706
-623
-549
-493
-444
-384
-303
-234
-160
-64
11
72
144
215
266
292
335
371
421
489
565
636
683
719
743
763
781
793
804
813
811
785
757
746
720
686
638
579
529
484
437
398
357
303
239
185
144
119
80
24
-38
-117
-205
-277
-329
-355
-355
-343
-328
-316
-291
-266
-276
-325
-386
-431
-459
-465
-454
-430
-368
-286
-210
-146
-100
-55
-16
7
4
-3
1
7
10
24
60
126
205
282
348
387
396
387
361
320
273
219
163
112
86
85
88
64
20
-26
-76
-113
-136
-152
-186
-230
-267
-304
-339
-377
-424
-485
-551
-604
-641
-670
-668
-665
-662
-656
-659
-661
-642
-600
-574
-571
-571
-563
-542
-507
-468
-434
-389
-302
-211
-136
-68
3
78
146
199
241
287
339
382
396
395
402
426
451
474
514
568
616
644
645
644
648
644
630
607
606
602
575
537
496
465
416
359
297
242
209
203
206
181
135
79
29
-7
-62
-121
-159
-184
-227
-285
-309
-306
-286
-255
-247
-260
-262
-255
-241
-257
-286
-300
-298
-275
-255
-226
-194
-153
-100
-65
-42
-31
-19
-26
-59
-99
-137
-154
-143
-128
-116
-93
-62
-21
6
20
37
41
17
-19
-59
-103
-133
-149
-177
-211
-243
-266
-268
-257
-259
-272
-266
-254
-256
-250
-259
-266
-268
-284
-301
-324
-322
-294
-269
-246
-218
-169
-121
-81
-51
-22
21
70
125
171
193
217
246
267
285
280
276
289
302
318
335
362
386
411
440
453
472
499
531
556
555
540
525
487
437
383
334
292
252
229
228
241
259
274
264
239
237
235
219
201
160
115
80
47
24
-19
-50
-61
-82
-108
-141
-166
-194
-212
-237
-272
-287
-274
-245
-211
-194
-193
-192
-188
-209
-230
-234
-240
-247
-268
-287
-291
-280
-250
-217
-192
-166
-133
-104
-91
-102
-121
-140
-167
-192
-207
-218
-226
-229
-233
-250
-246
-238
-222
-202
-195
-181
-164
-150
-146
-161
-191
-206
-201
-168
-140
-130
-128
-125
-128
-139
-146
-151
-154
-148
-140
-135
-119
-74
-25
15
53
72
88
98
101
100
91
79
71
78
100
128
174
236
297
350
398
432
449
457
460
469
462
451
443
437
443
444
459
465
462
475
494
504
502
501
496
490
479
463
438
406
378
350
311
267
230
183
127
74
30
-5
-26
-50
-75
-104
-125
-142
-175
-219
-264
-313
-378
-444
-498
-539
-564
-587
-601
-600
-591
-576
-561
-552
-551
-549
-540
-527
-516
-507
-490
-477
-466
-457
-439
-422
-408
-400
-389
-373
-363
-344
-319
-293
-265
-238
-206
-165
-141
-129
-110
-95
-88
-71
-54
-37
-27
-27
-27
-24
-14
-1
11
12
9
15
35
43
44
56
63
66
64
55
66
90
113
135
146
153
162
180
204
241
282
319
353
367
377
379
398
424
437
442
440
434
444
469
493
534
576
615
662
704
727
752
771
781
775
771
767
767
763
742
706
666
646
635
619
594
565
553
546
548
540
531
534
514
475
420
347
271
199
134
89
46
6
-15
-14
-22
-45
-76
-120
-157
-201
-245
-277
-294
-312
-336
-367
-404
-430
-451
-480
-516
-542
-565
-579
-598
-616
-604
-564
-511
-467
-431
-399
-379
-369
-370
-373
-351
-332
-319
-297
-277
-261
-236
-202
-183
-167
-165
-157
-136
-119
-100
-75
-52
-38
-9
6
15
27
27
9
-8
-31
-48
-57
-64
-58
-55
-48
-42
-40
-45
-64
-91
-108
-123
-139
-156
-181
-199
-221
-252
-280
-296
-299
-302
-305
-304
-296
-281
-268
-260
-263
-273
-288
-310
-334
-353
-370
-378
-379
-374
-356
-335
-304
-277
-263
-246
-226
-198
-153
-101
-60
-40
-21
-1
30
71
106
125
129
135
145
167
203
250
285
309
329
344
348
343
343
353
368
371
367
350
331
326
331
334
338
329
313
294
269
254
232
224
228
222
202
184
163
145
149
152
149
143
131
102
75
43
19
6
-13
-31
-48
-54
-32
7
32
42
48
51
41
18
25
36
37
38
37
49
66
98
124
139
144
142
127
109
105
110
146
187
215
235
248
246
228
207
190
167
142
126
133
139
140
140
137
124
103
86
68
36
-1
-33
-65
-83
-82
-79
-73
-65
-66
-72
-75
-94
-126
-146
-158
-170
-176
-173
-174
-184
-200
-215
-232
-241
-239
-242
-246
-268
-275
-269
-233
-178
-134
-91
-63
-48
-43
-46
-42
-43
-45
-38
-49
-58
-51
-35
-15
-4
6
20
29
25
16
7
9
12
3
-6
-10
-13
-17
-25
-27
-42
-61
-85
-113
-140
-153
-163
-177
-188
-198
-211
-223
-230
-226
-208
-204
-207
-228
-254
-284
-306
-315
-283
-235
-204
-181
-164
-146
-136
-130
-124
-121
-120
-117
-110
-94
-74
-54
-35
-15
-2
9
20
21
21
25
41
80
136
184
228
267
298
317
322
314
308
315
318
312
307
300
285
260
242
233
218
205
184
151
117
78
44
23
20
17
5
-14
-49
-82
-108
-141
-168
-190
-214
-240
-262
-275
-283
-286
-285
-286
-291
-302
-313
-313
-307
-304
-299
-293
-294
-284
-259
-212
-161
-125
-99
-100
-108
-112
-106
-90
-69
-49
-29
-14
2
18
49
89
127
160
179
189
191
185
181
181
195
219
238
248
244
232
220
203
190
183
165
133
106
99
98
97
91
81
82
84
75
62
43
25
7
-15
-33
-50
-63
-70
-72
-62
-58
-61
-72
-89
-98
-105
-114
-119
-125
-131
-133
-114
-74
-38
-6
17
28
37
39
40
42
50
69
83
107
139
166
181
184
182
181
191
212
227
238
243
236
226
217
216
214
215
219
215
199
169
135
100
78
74
76
68
51
27
-7
-42
-69
-84
-85
-88
-100
-122
-144
-160
-166
-159
-145
-139
-144
-157
-177
-196
-200
-189
-174
-155
-139
-130
-121
-111
-82
-41
-8
20
34
42
47
58
82
110
125
131
135
149
175
208
241
263
272
266
261
263
274
293
306
312
305
285
259
233
223
224
221
211
190
154
113
78
53
45
54
57
43
22
-9
-43
-77
-113
-149
-181
-214
-247
-270
-273
-261
-246
-241
-245
-255
-269
-285
-294
-296
-288
-265
-238
-216
-191
-161
-135
-117
-108
-104
-102
-96
-84
-56
-20
9
23
31
44
60
68
75
80
75
63
51
44
47
56
67
70
69
64
64
65
59
47
31
18
3
-13
-34
-54
-69
-78
-86
-96
-110
-125
-137
-148
-163
-173
-169
-164
-159
-150
-140
-131
-120
-112
-111
-119
-130
-139
-146
-152
-160
-161
-150
-123
-86
-50
-17
10
32
44
46
48
52
59
71
80
79
71
68
64
58
51
46
37
22
2
-16
-17
9
43
69
84
80
64
38
13
-9
-29
-40
-53
-75
-97
-119
-135
-141
-141
-136
-132
-133
-140
-154
-169
-178
-167
-153
-144
-140
-142
-144
-143
-141
-137
-132
-122
-116
-109
-97
-79
-56
-32
-9
6
15
20
23
31
40
41
35
26
28
46
70
88
99
104
102
98
99
108
118
123
121
