-68
-142
-199
-108
108
260
218
57
-65
-115
-138
-129
-65
31
114
161
119
-8
-115
-122
-29
41
15
-26
-65
-171
-262
-155
73
220
202
78
-92
-239
-219
-93
-13
46
96
77
-15
-95
-71
-60
-124
-130
5
202
206
12
-166
-185
-114
-20
95
118
93
40
-65
-168
-108
99
172
36
-102
-148
-115
-85
-41
28
39
46
-23
-136
-186
-135
-24
155
249
94
-74
-79
-16
-5
17
86
54
-52
-94
-14
43
42
105
95
-55
-118
-131
-147
-113
9
175
181
94
2
-90
-187
-214
-111
127
407
404
152
-76
-242
-297
-125
121
327
300
66
-50
-91
-146
-102
44
68
52
60
60
32
-72
-31
131
182
97
4
8
63
125
135
146
65
-102
-152
-80
51
69
-30
-6
49
-4
9
-14
-89
-135
18
215
173
165
247
174
-44
-135
-50
93
119
162
288
245
91
-8
-159
-311
-345
-166
101
125
78
150
155
49
72
122
19
-264
-379
-223
28
262
390
397
210
17
-147
-212
-273
-176
109
181
65
2
-55
-106
-80
-22
80
179
174
23
-83
-76
2
0
-32
14
8
-15
-29
75
110
162
219
107
-104
-260
-238
-207
-109
-11
110
131
7
-83
0
101
55
93
144
89
-46
-106
-49
77
176
239
229
81
-71
-15
82
-59
-63
-37
-187
-279
-135
101
162
73
-5
93
-48
-300
-213
-13
11
23
215
301
260
168
-10
-204
-295
-217
7
-11
28
62
204
137
-97
-76
-75
-181
-293
-75
28
90
76
231
306
-60
-232
-125
-68
-193
-125
111
173
145
42
-141
-387
-701
-483
-231
-258
-134
79
-46
-8
111
-55
-16
-210
-351
-195
-89
-85
121
219
251
33
-212
-106
-186
-358
-268
-137
-317
-233
-134
-24
-59
-407
-462
-435
-357
-227
-40
-128
-219
-116
-88
-242
-199
-201
-431
-449
-373
-319
-211
-130
-88
-127
-161
-111
-77
-192
-358
-122
-82
-18
60
127
42
14
148
161
360
200
49
16
136
-149
-99
166
167
124
209
200
-196
-361
-65
265
-103
-253
-154
-121
-179
21
292
162
133
215
244
-260
-265
53
-102
-70
-151
-5
203
125
-26
91
91
-156
30
24
111
-46
-288
66
134
129
222
362
88
-403
-465
-71
89
72
198
26
-65
-270
-404
-200
-260
-439
142
344
128
88
7
-40
-298
-203
67
130
-103
13
113
190
486
150
142
316
112
58
205
168
-13
124
320
450
386
400
442
68
-235
-54
293
149
-12
273
342
51
0
303
238
52
226
390
343
87
-88
-61
-161
-33
394
543
349
107
207
160
-217
-51
230
131
160
291
541
166
76
424
653
364
95
468
-3
-64
354
442
234
25
378
225
28
240
433
219
-190
-36
155
38
-94
336
35
-259
-198
-284
-82
-4
49
396
358
-189
-67
169
21
-200
82
118
247
205
367
416
-55
-260
0
126
-332
-23
196
55
11
403
296
-17
-196
-289
-178
-429
131
466
381
232
166
0
-546
-390
-202
-325
-153
236
204
97
84
-287
-299
-445
-492
17
-201
-284
54
-49
193
-65
-263
-74
-253
-684
-318
238
189
322
58
-78
-290
-532
-239
16
72
327
168
-312
-272
-212
-199
-73
-598
-599
-278
-430
-29
170
-266
-429
-69
-46
-419
-575
-502
-605
-519
112
245
8
347
-162
-158
-294
-573
-244
-174
-342
195
380
-416
141
-194
-433
-32
210
59
-48
-251
-269
-204
-323
84
96
-317
-332
28
-147
-372
-231
-199
30
-100
-357
-90
-322
-656
-627
-174
254
135
47
206
-411
-703
-535
-15
167
-29
-81
-185
-283
-645
-619
-221
187
295
93
145
10
-640
-409
-453
27
145
146
236
94
-191
-680
270
1
-248
-35
394
-212
-541
-230
-124
118
-306
287
371
-371
-376
57
-187
-315
369
517
394
-65
-125
250
-57
-398
314
200
17
313
418
732
87
-47
223
-15
-661
-337
232
-26
75
147
490
278
-416
-232
23
-215
-77
173
105
-95
149
278
80
668
139
-82
419
265
-326
-93
381
39
118
374
819
495
363
383
238
-574
25
503
-144
52
425
619
98
487
587
363
-149
451
183
-299
52
164
512
241
295
536
374
-319
126
134
147
-123
361
75
56
-194
326
298
-279
210
-22
-15
3
622
411
227
-248
195
110
-201
-359
326
233
-487
330
312
55
67
331
66
-876
-376
0
-231
-447
-132
242
-208
247
396
228
-456
-371
111
-65
-67
-80
479
116
-167
-63
-140
153
-216
330
513
256
-116
-220
731
-289
-341
210
213
-129
-508
849
-46
-360
745
225
39
-318
555
196
-369
73
-19
-76
-772
598
230
-744
717
523
63
189
332
-417
-771
-7
-105
210
-231
475
425
-455
544
121
-106
-255
-404
-484
104
129
177
-268
245
351
-78
-174
30
-305
-500
228
210
69
-545
476
-115
-356
669
280
-504
-302
297
-293
67
390
297
296
-268
52
-2
-385
144
720
-450
-504
97
-533
-201
126
112
-314
137
-465
-399
-180
-167
-248
-291
77
-61
-310
-16
-229
-314
163
338
-339
-787
57
-301
-262
-149
-391
53
3
-261
-141
-285
-614
-328
-99
-294
25
-274
-90
-316
-187
-86
55
159
110
175
-563
-326
-113
-225
-220
135
-120
-271
-284
-109
-274
-289
2
99
274
-435
85
69
-340
32
-87
440
95
8
98
143
-195
-102
324
-173
241
207
641
351
-367
4
-176
-600
-220
-71
-343
-94
-231
709
435
-172
663
211
-494
-155
21
-460
-311
-220
197
361
751
486
552
513
-138
283
183
135
156
375
124
-157
341
-61
261
1026
235
401
150
-374
-253
117
8
338
584
-47
689
-269
-340
498
235
361
259
-9
-38
111
-377
652
923
-407
412
63
172
29
64
213
-132
-165
17
391
-459
638
499
-732
251
-81
-263
246
279
-15
245
-127
-64
232
-288
35
-502
-172
-448
-755
-146
230
250
215
136
-436
21
-478
22
187
-37
326
-299
49
-489
-3
471
-366
165
405
-168
-144
516
-203
284
294
40
-50
-340
153
-251
52
448
-59
229
567
-176
0
-456
-336
-325
503
4
-42
744
-727
-281
-264
-440
-68
200
-127
234
504
61
331
177
-528
-271
-258
-459
286
-17
-495
213
54
-89
437
278
-166
471
-452
-345
226
-676
97
-175
-170
-131
145
187
-597
318
172
-208
116
98
-306
-689
194
-642
252
-284
-240
164
-641
-2
-102
-198
-577
-116
-193
-13
-124
-127
-366
-178
-225
-313
-29
-65
-655
-2
-249
-651
510
289
805
-148
671
-446
-164
-322
-629
466
-62
238
83
571
-850
-284
-323
-497
-382
-117
187
-274
3
-335
229
-735
-493
-761
-661
-47
1
526
146
123
13
-209
-235
266
-283
367
71
-418
1
-196
84
295
-382
-154
444
-636
-6
497
9
-316
417
-427
116
181
-832
398
23
74
399
719
-392
420
-362
-689
509
19
-255
190
-31
-1111
-11
36
-143
102
-397
-610
431
-558
-121
759
-28
-392
-149
300
-318
-1
51
755
-259
442
111
876
-525
223
1218
-444
443
-68
418
-422
790
-15
297
794
-639
692
336
-830
-16
89
44
666
328
363
898
-709
-17
-75
-391
275
112
530
291
491
251
424
-272
518
25
-380
89
139
245
796
341
1055
-83
-115
461
-471
-316
8
845
20
407
942
287
340
-523
-62
-86
-503
370
-259
351
187
-256
679
721
37
626
59
100
-330
-21
-123
-12
647
104
1048
465
293
211
-350
-244
381
-346
408
887
465
171
223
677
-634
-2
385
-187
210
324
483
649
72
-20
146
79
-635
-24
267
-270
409
-80
357
302
-28
-860
191
-325
157
1396
129
648
-70
184
58
352
358
622
-5
-637
451
376
-523
196
1025
-56
68
381
120
-328
-185
83
290
-160
-354
-137
68
47
240
-470
421
-184
-37
771
-649
-142
-188
38
-8
1094
512
431
196
228
-97
-531
81
-242
454
41
-567
1199
151
-56
854
134
368
-923
-84
-130
-344
-508
629
92
-568
585
-174
992
-1023
-89
1137
-1491
794
63
-12
-858
-108
13
-217
596
-733
1113
-436
-234
399
-281
415
-32
-327
-222
-857
494
-754
-11
575
-123
503
56
582
-1532
644
-173
-1012
556
-311
30
-258
-168
-324
-46
-615
-727
487
-458
-96
635
-219
174
-375
-708
9
-286
24
38
-52
200
-826
-68
267
45
-263
240
234
-1076
364
78
-517
-134
-29
-337
-594
-183
-335
-386
-6
-380
-536
32
-1158
-213
-949
-1164
392
509
-60
734
-224
-913
1
-626
-616
-94
66
-371
301
51
-412
390
-210
-245
-479
-925
-465
-88
-586
-538
1302
-259
-882
535
-789
-581
-415
-159
-146
432
-876
236
549
-1998
844
-268
-763
594
-535
-86
-284
-61
266
1210
-723
-478
1392
-1722
200
16
38
497
-329
563
550
434
-437
1123
-165
-200
205
79
161
-508
482
397
-256
277
462
-593
275
-428
195
765
133
545
203
-567
-164
405
-810
1051
-375
975
-107
422
911
-419
396
209
196
-387
663
-125
1386
-221
650
1049
-565
59
8
507
-9
577
1128
836
-426
-129
102
-861
1023
-128
457
1046
-505
414
-419
186
-603
-35
180
91
297
-76
797
-220
-445
217
652
-756
119
168
-304
270
-177
948
-144
-7
41
54
-522
97
108
38
-129
19
149
-523
-282
-20
-111
-392
552
-35
-297
446
59
-429
501
-276
-598
870
-377
-144
299
-540
15
-108
-190
-276
236
-349
-52
710
-430
447
302
-397
-121
-309
-720
132
-52
143
-16
-108
230
-669
120
55
315
-474
-64
-220
-1092
431
33
-141
324
-475
-320
53
-490
756
5
-406
-208
42
-1277
225
570
-1236
576
-135
8
380
-459
355
505
-328
-61
656
-477
-821
589
-335
124
-89
99
-83
24
-371
-437
490
-1378
158
164
-378
127
157
-288
148
-537
-77
385
-412
-363
446
-977
-98
779
-852
449
1
-935
149
361
-400
-188
-137
-397
-544
-321
-25
-77
174
-529
-638
179
-592
233
-269
319
104
-345
594
-326
-365
-582
-522
-368
-561
620
-29
463
495
-40
-54
-674
-78
-470
-550
681
-288
-368
796
236
-36
237
472
-574
-392
174
-785
209
6
77
132
-771
179
-839
273
502
-237
676
-70
455
-276
297
355
-290
429
-154
718
30
-318
266
-596
72
-123
172
90
153
103
4
745
-218
159
-201
-140
-362
-402
527
-738
688
-187
241
760
18
414
-51
132
-347
-30
2
381
-107
-28
90
-622
859
-28
284
459
-976
794
288
-263
1058
-647
737
66
93
399
-154
563
-447
960
272
301
34
-76
118
-380
817
-72
-86
1346
-826
371
1123
-594
577
-8
-68
-46
435
-102
498
1461
-556
1444
-138
-180
225
-457
687
-150
342
332
534
91
176
639
-155
445
-118
-170
869
-85
486
528
252
557
-1061
501
336
-1050
153
1314
-495
-483
1028
-452
462
-418
472
379
-923
-32
559
-645
-284
367
1120
344
-368
818
40
-600
-231
358
16
125
-262
859
-347
-624
-224
185
635
-679
601
605
-407
-1123
703
-25
-816
842
42
860
-819
576
319
-190
79
-630
1065
-1248
628
481
-440
312
-463
563
-453
-344
-48
-532
-18
609
111
66
618
-361
-61
401
-751
-311
537
-505
133
-59
-644
880
-712
-44
290
-358
-14
112
369
-850
94
158
83
-692
136
598
-1007
-126
717
-44
-962
217
205
-803
-285
-119
3
-533
-687
933
-413
-1182
529
-97
-692
-332
17
-500
-474
-105
-29
317
-208
50
157
-932
-125
-553
-548
105
-926
-131
302
-484
76
-17
-364
300
-459
-265
-114
-835
-54
-346
-629
794
-60
202
814
-1357
366
-259
-828
1331
-946
-551
355
-1094
48
493
412
-482
-5
-460
-399
64
-271
191
-747
792
-155
216
556
-328
-484
179
-551
232
27
-788
242
-70
-333
-1007
1940
-1001
-268
741
-643
-114
342
-329
-90
497
-636
497
302
-1410
692
45
-665
1965
82
-92
-548
566
-1155
-840
604
5
-629
-340
326
-528
204
-205
355
327
-949
-133
1728
-1452
-362
950
-603
-223
224
250
288
533
-597
672
449
-1478
404
525
-562
-629
580
511
-448
299
86
564
-1300
429
276
-144
-244
65
1380
-775
-495
699
287
-647
1127
-101
635
180
-74
843
-909
-223
397
-55
-112
971
-19
264
183
493
565
-491
337
418
-606
714
203
-466
1017
-495
643
574
-533
1251
-49
-5
-533
474
394
-507
990
-149
477
254
53
216
464
74
-522
1683
-686
-202
533
-694
834
-211
10
791
301
-156
395
344
-607
98
56
133
310
-129
432
626
131
-262
279
-550
-384
737
-56
88
432
9
831
23
-180
494
98
-972
117
1030
-558
599
326
381
302
-77
926
-640
-14
334
-173
530
-185
99
-222
130
210
117
1127
-549
467
28
-604
793
-186
397
457
-813
389
269
-260
372
399
-31
373
355
-463
1119
-524
-48
1174
-637
272
215
535
223
-693
870
-33
84
-69
-687
1095
-815
-49
1155
-487
-816
260
458
-291
-40
-335
925
-1215
-280
394
-468
-684
-318
511
-976
387
-79
501
-567
-777
115
-983
-237
-411
886
-526
-496
657
-769
-389
-512
-575
240
-669
-237
971
-242
-460
231
-1104
-228
-494
-975
985
-153
-1356
831
229
-679
791
-1324
256
-358
-1191
1696
-336
-657
663
-560
-127
-940
-385
-46
-306
-279
304
328
-1211
386
-644
-849
116
-404
-179
139
-123
-84
-62
-1087
-7
-209
-1523
267
492
-490
-316
-3
-111
-207
-329
-358
-40
-600
-364
171
-287
-491
230
-635
131
9
-1112
149
-67
-631
-373
928
-207
-649
223
110
-722
-601
-235
783
-343
-80
662
-615
-383
-297
376
219
-291
70
98
-977
344
229
-124
515
-302
73
-495
-112
249
-12
102
-81
550
165
-119
304
46
-466
291
-306
196
710
-982
692
783
-1109
594
1278
-23
-80
17
-677
384
-623
770
1014
-311
364
61
804
-1184
-47
752
-976
618
357
364
151
18
727
350
284
21
167
364
-377
-330
1212
-250
124
1085
-546
450
540
-478
887
-112
-39
879
27
363
357
-188
664
330
421
497
-79
528
228
36
984
441
-641
931
99
-354
294
-596
475
1215
-401
219
1183
-953
663
20
-203
553
-189
405
182
345
-789
546
245
-448
988
-584
538
199
-1336
1123
377
-547
646
657
-362
117
318
-728
1121
-828
-822
2212
-1511
-87
473
-224
-177
274
654
-922
142
-895
101
432
-580
266
525
-1132
677
471
-1223
797
-276
-269
433
41
40
114
328
89
346
-273
-238
392
-348
251
412
-201
-479
218
109
-387
947
-203
-432
261
76
-559
-558
145
84
-286
-313
-84
-199
-813
135
921
50
-534
129
47
-1190
-112
-134
288
-597
-22
1201
-770
-82
737
-811
-77
-143
-565
561
-1039
-256
217
-421
-324
-376
575
-546
-230
603
-604
-563
65
-654
499
-413
-1483
1289
-572
-1418
1555
-369
-1213
-32
19
-396
-624
-240
228
704
-1501
583
826
-1121
168
327
109
-569
49
55
74
-800
-406
1156
-724
27
-230
634
-342
-1343
811
660
-366
-622
1441
-320
-726
434
-30
424
-17
-694
771
110
-837
419
923
-594
83
550
-630
-144
138
-328
610
323
-992
727
-358
-273
598
-190
-111
479
-150
-341
238
-812
399
13
-749
231
-72
-35
965
-109
53
327
-709
-103
58
-325
-77
56
36
-213
-265
765
-195
-258
0
778
55
-355
-393
262
-35
-801
652
-106
32
22
587
-685
479
-383
-57
1392
-1231
79
560
117
-403
607
54
681
727
-630
1026
28
-670
1165
559
-575
898
154
-86
996
-496
604
824
-459
1028
36
-24
813
220
-507
80
362
-307
530
-647
248
123
-853
288
530
-395
-268
618
-200
-101
-147
-385
357
-523
373
691
-300
-580
85
707
198
-38
536
493
-97
-32
172
11
-228
458
657
863
-586
-241
482
-757
-260
435
277
-254
290
-92
-66
11
-244
803
-69
-635
123
190
-609
397
214
-209
363
93
313
28
-334
449
509
356
316
594
-31
-1087
841
-172
527
520
210
555
49
112
-573
481
-472
102
723
-230
-139
-478
145
-376
-370
-66
-92
-477
-506
36
-895
-542
-603
-583
-63
-400
259
-335
-280
-170
-1051
-228
-352
-622
-150
24
-198
156
-208
-377
187
-126
-128
-68
-180
-440
-481
-289
-286
212
-419
503
463
-369
-86
-420
73
-504
-280
20
-373
-311
27
300
-501
-148
97
-269
-284
-128
349
-183
-73
-93
-111
-105
-787
-197
272
-576
-275
447
-14
-388
112
261
145
-296
-699
234
194
-507
126
473
-629
-82
399
-21
217
-676
24
215
-569
-282
304
277
-275
7
153
283
-371
122
665
215
142
-186
118
-433
-464
311
15
28
8
198
190
-241
-573
-309
175
-313
274
345
-226
43
-244
6
402
-243
-236
255
-153
-239
422
-150
343
211
-158
192
-541
-171
-270
-63
-231
123
-155
-483
-256
-912
-173
-203
-311
-224
-189
-371
-365
-551
-619
-358
-492
-701
-196
-249
-158
-70
-57
313
-215
257
491
312
426
357
538
692
853
1148
1300
1074
833
1216
1278
1072
1301
1710
1807
1461
1645
1479
1528
1462
1270
1263
956
942
1111
1266
1085
866
700
494
72
-250
-31
-144
-143
113
83
-476
-738
-557
-443
-95
-483
-203
-606
-575
-458
-733
-591
-1052
-538
-325
-521
-626
-836
-634
-518
-1433
-1365
-1313
-1738
-1468
-1284
-1492
-1941
-1898
-1817
-2073
-2394
-2324
-2387
-2782
-3513
-2949
-1380
-85
1014
562
-687
-1206
-1291
-631
428
526
1226
2400
2515
2898
2467
1726
2281
2649
3666
4090
3767
3817
3224
2746
3039
3374
3417
3228
2525
2080
1952
1137
670
-25
-480
-241
-145
-328
-997
-1513
-2010
-2074
-2059
-1721
-1270
-1587
-1674
-1612
-1558
-1446
-1232
-743
233
918
1364
1621
1223
1119
1185
1570
2016
2286
2073
1991
1847
1415
1405
805
414
590
189
-16
-559
-1771
-2508
-2637
-2571
-2903
-2928
-2831
-3274
-3065
-3439
-3569
-4151
-4563
-4217
-3636
-3737
-3996
-3955
-3831
-4326
-3220
191
1447
1651
-598
-2279
-1136
-199
1005
2683
1281
1423
2627
2558
3177
1558
1230
2828
3281
3714
3567
2770
2672
2337
2351
4162
4362
4171
3710
2311
2322
2164
1806
1607
999
1115
1166
127
-710
-1688
-2488
-2772
-2849
-2702
-2145
-1755
-1979
-1683
-1886
-2172
-1636
-1466
-821
262
515
968
934
827
1496
1913
2362
2551
2520
2269
2034
2330
2363
2263
2035
1991
1894
1473
102
-1121
-1473
-1659
-1288
-1230
-1775
-2781
-3990
-4392
-4403
-4432
-4366
-4214
-4267
-3967
-3828
-4158
-4174
-4936
-4735
-4023
-4224
-4246
-4175
-4780
-4438
154
2634
3161
630
-4172
-3195
-726
1408
3506
1935
604
2377
2583
3968
3130
1456
3751
4790
5326
5022
3151
2949
3471
3928
6664
7599
6576
4720
2146
2575
3883
3928
3891
2714
1462
1197
-371
-1618
-1885
-2635
-2610
-2739
-2787
-2956
-3706
-4648
-5167
-4738
-3470
-1759
-939
-601
-978
-1362
-1081
61
1393
2531
2383
2045
2351
2117
1705
1844
2821
4434
5022
4127
2723
1441
1183
1266
1947
2011
1069
-48
-1090
-1720
-2654
-3493
-3660
-3058
-2706
-3196
-4101
-5282
-5602
-4959
-3956
-3328
-3521
-4448
-5133
-5032
-5421
-4899
-5169
-4784
-4773
-2670
2038
3443
1517
-3839
-6384
-2635
2029
4150
4157
452
-357
1140
2703
5170
4039
3725
5569
5812
5101
3388
2486
4340
6127
7637
9226
7724
4857
2006
1347
4343
6398
6263
4617
1931
153
-1217
-2230
-1329
-451
-533
-1853
-3792
-4587
-5129
-5602
-4950
-4044
-3146
-2882
-3773
-4172
-3994
-2677
-852
641
1752
1647
897
277
753
1825
2428
2304
2874
3663
3375
1963
664
1297
2695
3439
2943
1449
-419
-1231
-668
309
315
-1340
-2633
-3119
-3323
-3142
-3642
-4234
-4421
-4245
-3923
-4259
-4710
-5167
-4854
-4058
-3512
-3522
-4223
-5380
-5909
-5705
-4920
-4508
2
4507
4035
-504
-7124
-6329
779
5919
6731
3038
-2152
-670
2382
6070
7901
5033
4945
6025
5906
5509
3884
4894
7606
7993
8931
8660
6360
3704
1351
3682
8152
8533
5578
585
-2301
-1675
-1339
84
1084
-670
-3617
-7019
-7172
-5429
-4724
-4493
-5084
-5946
-6409
-7366
-7231
-5843
-4515
-3282
-2453
-1163
-1538
-2443
-3286
-1434
2305
3616
2701
401
-451
1045
2534
3645
4084
3142
2788
2094
1662
1697
1581
2150
2651
2622
1389
-502
-1953
-1674
-248
628
-82
-2210
-3967
-4377
-3209
-1822
-1588
-2332
-3587
-4058
-3529
-3190
-3546
-3772
-3867
-3233
-3640
-4603
-5368
-5002
955
4474
3575
-1966
-7706
-4677
1789
5867
5846
1797
-2019
-412
1993
6273
7394
4999
4816
4047
4115
3840
4144
6487
8022
7050
6895
6248
4741
3047
2532
5751
8020
6278
2672
-435
-734
318
312
1365
993
-1946
-5176
-7581
-5787
-3585
-3699
-4699
-6946
-8531
-8920
-8430
-5914
-4228
-4867
-6461
-7469
-5499
-3362
-2418
-1382
-522
-72
-566
-630
846
2214
3271
4180
4762
4705
3610
2936
4145
5767
6394
6056
4904
3687
2879
3115
3778
3764
3085
2073
963
292
-314
-936
-769
-948
-1004
-2086
-3153
-3631
-4114
-3482
-2910
-2444
-2826
-3872
-4807
-4248
-4116
-3531
-4118
-4266
-4306
-2089
2221
2729
502
-4358
-4792
-615
3651
4451
2267
-1637
-2523
-42
3172
6168
4068
1996
1341
1137
1739
2537
4659
5836
4200
2290
3333
4615
5020
3377
3130
4422
4134
3088
2089
2133
2358
1005
-185
370
-45
-1742
-4197
-4811
-3598
-3334
-3873
-4974
-6616
-8058
-8419
-6540
-4009
-4092
-5953
-7768
-6811
-4074
-2381
-1506
-1529
-2292
-2688
-1611
947
3152
3315
2981
3103
3800
4511
4661
5026
5254
5239
5516
5518
4924
4443
4177
4110
3865
3103
2433
1901
1637
1491
1091
410
-141
-98
-167
-1033
-2362
-3058
-2429
-1513
-1170
-1568
-2205
-2544
-2401
-1835
-1157
-1224
-1742
-2650
-2870
-2636
-2101
-2258
-869
702
411
-1231
-3704
-3113
-903
804
910
55
-1980
-2619
-1716
843
2686
1449
-555
-1436
-1123
-189
995
2370
2936
1627
926
1365
2675
3611
3256
2847
2335
2153
2192
2582
2803
2280
934
360
408
684
206
-1096
-1367
-1273
-1389
-1940
-2493
-2798
-3634
-4339
-3682
-2490
-2010
-3039
-4271
-4226
-3376
-2150
-765
-219
-824
-2115
-2480
-816
1144
1857
1224
141
-154
438
1414
2275
2338
1743
1530
1682
1973
1953
1935
2210
2612
3035
2671
1884
1374
1833
2821
3277
2724
2154
2195
2329
2037
1896
2340
2526
2100
1554
1444
1370
646
64
153
653
393
-644
-1618
-2028
-1929
-1779
-1879
-2212
-2671
-3097
-3229
-3040
-2999
-3546
-4068
-4056
-3735
-3699
-4004
-4147
-3794
-3489
-3123
-2900
-2944
-2954
-3014
-2612
-1863
-1223
-898
-821
-882
-652
-178
410
969
1210
1470
1759
2220
2839
3127
3037
2881
2974
3368
3707
3360
3048
2729
2047
2024
2276
2754
2695
1703
868
563
824
1055
1005
769
627
91
-345
-547
-461
-26
-122
-388
-594
-663
-1004
-1444
-1474
-1030
-741
-764
-478
-280
-411
-825
-951
-413
64
87
-100
-424
-626
-540
400
1409
1522
777
-231
1
1215
2179
2270
1647
796
738
1169
2013
2751
2163
959
-73
61
1018
1592
1028
-122
-1076
-1253
-815
-678
-1055
-2018
-2789
-3004
-2726
-2335
-2348
-2709
-3084
-3207
-2917
-2557
-2552
-2642
-2799
-2600
-1963
-1552
-1502
-1735
-1816
-1242
-508
13
43
-99
-181
-35
555
1386
2037
2033
1621
1471
1773
2084
2171
2177
2372
2297
2102
1974
1909
2208
1957
1585
1523
1443
1247
709
302
462
635
475
225
-220
-464
-617
-584
-267
-259
-487
-629
-666
-628
-798
-868
-565
-179
-189
-600
-1001
-876
-547
-486
-515
-685
-764
-746
-724
-441
-168
17
152
29
-34
17
235
562
706
714
619
630
540
228
-86
-8
556
998
845
225
-332
-276
65
108
149
28
-124
-463
-821
-256
530
803
300
-328
-272
402
868
876
812
738
617
457
570
857
964
504
80
298
770
614
89
-228
-290
-254
-353
-305
-189
-492
-1099
-1205
-835
-565
-913
-1498
-1480
-1172
-1142
-1360
-1361
-1090
-973
-1255
-1407
-1159
-952
-1035
-867
-575
-522
-726
-1172
-1107
-639
-417
-453
-575
-729
-771
-762
-418
101
124
-105
-461
-529
-224
-17
193
392
465
408
343
536
967
1083
848
581
716
1123
1423
1484
1384
1171
776
409
452
715
973
793
215
-51
-152
75
344
97
-85
-186
-316
-153
-342
-635
-510
-142
389
578
487
443
477
649
964
1462
2153
2209
1575
1048
1000
1653
2256
2196
1861
1242
845
1052
1432
1735
1578
852
259
356
806
1213
990
475
-41
-451
-245
145
430
190
-541
-836
-549
-263
-378
-845
-1133
-1091
-1137
-1132
-1054
-1100
-1554
-2077
-2217
-2007
-1664
-1788
-2032
-2334
-2674
-2997
-2936
-2403
-2006
-2141
-2579
-2529
-2113
-1818
-1734
-1653
-1560
-1465
-1394
-991
-385
-33
12
-55
185
507
777
1124
1416
1556
1491
1410
1743
1917
1733
1465
1534
1897
2019
1819
1607
1508
1274
1049
1169
1575
1645
1333
868
920
1385
1556
1462
1247
1122
1179
1287
1550
1695
1412
1176
1144
1296
1508
1337
1151
1047
948
996
836
690
459
88
122
275
296
111
-269
-342
-8
139
45
-361
-680
-599
-351
-166
-272
-646
-949
-937
-730
-498
-563
-880
-1316
-1555
-1325
-1087
-1237
-1610
-1863
-1821
-1810
-1938
-2065
-2240
-2503
-2711
-2665
-2475
-2424
-2653
-2878
-2807
-2599
-2397
-2290
-2335
-2294
-2180
-1951
-1535
-1372
-1431
-1338
-1089
-639
-250
-45
124
284
436
714
1086
1267
1240
1075
1318
1761
1983
2066
2001
1978
1979
1894
1955
2147
2214
2146
2108
2167
2154
2080
2034
2091
2235
2356
2277
1975
1700
1760
2112
2300
2136
1814
1604
1624
1634
1378
1013
790
782
812
791
643
292
-85
-368
-324
-116
-245
-698
-1024
-982
-754
-665
-829
-1165
-1480
-1519
-1313
-1094
-1120
-1375
-1590
-1674
-1526
-1312
-1323
-1589
-1827
-1911
-1735
-1452
-1416
-1617
-1809
-1907
-1941
-1879
-1665
-1398
-1298
-1455
-1500
-1249
-926
-811
-891
-865
-489
-154
-1
1
-58
1
117
605
1093
1081
791
556
646
1047
1278
1436
1589
1510
1252
1026
1059
1199
1168
1101
1172
1148
952
639
325
245
307
389
370
117
-122
-298
-289
-82
65
79
43
-77
-250
-357
-358
-158
48
195
156
68
-2
-126
-5
389
758
832
495
164
195
392
642
803
881
872
719
541
558
693
798
837
814
803
682
519
353
216
188
70
-152
-330
-471
-652
-931
-1159
-1258
-1452
-1647
-1711
-1752
-1870
-2226
-2567
-2503
-2157
-1782
-1677
-1781
-1869
-1911
-1764
-1400
-986
-734
-746
-746
-473
-3
366
424
474
693
956
1189
1223
1309
1478
1526
1716
2114
2307
2189
1797
1647
1930
2170
2219
2144
2071
2061
1929
1713
1567
1318
1161
1130
1149
1192
954
659
431
205
132
63
28
-173
-549
-854
-939
-822
-741
-931
-1070
-1005
-1094
-1273
-1386
-1183
-852
-844
-973
-1066
-1133
-1119
-1113
-839
-478
-381
-588
-813
-820
-557
-213
-19
80
-3
-176
-371
-384
-127
-27
-215
-351
-275
-151
-213
-468
-656
-730
-666
-594
-592
-682
-1033
-1219
-1095
-800
-524
-552
-730
-805
-811
-641
-420
-240
-45
99
168
180
232
332
481
739
1097
1266
1187
969
775
1007
1364
1577
1510
1193
1009
937
1071
1372
1514
1421
1039
704
659
772
895
808
594
449
381
389
342
267
230
269
305
284
229
174
26
-92
-88
-29
61
-71
-226
-305
-290
-216
-156
-119
-146
-332
-561
-635
-543
-409
-434
-531
-586
-618
-634
-651
-560
-472
-585
-748
-697
-433
-229
-296
-448
-534
-704
-752
-625
-438
-348
-542
-823
-979
-978
-869
-813
-766
-775
-873
-915
-967
-926
-867
-874
-745
-535
-393
-455
-568
-542
-311
50
333
472
478
387
513
876
1235
1438
1416
1357
1477
1693
1865
1927
1876
1784
1695
1734
1793
1771
1594
1424
1322
1211
1114
981
911
814
591
363
229
122
-18
-196
-266
-253
-384
-659
-952
-1066
-1026
-981
-1010
-1179
-1407
-1558
-1652
-1561
-1525
-1541
-1534
-1600
-1592
-1636
-1599
-1452
-1348
-1237
-1162
-1123
-1003
-939
-865
-653
-414
-121
-27
-91
-26
138
397
626
745
883
984
1016
1050
1041
1096
1156
1219
1395
1426
1318
1133
974
1072
1249
1227
1082
761
500
485
550
705
700
496
213
26
29
126
223
168
79
-17
-117
-134
-103
26
117
129
78
54
74
87
139
296
397
272
22
-139
-36
198
328
291
219
113
14
51
231
378
370
201
87
140
206
263
297
302
286
154
34
27
88
63
-66
-163
-222
-379
-547
-603
-538
-496
-629
-777
-943
-1002
-958
-1007
-1072
-1137
-1201
-1195
-1259
-1251
-1191
-1130
-1038
-954
-806
-707
-764
-877
-911
-776
-570
-443
-364
-303
-316
-347
-280
-8
324
464
529
555
593
498
402
525
791
1015
974
830
696
580
565
699
864
867
592
274
211
356
546
615
524
318
159
179
358
566
538
316
125
46
50
123
132
70
-22
-120
-140
-164
-187
-258
-373
-390
-297
-136
-21
-101
-302
-315
-133
73
163
81
33
104
150
261
328
318
255
56
-50
-48
-24
-42
-141
-187
-174
-178
-230
-296
-320
-335
-352
-331
-295
-413
-574
-606
-547
-380
-350
-444
-500
-538
-440
-338
-270
-259
-386
-545
-588
-533
-375
-268
-411
-536
-560
-466
-352
-348
-307
-230
-184
-202
-208
-189
-147
-146
-100
-4
77
54
-66
-84
-49
66
179
214
183
60
44
220
501
685
690
602
528
532
565
639
736
765
679
618
663
731
714
594
582
684
754
706
526
404
346
360
448
513
507
392
301
357
435
434
315
144
62
59
110
154
59
-108
-262
-360
-278
-204
-242
-352
-505
-597
-583
-519
-396
-404
-521
-546
-534
-448
-354
-287
-225
-204
-230
-193
-140
-113
-56
26
188
228
123
-39
-91
15
216
323
261
130
-54
-35
82
248
343
257
153
40
55
151
214
280
251
80
-74
-99
-53
-46
-87
-120
-89
-134
-249
-299
-294
-254
-270
-345
-356
-350
-350
-356
-372
-410
-435
-439
-337
-108
31
20
-176
-307
-213
31
270
362
289
182
134
199
387
534
603
556
468
426
476
608
723
746
681
567
525
588
633
715
727
629
515
438
459
480
464
429
342
266
251
296
351
279
122
-4
-56
-47
-41
-37
-19
-64
-204
-350
-383
-297
-189
-143
-169
-290
-437
-489
-414
-221
-61
-107
-320
-560
-576
-405
-225
-154
-219
-404
-620
-689
-572
-432
-387
-472
-534
-526
-536
-578
-705
-757
-754
-766
-753
-761
-843
-976
-1106
-1044
-828
-691
-673
-828
-926
-895
-776
-603
-489
-447
-447
-415
-318
-150
-38
31
111
248
395
411
383
434
552
734
884
975
964
861
800
871
1043
1126
1009
846
809
856
875
831
819
861
941
998
985
905
793
671
621
721
841
811
612
349
202
258
446
514
377
124
-49
-100
-83
-66
-144
-264
-384
-447
-420
-372
-378
-418
-478
-472
-410
-382
-376
-387
-354
-287
-228
-191
-176
-192
-193
-186
-188
-183
-218
-243
-277
-290
-247
-164
-198
-296
-355
-372
-334
-389
-457
-495
-499
-477
-490
-480
-436
-475
-519
-463
-361
-279
-313
-368
-371
-299
-226
-237
-240
-164
-81
17
63
91
111
131
179
226
325
431
479
474
458
516
624
687
702
642
583
550
563
580
583
618
596
594
617
621
597
538
485
498
535
564
567
530
480
348
252
328
425
406
265
149
78
27
-19
-17
5
-58
-215
-354
-332
-320
-323
-377
-389
-374
-426
-482
-520
-515
-460
-379
-324
-261
-305
-363
-356
-273
-211
-205
-224
-230
-219
-255
-280
-245
-204
-202
-265
-321
-258
-171
-141
-164
-138
-21
21
18
19
13
10
-10
0
-9
-74
-144
-158
-64
72
126
88
37
-3
8
44
84
104
93
31
52
159
272
304
278
228
201
208
179
130
96
77
62
37
-52
-110
-118
-106
-89
-68
-97
-156
-177
-192
-196
-177
-175
-219
-252
-250
-180
-95
-37
-63
-68
-42
-61
-123
-165
-115
-18
-16
101
69
95
39
-140
-358
-478
-621
-708
-678
-536
-370
-124
-291
110
111
170
149
173
48
-81
-111
-411
-299
-489
-220
-242
-82
-259
-95
-198
25
60
-33
-127
-298
-200
-265
-79
-152
-19
73
132
117
-62
-75
-322
-273
-420
-140
-119
36
170
331
554
561
659
555
495
397
370
453
410
485
358
585
457
685
663
779
652
437
218
-32
-1
-207
29
-114
263
-5
413
286
543
626
444
285
-376
-581
-1136
-991
-1155
-678
-558
-312
-254
-213
-42
-235
-147
-492
-546
-904
-727
-976
-824
-533
-532
-313
-448
-246
-370
-483
-783
-505
-672
-594
-283
-286
-159
8
131
182
497
378
330
527
515
369
540
768
632
935
686
783
947
663
680
715
651
330
874
649
650
776
461
550
252
356
46
441
334
140
609
449
411
453
294
267
333
149
270
612
308
213
450
146
158
499
210
-204
10
-280
-149
-148
-362
-44
-20
-287
163
122
-85
-17
-5
-213
62
0
-356
35
-485
-389
-159
-765
-80
-175
-521
-385
-449
-611
-899
-244
-497
-335
-681
-699
-515
-699
-740
-535
-574
-551
-489
-724
-317
-514
-391
-195
-229
-162
-106
-258
305
287
-147
412
184
-34
573
387
46
889
425
297
1290
797
507
888
794
894
667
185
1167
597
964
947
840
781
340
853
592
379
183
951
394
269
611
386
302
365
512
408
375
149
248
544
-45
70
243
-92
19
-320
322
-217
-901
39
-377
-1307
-651
-325
-1461
-795
-1055
-679
-1276
-1411
-712
-520
-1663
-1224
109
-1844
-991
-592
-874
-746
-977
-1017
-43
-455
-1438
117
-747
-1237
-85
-606
-35
209
-866
129
224
-1116
542
85
-338
559
186
5
695
237
-115
524
545
291
279
1114
50
156
907
228
527
586
-142
90
741
-336
230
824
-1030
219
326
-242
238
-678
-96
616
-205
-80
718
152
-720
508
85
-617
286
18
845
101
-81
1034
566
-755
691
825
-67
758
-65
1140
707
-210
1142
569
531
847
541
135
344
120
214
449
-7
344
-193
311
-783
-256
-387
-1268
-356
-600
-1410
-863
131
-1600
-193
-1033
-1489
-605
-1483
-1161
-869
-1327
-802
-521
-1255
-541
-607
-881
-870
-153
-862
-569
-103
-808
115
-367
-108
309
352
-298
365
7
-9
418
184
297
752
930
643
947
980
857
728
1087
377
693
474
258
1088
663
21
766
-42
164
1398
-269
129
978
-440
199
624
-580
570
353
63
257
80
40
62
433
14
198
-86
184
349
204
518
364
603
160
525
95
-150
332
603
548
89
1137
64
703
290
152
892
-152
360
-372
943
-249
696
65
42
290
-416
-309
-300
-21
-809
155
-381
125
-1093
-100
-392
-763
-605
-1155
-442
-1034
-285
-1426
-27
-387
-1478
307
-747
-994
-921
26
-260
-373
-715
-405
292
-621
-506
1019
-215
-836
1359
-306
546
-151
566
712
451
419
130
1467
-250
969
656
484
954
189
597
883
635
441
753
-108
146
547
88
765
-483
786
230
-960
-211
99
12
-1401
709
-132
-673
77
251
-142
-294
114
52
29
-822
-34
-639
-182
77
294
109
105
190
-731
-263
133
160
-140
-263
857
-426
96
347
-70
179
-438
715
-432
-224
-4
25
543
-102
54
285
110
-374
23
-276
-328
-247
-367
54
-364
31
65
357
-364
-277
-637
-515
37
-415
-101
467
43
-612
847
-675
21
-179
-650
-136
-60
477
-1048
1521
-295
-692
951
-764
48
402
-464
136
443
-645
2
616
-126
-75
1085
-183
-308
32
265
-847
-233
126
-392
93
-781
-43
174
-844
-519
185
-991
-679
185
72
-688
-746
443
-1034
-731
-21
-604
-212
-572
53
329
-837
-217
455
-973
376
10
-526
1234
-890
-181
727
-486
313
-208
-92
115
419
-560
980
34
-69
614
-1043
1746
-666
302
1138
-360
481
86
299
131
1082
-623
894
527
-927
869
330
-216
241
422
-703
432
-132
94
552
-5
-26
863
-215
-703
1355
-614
373
880
-126
183
350
-709
417
1043
-1073
518
148
3
-854
1149
-331
-751
1525
-1300
601
-778
-758
302
-458
-852
755
-272
-719
423
-346
-233
-24
-1165
462
-178
-1792
1308
-312
-623
521
-288
-214
511
-923
-157
1326
-1158
596
1082
-93
-322
540
318
-121
1570
-1237
1150
214
-528
677
1078
420
-1169
2026
165
-697
169
649
-72
106
36
267
1451
-1333
373
1611
-1059
-1766
1294
55
-1669
827
646
-807
108
-160
-511
467
-802
-577
362
-541
-719
114
-246
-104
285
-124
236
126
-1168
307
-114
-185
369
9
875
-157
241
420
106
673
-787
1083
420
35
649
517
218
531
-10
138
396
-960
540
19
-16
-501
838
-78
-579
484
148
-600
-1304
1560
-1352
130
221
-1132
1013
-835
-339
718
-361
-1489
1812
-595
-824
1201
-514
-335
515
-277
-770
1020
-450
196
431
690
171
-298
1123
-363
49
415
197
-97
-414
954
-587
738
185
-604
424
634
-510
-13
909
-850
784
-119
-608
298
-78
-466
391
-217
-364
444
-458
-51
-485
-59
-298
-1020
-345
-100
-509
-858
409
-92
-611
85
523
-712
-729
117
-84
656
-1406
833
649
-759
123
356
18
-318
488
-190
1203
-735
68
1183
-690
569
365
19
552
-390
742
137
-186
522
-29
232
136
-576
-182
269
-533
-191
248
-142
42
-504
-212
213
-1124
714
-497
-535
59
-569
374
180
-368
-300
1071
-1561
-122
549
-591
182
-155
-41
354
-469
-555
865
-535
-533
1021
-297
-305
598
-419
14
832
-1085
547
724
-1003
167
677
-134
-751
675
-1047
307
63
-811
467
-198
-96
-637
400
-533
-433
-124
-777
-37
-459
-328
42
42
-645
-31
-563
-173
-198
-743
-166
-438
-23
-304
483
95
-138
427
-574
645
-275
-406
1037
65
347
-25
363
122
309
-448
708
979
-1173
1358
-77
-54
420
149
847
467
-28
680
950
-648
649
-86
228
567
-40
386
500
280
-69
190
-108
607
-1151
289
1516
-888
-105
757
778
-1240
54
431
642
-851
-105
1076
-848
-381
-103
-47
215
-815
-157
684
-781
-835
-318
1306
-1168
-346
747
82
-423
-1171
443
-187
-1434
72
111
-937
56
300
130
377
-754
-621
429
-227
-1035
10
50
-85
20
338
546
-851
388
-22
776
-923
563
1123
-1217
209
836
-53
-302
1897
-766
608
493
-267
441
314
-416
869
1074
-1978
1695
646
-1616
1281
709
-494
194
330
398
-565
3
743
139
-391
1225
-982
89
1122
-1132
912
-129
-459
944
-464
-560
1112
214
-754
1220
233
-543
380
-724
485
724
-1158
919
1231
-1996
1093
-146
-285
-240
-74
1127
-427
-401
-603
962
-1307
245
271
51
-478
-161
832
-1359
-304
218
-967
-114
-129
-1070
214
-978
-322
291
-908
-644
426
-610
-862
-34
-885
404
-40
-1850
591
1077
-2374
34
2044
-1167
-757
634
355
-304
-722
956
725
-544
243
1103
-110
132
580
16
1017
-748
743
809
-303
1009
281
-13
289
534
-516
1300
194
-371
295
1261
-855
-6
1186
-971
425
-81
592
68
-1036
268
352
-1284
222
-102
-699
107
-426
-634
731
-1334
-260
347
-1757
712
-1462
707
32
-1992
296
574
-1469
-460
1362
-1652
281
-1038
270
5
-370
-154
288
733
-602
787
-213
-110
162
755
-253
1354
328
-767
1864
57
-361
526
523
246
1016
4
-172
1712
-727
-633
1370
-2
-412
1338
-477
531
680
-1748
1324
1046
-1403
3
1454
-473
-338
322
862
-412
-760
593
803
-81
-1192
1049
410
-633
-368
1304
-408
-1123
556
16
682
-1408
-507
1928
-739
-1582
1197
538
-883
248
559
-624
123
-1011
1010
671
-1624
1004
620
-129
-151
-130
-74
403
-611
242
951
-1700
1137
935
-2100
874
634
-1022
-38
693
-334
284
-1138
750
1204
-2949
1837
209
-1328
-222
876
225
-984
-4
-176
978
-2142
785
173
-37
-148
-515
1449
-1633
-92
533
337
-295
-615
1426
-278
60
166
-287
634
340
-1372
1806
535
-2333
1953
481
-1497
203
1222
-1076
1269
-415
58
1193
-2342
1146
839
-885
164
1392
-304
-66
138
-37
371
-409
83
445
-118
-127
328
-257
-98
-642
468
-783
187
403
-1760
664
-6
-695
192
-455
-218
492
-1186
-826
1386
-1077
-48
384
-459
35
-805
270
27
-870
98
325
-449
186
-986
311
332
-794
404
16
-408
147
224
-634
84
211
-803
448
-610
-334
523
-637
523
565
-1216
1050
-547
38
-308
-115
486
-758
326
-7
1370
-1034
594
484
-419
85
17
126
-567
681
-218
-56
589
-821
994
57
-45
-58
321
288
16
368
49
1155
-1463
974
538
-956
-354
422
119
-232
555
-32
-147
-464
691
-437
-1261
361
688
-1352
197
480
-799
-331
630
-543
-629
-110
-440
-187
-614
15
-331
-583
248
-327
-1038
544
-296
-1162
-149
239
-779
-454
73
46
-873
-67
891
-838
-709
1331
-306
-936
701
-541
23
-47
3
813
-1285
726
1290
-1184
-566
1713
-75
-1090
1685
61
-749
609
261
520
-141
-779
1590
-271
-923
1353
407
-655
930
214
166
87
-367
875
-779
239
790
-638
652
1293
-1197
1170
934
-1260
576
-31
-91
267
-262
710
613
-594
826
-132
-787
282
-395
167
-148
-229
28
787
-401
-501
1313
-1788
508
348
-1014
51
681
-748
298
212
-651
255
-604
-140
-294
-155
-14
107
-759
584
-235
-344
236
-449
148
-457
-543
1067
-233
-904
1252
55
-665
1215
-846
347
198
-1035
768
-85
-224
140
872
-110
128
-238
629
17
-712
816
274
327
-470
684
88
239
283
116
263
72
476
-4
100
88
393
657
-409
637
415
-637
-34
1234
-899
-700
1248
-714
329
236
-460
644
769
-1711
1497
90
-1617
992
121
-608
112
642
-361
675
-832
430
333
-1229
510
-20
-775
781
-159
-429
699
-504
-108
299
-173
-218
364
-391
510
-205
-395
143
4
-283
-69
182
-784
627
-376
-179
90
350
-194
-354
744
-730
113
246
411
-672
45
613
-362
-139
34
201
-217
-326
377
-97
-847
859
-430
-315
951
-835
-129
656
-592
308
-486
261
256
-312
-267
-7
1008
-1448
535
734
-491
-342
230
124
89
-523
520
237
-534
71
15
506
-893
83
234
436
-406
109
799
-644
237
38
439
-444
-376
667
-397
59
-175
208
-205
11
-951
498
553
-1278
129
212
406
-1312
292
633
-473
-55
-175
349
-650
224
213
202
-374
-104
866
-572
-584
467
-267
-344
418
-223
-495
336
-241
-44
155
-371
150
-151
387
-507
490
250
-531
478
154
-325
366
-60
-276
449
-406
-443
265
-717
-240
167
-309
-393
345
11
-497
41
155
-523
-310
699
-636
-106
408
-171
132
-257
171
-63
-314
112
252
-376
230
146
-797
597
-336
-274
168
-423
215
106
-4
211
-379
364
1
227
326
-276
209
213
90
-10
108
-64
262
-337
89
10
-115
-148
-440
74
105
-297
-277
592
-121
-416
-48
589
-441
-436
765
251
-162
-116
160
433
-500
-75
825
-406
57
336
-33
146
-33
-156
675
-63
-384
894
-100
-181
507
175
-198
731
71
-37
715
168
365
247
-120
368
397
-550
14
509
-234
-426
121
154
-155
-152
-140
351
22
-638
615
173
-589
510
133
86
221
-291
298
454
-251
-110
326
46
-527
253
301
-200
-635
764
98
-665
632
-245
108
299
-447
379
575
-921
724
517
-661
368
329
-454
345
-211
-341
800
-936
237
381
-781
74
38
-223
-158
220
-492
491
-140
-309
50
128
167
-424
468
-194
201
-364
330
-124
-269
71
272
-235
-329
855
-359
142
238
369
-329
207
322
45
-21
-28
399
65
-37
-2
359
-373
-236
459
-268
-667
133
208
-539
-216
-37
-93
-526
-98
292
-569
-138
144
-578
-105
151
-573
114
-141
-610
232
-228
-683
418
-404
-523
328
-62
-305
-110
95
-350
386
-229
-217
642
-134
-51
7
391
32
-303
561
189
-152
203
-95
58
257
-286
-122
464
-530
-8
261
58
130
-246
158
268
-323
-363
568
-44
-279
-155
440
-201
-918
474
183
-513
-290
84
144
-430
-157
88
97
-219
-179
11
275
-469
85
602
-306
316
182
49
-71
147
148
79
-23
17
199
74
53
-383
444
-154
-113
427
-139
-86
176
-72
-224
191
-284
-84
211
-333
-7
70
-467
-30
127
-366
-86
-204
37
-29
-620
-58
8
-288
-379
260
6
-162
-21
-71
239
-682
185
300
-298
-202
105
214
-182
10
-22
363
-563
53
368
-137
-170
58
304
-409
-25
244
-247
152
-214
228
96
-110
-36
117
-31
-66
392
-650
198
326
-694
206
292
-356
21
2
-293
149
-365
-80
331
-361
261
-246
-35
-91
-29
-8
-16
189
132
67
-190
486
-8
-161
311
189
40
421
-79
255
434
-250
457
127
233
269
143
95
356
111
18
655
98
214
511
151
276
595
-282
509
601
-15
-3
832
269
-288
599
345
201
-91
55
547
-60
-222
274
306
-67
156
265
60
235
-245
184
5
39
-262
50
279
-263
-159
-81
192
-543
-140
55
-351
-203
-138
111
-179
-640
116
-156
-255
-379
-134
372
-526
-198
233
-106
-651
229
-33
-428
157
-137
-163
58
-86
-384
473
-82
-265
411
-250
-136
151
-158
-306
372
-170
-315
150
-313
-52
14
-201
-278
55
-211
-225
-176
-162
-271
88
-135
-137
-103
-266
-31
-209
-194
-198
-15
-69
39
-96
-23
-132
-24
11
15
-186
226
58
-322
567
-97
-65
347
157
82
181
296
135
346
259
433
138
169
570
-4
28
527
255
130
233
364
208
15
166
209
72
-68
172
16
-1
60
233
-116
43
265
-179
131
-114
-135
93
-139
-147
145
-136
-257
121
-121
-149
-79
-195
-20
0
-444
11
-12
-227
-174
-62
15
-275
-200
-172
-16
-305
-135
-145
136
-101
-446
293
-17
-316
-43
48
-50
-234
-88
-139
-41
-240
-223
67
-172
-76
-66
2
-134
-174
40
24
-249
284
-151
27
145
-80
27
13
115
62
169
-243
291
325
-57
22
547
-75
-59
400
81
98
155
351
132
332
24
335
233
-11
317
6
223
141
73
208
58
33
295
3
-77
157
-108
52
98
-251
94
97
-242
-7
59
-161
35
-44
-116
-37
-59
-81
50
-281
-39
124
-229
-101
-12
-69
-106
-130
-58
45
-86
-133
-114
-50
-232
-86
-101
-48
-209
-208
48
-101
-238
-39
-5
-184
-115
-111
-51
67
-105
-61
50
-4
-115
-79
-31
31
-80
-103
-30
-153
352
-28
-14
325
139
-19
74
314
-61
211
130
195
296
-8
152
289
201
58
213
312
244
211
302
294
279
241
251
272
130
135
145
170
57
158
164
24
-70
179
-49
-127
16
-117
-110
-76
-62
-21
-24
-91
0
-114
-130
-159
-147
-132
-202
-300
31
-141
-389
26
-134
-175
-86
-130
-108
-233
-159
-192
-116
-182
-132
-81
-319
-127
-61
-159
-110
-92
-136
-132
23
-180
-56
-47
-68
80
-34
-62
-172
160
10
-330
78
-4
-65
-93
-36
-37
192
-139
-163
242
-184
90
169
-68
45
-7
-81
43
-40
-15
52
-143
-50
17
-72
81
191
100
183
340
34
184
158
-37
169
13
-36
226
-51
-75
58
17
10
6
-19
-14
106
-158
-64
141
-94
-126
-11
-88
-122
-99
-143
-59
-77
-176
100
76
-257
-31
137
-115
88
173
-26
-4
79
-4
5
-185
-137
-80
-179
-202
-116
-129
-308
-147
-99
-156
-234
-281
-138
-38
-232
-57
52
-152
122
58
-77
-7
-164
-224
-193
-42
-79
-167
24
83
-34
71
117
4
47
52
71
156
240
282
175
190
347
218
72
124
143
157
176
228
228
208
289
289
220
277
210
297
342
330
359
208
170
141
97
166
51
-66
-108
-37
158
-60
-40
30
-205
-174
-15
-127
-298
-324
-145
-173
-136
-141
-217
-172
-230
-147
-123
-67
-213
-184
-75
99
71
32
-31
49
6
-142
106
-38
-166
-124
75
4
16
-82
-202
-97
-176
-139
92
-9
19
209
127
136
72
123
-81
-102
106
15
60
137
137
317
301
253
202
24
76
107
107
47
162
126
199
464
239
254
177
-13
88
7
47
86
-57
66
238
201
232
212
73
57
54
102
43
121
188
23
91
301
151
-73
-125
-107
-10
-91
-68
98
29
-34
125
160
-18
23
-56
-59
-76
-154
-31
-131
-218
-201
-203
-261
-257
-269
-309
-180
-215
-155
-175
-152
-57
-196
-97
-136
-184
-192
-148
-223
-238
-139
-242
-183
-147
-123
-206
-112
-119
-205
-104
-41
4
-99
-74
-37
48
49
48
109
64
-16
55
183
157
72
12
219
255
185
334
300
119
115
310
282
196
256
193
119
250
221
191
215
1
20
140
61
-16
33
58
19
55
49
-26
3
-9
-6
9
-70
-54
-71
-144
-163
-126
-188
-272
-233
-137
-249
-252
-177
-231
-234
-164
-119
-132
-140
-150
-66
-138
-167
-163
-162
-178
-185
-101
-169
-179
-152
-131
-75
-155
-127
-69
-85
-72
-16
56
44
-48
29
10
-13
-70
-12
1
-96
-21
4
-10
-34
-10
0
38
-56
-7
63
-5
-44
60
-9
-40
33
5
22
20
34
52
48
74
167
76
97
142
94
165
246
201
165
238
185
154
154
124
107
74
57
29
59
69
-6
31
55
102
30
-14
126
93
29
65
59
32
15
-50
-39
27
-97
-73
-12
-77
-48
-40
-87
-83
-66
-66
-66
-145
-118
-114
-111
-165
-129
-137
-213
-170
-182
-144
-191
-121
-142
-94
-48
-137
-43
-74
-78
-30
-55
-39
31
-6
-34
41
-25
32
30
-23
60
92
89
127
141
158
185
133
163
203
139
81
194
158
43
178
197
45
101
157
54
69
101
115
80
79
138
102
70
96
81
74
4
68
61
8
45
24
-14
5
22
-68
-40
-49
-59
-60
-61
-46
-47
-76
-56
21
-37
-8
16
25
20
6
18
-22
-2
-51
-38
-37
-41
-45
-61
-70
-86
-29
-68
-62
-29
-49
-32
-43
-45
-52
-34
-41
-79
-60
-46
-11
-60
-8
42
-18
17
28
-1
9
45
53
43
34
75
54
9
60
63
-23
8
74
19
-8
83
49
53
76
51
75
53
50
14
37
8
55
45
23
67
26
19
63
46
6
89
56
29
63
50
50
29
37
7
35
29
-9
-13
-14
-38
-23
-18
-63
-46
-28
-55
-29
10
-63
-67
-28
-66
-91
-92
-62
-73
-116
-64
-81
-66
-53
-76
-54
-40
-32
-18
-70
-52
-58
-73
-44
-90
-109
-59
-120
-99
-37
-116
-75
-20
-71
-80
12
-79
-33
-20
-58
-15
-30
-33
-31
-30
-30
26
-44
35
3
-49
44
51
-46
52
88
-20
49
48
67
9
28
62
18
-2
28
34
-10
3
24
-18
-12
23
9
-32
23
9
-19
51
1
-12
53
38
14
49
26
54
42
12
23
50
-2
-7
16
-24
4
-23
-21
5
-21
-28
28
-14
-21
2
-7
29
2
28
23
42
49
17
31
43
31
8
56
58
33
53
70
57
60
74
75
80
27
57
69
40
29
45
30
29
46
38
39
37
51
58
46
41
61
41
44
28
34
20
29
24
-8
-8
54
-9
-30
-20
19
-30
-43
16
-69
-36
-1
-47
-71
7
-33
-84
-34
-55
-71
-48
-94
-77
-38
-100
-86
-28
-111
-63
-48
-72
-52
-71
-56
-48
-64
-48
-26
-58
-40
-20
-12
-18
-16
-14
24
-21
-23
20
-7
-4
22
-28
27
51
-13
12
20
55
-4
21
34
57
14
23
65
50
31
46
68
24
64
50
57
31
44
69
27
51
54
42
45
45
36
56
65
4
46
39
20
21
24
19
-3
27
-1
12
24
-5
0
26
2
-10
18
-7
-17
-13
5
-14
-21
0
-21
-31
-22
-10
-43
-31
-24
-50
-14
-15
-63
-6
-20
-40
-14
-24
-25
-8
-33
-24
3
-26
-10
-25
-8
-14
-9
-3
-18
4
-2
-19
4
6
-29
8
3
-10
4
23
9
-10
28
6
12
23
17
13
13
23
11
22
10
4
11
28
10
-4
15
14
0
-11
0
4
-7
-29
-4
-1
-17
-10
-6
-34
-28
-4
-32
-21
-42
-25
-20
-44
-33
-41
-29
-47
-56
-44
-35
-68
-58
-35
-76
-53
-39
-45
-76
-36
-65
-42
-35
-71
-35
-57
-39
-49
-35
-39
-32
-32
-34
-18
-9
-26
-16
-5
-12
-4
3
9
4
7
23
23
17
51
16
36
54
37
43
54
62
39
63
70
62
50
73
76
41
82
62
59
72
40
75
72
51
68
71
62
67
57
80
63
45
63
68
48
37
76
38
8
74
39
8
36
21
17
7
-2
-4
7
-19
-41
-9
-23
-47
-41
-33
-49
-60
-33
-56
-74
-65
-45
-90
-68
-56
-89
-74
-70
-75
-83
-65
-86
-91
-56
-75
-97
-51
-53
-94
-66
-39
-77
-53
-50
-67
-42
-31
-40
-32
-18
-16
-2
-21
20
5
16
35
8
46
38
51
43
56
62
65
84
55
80
87
82
71
102
92
74
118
86
98
106
106
85
98
111
85
91
88
105
67
76
80
83
58
45
80
49
38
43
39
28
12
31
6
2
1
1
-19
-38
-12
-40
-30
-60
-60
-42
-70
-80
-85
-67
-94
-90
-94
-89
-104
-105
-102
-112
-109
-102
-98
-127
-99
-95
-108
-107
-87
-98
-87
-87
-78
-66
-82
-57
-58
-47
-35
-45
-32
-15
-7
-13
-1
18
13
11
34
35
36
55
51
61
68
79
93
78
90
115
109
85
122
128
114
116
146
125
119
153
125
111
140
132
114
115
131
109
101
127
85
95
110
75
67
86
72
46
55
56
21
23
34
-15
-8
2
-37
-42
-23
-54
-75
-60
-74
-83
-98
-100
-98
-110
-115
-120
-124
-128
-126
-140
-148
