0
-1
-3
-4
-2
-7
-10
-7
-11
-12
-11
-10
-10
-10
-9
-6
-6
-6
-4
-3
-1
-1
-3
-3
0
-3
-3
-4
-3
0
-3
-3
-3
-3
-4
-7
-8
-4
-6
-6
-2
-2
-3
-4
-9
-12
-7
-6
-8
-10
-6
-5
-12
-11
-9
-11
-10
-8
-10
-12
-12
-12
-13
-14
-13
-12
-12
-11
-8
-10
-9
-4
-1
-1
3
1
3
2
1
3
2
1
0
-1
2
1
0
-4
-9
-6
-1
-5
-6
-2
-4
-4
-9
-6
-5
-4
1
-1
-4
-3
2
-4
-7
-4
0
-2
-3
2
-2
-9
-4
-3
-5
-1
-3
-4
-4
-5
-4
-4
-4
2
4
6
10
7
9
2
7
16
11
7
12
13
10
10
10
16
15
14
11
4
9
12
2
-1
7
8
6
6
12
11
8
10
11
9
16
15
8
9
10
9
6
9
13
12
6
11
9
-1
3
4
5
5
2
8
8
2
2
4
4
12
13
11
9
11
19
8
5
16
16
7
9
10
9
7
0
1
1
3
9
4
-3
6
1
-5
1
5
5
1
1
2
0
4
12
6
5
8
6
11
6
2
2
4
10
13
1
0
9
3
-5
-5
6
10
4
-1
3
4
4
2
-5
-1
9
11
5
5
10
10
-3
1
12
8
6
3
-3
-5
1
-2
-1
-7
-7
-2
-4
-3
-6
-7
-1
7
1
-2
0
8
9
-2
1
4
6
5
-4
-5
0
-5
-10
-10
-11
-1
-2
-14
-12
-11
-15
-13
-10
-5
-2
-3
-2
-10
-7
0
-1
-3
-3
-2
4
3
-3
-5
-11
-6
0
-8
-13
-9
-7
-11
-18
-19
-14
-13
-15
-15
-13
-8
-11
-15
-17
-12
-5
-2
-9
-9
-7
-9
-9
-9
-8
-9
-11
-14
-13
-13
-10
-13
-16
-14
-11
-9
-9
-11
-17
-15
-10
-9
-13
-14
-9
-7
-5
-9
-13
-10
-3
-2
-1
-1
1
-5
-10
-11
-9
-8
-8
-9
-10
-12
-11
-8
-9
-12
-9
-7
-4
1
2
1
1
0
0
6
7
13
11
5
7
10
11
5
2
8
11
11
6
2
3
5
5
7
10
11
11
10
10
11
13
13
15
14
14
14
15
10
8
5
4
5
9
8
2
4
4
1
1
6
9
8
7
9
10
8
6
6
7
10
14
9
5
6
7
3
2
1
5
3
1
3
2
2
4
4
7
7
7
12
11
7
4
4
9
15
13
11
8
8
6
-1
1
3
1
-3
1
0
-2
-6
-9
-8
-4
-4
-9
-11
-8
-9
-15
-13
-14
-13
-16
-20
-19
-18
-22
-24
-23
-23
-24
-26
-24
-27
-29
-32
-33
-26
-24
-29
-31
-26
-23
-22
-22
-22
-25
-26
-26
-23
-24
-30
-36
-48
-53
-51
-48
-44
-43
-41
-38
-35
-35
-36
-34
-36
-39
-35
-28
-26
-20
-19
-24
-32
-24
-19
-25
-27
-32
-35
-37
-28
-26
-28
-15
0
3
0
1
8
10
8
9
8
8
8
9
17
22
12
7
3
0
4
16
29
28
25
23
14
9
14
17
15
10
5
0
2
2
-3
-10
-9
-7
-10
-14
-27
-39
-46
-54
-47
-34
-34
-40
-48
-44
-44
-32
-24
-31
-38
-44
-48
-55
-58
-59
-59
-55
-47
-49
-52
-48
-54
-58
-56
-48
-32
-21
-7
7
11
21
4
-9
-18
-17
-16
-22
-15
-35
-46
-38
-44
-45
-39
-30
-16
-13
-9
-23
-39
-36
-34
-20
-11
-8
4
3
0
11
11
8
11
19
12
24
153
323
392
381
309
265
231
266
310
236
171
195
349
432
366
280
204
207
199
161
137
73
48
50
86
21
-84
-55
-13
-84
-264
-371
-425
-465
-492
-541
-559
-581
-566
-551
-545
-541
-584
-565
-560
-630
-658
-585
-417
-422
-495
-433
-289
-148
-84
-22
-35
-88
-5
120
197
193
258
421
518
491
447
509
548
533
517
574
598
565
590
610
589
535
586
703
612
495
451
500
408
268
315
324
265
193
170
100
-43
-21
-12
-99
-179
-184
-103
-182
-253
-315
-316
-239
-224
-225
-229
-138
-24
-9
12
-108
-149
-31
116
164
59
119
229
349
445
360
292
203
301
399
403
422
339
353
373
409
400
284
277
163
63
71
87
104
-83
-177
-283
-343
-293
-292
-359
-568
-641
-583
-606
-691
-868
-933
-975
-974
-924
-998
-1050
-1135
-1086
-1067
-1096
-1098
-1053
-922
-897
-914
-861
-732
-579
-475
-316
-201
-129
0
164
316
337
443
575
738
869
981
1082
1131
1243
1325
1391
1469
1524
1564
1582
1661
1705
1659
1671
1700
1683
1571
1519
1505
1398
1261
1130
1022
853
714
622
502
323
120
4
-101
-239
-406
-546
-644
-780
-886
-951
-1015
-1109
-1203
-1236
-1278
-1329
-1365
-1333
-1312
-1327
-1308
-1272
-1207
-1134
-1062
-988
-949
-888
-817
-751
-686
-649
-593
-508
-393
-322
-314
-288
-252
-164
-120
-83
-45
-39
-29
16
91
149
140
97
55
4
-52
-121
-161
-213
-255
-267
-316
-352
-383
-466
-494
-538
-497
-450
-539
-647
-844
-911
-1012
-991
-905
-915
-791
-570
-68
259
171
-52
-193
-95
16
193
391
405
481
735
1240
1449
1142
921
981
1177
1107
1032
1169
1274
1343
1490
1765
1739
1475
1586
1871
1715
1158
916
1178
1294
1122
1041
1104
945
681
718
768
429
-94
-190
-40
-226
-552
-524
-237
-260
-469
-424
-272
-340
-529
-554
-543
-761
-889
-660
-367
-338
-434
-311
-114
-152
-354
-432
-354
-377
-442
-337
-145
-81
-116
-22
78
-46
-241
-219
-80
-147
-283
-246
-120
-102
-177
-151
-137
-228
-346
-340
-293
-400
-557
-666
-653
-692
-831
-834
-820
-841
-914
-964
-1011
-1257
-1440
-1559
-1426
-1271
-1202
-1265
-1443
-1591
-1786
-1832
-1407
-449
229
172
-216
-430
-269
-74
120
288
32
-63
424
1627
2154
1372
681
829
1479
1387
1066
1269
1307
1176
1320
1978
1989
1322
1567
2330
2125
807
308
1206
1526
950
467
601
480
138
667
1160
553
-593
-614
154
-107
-936
-955
-242
-204
-737
-450
178
197
-193
-39
257
-326
-800
-280
557
535
158
636
1378
1428
892
754
980
803
552
720
1097
991
749
1148
1558
1256
611
580
909
646
97
32
355
320
-6
-35
-18
-321
-704
-656
-541
-877
-1139
-1058
-867
-1260
-1957
-2061
-1981
-1880
-1848
-1811
-1914
-2346
-2499
-2256
-1857
-1818
-2078
-2114
-2043
-1842
-1648
-1494
-1602
-1907
-1912
-1697
-1255
-1111
-1203
-1013
-600
-60
108
30
55
137
278
394
614
737
892
1387
1742
1605
1222
984
1198
1321
1283
1189
1136
1214
1330
1592
1639
1493
1339
1270
1419
1369
1125
964
780
622
435
410
467
442
459
431
435
291
56
-86
-199
-231
-246
-103
158
231
194
149
210
156
41
60
29
-93
-206
-54
237
411
556
629
697
624
576
684
701
660
561
606
713
694
667
648
654
520
317
249
196
120
-15
-67
-137
-311
-377
-355
-348
-523
-780
-881
-1008
-1195
-1434
-1589
-1669
-1833
-1895
-1846
-1842
-1879
-1938
-1931
-1985
-2195
-2316
-2167
-1913
-1916
-2099
-2004
-1741
-1560
-1640
-2093
-2527
-2496
-1417
139
1043
635
-286
-543
102
831
933
488
213
689
1918
3068
3152
2169
1451
1846
2441
2428
1891
1759
2041
2369
2490
2391
2226
2332
2936
3268
2494
1317
824
1369
1843
1474
754
319
482
872
1105
785
-104
-740
-843
-741
-1018
-1522
-1505
-1096
-793
-864
-931
-756
-537
-500
-793
-1192
-1496
-1396
-890
-452
-257
-157
267
783
819
354
-115
-76
205
397
478
506
614
849
1218
1364
1100
754
653
725
592
326
253
423
572
485
263
60
-33
-66
-166
-437
-900
-1225
-1208
-1106
-1216
-1539
-1722
-1662
-1614
-1676
-1952
-2266
-2587
-2844
-2931
-2963
-3003
-3109
-3213
-3361
-3331
-2675
-1512
-503
-499
-1318
-1842
-1655
-836
-136
75
-155
-234
682
2149
2894
2234
1239
1269
2025
2544
2570
2404
2372
2546
3140
3596
3370
3028
3350
4019
3781
2703
2053
2231
2668
2673
2307
1780
1250
1271
1741
1776
848
-238
-496
-420
-691
-1142
-1193
-957
-992
-1122
-1166
-1177
-1270
-1281
-1165
-1447
-1951
-2079
-1557
-1003
-975
-958
-577
-63
17
-225
-361
-433
-313
-23
300
311
103
302
848
1229
1069
771
761
847
815
671
648
659
644
755
852
806
591
489
538
338
-138
-542
-682
-763
-1021
-1243
-1342
-1342
-1428
-1625
-1762
-2155
-2609
-2973
-3165
-3166
-3261
-3159
-2999
-2997
-3155
-3487
-3606
-3788
-3969
-3493
-2277
-928
-613
-1161
-1548
-1453
-911
-243
204
27
-383
178
1844
2963
2553
1572
1484
2137
2486
2607
2619
2440
2306
2834
3632
3565
2957
3163
3979
3960
2866
2146
2210
2345
2258
2082
1748
1055
793
1332
1594
770
-412
-641
-378
-692
-1312
-1551
-1346
-1332
-1292
-986
-855
-1051
-1192
-1010
-1209
-1890
-2158
-1589
-760
-549
-541
-197
278
500
391
273
-16
-272
-73
512
925
813
861
1316
1685
1574
1229
1220
1265
1097
918
946
1087
1145
1314
1472
1255
718
417
574
496
-7
-465
-628
-676
-880
-1046
-1194
-1444
-1796
-2029
-2130
-2461
-2815
-2957
-2968
-3206
-3629
-3672
-3341
-3027
-3094
-3342
-3569
-3842
-3886
-3675
-3009
-2122
-1356
-794
-788
-880
-984
-696
-102
122
10
-83
736
2107
2794
2686
2183
2095
2361
2659
2887
2615
2356
2520
3241
3787
3543
3256
3453
3781
3577
2856
2330
2078
2066
2161
2071
1562
927
965
1460
1489
754
-109
-446
-635
-961
-1193
-1235
-1234
-1242
-1055
-802
-832
-982
-914
-812
-1151
-1735
-1842
-1381
-803
-457
-157
184
396
506
599
551
206
-126
30
483
763
816
1012
1365
1444
1233
1045
984
867
683
617
568
451
462
674
825
603
208
-8
-92
-303
-694
-1080
-1369
-1617
-1784
-1836
-1924
-2142
-2322
-2309
-2388
-2698
-3137
-3355
-3344
-3412
-3534
-3657
-3697
-3687
-3670
-3609
-3451
-2897
-1939
-1025
-757
-1196
-1572
-1317
-523
159
331
125
218
1213
2592
3277
2746
1887
1871
2539
3189
3249
2859
2504
2678
3379
3829
3640
3230
3254
3510
3213
2445
1846
1806
2061
2093
1742
1042
577
748
1254
1155
118
-873
-1143
-959
-1016
-1414
-1697
-1826
-1703
-1394
-1152
-1216
-1500
-1436
-1222
-1321
-1763
-1911
-1394
-823
-475
-259
43
340
488
632
592
338
142
346
783
870
776
931
1361
1627
1503
1340
1177
948
761
727
721
493
372
549
634
356
-32
-145
-158
-419
-803
-1158
-1429
-1637
-1708
-1718
-1842
-2082
-2226
-2166
-2244
-2570
-2909
-3117
-3214
-3314
-3487
-3477
-3514
-3563
-3722
-3832
-3176
-1758
-386
-9
-804
-1554
-1558
-707
437
697
360
-50
904
3025
4248
3740
2401
2037
2834
3415
3566
3140
2649
2753
3642
4611
4237
3302
3332
4006
4005
2888
1842
1625
1748
2021
2029
1447
439
133
938
1390
431
-1121
-1760
-1521
-1591
-1877
-1970
-2018
-2193
-2076
-1431
-1194
-1675
-1957
-1699
-1666
-2315
-2637
-2050
-1248
-916
-654
-48
380
435
490
656
447
-18
210
1036
1440
1150
1004
1538
1936
1894
1747
1698
1497
1149
1147
1234
978
682
839
1297
1209
667
403
473
363
-134
-557
-897
-1277
-1517
-1429
-1378
-1737
-2153
-2189
-2042
-2345
-2930
-3292
-3414
-3504
-3580
-3393
-3305
-3493
-3651
-3735
-3728
-3843
-3346
-2000
-900
-651
-1231
-1486
-1040
-360
333
575
370
230
1105
2996
4068
3521
2514
2384
3119
3590
3643
3480
3004
2813
3375
4137
4089
3470
3502
4034
3842
2805
1879
1715
1785
1750
1610
1029
261
38
724
1144
136
-1340
-1881
-1612
-1519
-1889
-2142
-2336
-2432
-2040
-1328
-1155
-1738
-2015
-1682
-1581
-2065
-2410
-2002
-1285
-769
-365
97
403
578
927
1179
926
354
364
1013
1467
1399
1359
1767
2179
2292
2244
2038
1642
1264
1231
1272
1031
748
841
1209
1214
764
297
52
-177
-604
-1036
-1433
-1827
-2035
-1994
-1887
-2265
-2895
-3134
-3079
-3164
-3589
-4032
-4320
-4545
-4632
-4641
-4754
-5077
-5158
-4177
-2424
-1181
-1206
-2039
-2586
-2439
-1719
-811
-315
-551
-651
569
2642
3824
3385
2594
2580
3256
3775
3888
3740
3303
3303
4159
5047
4926
4299
4514
5299
5166
3936
2792
2454
2463
2618
2697
2115
1094
712
1474
2023
1000
-719
-1526
-1431
-1419
-1717
-1886
-2061
-2318
-2133
-1396
-1053
-1565
-2011
-1858
-1891
-2558
-3012
-2494
-1638
-1202
-917
-385
47
190
387
587
359
-214
-128
743
1380
1247
1069
1492
2007
2123
2054
1943
1678
1315
1254
1445
1216
725
656
1000
1067
608
239
164
-47
-612
-1201
-1589
-1920
-2110
-2067
-2097
-2576
-3194
-3359
-3219
-3475
-4169
-4663
-4796
-4795
-4777
-4851
-5042
-5436
-5481
-4593
-2813
-1088
-493
-806
-1548
-1649
-1125
-620
-443
-796
-820
65
1827
3506
3979
3516
3407
4259
5287
5202
4349
3776
3682
3950
4387
4989
5351
5560
6030
6351
5830
4405
3182
2723
2369
1709
663
-69
-44
602
1282
1129
-47
-1417
-2109
-2312
-2650
-3242
-3453
-3114
-2545
-1838
-1175
-1004
-1354
-1876
-2381
-3056
-3847
-4124
-3424
-2216
-1018
179
1355
2163
2274
1884
1361
728
268
490
1164
1749
2264
3056
4038
4393
3973
3272
2492
1690
1036
839
856
772
850
1274
1596
1258
548
-134
-915
-1883
-2849
-3393
-3786
-3956
-3823
-3651
-3703
-4288
-4586
-4790
-5392
-6307
-7112
-7280
-7096
-6966
-6746
-6888
-7403
-7243
-4705
125
4052
4844
3462
2905
3278
2462
154
-1973
-2587
-1740
710
4654
7118
6354
4829
5101
5915
4114
1110
650
2833
5064
6826
9018
10636
9965
7635
5265
2648
-955
-3818
-3858
-1723
285
808
497
213
-302
-1138
-2656
-5274
-7286
-7367
-5179
-2578
-953
235
1087
1311
362
-1134
-2646
-3790
-3791
-2971
-2004
-1662
-1428
-497
366
845
830
984
1565
2288
3280
3906
3997
4053
4371
4492
3814
2789
2214
2333
2638
2626
2383
1886
1485
1326
1199
874
260
-23
120
156
-244
-963
-1548
-1915
-2238
-2534
-2950
-3394
-3659
-3849
-4012
-4505
-5010
-5380
-5570
-5716
-5766
-5940
-6163
-5811
-5468
-4897
-4552
-4745
-4825
-5388
-5867
-5612
-2599
4043
9397
9993
6693
4377
3608
964
-2669
-4696
-4250
-2379
1639
7473
10189
7386
3896
3730
4166
1068
-2059
-530
3775
7122
8712
10081
9716
5935
1013
-2015
-3334
-4646
-5485
-3434
796
3370
2008
-1051
-3592
-5185
-6105
-6369
-6153
-5618
-3464
415
3386
3431
1551
-395
-1417
-1786
-1229
32
1108
2198
2752
2139
23
-2491
-3710
-3065
-847
1779
4440
6773
8131
8353
7307
5505
3332
1652
1496
2297
3317
4080
4642
4530
3354
1646
-198
-1806
-2381
-1544
-114
908
1446
1626
1171
-136
-1851
-3211
-3932
-3905
-3251
-2372
-1577
-1510
-2252
-3321
-4360
-5413
-6389
-7073
-6914
-5840
-5326
-4792
-4539
-4411
-3901
-3811
-2930
-2504
-2237
-2027
-2502
-2917
-4895
-5676
-236
7310
11364
8832
4071
3267
1598
-1930
-4526
-5197
-4159
-1881
4296
10974
10433
4699
1462
3071
2866
-1487
-3126
871
5955
7689
8242
8827
6445
384
-4383
-4486
-3277
-4345
-4798
-1360
3046
3298
-365
-3773
-5481
-5953
-4740
-2245
-758
165
1970
4029
4179
1336
-1875
-3213
-2704
-577
1808
3046
3218
2878
2018
108
-2902
-4685
-3560
-435
3399
6244
8399
8978
7657
5528
2700
552
-1049
-504
1711
3041
3539
3172
2870
1733
-500
-2176
-3130
-2797
-1351
941
2959
3182
1976
85
-1758
-3452
-4441
-4223
-2968
-1323
-394
-79
-687
-2032
-3525
-5282
-6232
-6656
-6210
-4633
-3220
-1991
-2250
-2905
-3216
-3795
-3530
-3904
-3410
-2200
-1138
48
-601
-2370
-5239
-7474
-6941
-21
7915
10335
7842
3420
2867
994
-2690
-4691
-5478
-3723
-251
6256
10778
8005
2742
283
1216
-66
-3111
-2166
2824
7311
8188
7777
6906
3573
-1706
-4804
-3893
-2572
-2684
-1351
2320
4949
3223
-717
-3634
-4972
-4267
-1958
668
1378
1292
2397
3156
2226
-630
-2773
-2520
-1009
1392
3079
3791
3270
1706
89
-2029
-3748
-4341
-2902
13
2879
4974
5888
5773
3957
1306
-984
-1933
-1350
-107
1340
1913
1873
1350
114
-1083
-2074
-2028
-1567
-1012
472
1981
2753
2046
613
-644
-2061
-3159
-3137
-1904
-536
-10
-142
-475
-961
-1848
-2851
-3418
-3484
-2900
-2120
-1052
-462
-911
-2121
-3433
-3707
-3457
-2940
-2395
-1339
-683
-143
-934
-3432
-5971
-8398
-8980
-4928
4568
12146
13032
7734
2884
1396
-1997
-5494
-7365
-7115
-4504
804
8652
11282
6171
-296
-1923
-449
-1772
-3186
-579
5127
8928
9107
8204
6376
2468
-2668
-4459
-2407
-341
399
1824
4438
4844
1557
-1880
-3832
-4327
-3247
-559
1968
2131
2025
2458
2116
242
-2083
-1969
-171
2162
4144
4243
2898
528
-1818
-3833
-5996
-6834
-5685
-2573
1105
3735
4761
4158
2905
948
-1178
-2491
-2547
-1044
826
2179
2369
1423
104
-1176
-1956
-2252
-1890
-1144
-157
1343
2627
2940
1991
531
-788
-1940
-2336
-1631
-190
1033
1328
1302
1008
376
-724
-2013
-2780
-3230
-2824
-2189
-1456
-938
-1728
-2821
-4092
-5033
-4919
-4143
-2971
-1591
-440
-105
-1089
-3769
-6928
-8840
-8871
-2125
7467
12072
10053
3313
461
-904
-3690
-5826
-7539
-6600
-2900
4613
11104
9524
2988
-1626
-825
550
-97
464
3677
7789
9356
9242
7938
4799
-68
-3965
-2769
891
2937
2929
2735
3322
2012
-630
-2844
-4560
-4317
-1696
2521
4410
3067
1876
876
-154
-1283
-1245
-203
519
1595
2418
2312
329
-2153
-4273
-6144
-6567
-5707
-3270
-723
1278
3190
3826
3629
2223
206
-1107
-1190
227
1762
2541
2101
891
7
-538
-1101
-1842
-2043
-1239
-20
1235
2324
3103
2908
1813
788
-333
-1315
-1641
-1088
198
995
890
149
-705
-1376
-2330
-3256
-3971
-4147
-3683
-2999
-2262
-2069
-2276
-3195
-4371
-4285
-4038
-2877
-2374
-2560
-1742
-2208
-3175
-5497
-7656
-8937
-4971
4934
11964
12293
4573
-1182
-1830
-2562
-2884
-4936
-5786
-3641
2328
10166
11060
5025
-1687
-2456
705
2183
2390
3086
5654
7852
8416
7617
5057
1198
-2726
-2699
1225
4052
3745
1247
323
356
-726
-1814
-3685
-4230
-2214
1595
4169
2695
588
-674
-856
-524
-3
865
88
-356
573
1596
1025
-1380
-3630
-4868
-4732
-3992
-2919
-2030
-1260
699
2736
3806
3589
2148
798
425
865
1774
1891
1166
539
547
935
434
-630
-1503
-1182
-86
527
1138
1758
2508
2708
2270
1581
384
-622
-1012
-245
998
1189
566
-383
-885
-1176
-1893
-2790
-3659
-3633
-2885
-2037
-1425
-1871
-2541
-3183
-3482
-2668
-2553
-2365
-1817
-963
419
-364
-2744
-5201
-6405
-6448
-6630
-5445
1007
9430
12337
8162
655
-2750
-2590
-2559
-2302
-2795
-2008
1845
7579
10857
6445
-1432
-4827
-1748
2726
4001
3544
4548
6559
7020
5658
3869
2127
-416
-2274
-656
2858
3877
1712
-967
-1957
-2320
-2793
-2617
-2307
-1227
587
2147
1995
-332
-2411
-2896
-1591
415
1181
195
-1247
-1125
256
617
-1068
-3290
-4296
-4091
-3405
-3147
-2901
-1626
506
2624
3197
2385
1240
487
771
1443
1859
1618
1042
799
459
128
-267
-923
-1375
-1234
-28
1434
2314
2626
2455
2237
1688
681
-549
-1498
-1009
472
1424
1100
-295
-1202
-1281
-1506
-2122
-2695
-2700
-1835
-989
-902
-1050
-2117
-3539
-4059
-3850
-2592
-1936
-1623
-889
-1144
-1352
-2820
-4534
-5332
-6441
-6270
-4694
1814
10401
12883
7802
-789
-4079
-2508
-1173
-925
-2036
-1467
1981
7339
9939
4782
-3306
-6280
-1523
4360
5508
4091
3737
5473
5999
4545
3270
2201
994
-578
308
3243
3550
854
-2681
-3953
-3551
-2779
-1384
-1478
-2345
-1772
751
2374
160
-3070
-3825
-1449
1486
2338
1199
-331
-319
425
200
-1060
-2649
-3827
-4701
-4584
-3302
-2011
-780
426
1887
2828
2811
2360
1090
357
961
2643
4022
3362
1874
577
308
356
-609
-1815
-2283
-1000
873
2170
2583
1969
1285
671
429
-159
-1021
-870
120
1282
1035
-229
-1245
-1682
-1776
-2281
-2681
-2601
-2283
-1961
-1640
-1541
-2432
-3696
-4536
-4358
-2877
-1933
-1539
-1187
-1530
-837
-310
-1624
-2955
-4676
-5362
-4170
-3736
-246
6603
10766
9877
2887
-2987
-2750
-905
1116
1117
-242
543
3835
7898
6411
-725
-4713
-1385
4644
6209
3415
1803
2810
3545
3304
3208
3712
3731
1506
-231
438
1009
2
-2818
-4854
-4225
-2293
266
618
-1906
-3206
-1210
1320
275
-2820
-2885
265
3006
3146
1268
-488
-955
-404
188
-156
-1039
-1866
-2484
-2848
-2861
-2132
-958
451
1948
3069
3371
2866
1894
1309
2031
3368
3909
2642
492
-893
-1166
-768
-679
-1123
-1555
-1092
369
1042
437
-508
-751
-121
253
326
360
588
847
315
-770
-1721
-1928
-1539
-1346
-1439
-1791
-2353
-2501
-2192
-2022
-2115
-2680
-3017
-2955
-2713
-1864
-715
339
456
95
-76
-1074
-2021
-2386
-2315
-1699
-2309
-4033
-6005
-3872
4791
12047
10778
1439
-5753
-3996
1268
4652
3443
-711
-2121
1411
6849
6755
-171
-5133
-2830
2976
5562
3767
1158
420
1383
2682
4002
5133
4315
656
-2777
-1942
1390
2174
-698
-3916
-3987
-1117
1729
942
-2951
-4400
-1202
2133
1616
-893
-1898
-1143
630
2572
2762
678
-1511
-1691
-521
320
99
-1337
-3570
-4694
-3215
-689
498
40
-366
703
2344
2858
1931
884
1072
1790
1799
1056
7
-823
-836
-91
500
178
-765
-1210
-837
-89
774
1144
860
662
1054
1619
1508
786
66
-333
-195
238
421
74
-743
-1440
-1579
-1501
-1501
-1721
-2085
-2087
-1756
-1319
-1029
-1263
-1289
-577
472
771
-648
-2003
-2242
-2042
-1556
-1716
-2121
-2789
-4183
-5517
-6449
-3442
3982
9469
8292
1075
-3807
-2249
1597
4487
3778
771
-726
1356
5066
4622
-678
-4511
-3163
871
3272
3174
2269
1769
1663
2048
3429
5139
4781
1193
-2304
-1639
2117
4058
1824
-2257
-4158
-2667
-227
-318
-2534
-3166
-1264
316
-114
-1115
-1389
-1023
-206
779
856
-65
-861
-1103
-1108
-997
-768
-1239
-3051
-4520
-4109
-2234
-268
407
303
455
1366
2513
2563
1481
290
-59
1143
2802
3126
1840
235
-62
385
379
-10
-301
62
1005
1897
2245
1847
1203
958
1000
1254
1581
1584
1372
1011
719
460
-251
-1107
-1572
-1338
-721
-621
-971
-1416
-1740
-1574
-1116
-816
-810
-996
-1183
-987
-1017
-1696
-2101
-2503
-2691
-2095
-1688
-1628
-2517
-4396
-5325
-5341
-5100
-2038
4174
8606
7007
268
-3975
-1751
2781
5447
4154
344
-2054
-1157
1549
1679
-1413
-2928
-574
3000
3751
1634
283
990
2320
3361
4249
5589
5383
2019
-1550
-1837
912
2921
1416
-1807
-3581
-2765
-932
-843
-2356
-2870
-1589
-233
-21
-108
-41
-392
-972
-1134
-1021
-927
-717
-960
-1867
-2229
-1194
-265
-1340
-3070
-3252
-1809
9
1159
1242
672
408
889
1461
1385
1351
1995
2769
2921
1961
491
-179
330
1284
1705
1799
1768
1107
242
154
1093
2109
2263
2006
1850
1868
1929
1509
679
-47
-453
-444
-119
162
77
-630
-1546
-1935
-1808
-1457
-1195
-972
-668
-769
-1157
-1683
-2365
-2961
-3251
-2915
-2232
-1711
-1623
-1862
-2249
-2599
-2960
-3468
-4229
-4569
-4574
-4032
-663
4615
7505
5154
-394
-3049
-1273
1667
3621
2878
-36
-2232
-1001
2738
4119
1421
-1321
-1080
969
2138
1875
1891
2518
3267
3927
4584
4843
3180
-124
-1927
-406
2701
3745
1378
-2230
-4236
-3298
-925
196
-330
-875
-712
-780
-1330
-1491
-1310
-1367
-1557
-1501
-1340
-1377
-1477
-1750
-1849
-1038
213
452
-891
-2340
-2255
-942
719
1542
874
-200
-510
150
794
1009
1421
1986
2376
2387
1963
1544
1464
1740
2052
2020
1781
1396
963
1291
2319
3122
2966
1954
1145
751
637
804
910
1312
1837
1829
1263
459
-96
-637
-1470
-1748
-1036
-59
244
-506
-1669
-2528
-2904
-2908
-2626
-2220
-2057
-2302
-3039
-3638
-3618
-3275
-2926
-3054
-3444
-3590
-3295
-3014
-3309
-4410
-5356
-3024
2850
7224
5310
-1627
-5701
-2823
2883
6095
4485
-315
-3928
-2814
1904
4560
2281
-604
-109
1877
2341
1797
2131
2899
2879
3228
4888
6454
5383
1421
-1610
-531
2981
4550
1901
-2459
-4721
-3311
144
1681
-68
-2540
-3317
-2874
-2631
-2110
-1154
-1217
-2175
-2400
-1649
-1100
-1295
-1522
-1228
-376
556
370
-1383
-2997
-2809
-1347
-28
454
-82
-891
-788
526
2005
2548
2707
2676
2115
1440
1259
1739
2412
3179
3938
4112
3838
3049
1781
994
1275
2502
3325
3248
2909
2222
1427
1318
2010
2804
2590
1488
332
-269
10
417
251
-409
-1166
-1683
-2205
-2491
-2304
-2055
-1801
-1819
-2505
-3696
-4781
-4913
-4306
-3435
-2691
-2598
-2809
-3330
-3763
-3902
-4089
-4234
-4307
-4602
-4613
-4834
-4679
-1627
3226
5427
2094
-3269
-4166
-281
3664
4970
3356
114
-2267
-1055
2864
4489
2226
110
1067
3068
3358
2852
3532
4348
4092
3549
4042
4771
3309
480
-570
1398
3827
3495
478
-2559
-3452
-1801
139
195
-1474
-2731
-2613
-2444
-2608
-2331
-1684
-1564
-2032
-2360
-2344
-2266
-1913
-1468
-1137
-870
-1006
-1553
-2303
-2221
-1060
-153
103
-6
-158
209
747
1296
1775
1889
2116
2219
2206
2588
2918
3190
3619
4274
4658
4056
3161
2857
3163
3934
4532
4521
3733
2571
1900
1751
2028
2566
2633
1777
444
-398
-155
440
727
507
-200
-1059
-2007
-2749
-2868
-2602
-2342
-2634
-3512
-4343
-4669
-4353
-3921
-3930
-4548
-5367
-5443
-5293
-5036
-4549
-4158
-3611
-3221
-2903
-2973
-3411
-4240
-4519
-4581
-3443
276
4229
4523
219
-3675
-2547
2106
5081
4498
1413
-1493
-1451
2769
7520
7754
3351
33
1017
3507
4649
4407
4298
3433
2056
1855
3284
4235
2936
627
2
1121
1994
974
-1608
-3330
-2834
-540
888
-344
-2880
-4198
-3786
-2767
-2344
-2477
-2985
-3710
-3503
-2535
-1803
-1934
-2576
-2797
-2146
-950
-104
-462
-1569
-1841
-863
481
1380
1695
1586
1250
1087
1466
2009
2360
2738
3322
4193
4888
4936
4776
4809
5107
5263
4948
4617
4101
3603
3511
3680
3767
3153
2318
1880
1729
1946
2121
1791
1239
618
279
-26
-564
-1046
-1623
-2108
-2310
-2523
-2855
-3305
-3727
-4108
-4597
-4921
-4881
-4588
-4274
-4183
-4360
-4557
-4716
-4729
-4819
-4604
-4018
-3570
-3501
-3584
-3315
-3051
-2818
-2611
-2607
-2943
-3445
-3324
-1014
2856
5117
3320
-504
-1263
2361
5860
5923
3594
715
-449
1170
4977
6903
4159
552
307
2350
3505
3193
3071
2916
1844
1429
2385
3476
2577
267
-928
-81
1348
1277
-861
-3276
-4120
-2924
-1126
-653
-1416
-2439
-2973
-3094
-2943
-2295
-1925
-2285
-2707
-2532
-1913
-1756
-1934
-1820
-1278
-352
152
-197
-1066
-1455
-579
803
1809
2090
1600
1425
2085
3219
4071
3957
3687
3637
3533
3627
3867
4313
4720
4455
3679
2855
2512
2941
3382
3434
2928
2141
1662
1653
2047
2299
1922
1009
-73
-702
-758
-804
-952
-1304
-1655
-2235
-3165
-3836
-4067
-3813
-3465
-3456
-3546
-3761
-4011
-4185
-4347
-4121
-3833
-3908
-4177
-4265
-3559
-2791
-2952
-3757
-4278
-3836
-2776
-1931
-1461
-1158
-1385
-1938
-2599
-2558
-2292
-1286
1450
4341
4329
880
-1513
600
4739
5894
4138
1665
256
661
3265
6424
5873
1824
-374
1616
4167
4100
2834
2636
1961
748
915
2542
2921
665
-1336
-879
956
1934
992
-939
-2072
-1531
7
232
-1088
-2270
-2252
-1609
-1647
-1942
-1995
-2339
-3098
-3642
-3330
-2325
-1585
-1065
-869
-902
-792
-647
-288
243
1054
1917
2023
1452
895
910
1839
2961
3445
2938
1859
1605
2370
3181
3428
3148
3015
3216
3344
3426
3422
3365
3148
2913
2973
2995
2615
1892
1383
1330
1228
735
122
-260
-360
-563
-1033
-1671
-2221
-2532
-2578
-2244
-1982
-2394
-3319
-3974
-3613
-2675
-2272
-2754
-3673
-4222
-4125
-3718
-3321
-3104
-2997
-3002
-3013
-3076
-3368
-3480
-3348
-2793
-2163
-1956
-2061
-2265
-2280
-1974
-1495
-1356
-1717
-1325
1251
4055
3497
-38
-1737
1281
5521
6186
3899
1357
266
1251
4092
6399
4524
150
-1069
1590
3607
2658
1592
2241
2262
1234
1397
2831
2873
878
-307
858
2413
2262
400
-1605
-2070
-827
453
-209
-2526
-4004
-3565
-2368
-1680
-1688
-2168
-3326
-4276
-3775
-2197
-1049
-1129
-1514
-1500
-1081
-602
-204
-20
-140
-44
388
726
798
935
1603
2255
2251
1869
1574
1744
2270
3139
3935
4090
3531
3190
3591
4159
4113
3320
2497
2314
2862
3594
3761
3099
2012
958
286
45
373
702
323
-685
-1647
-2002
-1937
-1960
-2052
-2132
-2281
-2508
-2847
-3015
-3017
-2929
-2862
-3206
-4005
-4582
-4485
-3907
-3617
-4049
-4581
-4792
-4465
-3681
-3127
-2952
-3015
-2966
-2416
-1765
-1371
-1315
-1421
-1299
-900
-643
-551
-627
-713
-844
-153
2053
4146
3523
471
-907
1544
5160
5771
3754
1701
913
1797
3963
5803
4340
601
-400
2384
4497
3005
540
385
1145
1099
1392
2180
1859
-159
-1305
-22
1603
1269
-703
-2495
-2696
-1486
-180
-234
-1809
-2930
-2542
-1595
-1470
-2253
-2961
-3173
-2842
-1802
-849
-799
-1342
-1419
-538
251
420
205
204
578
1125
1619
1817
1777
1757
1909
2225
2625
2925
3080
3004
3133
3644
4234
4378
3914
3546
3565
3609
3374
2965
2703
2380
1920
1573
1363
1046
597
428
693
913
613
12
-450
-651
-849
-1135
-1358
-1471
-1669
-2107
-2646
-3094
-3376
-3557
-3670
-3667
-3688
-3814
-3926
-3964
-3886
-3704
-3519
-3225
-2823
-2491
-2325
-2281
-2298
-2283
-2145
-1801
-1476
-1577
-1984
-2110
-1588
-842
-376
-627
-1089
-1212
-829
-154
790
2557
3942
3461
1254
287
2132
4429
4359
2382
938
836
1693
3092
4142
2780
-112
-1029
1198
3145
2124
285
210
850
548
448
1403
1927
547
-949
-717
142
-98
-1298
-1989
-1815
-1486
-1505
-2080
-2872
-2904
-2026
-1137
-1250
-1939
-2174
-1944
-1624
-1269
-911
-896
-1329
-1599
-1154
-377
247
697
1110
1270
944
699
1219
2365
3220
3259
2812
2487
2527
2787
3139
3419
3500
3351
3101
3041
3345
3796
3866
3376
2787
2437
2317
2178
2073
2131
1979
1320
424
-50
24
52
-321
-822
-1273
-1559
-1718
-1622
-1484
-1793
-2443
-3000
-3065
-2751
-2451
-2379
-2505
-2744
-3032
-3341
-3487
-3250
-2784
-2575
-2744
-2921
-2737
-2359
-2152
-2154
-2117
-1952
-1547
-949
-340
-16
-125
-336
-373
-339
-430
-415
-338
-367
-411
-439
275
1734
2816
2499
738
-205
1097
3286
3975
2441
464
-336
545
2350
3421
2400
-47
-1172
-22
1094
394
-695
-490
219
-186
-806
-477
-121
-771
-1480
-959
5
-188
-1258
-1708
-1128
-350
-380
-1174
-2088
-2364
-1749
-994
-867
-1420
-1897
-1780
-1335
-768
-281
-104
-315
-519
-57
901
1548
1511
1179
1032
1207
1575
2145
2620
2514
2171
2271
2822
3043
2603
2362
2793
3282
3183
2769
2632
2692
2567
2409
2510
2605
2266
1536
1018
1069
1264
1077
507
-12
-53
32
-65
-235
-394
-596
-1062
-1516
-1543
-1375
-1455
-1840
-2170
-2316
-2481
-2634
-2571
-2375
-2409
-2698
-2893
-2643
-2138
-1755
-1704
-2020
-2314
-2436
-2259
-1977
-1714
-1355
-1202
-1344
-1625
-1589
-1045
-352
-196
-607
-1101
-1250
-913
-476
-303
-447
-880
-1258
-1217
-596
668
1689
1422
12
-870
-124
1579
2481
1875
720
-145
31
1211
2315
1903
5
-1267
-702
301
233
-350
-222
235
102
-38
419
888
546
-32
305
1223
1493
800
55
31
547
791
481
-224
-891
-1076
-898
-688
-752
-1037
-1114
-927
-618
-404
-319
-75
406
955
1334
1441
1211
838
699
1088
1722
1879
1526
1225
1350
1602
1675
1700
1798
1749
1621
1748
2181
2482
2381
2227
2376
2648
2587
2186
1812
1754
1766
1548
1134
750
487
307
180
90
-83
-422
-771
-916
-880
-868
-935
-954
-935
-1116
-1508
-1755
-1682
-1476
-1394
-1474
-1666
-2080
-2595
-2817
-2575
-2212
-2189
-2556
-2896
-2871
-2492
-2019
-1799
-1859
-2003
-1897
-1524
-1225
-1193
-1300
-1292
-1086
-838
-736
-826
-1047
-1204
-1210
-1162
-1169
-1169
-820
99
1081
1316
595
-205
-8
1065
2065
2185
1504
675
445
1113
2038
2133
1111
90
107
814
1214
1142
932
826
756
1012
1617
1939
1478
673
471
1050
1646
1481
666
-29
-132
52
187
108
-199
-670
-1118
-1172
-875
-677
-803
-1040
-1039
-806
-652
-642
-537
-203
329
814
963
662
269
324
856
1328
1336
1069
921
991
1196
1464
1691
1661
1540
1730
2338
2845
2676
2108
1799
2024
2359
2408
2077
1565
1117
926
989
1002
748
357
85
15
56
85
48
-224
-657
-892
-853
-831
-1161
-1652
-1936
-1987
-2003
-2135
-2357
-2566
-2692
-2745
-2851
-3027
-3112
-3044
-2925
-2862
-2790
-2608
-2319
-1991
-1722
-1577
-1542
-1535
-1443
-1302
-1203
-1138
-1072
-971
-871
-744
-558
-366
-281
-436
-625
-691
-551
-320
-157
122
595
1252
1733
1708
1423
1199
1267
1547
1785
1763
1335
751
676
1141
1503
1269
724
467
553
720
925
1116
1078
779
483
579
891
1059
972
717
567
538
517
358
87
-23
26
18
-101
-282
-466
-638
-674
-462
-265
-358
-571
-656
-574
-434
-337
-129
92
269
465
639
816
868
812
776
834
1053
1328
1497
1505
1410
1328
1272
1257
1360
1535
1681
1643
1497
1378
1370
1422
1444
1394
1212
898
576
507
613
563
154
-339
-542
-462
-377
-421
-561
-739
-893
-1003
-1105
-1291
-1483
-1555
-1492
-1479
-1513
-1535
-1627
-1768
-1926
-1925
-1829
-1814
-1873
-1947
-1961
-1829
-1626
-1535
-1630
-1768
-1624
-1245
-963
-959
-1091
-1091
-929
-735
-540
-451
-407
-246
-31
106
-110
-445
-448
-215
20
-9
-153
-198
-390
-476
-241
283
684
546
203
100
292
613
772
648
352
73
216
699
1036
949
569
246
151
203
595
1146
1218
715
204
375
868
1046
1014
907
708
505
573
941
989
531
148
150
387
546
507
395
152
-169
-264
-163
-2
-29
-301
-426
-327
-181
-114
-86
113
316
199
-34
-92
101
355
455
576
707
729
731
745
829
866
790
803
952
1146
1239
1135
963
888
873
908
947
881
730
506
400
389
287
202
232
350
374
247
127
61
0
25
86
65
-141
-395
-512
-635
-823
-982
-1028
-1099
-1328
-1577
-1655
-1669
-1720
-1725
-1609
-1477
-1463
-1402
-1192
-941
-784
-686
-629
-649
-765
-795
-611
-443
-462
-671
-778
-722
-688
-724
-751
-637
-444
-317
-249
-238
-250
-208
-102
49
79
110
308
635
772
507
88
-232
-208
120
506
634
398
195
241
299
191
50
99
260
404
757
1200
1237
846
646
966
1300
1262
1145
1162
1130
1010
1017
1166
1081
738
575
587
557
400
339
487
535
409
174
-110
-315
-363
-228
-71
-141
-339
-429
-261
49
204
160
25
-97
-93
61
293
404
295
126
139
326
476
472
351
290
442
724
931
884
694
563
561
632
625
501
393
491
709
774
528
222
141
233
334
362
322
230
73
42
166
211
77
-200
-403
-540
-647
-604
-486
-486
-734
-1053
-1209
-1258
-1303
-1359
-1362
-1305
-1289
-1318
-1226
-1041
-879
-872
-1007
-1030
-896
-719
-627
-704
-902
-1036
-1009
-877
-854
-985
-1046
-972
-844
-821
-990
-1210
-1392
-1484
-1416
-1333
-1207
-987
-710
-396
-257
-328
-448
-521
-391
-109
137
250
157
87
196
313
332
219
104
164
422
842
1097
970
786
857
1170
1382
1371
1373
1381
1327
1321
1371
1310
1076
859
877
902
754
590
543
580
540
388
179
-53
-255
-275
-199
-226
-452
-754
-789
-547
-299
-273
-466
-590
-514
-357
-218
-181
-186
-107
114
413
493
218
-107
-103
205
533
696
718
661
556
586
711
753
671
649
839
1007
973
839
778
838
942
991
936
753
563
501
548
622
581
407
197
48
58
143
102
-111
-381
-519
-526
-580
-766
-966
-1009
-936
-902
-1006
-1105
-1104
-1095
-1151
-1305
-1402
-1360
-1277
-1202
-1152
-1145
-1143
-1173
-1148
-1015
-921
-916
-979
-979
-845
-742
-734
-766
-823
-802
-779
-764
-712
-716
-635
-400
-68
200
258
223
268
394
621
887
1004
1011
1075
1314
1525
1433
1177
1013
1045
1297
1566
1660
1487
1271
1396
1691
1802
1637
1420
1334
1327
1383
1477
1423
1098
742
580
591
499
200
-93
-295
-389
-471
-629
-881
-1173
-1323
-1314
-1298
-1372
-1435
-1378
-1199
-1053
-991
-967
-948
-891
-762
-568
-386
-320
-279
-103
115
214
138
102
284
614
935
1044
956
834
879
1170
1534
1696
1603
1471
1481
1595
1667
1677
1682
1696
1670
1589
1493
1399
1303
1226
1124
954
746
536
337
88
-191
-385
-468
-564
-762
-1014
-1191
-1277
-1377
-1511
-1657
-1755
-1779
-1802
-1831
-1885
-1915
-1878
-1833
-1798
-1818
-1854
-1841
-1813
-1727
-1636
-1560
-1475
-1429
-1354
-1269
-1157
-980
-850
-795
-820
-823
-666
-455
-304
-255
-308
-197
101
536
916
1056
1123
1141
1145
1246
1449
1671
1676
1511
1589
1874
1974
1674
1231
960
829
797
928
1031
861
519
318
361
371
293
255
145
-103
-331
-354
-285
-369
-558
-725
-973
-1317
-1623
-1732
-1700
-1757
-1903
-2044
-2215
-2367
-2392
-2235
-2010
-1930
-1883
-1633
-1271
-943
-738
-512
-232
-87
31
221
469
639
748
977
1246
1326
1297
1393
1656
1902
2025
2120
2239
2354
2449
2596
2677
2618
2436
2276
2251
2212
2085
1931
1817
1695
1448
1160
999
912
841
712
532
329
42
-216
-356
-495
-709
-992
-1211
-1288
-1358
-1453
-1612
-1835
-2001
-2083
-2016
-1882
-1883
-1932
-1927
-1830
-1665
-1543
-1440
-1335
-1290
-1190
-984
-789
-613
-503
-341
-201
-199
-155
-43
175
386
465
540
534
511
561
643
773
696
452
303
386
770
1121
1236
1085
785
582
584
764
877
758
419
201
249
359
282
-63
-451
-725
-785
-568
-352
-404
-697
-861
-711
-600
-643
-668
-659
-718
-819
-814
-766
-856
-963
-875
-749
-766
-935
-1042
-972
-914
-879
-839
-825
-832
-830
-705
-506
-396
-361
-265
-47
215
371
514
670
780
863
943
1105
1314
1483
1595
1637
1563
1465
1438
1572
1811
1978
2011
1920
1821
1801
1810
1813
1760
1649
1530
1398
1266
1147
1061
997
909
728
453
198
76
115
163
63
-154
-362
-427
-361
-289
-387
-666
-901
-955
-872
-769
-767
-863
-978
-1055
-1036
-945
-864
-804
-757
-709
-657
-604
-520
-409
-305
-228
-197
-195
-172
-104
-19
24
-56
-138
-144
-4
142
117
-7
-179
-178
-126
-130
-223
-471
-657
-781
-813
-758
-703
-569
-530
-564
-661
-745
-787
-793
-670
-602
-635
-787
-815
-729
-742
-862
-1047
-1148
-1226
-1158
-901
-724
-720
-798
-678
-441
-323
-266
-216
-190
-233
-199
-70
-20
-80
-82
73
167
94
-3
-17
47
116
163
183
138
145
238
376
450
391
384
483
624
744
801
859
912
962
1064
1212
1333
1333
1236
1187
1193
1208
1229
1227
1227
1210
1199
1250
1275
1232
1130
1046
1013
947
866
833
790
726
612
560
595
618
640
596
496
387
347
441
522
480
329
178
98
31
-77
-148
-159
-196
-266
-365
-421
-434
-394
-296
-275
-303
-374
-385
-303
-262
-295
-400
-441
-417
-413
-430
-484
-528
-543
-568
-553
-569
-636
-734
-775
-706
-650
-662
-782
-886
-965
-1028
-1073
-1230
-1425
-1688
-1843
-1759
-1537
-1253
-1135
-1089
-1127
-1204
-1157
-1037
-849
-801
-876
-895
-715
-413
-311
-411
-592
-679
-654
-497
-225
-77
-35
54
361
680
723
691
717
828
914
944
964
881
775
811
971
1020
892
763
733
727
641
538
457
396
370
341
342
287
212
239
295
311
180
11
17
156
328
421
404
338
271
306
442
528
499
386
330
426
567
695
777
783
758
724
750
777
749
712
704
715
708
730
810
918
970
946
887
844
859
940
1012
979
851
751
723
694
583
405
293
261
206
54
-144
-315
-384
-364
-318
-316
-378
-446
-539
-609
-651
-691
-736
-802
-889
-982
-1069
-1142
-1182
-1234
-1292
-1340
-1393
-1464
-1529
-1539
-1483
-1405
-1374
-1409
-1450
-1479
-1504
-1532
-1611
-1702
-1681
-1385
-973
-646
-610
-759
-857
-846
-577
-264
-129
-284
-430
-201
184
342
146
-104
-143
-6
290
600
678
546
505
728
907
868
740
684
587
415
305
241
165
116
172
222
92
-49
-32
63
32
-163
-368
-505
-509
-401
-275
-248
-365
-499
-507
-403
-347
-408
-478
-481
-385
-264
-155
-30
127
340
546
688
746
760
828
936
1065
1142
1218
1352
1457
1542
1548
1532
1501
1429
1408
1390
1391
1358
1376
1505
1569
1512
1340
1197
1171
1170
1113
923
701
565
539
566
479
274
29
-131
-207
-323
-478
-610
-687
-754
-822
-878
-904
-875
-878
-954
-1073
-1198
-1225
-1165
-1077
-1111
-1236
-1313
-1292
-1151
-1051
-1017
-1052
-1078
-1040
-941
-796
-737
-700
-633
-587
-540
-555
-593
-633
-767
-858
-860
-613
-176
154
218
3
-200
-230
-45
268
459
343
184
344
669
801
584
309
179
101
176
278
257
106
33
232
328
150
-15
41
139
51
-103
-166
-231
-267
-159
-76
-189
-391
-446
-317
-270
-414
-607
-762
-796
-747
-674
-651
-728
-783
-687
-487
-345
-359
-409
-317
-109
118
300
466
658
878
1091
1291
1424
1451
1405
1414
1463
1457
1480
1581
1723
1814
1814
1821
1825
1750
1649
1537
1444
1368
1300
1331
1305
1230
1156
991
908
823
735
671
551
488
349
229
164
46
-77
-242
-360
-458
-671
-839
-904
-999
-1136
-1280
-1351
-1331
-1306
-1261
-1187
-1123
-1137
-1209
-1143
-1016
-946
-869
-790
-677
-605
-573
-489
-403
-363
-396
-469
-477
-455
-348
-198
-176
-202
-293
-371
-379
-441
-555
-705
-714
-495
-125
162
119
-40
-181
-191
-42
23
-54
-307
-446
-242
-12
-71
-474
-761
-802
-806
-684
-536
-580
-751
-705
-432
-303
-446
-506
-347
-290
-372
-469
-517
-565
-597
-417
-260
-340
-491
-478
-314
-314
-433
-478
-467
-392
-310
-274
-297
-280
-137
95
291
286
212
270
460
658
776
856
997
1177
1389
1604
1709
1683
1633
1624
1615
1545
1390
1359
1483
1622
1635
1496
1317
1154
1038
1022
1007
898
779
711
747
824
767
609
434
266
198
137
104
35
-98
-150
-196
-172
-153
-215
-264
-345
-471
-632
-683
-636
-666
-774
-895
-905
-802
-636
-449
-366
-410
-488
-484
-373
-282
-279
-280
-213
-126
-53
27
49
-17
-94
-143
-181
-197
-226
-222
-185
-232
-300
-349
-375
-435
-584
-779
-997
-1101
-1060
-866
-557
-420
-522
-763
-930
-898
-836
-766
-818
-1015
-1115
-907
-544
-488
-729
-917
-890
-792
-663
-486
-462
-523
-432
-85
230
217
150
225
281
182
120
175
159
148
262
349
294
251
412
650
725
575
399
346
365
409
472
466
419
452
618
790
826
744
679
715
794
863
886
923
1027
1171
1305
1310
1225
1097
943
848
757
650
586
603
663
625
491
403
388
386
402
393
347
250
190
285
349
331
255
189
186
155
125
34
-133
-233
-244
-138
-42
-52
-58
-58
-10
16
-5
-83
-161
-119
-89
-72
-6
93
158
145
129
112
94
103
100
68
30
4
22
50
14
-24
-18
-20
-45
-136
-251
-403
-544
-626
-715
-793
-888
-995
-1032
-1071
-1187
-1379
-1580
-1731
-1754
-1543
-1223
-1000
-1047
-1237
-1374
-1394
-1236
-1093
-1102
-1236
-1333
-1073
-690
-596
-833
-1066
-995
-784
-511
-275
-259
-395
-338
61
409
441
399
566
732
764
788
772
681
622
756
955
944
856
934
1074
1063
861
682
634
647
660
677
644
526
505
645
774
739
593
469
434
422
366
313
356
458
526
567
566
470
359
253
148
60
-46
-93
-63
-34
-34
-57
-61
-90
-164
-223
-259
-274
-293
-253
-136
-33
37
115
174
197
221
194
174
122
87
116
152
214
229
278
360
388
401
369
354
386
441
473
416
449
515
572
649
647
608
539
458
372
308
231
162
128
88
15
-76
-137
-226
-330
-438
-563
-665
-773
-828
-861
-919
-994
-1117
-1248
-1377
-1529
-1647
-1758
-1826
-1767
-1639
-1461
-1325
-1299
-1342
-1375
-1316
-1194
-1097
-1072
-1080
-1068
-866
-588
-452
-450
-490
-373
-191
-44
44
38
63
238
529
765
848
872
968
1061
1056
1002
957
968
996
1098
1177
1078
959
936
971
918
738
536
397
338
304
273
206
130
118
190
283
258
139
76
83
61
23
-4
-8
45
116
145
119
75
7
-54
-97
-176
-224
-211
-107
10
32
-13
-42
-35
5
71
99
94
67
110
250
372
445
462
499
562
602
632
617
635
651
690
717
673
686
711
759
804
784
751
726
775
787
744
763
796
867
940
987
990
880
734
617
573
555
470
356
232
105
14
-19
-72
-210
-354
-470
-543
-648
-759
-855
-970
-1082
-1207
-1272
-1332
-1388
-1477
-1604
-1728
-1837
-1860
-1903
-1983
-2044
-2085
-2009
-1865
-1744
-1676
-1736
-1747
-1640
-1448
-1256
-1153
-1121
-1150
-1026
-807
-641
-572
-592
-498
-290
-77
114
247
389
548
709
846
877
933
1092
1256
1344
1329
1271
1258
1274
1245
1211
1161
1096
1051
1056
1058
966
883
769
666
640
616
563
453
378
336
266
174
19
-134
-216
-296
-350
-397
-443
-484
-552
-608
-652
-687
-699
-715
-698
-643
-629
-622
-575
-513
-457
-401
-339
-253
-149
-13
85
110
105
149
302
479
641
738
788
816
855
966
1075
1141
1172
1187
1202
1247
1309
1335
1349
1368
1442
1489
1497
1503
1476
1434
1375
1335
1271
1156
1094
1030
908
753
566
429
243
78
-4
-68
-131
-278
-446
-606
-711
-727
-738
-818
-984
-1148
-1199
-1186
-1234
-1361
-1486
-1588
-1644
-1647
-1655
-1687
-1744
-1757
-1737
-1705
-1677
-1705
-1740
-1746
-1710
-1648
-1579
-1471
-1404
-1316
-1184
-1061
-930
-845
-756
-658
-562
-408
-269
-125
-22
50
179
300
450
549
610
716
777
846
900
965
1052
1123
1229
1289
1278
1228
1208
1193
1194
1212
1190
1122
992
957
1012
1062
1061
991
899
772
662
548
414
285
175
88
-12
-127
-219
-326
-421
-476
-579
-662
-719
-742
-696
-658
-648
-642
-582
-491
-406
-323
-306
-295
-242
-186
-147
-90
49
207
306
366
411
423
434
499
585
663
727
825
949
1035
1111
1161
1204
1255
1291
1326
1310
1286
1274
1266
1271
1242
1145
986
836
751
678
563
446
345
228
113
6
-95
-214
-359
-471
-558
-637
-725
-814
-895
-971
-1046
-1107
-1152
-1192
-1195
-1176
-1156
-1138
-1122
-1147
-1211
-1234
-1183
-1089
-991
-924
-889
-868
-845
-816
-753
-644
-535
-439
-358
-257
-193
-128
-78
-43
-27
-11
86
177
254
276
264
253
215
228
230
238
257
249
318
317
281
261
186
95
19
31
83
111
102
42
-47
-121
-132
-74
-38
-95
-201
-251
-247
-241
-271
-329
-398
-453
-481
-490
-504
-547
-590
-602
-593
-596
-621
-640
-634
-615
-582
-543
-515
-487
-447
-377
-309
-230
-160
-83
60
180
270
336
388
468
577
679
737
754
765
835
929
991
996
997
1060
1156
1229
1251
1260
1272
1280
1310
1318
1301
1285
1259
1238
1175
1079
988
880
771
661
562
476
392
330
248
114
-44
-159
-222
-290
-351
-422
-486
-540
-641
-723
-768
-806
-827
-860
-883
-857
-843
-852
-833
-827
-828
-829
-795
-722
-679
-666
-643
-601
-553
-493
-442
-384
-320
-259
-194
-137
-113
-130
-155
-148
-109
-52
8
46
81
99
107
103
64
23
5
12
17
24
20
20
13
-9
-25
-36
-61
-94
-119
-143
-184
-196
-175
-175
-190
-210
-224
-230
-235
-251
-280
-313
-328
-344
-353
-377
-396
-387
-361
-294
-261
-241
-237
-231
-199
-186
-155
-108
-50
36
109
171
211
217
241
284
328
371
429
492
538
543
542
568
623
665
697
709
649
592
562
557
585
562
525
520
522
535
548
558
541
492
459
445
449
451
426
399
368
329
271
201
138
72
28
-27
-67
-90
-125
-144
-169
-180
-179
-187
-194
-167
-133
-117
-78
-37
-29
-24
6
51
68
73
72
68
109
158
197
192
175
166
171
207
234
231
240
232
217
236
231
247
286
315
309
277
223
171
148
123
39
-55
-114
-146
-145
-151
-214
-309
-385
-434
-451
-490
-553
-584
-607
-639
-668
-741
-825
-860
-844
-817
-841
-881
-898
-875
-850
-859
-884
-905
-884
-824
-755
-717
-688
-659
-645
-590
-535
-487
-427
-342
-249
-171
-135
-132
-108
-73
-8
73
145
175
194
263
361
448
481
488
524
577
611
621
636
643
661
712
757
782
778
754
731
728
709
679
652
626
607
611
636
653
639
593
530
464
419
374
344
336
294
237
176
94
-2
-78
-100
-127
-154
-177
-221
-249
-267
-300
-353
-406
-461
-523
-560
-602
-623
-632
-665
-690
-719
-713
-683
-624
-585
-579
-580
-558
-493
-435
-403
-393
-383
-382
-355
-299
-270
-241
-204
-142
-65
-23
-16
-7
39
108
171
223
243
266
331
363
357
342
336
354
371
367
354
331
298
277
252
217
203
215
213
199
176
152
123
77
23
-20
-57
-75
-101
-124
-139
-159
-177
-197
-194
-214
-265
-297
-306
-300
-244
-144
-56
-35
-67
-110
-134
-143
-129
-101
-99
-96
-59
-13
11
-10
-53
-61
-49
13
88
127
154
186
216
240
240
239
246
261
262
246
221
196
194
202
220
213
208
251
324
384
395
368
332
313
340
367
363
362
360
379
421
420
380
322
287
291
297
316
352
399
413
409
410
394
359
334
331
297
233
201
200
162
95
47
15
-29
-55
-64
-71
-109
-160
-202
-271
-355
-436
-489
-503
-494
-494
-506
-512
-507
-496
-490
-491
-485
-480
-459
-406
-345
-309
-282
-226
-162
-129
-101
-87
-90
-80
-59
-35
1
40
95
155
187
202
189
173
158
166
191
213
235
255
276
292
294
275
247
235
204
180
147
94
33
-33
-103
-170
-215
-256
-288
-343
-408
-481
-546
-578
-585
-565
-561
-582
-614
-619
-600
-575
-552
-561
-554
-522
-461
-399
-351
-302
-289
-238
-150
-82
-7
77
163
240
297
316
331
365
408
482
551
572
573
579
612
645
698
754
792
793
750
700
657
651
662
680
660
602
523
422
326
226
128
46
-15
-69
-142
-218
-285
-341
-422
-507
-571
-631
-673
-704
-736
-766
-817
-867
-871
-876
-880
-883
-870
-854
-855
-844
-828
-793
-740
-684
-626
-588
-568
-531
-474
-385
-289
-214
-159
-123
-83
-26
57
146
232
302
350
399
462
529
594
629
647
646
653
692
719
726
701
644
607
584
552
523
473
445
429
408
377
336
298
266
259
248
210
155
97
47
5
-55
-102
-144
-187
-240
-298
-365
-437
-477
-517
-535
-556
-583
-582
-564
-558
-541
-510
-497
-492
-492
-474
-437
-382
-307
-263
-234
-214
-186
-128
-69
-24
5
35
92
149
206
254
315
400
444
488
515
544
598
655
727
755
775
782
777
793
786
772
747
718
696
678
658
633
615
615
611
567
509
440
364
308
270
222
182
151
98
52
-2
-49
-92
-140
-174
-214
-260
-291
-309
-301
-288
-285
-311
-335
-365
-392
-366
-344
-322
-300
-301
-312
-306
-276
-262
-262
-267
-252
-222
-193
-160
-154
-163
-160
-134
-88
-52
-32
-30
-34
-27
-22
-38
-64
-77
-68
-44
-26
-39
-71
-130
-169
-180
-202
-225
-243
-249
-243
-227
-212
-214
-241
-268
-274
-266
-262
-262
-260
-276
-283
-290
-295
-302
-316
-302
-289
-269
-259
-246
-207
-172
-157
-139
-106
-84
-67
-58
-48
-48
-43
8
63
99
129
155
180
217
262
323
355
351
364
382
398
418
431
429
415
401
394
405
411
410
407
381
374
356
320
300
281
264
250
249
241
211
170
110
64
39
42
48
15
-27
-57
-68
-83
-119
-157
-183
-198
-196
-206
-238
-275
-310
-322
-337
-358
-384
-412
-416
-396
-360
-341
-334
-319
-311
-299
-281
-251
-229
-214
-197
-199
-200
-192
-189
-178
-158
-123
-99
-85
-64
-58
-64
-67
-64
-61
-50
-37
-25
-12
-15
-28
-46
-52
-48
-46
-60
-65
-67
-77
-66
-69
-87
-88
-78
-63
-53
-67
-80
-93
-106
-104
-103
-97
-108
-100
-87
-90
-103
-97
-74
-50
-22
-6
9
3
13
33
39
34
20
24
38
61
85
109
114
118
129
138
144
151
172
189
198
190
185
186
192
209
219
244
275
290
284
246
213
223
236
234
218
196
175
185
217
215
195
181
205
234
250
268
269
268
273
264
232
197
174
178
200
208
198
179
169
173
168
155
150
164
191
196
191
178
163
177
195
209
207
209
223
225
217
184
133
103
80
58
41
21
-2
-28
-46
-57
-49
-43
-51
-71
-101
-132
-161
-183
-206
-231
-255
-282
-289
-285
-284
-277
-263
-251
-225
-186
-181
-177
-166
-171
-178
-203
-216
-223
-239
-243
-233
-231
-239
-241
-245
-243
-242
-240
-221
-221
-218
-193
-172
-160
-164
-152
-133
-106
-81
-66
-53
-46
-34
-10
7
-1
-7
-20
-10
5
28
54
64
67
55
46
41
46
61
54
49
46
59
80
86
91
88
95
107
113
112
99
85
79
82
74
58
44
24
6
-1
-3
-5
-15
-21
-18
-8
17
29
40
25
19
45
66
86
79
53
36
29
32
42
35
29
22
21
15
5
-24
-61
-78
-75
-52
-35
-25
-13
11
32
28
2
-7
-5
2
-1
-17
-18
-11
-1
12
12
-3
-26
-41
-49
-56
-65
-76
-82
-85
-84
-94
-92
-87
-73
-61
-51
-46
-51
-45
-47
-59
-75
-94
-104
-97
-88
-88
-108
-130
-140
-143
-141
-145
-148
-141
-122
-99
-86
-88
-98
-104
-98
-84
-69
-77
-81
-80
-82
-71
-50
-31
-43
-52
-54
-62
-57
-40
-19
-11
1
18
39
42
42
39
26
27
28
34
28
31
29
2
-24
-32
-19
-1
11
19
38
49
53
40
21
6
2
1
-13
-8
-5
-25
-53
-71
-70
-65
-60
-56
-51
-34
-10
18
39
52
62
78
91
111
119
120
141
166
188
195
186
184
195
200
206
217
224
231
249
273
302
326
339
352
364
391
403
391
370
362
357
351
336
334
347
355
349
320
279
255
248
232
221
187
131
75
43
21
-8
-50
-97
-131
-150
-157
-150
-160
-176
-193
-221
-242
-264
-283
-298
-311
-324
-334
-346
-364
-382
-396
-399
-386
-381
-383
-393
-398
-390
-369
-341
-315
-290
-259
-209
-155
-104
-72
-54
-42
-21
5
20
30
36
49
63
73
65
56
48
61
85
105
124
124
119
114
129
135
126
116
100
95
95
96
83
59
35
7
-16
-31
-53
-96
-134
-149
-146
-142
-147
-171
-198
-209
-210
-198
-200
-202
-188
-170
-149
-125
-114
-108
-105
-93
-66
-26
14
45
71
85
104
138
173
197
210
225
240
250
270
281
282
279
276
278
271
284
311
333
346
360
362
353
351
340
326
333
338
322
293
260
230
197
151
97
45
-2
-34
-68
-117
-162
-181
-210
-247
-277
-301
-313
-309
-290
-278
-291
-300
-305
-317
-327
-335
-334
-330
-329
-333
-332
-317
-301
-292
-276
-261
-249
-230
-215
-185
-147
-96
-45
-1
21
34
63
101
135
172
206
226
245
259
276
270
256
253
248
247
238
225
210
186
164
145
119
85
60
53
43
25
0
-40
-70
-85
-100
-119
-149
-181
-189
-187
-186
-199
-232
-274
-316
-347
-377
-394
-412
-424
-419
-418
-408
-406
-407
-407
-389
-362
-330
-302
-268
-228
-185
-134
-90
-42
0
50
92
129
173
202
229
261
293
321
347
365
386
402
429
469
506
531
532
532
528
516
526
544
565
569
562
543
518
502
473
443
404
369
339
309
274
223
173
111
53
1
-52
-101
-136
-146
-154
-181
-205
-216
-231
-236
-244
-255
-262
-265
-263
-260
-265
-294
-316
-332
-341
-338
-333
-327
-317
-310
-309
-297
-292
-286
-264
-238
-192
-145
-110
-84
-62
-38
-8
29
44
45
57
80
114
132
139
141
134
132
143
141
123
114
104
92
78
68
48
29
19
13
19
18
22
22
11
0
-7
-14
-23
-36
-56
-76
-94
-100
-110
-134
-158
-183
-197
-208
-222
-255
-270
-259
-245
-216
-201
-202
-200
-192
-160
-118
-90
-85
-89
-91
-89
-79
-65
-63
-62
-54
-51
-49
-41
-34
-23
-8
-4
-4
9
40
72
92
89
86
95
118
140
156
158
156
165
179
189
190
185
173
163
163
172
187
191
187
177
168
159
133
115
113
113
104
80
65
55
47
47
39
32
44
58
67
67
54
36
13
-4
-20
-32
-43
-58
-72
-90
-107
-114
-132
-146
-155
-154
-133
-120
-113
-108
-94
-91
-99
-102
-115
-106
-87
-69
-51
-46
-51
-47
-32
-18
-8
1
14
28
41
38
35
25
24
44
55
56
49
58
79
90
104
103
97
91
77
83
80
68
57
43
38
34
29
12
-9
-23
-36
-47
-54
-75
-100
-116
-125
-138
-152
-160
-174
-182
-177
-180
-188
-179
-170
-167
-150
-138
-138
-129
-117
-99
-81
-70
-71
-64
-40
-11
14
30
47
68
96
124
158
176
194
210
221
230
247
279
305
329
342
352
358
363
365
365
364
360
358
357
366
363
347
329
310
303
292
271
251
223
207
201
175
140
119
104
88
69
53
49
43
36
2
-42
-75
-109
-111
-117
-148
-177
-203
-231
-251
-262
-280
-302
-320
-331
-324
-306
-290
-283
-282
-281
-259
-235
-208
-193
-191
-170
-146
-133
-115
-93
-68
-45
-22
-14
-4
10
28
35
27
23
30
55
68
80
87
79
86
91
109
122
115
108
96
94
76
46
26
19
15
18
-1
-37
-58
-73
-73
-82
-94
-111
-127
-136
-148
-152
-165
-182
-197
-212
-225
-241
-240
-237
-226
-222
-223
-214
-214
-213
-204
-198
-189
-173
-168
-162
-154
-132
-120
-126
-128
-117
-83
-53
-35
-27
-8
14
40
64
78
102
128
144
159
174
176
179
185
187
192
187
182
179
180
192
202
198
175
160
160
176
180
167
148
128
122
120
107
91
72
61
54
50
36
6
-7
-15
-17
-13
-20
-28
-40
-52
-64
-65
-52
-52
-51
-48
-34
-24
-24
-27
-28
-25
-36
-52
-59
-49
-33
-26
-32
-37
-36
-24
-7
3
10
18
28
32
32
35
36
29
25
20
17
22
23
29
32
24
17
8
7
12
7
1
4
-3
-7
-19
-30
-33
-43
-58
-74
-81
-94
-114
-135
-138
-140
-146
-145
-151
-148
-150
-136
-118
-114
-110
-116
-109
-97
-74
-49
-41
-40
-31
-13
15
35
41
52
65
87
108
113
120
135
157
174
181
180
189
208
228
230
234
233
230
244
245
251
249
232
224
213
207
187
170
162
150
137
119
95
74
52
31
27
12
-8
-33
-61
-68
-82
-96
-115
-132
-134
-142
-142
-136
-142
-145
-142
-146
-151
-159
-159
-150
-149
-149
-155
-152
-146
-132
-119
-110
-96
-82
-60
-39
-21
-11
4
19
25
34
34
41
58
73
85
85
88
95
103
112
115
116
112
107
109
113
110
103
90
73
65
65
59
50
44
33
16
6
-3
-16
-30
-45
-62
-71
-81
-88
-99
-113
-122
-128
-134
-149
-165
-168
-166
-170
-176
-184
-184
-175
-167
-160
-162
-160
-150
-141
-132
-126
-120
-107
-89
-70
-54
-41
-31
-17
-5
7
13
16
29
44
58
76
97
111
115
122
128
129
134
138
143
148
145
145
155
164
160
149
141
136
134
128
118
110
96
86
82
74
55
35
17
2
-10
-15
-24
-35
-45
-52
-55
-66
-79
-97
-114
-115
-118
-122
-121
-117
-111
-102
-97
-95
-96
-91
-79
-65
-50
-38
-25
-9
-2
18
35
45
54
64
75
87
99
105
115
119
121
123
122
126
124
122
118
113
111
103
96
90
89
93
91
85
77
78
69
50
35
22
12
-3
-19
-23
-31
-42
-57
-66
-68
-75
-84
-95
-100
-107
-111
-116
-130
-136
-138
-134
-131
-130
-126
-119
-117
-122
-121
-115
-107
-104
-96
-82
-65
-40
-28
-19
-12
-11
-3
5
13
16
21
39
56
70
79
90
95
105
121
128
141
142
145
149
150
149
140
139
143
144
141
131
122
113
104
100
96
92
82
71
67
56
45
34
20
5
-9
-18
-26
-35
-43
-53
-64
-76
-81
-84
-86
-90
-94
-92
-91
-92
-99
-112
-115
-111
-112
-115
-117
-116
-113
-108
-101
-94
-87
-83
-80
-72
-65
-61
-62
-64
-65
-66
-58
-47
-38
-32
-24
-11
0
3
5
4
6
12
19
27
36
47
51
59
68
71
75
81
86
86
86
88
94
95
91
90
84
85
81
73
67
56
42
33
26
16
6
-4
-8
-14
-21
-28
-36
-46
-51
-54
-60
-71
-77
-83
-88
-93
-99
-107
-116
-120
-126
-131
-131
-128
-127
-126
-121
-120
-114
-106
-99
-91
-87
-84
-84
-78
-71
-65
-60
-48
-32
-18
-6
4
13
22
31
41
50
59
66
75
79
89
99
108
114
117
119
125
132
134
131
130
132
134
135
136
133
130
124
115
105
97
89
83
76
69
64
56
51
47
40
29
22
11
1
-9
-18
-22
-23
-24
-24
-28
-34
-41
-44
-47
-51
-56
-59
-61
-62
-64
-63
-62
-62
-62
-59
-57
-55
-57
-59
-62
-63
-63
-62
-61
-60
-58
-52
-51
-44
-37
-36
-29
-21
-13
-9
-8
-4
1
8
12
18
23
22
20
19
17
12
9
12
10
6
1
-3
-3
-9
-15
-21
-25
-28
-33
-36
-42
-45
-43
-45
-48
-55
-59
-62
-63
-68
-72
-71
-70
-71
-72
-70
-69
-68
-66
-61
-56
-54
-50
-48
-44
-37
-30
-21
-13
-4
6
15
24
26
33
42
50
59
67
78
85
90
94
102
105
109
112
114
116
116
118
118
118
120
125
127
125
122
116
113
109
99
91
84
79
72
65
59
49
40
32
21
9
-1
-11
-22
-33
-40
-44
-48
-53
-63
-71
-77
-84
-90
-95
-100
-106
-107
-107
-106
-111
-114
-111
-107
-103
-99
-93
-90
-85
-79
-72
-67
-62
-54
-41
-28
-16
-8
1
7
14
21
28
36
42
50
60
68
72
75
79
81
80
84
87
89
86
86
85
84
82
79
74
70
62
55
48
39
30
24
17
10
2
-6
-12
-19
-27
-36
-44
-53
-59
-64
-68
-74
-79
-82
-83
-84
-87
-87
-90
-91
-93
-91
-90
-87
-83
-75
-69
-65
-61
-56
-51
-46
-40
-35
-30
-24
-18
-9
1
8
14
20
24
31
38
46
51
51
54
59
66
70
74
75
78
79
79
78
76
71
69
70
68
65
61
57
53
48
44
38
32
26
22
18
15
10
5
1
-2
-7
-10
-15
-22
-27
-32
-35
-36
-40
-41
-40
-39
-39
-37
-38
-39
-40
-40
-38
-36
-35
-35
-32
-28
-25
-22
-18
-14
-10
-8
-8
-8
-6
-5
-2
3
7
11
14
15
17
17
15
13
13
14
17
20
22
21
20
20
20
21
20
18
16
17
15
13
11
9
8
8
9
8
6
4
4
5
5
6
6
7
9
11
13
13
12
12
13
15
16
15
13
11
10
9
11
13
13
12
11
10
7
5
-1
-5
-6
-5
-4
-7
-9
-13
-17
-20
-22
-25
-29
-30
-33
-36
-39
-43
-47
-47
-49
-49
-50
-54
-56
-57
-56
-54
-52
-52
-50
-47
-45
-43
-43
-39
-37
-34
-31
-25
-21
-17
-11
-6
1
