-14
-21
-44
-49
-47
-34
-29
-37
-33
-26
-21
-25
-32
-6
6
-3
-23
-48
-29
-30
-42
-39
-50
-37
-28
-30
-8
-7
-8
0
-18
-14
-16
-27
-15
-8
-4
-16
-36
-36
-25
-6
5
18
41
29
-9
-41
-50
-38
-39
-35
5
39
54
35
2
-9
-15
-33
-33
-14
9
15
6
4
20
22
-3
-11
-9
8
32
20
10
23
18
16
8
1
28
32
6
-21
-34
-8
16
16
30
55
69
65
50
25
5
-8
-24
-14
19
56
76
61
37
18
-18
-46
-51
-42
-45
-65
-79
-55
-22
-31
-50
-41
-12
1
-42
-88
-82
-70
-79
-80
-47
38
84
52
11
-14
-1
-4
-61
-84
-40
4
30
22
37
81
80
36
-2
0
31
56
45
31
19
8
1
-4
0
14
18
21
24
6
-14
-14
-4
-2
-12
-19
-7
-3
-29
-76
-107
-97
-68
-44
-41
-4
40
54
25
-32
-52
-46
-51
-57
-50
-14
20
24
27
45
68
77
67
45
35
41
40
20
32
72
103
85
47
38
58
49
10
-6
14
31
9
-10
6
26
-2
-54
-77
-63
-43
-50
-59
-26
0
1
-12
-57
-75
-70
-93
-109
-131
-115
-112
-136
-140
-128
-101
-93
-116
-114
-74
-70
-72
-52
-28
-36
-35
-17
-28
-64
-123
-168
-196
-245
-299
-320
-287
-241
-163
-23
103
130
114
79
5
-73
-140
-125
-19
117
167
199
268
333
357
293
172
97
93
106
114
131
167
223
257
232
203
252
437
567
499
364
239
241
243
175
152
128
102
-45
-188
-188
-155
-106
-62
-18
98
194
201
150
6
-181
-315
-405
-364
-267
-224
-153
-203
-363
-417
-480
-481
-393
-302
-165
-71
-53
-114
-108
-78
-9
45
-110
-318
-461
-340
-121
33
182
264
447
576
686
659
493
228
-108
-483
-261
17
168
328
194
106
119
-688
-1595
-1470
-1613
-1438
-1001
-761
89
1050
792
675
153
54
1160
2138
2031
1557
1575
1905
1445
-822
-1389
467
1995
1877
-11
-615
692
338
-1842
-2562
-909
518
1235
-976
-1821
-342
-324
-997
-1853
-1783
-657
-124
-1530
-2072
-1299
-1134
-1579
-2190
-1972
-448
54
-150
270
1212
1075
501
493
1032
1870
2053
2074
3010
3839
3258
3389
3573
3466
3327
3071
2954
3442
3390
2546
2545
2378
1964
1366
757
443
354
-126
-1099
-1867
-2550
-3454
-4832
-6028
-6214
-6368
-6823
-7381
-8139
-8133
-8622
-9531
-10624
-10133
-6966
-5313
-3248
-4090
-4778
-2905
-1734
-1659
-102
2483
3809
4871
2379
3589
8326
10830
8692
6233
6098
9511
12376
10372
9462
9506
9541
8137
6505
7017
8527
7498
4180
2938
2967
3726
1983
-758
-1068
-461
-931
-1563
-1535
-1723
-1446
-3201
-4022
-2515
-2157
-2709
-3996
-4927
-4906
-4598
-6252
-7047
-7865
-9302
-9962
-11325
-11988
-12630
-13568
-13658
-8276
-5100
-3708
-5419
-8329
-5413
-3812
-4770
-3869
1092
3764
3414
-1886
-1262
9076
14888
10961
3749
2374
9179
15248
11230
6459
7302
9780
10560
6849
5806
10470
12704
7367
867
-321
3889
7298
2016
-3820
-4227
-1132
923
-263
-2310
-632
1033
-1593
-3451
-3160
216
2226
-424
-1866
755
3348
3393
1662
542
2806
3014
445
-82
829
799
-502
-2886
-3450
-2123
-3304
-5014
-5493
-7062
-8382
-11035
-13973
-15347
-16674
-18104
-14215
-9851
-8712
-6536
-9824
-8025
-3662
-3802
-4154
-1957
-1247
253
265
-2175
5431
12702
12965
9141
6476
9611
16787
16618
11306
9923
10122
11833
11282
8582
10306
12336
9712
6113
3903
3570
6492
3637
-2457
-5006
-5309
-3438
-2343
-4914
-6926
-5338
-5065
-3608
-4195
-3758
-1805
-2538
-3630
-4309
-1985
2019
3691
1224
1120
1956
3348
4415
3532
3762
3796
2581
1574
3010
3180
2219
-561
-2482
-2602
-3872
-5986
-8675
-10245
-12225
-14292
-15290
-15382
-13951
-9936
-9776
-8336
-8617
-10034
-7449
-6644
-6973
-4822
-2259
-2268
58
-1054
2513
9317
11602
10764
9435
9229
13144
15962
13465
12031
10586
10236
11053
9944
10255
12777
11945
8707
5738
3667
5105
4800
456
-3197
-4762
-4614
-3324
-4343
-5043
-3744
-4116
-4170
-4486
-4840
-2895
-2538
-4729
-5013
-4565
-2888
-796
-469
-366
683
700
717
1463
1796
2012
1385
607
784
620
103
-295
-1891
-3692
-5391
-7129
-7449
-9417
-11811
-12888
-10944
-6499
-5615
-5647
-6539
-5940
-3671
-3276
-3748
-1838
10
-1690
-2480
-3556
1451
7831
8480
6593
5646
7718
12373
13518
10669
9622
8174
7118
6482
5280
6859
9145
7803
5469
4140
4510
6800
5835
1345
-2571
-5016
-4883
-4556
-5729
-6556
-5524
-5525
-5112
-3546
-1825
1578
717
-2147
-2902
-1357
796
1363
450
554
1625
1649
2858
4190
5419
4842
2733
2551
4061
3639
2230
147
-1473
-2652
-5009
-6308
-6746
-8224
-11390
-14076
-14751
-10886
-8276
-8385
-7679
-9432
-7560
-5610
-5969
-5271
-3130
-3423
-3562
-4972
-5190
1810
6163
6009
3945
2851
7255
13230
12553
10708
9159
7809
8881
7277
5975
8492
9357
8225
6710
5156
7669
10637
7708
3232
-430
-874
926
-665
-3613
-3782
-3756
-3495
-3459
-3739
-226
1747
-586
-2041
-1813
-140
2380
253
-1316
-543
-541
41
474
939
1931
1470
-140
1605
2893
2845
2045
148
431
112
-2297
-3800
-5506
-7296
-10252
-12744
-13771
-12946
-13072
-11353
-10261
-9572
-8164
-9203
-6941
-6163
-6668
-6665
-5395
-5907
-5924
-6539
-4302
1606
3180
2725
2837
5713
10804
12689
10792
10460
10660
11164
10736
9277
10150
12426
11750
10753
10593
12124
14859
13800
10199
7453
6267
5687
4496
1697
287
-497
-2471
-4212
-4485
-3251
-1717
-2943
-5117
-4709
-3511
-2197
-2983
-4033
-4241
-4760
-5097
-4696
-3926
-3631
-3884
-4153
-2436
-685
-276
500
1586
2107
1679
366
-303
-1591
-4237
-6731
-8409
-8872
-10785
-12755
-12970
-9639
-7331
-7601
-7173
-7542
-4959
-4180
-5375
-5829
-4579
-5117
-6205
-7106
-6509
-1066
1145
1035
963
2474
7135
10793
10440
10176
10267
10222
11081
10805
10906
12998
12852
12300
11764
11380
13201
13932
11941
9432
7211
6972
7967
6017
3826
1865
-356
-1851
-3404
-4721
-4183
-5232
-6958
-6371
-5522
-3281
-2824
-3989
-3525
-4059
-4670
-4380
-5167
-5803
-6187
-7379
-5363
-2727
-2068
-661
449
2053
3669
2953
2087
1095
-1509
-3726
-5972
-7582
-8238
-10591
-12124
-11284
-9241
-7841
-6867
-7417
-7409
-5516
-5413
-5159
-4884
-4506
-5492
-6259
-7658
-5803
-1588
-334
-472
-911
1272
6115
9204
9766
10827
11427
12776
13933
13352
14183
14802
13067
11761
10173
10385
12586
13142
11498
10021
9349
10808
11224
8739
5841
2454
-447
-3097
-5917
-7354
-7693
-9367
-11088
-10089
-7656
-5461
-3694
-4067
-3873
-2421
-2757
-3518
-2734
-4329
-5773
-5609
-5565
-3036
-1822
-1764
272
2146
3574
4649
4575
4826
3227
-436
-1791
-2977
-5760
-8582
-12366
-13687
-13441
-14109
-12722
-11566
-9963
-9705
-8734
-5618
-3825
-4069
-3908
-3789
-5119
-5533
-7783
-5181
-1944
-2492
-2762
-957
4294
10398
12492
12591
14506
15673
17584
17687
14997
14580
13351
11433
10655
9410
10183
12670
12269
10217
9893
10640
12705
10682
6129
2970
601
-1224
-4408
-8347
-10036
-10903
-13048
-13265
-11971
-9394
-6197
-6268
-5235
-3204
-1025
918
145
-1482
-2039
-3275
-4497
-3830
-4981
-4375
-3324
-2595
896
3932
6009
7624
7794
7196
6038
3580
866
-2857
-7278
-10162
-13177
-15257
-16099
-16546
-14420
-12081
-10962
-8459
-6685
-4341
-2946
-3467
-2886
-1564
-2504
-3217
-3898
-4311
-877
252
676
2155
4068
7244
10834
11927
13137
14907
15586
16533
15296
14497
15099
13636
11497
8906
7014
7578
7915
5905
4995
4930
5287
5496
3266
1596
-31
-1598
-4313
-7415
-9461
-10402
-11936
-13382
-12856
-11230
-7651
-6557
-5581
-3594
-1698
648
307
-441
-318
-594
-2176
-2037
-2542
-1722
-380
-1396
-43
1847
3600
5091
5388
5036
5125
4281
3068
1467
-1730
-3311
-5969
-8470
-10448
-12625
-13044
-11367
-10543
-9282
-6455
-5065
-1436
515
1998
4136
4649
3043
2007
-31
-505
438
-1508
-2206
-1936
-688
3442
6527
7557
9892
11210
12607
13621
12432
11912
11700
9113
6834
4240
3559
4240
2922
605
-521
-713
272
146
-1381
-1939
-2570
-3045
-4132
-5175
-5536
-6051
-7631
-9128
-9398
-7910
-6708
-6805
-6683
-5160
-2524
-333
-5
1221
2284
2549
2221
1511
2109
2576
1466
235
504
1733
3264
3634
3948
4731
4726
4630
3554
2238
491
-1711
-3340
-4920
-6373
-7503
-7925
-7884
-5886
-5864
-3876
-2643
-2081
-200
630
1086
2226
2228
653
1194
-563
396
1468
-178
-1024
-1404
-831
1691
1871
1159
2694
3483
4528
5757
5406
7150
7540
5763
4791
3780
3857
3801
1797
-440
-965
-1228
83
-414
-1367
-1448
-1829
-1949
-2502
-3098
-2641
-3092
-4866
-6062
-6077
-4450
-3853
-4964
-4802
-3791
-2110
-997
-1338
-427
781
726
817
1172
2096
3463
2906
2746
3408
4074
4863
4736
4658
5361
5275
5233
5148
4560
4162
3063
1853
957
-853
-2505
-3749
-4959
-4300
-4887
-4795
-3758
-3258
-1556
-365
-565
54
434
-1159
-1163
-3148
-4050
-3445
-5555
-7034
-7299
-6775
-3924
-2340
-3001
-1446
234
1911
3900
3423
4203
5407
4565
4108
3611
3881
4579
3450
1332
923
1072
2024
1531
218
-2
-283
-228
-833
-1584
-1629
-2298
-3987
-4974
-5442
-4501
-3660
-4707
-4248
-3330
-1993
-183
-242
516
1944
2007
1976
2698
2854
3992
3913
3412
5048
6273
7433
8213
8896
10096
10421
9586
8699
7700
6026
3999
1633
-90
-1818
-4041
-5417
-6392
-5567
-6095
-6582
-6023
-5726
-4227
-3608
-4311
-4177
-3396
-4867
-5107
-6610
-7359
-5779
-7031
-8419
-8177
-7137
-4668
-3135
-4051
-2443
87
1406
3080
3012
4048
5779
5120
4595
4576
4891
5165
4290
2691
2898
3016
3020
2150
480
191
-256
-1074
-2404
-3610
-3595
-3155
-3804
-4173
-3565
-2295
-1246
-1438
-1223
491
1813
2140
1898
2401
3559
4096
3789
3855
4727
5341
5583
6000
6946
7665
7776
7701
8367
9111
8971
8035
6860
5800
4642
2778
741
-1196
-3196
-5082
-6751
-7743
-8181
-7404
-7698
-7876
-7565
-7204
-5922
-5653
-6392
-6498
-5633
-6589
-6845
-7796
-7487
-5623
-6495
-7718
-7561
-6262
-4324
-3636
-4652
-3437
-1639
-748
397
875
2807
4837
4560
4574
5183
6550
7167
5906
4107
3819
3592
3338
2062
649
787
311
-18
-553
-599
186
557
-22
161
1025
2253
2979
2396
2805
3653
4017
4153
3434
3804
4407
4012
3690
4072
4557
5012
5008
5056
6259
6516
6206
5986
6186
6434
5655
4506
3838
3146
1883
352
-1099
-1883
-3196
-5030
-6271
-7000
-7780
-8136
-8479
-8732
-8048
-8442
-7982
-7195
-7115
-7121
-6704
-7401
-8015
-8522
-9292
-7930
-8034
-9448
-9844
-8962
-7204
-5603
-5655
-4890
-2625
-914
506
1831
3491
5589
6174
6207
6794
8111
9132
8554
7243
6590
6593
6574
5836
4432
4159
3873
3471
3053
2897
3519
3793
2852
2196
2502
3218
3512
2533
2002
2463
2535
2450
1890
1702
2035
1515
867
980
1238
1350
1459
1387
2328
3038
3195
3746
4414
4966
4900
4125
3549
3053
1908
370
-1313
-2703
-4060
-5560
-6871
-7725
-8519
-8684
-8797
-8972
-8516
-8706
-8277
-7683
-7792
-7721
-7046
-7305
-7655
-8147
-8733
-7148
-6852
-7920
-8087
-7218
-5253
-3403
-3380
-2467
213
1794
3167
4228
5759
8375
9094
8784
9358
10644
11622
11220
9641
8930
8889
8280
7216
5577
4837
4084
3002
2099
1588
1687
1650
786
251
515
764
804
-96
-654
-215
-222
-617
-987
-1101
-590
-646
-1149
-977
-381
-19
416
885
1894
2774
2957
3555
4604
5499
5438
4780
4291
3976
2902
1317
-209
-1453
-2992
-4905
-6394
-7050
-7746
-8609
-9401
-9942
-9317
-9215
-9102
-8541
-8200
-7760
-6913
-6740
-6795
-6591
-6924
-5922
-5458
-6294
-6413
-5747
-4136
-2579
-2288
-1498
875
2945
4528
5757
7119
9276
9867
9444
9669
10558
11404
10547
8772
7945
8009
7536
6208
4213
3160
2455
1173
38
-734
-937
-1405
-2534
-3130
-2545
-1886
-1810
-2459
-2585
-1688
-1210
-1343
-1428
-1182
-471
-234
-223
463
1389
1754
1908
2573
3741
4859
5089
5470
6513
7444
7696
7320
7104
6819
5778
4241
2666
1269
-612
-3032
-5149
-6343
-7612
-8761
-9319
-9953
-9438
-9422
-9536
-8511
-8064
-7960
-7216
-7088
-7179
-6732
-7246
-6366
-5427
-6540
-6776
-6069
-4522
-2679
-2638
-2630
-565
1538
2879
3896
4949
7142
8263
7842
7893
8818
10005
9223
7079
5880
5933
6024
4908
2779
1815
1540
510
-477
-1352
-1475
-1385
-2559
-3338
-2716
-1929
-1479
-1976
-2227
-1043
-43
107
182
476
1233
1601
1261
1480
2098
2426
2503
2726
3722
4790
5131
5454
6233
7395
8149
7984
7745
7582
6977
5840
4148
2371
611
-1792
-3992
-5633
-7302
-8010
-9037
-10126
-9852
-9812
-9335
-8225
-8295
-7856
-6667
-6937
-6847
-6773
-7143
-5537
-5524
-6902
-6658
-5970
-4385
-3301
-4137
-3597
-1292
43
1342
2159
3651
6065
6463
6370
7271
8674
9812
8715
7118
6929
6970
6411
4737
2744
2318
1736
427
-340
-1158
-1100
-1398
-2844
-3109
-2454
-2026
-1711
-2182
-1727
-39
705
824
1025
1533
2531
2544
2113
2457
2965
2977
2601
2803
4044
4985
4938
5250
6406
8174
8763
8127
8068
8142
7676
6271
4182
2578
794
-2118
-4822
-6602
-8509
-9678
-11424
-12757
-12186
-12168
-12036
-11079
-10808
-9885
-8483
-8477
-7995
-7384
-7626
-6230
-5927
-6886
-6426
-5838
-4219
-2870
-3198
-2616
-354
1194
2402
2990
4287
6870
7912
8081
8907
10294
11814
11050
9418
8944
8786
7984
5838
3342
2447
1843
135
-1365
-2586
-2561
-2510
-3683
-4085
-3444
-2775
-2428
-2910
-2609
-951
-11
129
407
1188
2637
3073
2642
2865
3286
3337
3089
3155
4224
5280
5308
5765
7198
8934
9761
9236
9053
9140
8415
6574
4182
2213
292
-2646
-5539
-7405
-9077
-10137
-11836
-13186
-12751
-12769
-12698
-11902
-11677
-10292
-8795
-8855
-8138
-7244
-6910
-5093
-5123
-6000
-5247
-4790
-3466
-2619
-3400
-2555
-377
726
2167
3055
4763
7429
8038
8038
9148
10437
11479
10353
8676
8518
8448
7353
5134
2806
1950
1001
-1030
-2495
-3429
-3377
-3601
-4781
-4861
-3810
-2976
-2449
-2614
-1898
-112
893
1148
1476
2213
3277
3531
3159
3358
3723
3865
3584
3571
4526
5248
5419
5757
6680
8124
8615
8201
8029
7905
7248
5451
3182
1391
-569
-3559
-6142
-8482
-9630
-10586
-12564
-13060
-12635
-12383
-11583
-11539
-10995
-8743
-7937
-7759
-6678
-6151
-4416
-3122
-4389
-4003
-3382
-2720
-1737
-2282
-2529
-616
404
1146
2218
3109
5631
7149
7202
8257
9659
11028
11062
9499
8875
8791
7855
6033
3646
2297
1601
-407
-2276
-3536
-4198
-4208
-5445
-6181
-5302
-4368
-3414
-2917
-2661
-794
821
1378
2029
2348
3116
3963
3437
3295
3675
3671
3893
3716
3990
5287
5866
5947
6527
7168
8159
8242
7661
7402
6937
5796
3850
1756
85
-2096
-4936
-7240
-9427
-10434
-11613
-13477
-13680
-13489
-13609
-12601
-12434
-11279
-8949
-8500
-7924
-6457
-5847
-3994
-2992
-4187
-3201
-2553
-1808
-561
-1035
-1005
792
1326
2196
3157
3944
6237
7493
7576
8848
10099
11403
11449
9886
9373
9041
7944
6111
3523
1952
878
-1371
-3147
-4432
-5101
-5054
-6119
-6557
-5462
-4672
-3569
-2893
-2482
-516
815
1416
2415
2787
3604
4367
3960
4143
4550
4263
4448
4336
4657
5850
6076
6375
7171
7956
8879
8646
7948
7673
6855
5490
3342
1115
-364
-2448
-5395
-7490
-9726
-10752
-11784
-13966
-14395
-14244
-14569
-13749
-13701
-12996
-10652
-10061
-9491
-7819
-6816
-4616
-2896
-3739
-2754
-1799
-873
426
-37
-297
1491
2520
3441
4285
4966
7197
8644
8670
9422
10648
12120
12325
10687
10090
10025
9418
7520
4558
2833
1914
-252
-2547
-4442
-5405
-5409
-6726
-7654
-6902
-5983
-5003
-4506
-4197
-2152
-457
73
745
1297
2360
3385
3141
3166
3787
4013
4160
4177
4543
5595
5952
5919
6342
7115
7866
7667
6958
6719
6513
5581
3789
1702
177
-1458
-3765
-6264
-8359
-10188
-11413
-12994
-14105
-14452
-14842
-15092
-14503
-13791
-12305
-10661
-9907
-8525
-6799
-5082
-2867
-1409
-1363
-370
470
1720
2874
2707
2656
3759
4615
5521
6410
7276
8981
9997
10068
10804
12078
13136
12882
11157
10058
9586
8689
6500
3594
1422
-159
-2116
-4297
-5999
-7036
-7555
-8673
-9315
-8632
-7513
-6468
-5746
-4988
-3097
-1093
70
792
1575
2372
3379
3832
3907
4381
4574
4699
4955
5263
5633
6126
6211
6646
7290
7576
7607
7234
6811
6332
5204
3517
1735
15
-1744
-4110
-6801
-9060
-11396
-12790
-14348
-15854
-16358
-16749
-16812
-15486
-14622
-12823
-10488
-9356
-7548
-5327
-3595
-872
603
346
1580
2400
3774
4878
4273
4146
5416
5900
6697
7203
7876
9705
10170
9839
10642
11709
12688
12028
9911
8990
8637
7503
5070
1830
-413
-1961
-4247
-6520
-8340
-9260
-9532
-10572
-10926
-9913
-8582
-7134
-6295
-5287
-2874
-689
667
1746
2531
3925
5174
5267
5435
5725
5935
6212
5960
5863
6471
6590
6703
6912
7222
7805
7753
7155
6909
6269
5360
3686
1531
-206
-1930
-4530
-6924
-9518
-11605
-12594
-14499
-15779
-16166
-16398
-15854
-14648
-14049
-11575
-9420
-7955
-5962
-4018
-1705
1270
2012
2132
3208
3970
5466
5478
4496
4629
5368
5463
5986
5877
6881
8072
7780
7705
8551
9631
10342
8962
7187
6905
6505
5479
3080
273
-1180
-2679
-5010
-6897
-8456
-9141
-9626
-10838
-10761
-9445
-8167
-6945
-6265
-4935
-2270
-259
1077
2248
3349
4960
5971
6122
6648
7208
7480
7438
6901
7008
7492
7303
6994
6801
7107
7555
7258
6595
6356
5920
5098
3471
1534
118
-1432
-3719
-6362
-8566
-10695
-11921
-13452
-14898
-15666
-15776
-15824
-14737
-13526
-12200
-9800
-8297
-6597
-4442
-2373
-364
1601
1546
2145
3180
4010
4823
4413
3462
3743
4137
4202
4663
4604
5380
6047
6037
6606
7746
8579
8649
7421
6510
6605
6329
5032
2552
395
-760
-2212
-4172
-5955
-7483
-8080
-8842
-9638
-9042
-7886
-6818
-5927
-5126
-3046
-369
1456
2850
4078
5496
7213
8014
8411
8868
9008
9055
8733
8191
8142
7871
7361
7001
6724
6991
6957
6522
6130
6035
5589
4660
3024
1456
-5
-2031
-4397
-7126
-9261
-11523
-13132
-14662
-15918
-16868
-17331
-17685
-16673
-15286
-14052
-11794
-10254
-8399
-6068
-3943
-1841
453
642
1373
2409
3102
3913
3536
2518
2784
3109
3238
3715
3656
4379
5352
5627
6243
7188
8041
8545
7878
7256
7444
7273
6374
4191
2041
999
-287
-2192
-4188
-5936
-6548
-7150
-8133
-7980
-7100
-6036
-4875
-3935
-1954
852
2737
4142
5282
6661
8422
9275
9269
9356
9292
9387
9120
8390
8116
7910
7554
7138
6602
6617
6755
6273
5799
5424
4942
4200
2541
736
-686
-2498
-4829
-7640
-10246
-12395
-13640
-15409
-16818
-17946
-18454
-18436
-17567
-16549
-15010
-12865
-11408
-9452
-7286
-4847
-2404
-702
-686
120
1004
2067
2788
2298
1624
2012
2134
2344
2764
2962
3872
4526
4579
5482
6854
8111
8719
8217
7946
8471
8510
7562
5650
3874
2846
1394
-561
-2245
-3515
-4071
-5015
-6046
-5852
-5034
-4129
-3323
-2649
-736
1546
2996
4297
5498
6951
8756
9490
9711
10253
10280
10486
10199
9472
9199
8763
7855
7325
6691
6379
6051
4924
4075
3516
2951
1904
256
-1558
-2923
-4889
-7008
-9221
-11493
-13238
-15484
-16636
-17571
-18097
-18810
-18844
-18568
-16692
-15599
-14281
-12104
-10350
-8060
-5929
-3874
-1463
343
428
1398
2196
3375
4117
3353
2743
3291
3894
4623
4675
4460
5422
6233
6532
7105
7670
8833
9235
8410
8072
8820
9167
8399
6051
4452
3933
2812
895
-1321
-2730
-3232
-4165
-5098
-4761
-3979
-3173
-2604
-1810
405
2553
3921
5001
5854
7062
8475
8831
8888
8822
8516
8435
7659
6596
6082
5643
5118
4364
3293
2952
2506
1389
519
-132
-366
-1246
-2661
-3513
-4020
-4969
-6741
-8847
-10678
-11770
-13609
-14355
-15444
-16124
-16721
-16955
-16517
-14732
-13850
-12889
-10747
-9548
-7466
-5814
-4187
-1880
-157
-213
968
2071
3211
4073
3015
2251
2904
3118
3602
3517
2929
3710
4467
4605
5330
6067
7646
8910
8739
8891
10038
10955
10783
9047
7686
7795
7224
5467
3152
1690
1285
74
-1710
-2607
-2664
-2573
-2805
-3217
-1931
-34
953
1719
2444
4052
6151
7035
7085
7364
7359
7647
7170
6014
5251
4515
3660
2826
2014
1793
1445
230
-772
-1049
-896
-1038
-2310
-3174
-3152
-3373
-4085
-5597
-6913
-8147
-9871
-11891
-12553
-13175
-14430
-16022
-17280
-16657
-15552
-14805
-14726
-13105
-11585
-9700
-8205
-6295
-3587
-1293
-652
-316
1054
2842
4426
3998
3064
3320
4485
5080
4905
4525
5408
6808
7341
7497
8385
10105
11345
11036
10599
11632
13046
12856
11213
9691
9647
9065
7078
4343
2392
1176
-582
-2982
-4662
-5113
-5440
-6232
-6894
-6187
-4493
-3396
-2733
-1749
250
2838
4748
5669
6513
7608
8663
8836
8348
8093
7678
6717
5212
3722
3287
3035
2026
788
75
382
663
-43
-669
-831
-1071
-2207
-3796
-5178
-5859
-7605
-9984
-12390
-13795
-14534
-16465
-18298
-19235
-18916
-18922
-18439
-18307
-16074
-13746
-12063
-10369
-8399
-5525
-2627
-1171
-572
1505
3666
5445
5615
5039
5711
7104
7391
6885
6442
7130
8421
8534
8632
10109
12233
13758
13478
13093
14138
15378
14901
13187
11367
10886
10177
7939
5331
3246
1520
-492
-3088
-5097
-6069
-6980
-8264
-9296
-9132
-7231
-5394
-4048
-2575
-672
1726
3776
4823
5870
7078
7794
8142
7709
7678
7892
7190
5824
4737
4156
4054
3207
1848
1120
814
713
4
-743
-641
-828
-1738
-3096
-4280
-5135
-6346
-8625
-11034
-12821
-14771
-16074
-18225
-19843
-20703
-21183
-21646
-21203
-20308
-18448
-15736
-14288
-11958
-9427
-6160
-2831
-557
362
2181
3986
5495
6283
6050
6583
7616
8224
8380
8423
8966
10164
10725
11059
12238
13716
15459
16019
15948
16510
17247
17219
16009
13723
11919
10599
8126
5284
2340
-70
-2002
-4473
-6782
-7851
-8424
-9025
-9803
-10111
-8830
-6863
-5458
-4255
-2682
-175
2244
3594
4447
5688
6987
7653
7098
6451
6564
6769
6526
5603
4939
4896
4672
3940
3355
3129
3178
2897
2043
1540
1075
242
-1192
-2900
-4573
-6269
-8595
-11190
-13755
-16087
-18195
-20603
-21908
-22957
-23381
-23768
-23559
-23123
-21285
-19630
-17435
-14614
-12419
-9478
-6783
-4216
-1684
660
2122
4462
6373
8064
9280
9835
10710
12125
13261
14293
14855
15630
16798
17395
17500
17903
18340
18748
18117
16834
15997
15778
14893
12996
10194
8075
6620
4330
1562
-1289
-3499
-5297
-7254
-8781
-9240
-9391
-9712
-10218
-9991
-8318
-6356
-5094
-3745
-2123
87
2299
3683
4688
6026
7479
8580
8913
8876
8832
8719
7984
7076
6493
6315
5828
4570
3096
1813
737
-567
-2301
-3645
-4703
-6086
-7793
-9611
-11217
-12672
-14684
-16742
-18450
-19898
-21450
-22689
-23882
-23822
-23343
-23337
-22802
-21917
-20009
-17955
-15656
-13882
-10546
-7246
-3948
-631
2416
5873
8884
10705
11921
13960
15963
17698
18166
17897
18375
18945
18692
17549
16420
16379
16403
15538
14351
13773
13515
13068
11471
10436
10328
10184
8775
6481
4557
3959
3022
996
-1202
-3007
-4010
-5215
-6784
-7602
-7654
-7634
-7805
-7678
-6758
-4937
-3708
-2896
-1784
-173
1975
3599
4430
5330
6457
7225
7401
6951
6722
6413
5311
3473
1676
476
-392
-1828
-3505
-4623
-5436
-6296
-7766
-9070
-9533
-9913
-10730
-11500
-11772
-11648
-11901
-12851
-13391
-13701
-13885
-14440
-14818
-15039
-14785
-15314
-15099
-14280
-13081
-11301
-9951
-8238
-6069
-3414
-1422
1276
2971
5039
7274
9452
11789
13533
14079
14492
15310
15615
15498
14604
13640
13249
12938
12457
11807
11096
10821
10555
10114
9984
10144
10279
9973
8779
8114
8181
8475
8004
6872
5766
5518
4831
3463
1910
444
-728
-2348
-4317
-5374
-5574
-5844
-6706
-7418
-7199
-6313
-6190
-6628
-6589
-5836
-4773
-4300
-4213
-3721
-2972
-2736
-3016
-3296
-3084
-2825
-3185
-3978
-4322
-4122
-3916
-4234
-4544
-4133
-3454
-3193
-3566
-3888
-3682
-3361
-3400
-3631
-3595
-3364
-3457
-3932
-4027
-3792
-3914
-4610
-5542
-5822
-5986
-6766
-8072
-8199
-7919
-7540
-7724
-8025
-7469
-6317
-5056
-4240
-2213
-554
1254
2627
4100
6045
7990
8866
9385
10483
11392
12251
12206
11768
12061
12723
13071
12959
12894
13199
13605
13491
13189
13246
13610
13622
12611
11708
11307
10885
9433
7328
5434
4553
3076
640
-1899
-4021
-5804
-8081
-10481
-11991
-12618
-13403
-14583
-15334
-14995
-14045
-13640
-13340
-12481
-10899
-9081
-7836
-6836
-5326
-3627
-2326
-1320
-495
664
1740
2162
2172
2730
3493
3942
3747
3395
3778
4272
4123
3307
2665
2629
2555
1920
1000
283
-343
-1281
-2704
-3723
-4289
-5136
-6349
-7734
-8573
-9112
-9900
-11133
-11840
-12114
-11563
-11258
-11275
-10767
-9661
-7906
-6266
-4516
-2832
185
2487
4498
6506
8800
11384
13244
13883
14513
16159
17239
17464
16864
16199
16223
15900
14767
13463
12530
11950
10887
9279
7947
7367
6844
5798
4075
3147
2859
2228
577
-1265
-2779
-3497
-4947
-7239
-8989
-10067
-10629
-11670
-12865
-13178
-12591
-12230
-12232
-11907
-10750
-9107
-8397
-8002
-6991
-5316
-3436
-2454
-1952
-1034
178
726
890
947
1573
2263
2237
2106
2399
3034
3061
2475
1918
2409
2887
2785
1969
1362
1313
901
46
-886
-1238
-1335
-1787
-2753
-3429
-3754
-4234
-4864
-5354
-5117
-4643
-4571
-4784
-4670
-4108
-3440
-3067
-2725
-1432
-467
238
283
831
1587
2791
3323
4272
5839
6725
7640
7957
8672
9503
9952
9600
9734
10162
10324
9867
8757
8055
7876
7281
6251
5053
4647
4247
3474
2269
1638
1368
1192
314
-516
-567
-576
-1225
-2411
-3274
-3477
-3562
-4589
-5479
-5863
-5904
-6389
-7621
-8612
-8782
-9033
-9816
-10569
-10617
-9975
-9591
-9758
-9355
-8439
-7412
-6692
-6266
-5346
-4037
-3156
-2614
-1995
-993
184
895
1206
1852
2790
3527
3811
3897
4358
5015
5259
5111
5166
5699
6282
6194
5944
5898
6104
5925
5353
4942
4907
4702
4056
3498
3253
3240
2712
1695
989
623
149
-927
-2125
-3058
-3363
-3690
-4522
-5072
-5404
-5171
-5209
-5011
-4785
-3733
-2956
-2572
-1969
-872
689
1711
2106
2300
3524
4692
5163
5078
5164
5726
6076
5736
5141
4914
4902
4411
3575
2942
2866
2472
1641
624
304
480
314
-444
-1187
-1592
-1909
-2665
-3923
-4729
-5214
-5836
-6874
-7962
-8621
-9019
-9675
-10434
-10607
-10136
-9482
-9154
-8799
-7710
-6260
-4962
-4024
-2974
-1570
-58
1142
2296
3787
5383
6771
7611
8508
9625
10457
10771
10788
10872
10968
10850
10072
9380
8922
8558
8015
7197
6522
5889
5173
4205
3416
2695
1993
969
-199
-1125
-1965
-2816
-3983
-5159
-6097
-6785
-7505
-8181
-8604
-8790
-8739
-8760
-8455
-8185
-7850
-7487
-6809
-5855
-4728
-3722
-2685
-1209
-99
1024
2112
3220
4132
4446
4181
4214
4515
4397
3894
3286
2989
3064
2632
1845
1110
747
434
-39
-626
-856
-960
-1329
-1964
-2436
-2262
-2014
-2079
-2360
-2377
-2037
-1814
-2217
-2605
-2414
-2102
-2091
-2307
-2334
-1753
-1292
-1294
-1271
-691
-3
465
645
1060
1868
2344
2379
2244
2459
2912
3072
2853
2766
2943
2992
2645
2130
2057
2208
2139
1885
1811
2017
2249
2170
1885
1921
2169
2159
1806
1520
1543
1682
1564
1353
1422
1705
1817
1630
1530
1602
1461
978
480
202
-16
-536
-1198
-1749
-2062
-2423
-3034
-3748
-4401
-4791
-5469
-6105
-6572
-6648
-6623
-6532
-6403
-6034
-5415
-5054
-4694
-4202
-3344
-2554
-1955
-1650
-1100
-272
357
805
1155
1756
2408
2788
2876
3091
3519
3780
3872
3975
4435
4849
4933
4785
4909
5366
5584
5351
4920
4695
4393
3818
2949
2172
1661
1085
280
-512
-1161
-1851
-2679
-3535
-4106
-4233
-4319
-4498
-4610
-4481
-4084
-3672
-3287
-2802
-2097
-1408
-820
-343
210
799
1193
1384
1631
2069
2519
2693
2696
2788
2974
3042
2861
2621
2597
2759
2776
2704
2766
2842
2738
2398
2021
1668
1356
800
127
-377
-882
-1402
-2029
-2549
-2932
-3151
-3475
-3886
-4134
-4302
-4382
-4509
-4540
-4517
-4522
-4678
-4708
-4501
-4136
-3681
-3451
-3190
-2867
-2377
-1878
-1351
-862
-410
-25
260
551
904
1247
1511
1645
1759
1896
1985
1962
1889
1855
1809
1777
1652
1639
1643
1671
1723
1844
2094
2390
2576
2718
2826
2985
3185
3278
3316
3299
3244
3156
3045
2887
2638
2406
2207
1958
1574
1102
763
624
592
466
346
180
-15
-344
-750
-1062
-1284
-1516
-1848
-2157
-2440
-2629
-2862
-3060
-3105
-2991
-2903
-2876
-2879
-2979
-2912
-2785
-2571
-2229
-1757
-1256
-745
-196
335
938
1368
1648
1896
2252
2564
2746
2854
3024
3161
3007
2691
2279
1894
1418
797
149
-413
-971
-1581
-2216
-2670
-2983
-3341
-3798
-4176
-4418
-4602
-4780
-5102
-5212
-5155
-4982
-4871
-4713
-4373
-3807
-3236
-2902
-2351
-1564
-672
-50
359
1000
2052
3064
3689
4298
5063
5950
6565
6823
7178
7619
7833
7650
7490
7508
7482
7066
6376
5912
5589
5083
4242
3326
2619
2014
1230
245
-606
-1176
-1717
-2444
-3173
-3631
-4035
-4605
-5259
-5737
-5872
-5896
-6064
-6252
-6142
-5874
-5603
-5426
-5114
-4574
-4087
-3766
-3459
-2942
-2340
-1823
-1418
-915
-253
313
637
843
1168
1625
1938
2035
2125
2331
2500
2503
2441
2456
2459
2290
1988
1729
1607
1424
1129
832
661
585
388
104
-149
-229
-274
-428
-598
-620
-570
-578
-670
-747
-654
-551
-564
-568
-423
-248
-179
-204
-173
24
248
376
465
589
736
782
730
750
953
1200
1346
1341
1348
1461
1507
1412
1271
1201
1268
1315
1244
1124
1055
1001
881
728
642
585
549
457
383
455
485
452
439
490
627
714
639
495
360
152
-163
-531
-852
-1105
-1394
-1745
-2070
-2269
-2427
-2621
-2893
-3132
-3213
-3293
-3449
-3633
-3710
-3677
-3570
-3484
-3425
-3333
-3151
-2959
-2798
-2595
-2313
-1985
-1711
-1390
-966
-445
49
447
842
1285
1676
1975
2312
2657
2975
3211
3328
3419
3536
3609
3552
3450
3400
3329
3138
2891
2663
2516
2348
2078
1755
1553
1375
1177
936
664
446
183
-64
-319
-580
-777
-904
-1014
-1086
-1100
-1030
-941
-860
-707
-466
-121
227
504
813
1136
1422
1671
1910
2103
2263
2354
2379
2389
2335
2182
1989
1783
1599
1395
1102
801
506
227
-48
-339
-610
-909
-1302
-1717
-2059
-2386
-2697
-3026
-3375
-3646
-3816
-3959
-4134
-4273
-4332
-4317
-4343
-4393
-4409
-4312
-4097
-3866
-3638
-3382
-3080
-2763
-2426
-2042
-1622
-1252
-949
-654
-323
108
556
922
1262
1671
2129
2471
2721
2953
3204
3446
3604
3713
3842
3969
3999
3945
3895
3930
3932
3821
3629
3451
3246
2974
2658
2325
2041
1780
1506
1232
1025
848
640
353
11
-291
-522
-711
-868
-984
-1054
-1124
-1218
-1293
-1309
-1298
-1288
-1267
-1202
-1078
-927
-763
-627
-485
-297
-148
-21
120
266
356
343
304
309
288
198
82
-23
-129
-263
-450
-670
-875
-1054
-1245
-1473
-1696
-1904
-2095
-2294
-2516
-2758
-2969
-3132
-3269
-3357
-3380
-3375
-3340
-3269
-3199
-3074
-2918
-2756
-2520
-2209
-1886
-1572
-1201
-772
-298
142
562
1008
1483
1975
2441
2884
3323
3685
3935
4164
4374
4573
4693
4676
4614
4534
4392
4243
4101
3916
3684
3389
3051
2667
2254
1827
1396
965
552
183
-164
-472
-740
-967
-1185
-1401
-1599
-1775
-1920
-2003
-2011
-1943
-1821
-1702
-1571
-1394
-1208
-1051
-910
-751
-551
-325
-73
156
298
395
472
548
593
569
469
311
143
-21
-213
-489
-791
-1103
-1391
-1663
-1966
-2300
-2656
-2971
-3252
-3487
-3675
-3855
-4027
-4174
-4244
-4244
-4180
-4055
-3827
-3534
-3185
-2795
-2372
-1867
-1319
-753
-176
404
1014
1627
2191
2724
3251
3781
4255
4658
4975
5211
5383
5458
5460
5405
5332
5235
5119
4969
4742
4448
4050
3566
3075
2560
2008
1457
927
424
-64
-529
-981
-1413
-1825
-2209
-2529
-2800
-3013
-3179
-3302
-3353
-3339
-3236
-3071
-2828
-2526
-2200
-1860
-1538
-1208
-894
-580
-246
102
450
769
1044
1286
1507
1670
1773
1789
1743
1663
1518
1319
1063
769
451
135
-191
-551
-915
-1287
-1614
-1922
-2218
-2512
-2779
-3043
-3264
-3387
-3452
-3443
-3393
-3299
-3153
-2943
-2680
-2379
-2034
-1681
-1320
-973
-576
-80
405
861
1294
1743
2181
2595
2959
3259
3571
3840
4026
4145
4209
4228
4206
4150
4025
3824
3559
3262
2944
2609
2248
1852
1435
981
547
132
-275
-637
-950
-1233
-1474
-1688
-1855
-2004
-2122
-2186
-2243
-2301
-2324
-2256
-2113
-1922
-1724
-1516
-1284
-1022
-778
-555
-338
-143
33
204
351
478
555
581
637
682
688
648
538
379
190
-24
-220
-370
-527
-686
-858
-1042
-1223
-1390
-1579
-1773
-1920
-2018
-2093
-2141
-2159
-2132
-2039
-1908
-1737
-1547
-1320
-1060
-799
-534
-263
25
303
550
815
1119
1421
1689
1936
2170
2398
2555
2640
2706
2754
2751
2701
2662
2622
2562
2449
2296
2144
1948
1718
1496
1276
1086
894
657
433
237
32
-175
-393
-603
-749
-866
-991
-1096
-1159
-1170
-1144
-1112
-1092
-1052
-993
-942
-891
-846
-783
-701
-628
-598
-612
-620
-651
-706
-734
-696
-650
-616
-564
-514
-482
-509
-588
-654
-669
-698
-749
-805
-857
-870
-903
-942
-949
-931
-902
-867
-833
-795
-740
-692
-648
-581
-449
-293
-155
-35
84
211
350
481
606
735
868
1003
1084
1141
1203
1273
1340
1389
1430
1452
1458
1440
1408
1373
1336
1259
1167
1081
983
855
703
576
461
383
321
245
178
112
36
-61
-176
-292
-382
-463
-541
-588
-598
-596
-615
-657
-680
-650
-628
-637
-627
-592
-549
-509
-486
-459
-431
-423
-425
-434
-432
-436
-452
-463
-462
-442
-421
-399
-379
-374
-384
-395
-404
-408
-414
-429
-460
-500
-529
-528
-495
-448
-387
-330
-275
-229
-195
-154
-77
8
76
154
246
351
446
526
599
688
770
842
904
951
1010
1071
1128
1165
1196
1206
1187
1178
1164
1159
1154
1128
1094
1061
1009
926
834
754
681
591
468
335
208
94
-21
-153
-300
-438
-560
-671
-764
-843
-921
-1006
-1085
-1152
-1198
-1225
-1250
-1276
-1279
-1248
-1210
-1173
-1135
-1087
-1028
-973
-916
-849
-768
-694
-632
-561
-473
-382
-298
-219
-149
-84
-32
15
60
101
143
182
223
263
296
332
366
401
429
435
413
371
338
317
312
311
307
306
305
302
302
311
318
329
346
345
342
346
361
377
394
416
427
426
417
411
421
455
488
507
523
523
509
487
462
449
441
439
424
396
351
304
255
192
127
65
14
-33
-79
-131
-175
-240
-328
-412
-480
-539
-586
-630
-667
-694
-721
-747
-782
-822
-851
-863
-853
-838
-828
-818
-807
-794
-779
-757
-716
-648
-559
-477
-408
-336
-270
-208
-145
-100
-53
3
59
117
163
215
279
334
377
410
437
468
499
526
555
591
613
626
624
614
611
603
593
600
594
591
574
536
502
468
433
404
397
405
396
360
318
271
213
160
110
58
26
3
-12
-29
-63
-94
-125
-168
-207
-231
-251
-268
-294
-314
-332
-341
-341
-345
-339
-327
-326
-330
-341
-356
-365
-374
-364
-342
-324
-300
-274
-248
-231
-216
-208
-209
-209
-217
-214
-206
-198
-198
-194
-180
-174
-180
-183
-173
-151
-130
-108
-87
-77
-68
-66
-58
-46
-32
-11
15
44
70
97
113
127
142
164
189
212
237
258
279
303
326
357
388
418
442
463
479
489
488
460
439
422
401
381
373
370
366
350
321
288
254
219
189
166
143
122
95
56
13
-35
-75
-106
-138
-159
-178
-191
-205
-217
-227
-247
-269
-292
-315
-334
-341
-346
-363
-386
-411
-428
-433
-421
-401
-384
-366
-353
-346
-344
-335
-324
-312
-300
-280
-254
-227
-197
-171
-139
-110
-95
-68
-26
11
32
42
66
96
123
146
160
183
209
228
243
247
246
243
242
249
257
269
280
289
298
294
284
270
259
253
243
223
194
166
147
133
115
96
79
70
80
92
95
91
94
91
89
76
71
79
81
87
90
86
75
71
80
96
102
91
77
68
58
47
28
3
-23
-54
-94
-128
-153
-172
-192
-215
-236
-254
-271
-294
-306
-320
-344
-360
-367
-363
-360
-357
-348
-335
-315
-295
-269
-244
-227
-214
-205
-194
-178
-152
-118
-80
-39
2
36
57
69
79
99
117
129
139
154
174
183
185
178
176
175
174
189
202
203
194
182
165
135
107
89
83
90
103
110
107
103
113
132
145
154
159
169
170
152
126
104
88
81
77
82
86
94
101
102
96
69
35
6
-13
-16
-20
-18
-23
-28
-35
-51
-61
-70
-78
-83
-89
-105
-128
-154
-171
-176
-172
-164
-162
-164
-169
-176
-188
-198
-209
-208
-199
-184
-166
-151
-138
-126
-122
-120
-110
-95
-78
-65
-55
-47
-37
-17
-1
8
23
43
60
64
68
79
85
87
83
81
84
92
96
98
106
106
104
107
116
124
124
125
133
151
168
172
171
172
169
153
136
125
118
110
104
105
110
115
122
124
119
110
101
98
90
77
55
39
33
25
20
8
-5
-17
-37
-62
-88
-109
-118
-130
-142
-156
-157
-154
-152
-142
-136
-134
-128
-121
-110
-113
-126
-124
-117
-112
-120
-138
-148
-147
-135
-118
-100
-88
-85
-76
-74
-65
-48
-32
-14
3
9
2
-11
-11
-3
5
9
9
14
22
27
31
23
21
41
66
89
85
67
59
55
54
42
38
49
56
80
105
112
122
119
115
111
107
125
131
129
115
94
80
70
76
79
70
64
59
62
64
52
47
17
-11
-9
-8
15
17
-9
-25
-34
-20
-6
-7
-13
-43
-51
-53
-50
-39
-56
-59
-60
-62
-47
-44
-40
-51
-68
-66
-80
-74
-71
-86
-80
-104
-111
-104
-121
-112
-127
-138
-126
-128
-98
-84
-78
-80
-114
-105
-98
-75
-39
-37
-10
1
3
21
19
56
74
76
95
89
107
105
84
91
81
95
118
133
169
150
131
118
97
112
93
92
90
50
33
-8
-27
-21
-47
-54
-75
-79
-46
-24
12
1
-28
-45
-61
-27
-2
10
12
-15
2
19
34
58
30
21
26
46
103
117
121
90
27
5
-17
-6
6
-18
-29
-56
-61
-51
-70
-84
-127
-169
-185
-193
-161
-153
-180
-207
-235
-200
-152
-119
-86
-108
-102
-86
-67
-14
-18
-25
-25
-22
52
109
144
149
104
109
128
169
220
208
199
167
153
190
200
213
170
108
103
90
120
116
75
57
6
6
10
17
45
-2
-24
-31
-30
7
-24
-50
-79
-117
-76
-68
-38
1
-26
-14
-33
-21
20
9
43
34
19
33
2
29
32
19
25
-12
12
8
-11
-6
-54
-50
-67
-100
-81
-118
-114
-128
-174
-164
-205
-198
-186
-217
-184
-179
-150
-108
-107
-63
-72
-88
-75
-73
-17
5
7
6
-32
-9
19
57
99
74
68
58
57
107
103
86
40
-9
11
24
68
88
65
61
40
50
75
67
64
23
-4
9
13
36
28
14
33
44
84
102
84
67
37
55
89
110
132
99
68
60
67
112
135
138
116
72
85
109
144
157
87
35
0
6
36
4
-17
-60
-109
-117
-132
-110
-100
-128
-135
-162
