8
-12
-32
-50
-67
-89
-112
-132
-151
-168
-184
-194
-207
-226
-235
-244
-256
-269
-288
-302
-313
-323
-329
-339
-351
-359
-358
-357
-363
-366
-374
-386
-389
-394
-399
-409
-419
-419
-429
-437
-441
-449
-457
-459
-453
-446
-440
-431
-423
-416
-412
-405
-395
-390
-376
-360
-349
-331
-319
-307
-296
-275
-255
-231
-207
-189
-164
-134
-105
-74
-43
-14
32
83
133
188
253
312
368
424
475
527
576
628
673
707
739
768
789
798
803
805
811
818
833
847
858
859
853
843
816
792
773
731
684
638
593
555
513
470
411
351
299
251
217
176
143
108
62
19
-14
-44
-71
-108
-149
-183
-213
-227
-235
-243
-263
-275
-278
-283
-277
-275
-288
-304
-303
-309
-318
-322
-336
-353
-360
-358
-351
-360
-378
-397
-425
-447
-462
-468
-479
-500
-515
-537
-545
-558
-580
-594
-607
-611
-609
-615
-621
-626
-635
-633
-630
-642
-665
-686
-686
-676
-665
-644
-637
-643
-645
-663
-687
-691
-670
-648
-647
-652
-649
-647
-640
-645
-669
-679
-658
-623
-590
-533
-406
-240
-101
-11
64
187
351
533
693
806
909
1025
1152
1258
1325
1375
1390
1385
1400
1444
1513
1569
1597
1612
1623
1640
1660
1634
1571
1494
1433
1375
1304
1218
1116
999
878
769
667
579
514
455
388
308
239
202
189
165
112
57
12
-24
-50
-91
-143
-179
-205
-227
-254
-281
-299
-309
-313
-324
-332
-354
-380
-392
-406
-422
-442
-459
-454
-446
-451
-459
-474
-497
-507
-507
-505
-506
-521
-544
-566
-575
-574
-571
-582
-596
-606
-593
-564
-537
-528
-507
-456
-417
-389
-370
-358
-335
-321
-333
-359
-384
-409
-439
-452
-482
-515
-540
-558
-587
-633
-677
-709
-742
-780
-815
-850
-869
-873
-892
-916
-932
-950
-981
-997
-1002
-983
-860
-690
-514
-385
-308
-201
-34
181
374
526
656
791
943
1084
1188
1267
1307
1310
1319
1353
1447
1542
1600
1609
1602
1620
1643
1652
1586
1468
1369
1300
1240
1159
1059
932
789
648
504
401
324
246
164
55
-11
-18
-20
-30
-94
-160
-198
-214
-222
-256
-283
-302
-308
-298
-306
-297
-290
-274
-240
-238
-250
-246
-228
-201
-187
-198
-224
-248
-251
-247
-244
-265
-283
-296
-312
-290
-267
-258
-252
-272
-287
-293
-312
-336
-373
-420
-454
-454
-442
-443
-457
-466
-468
-486
-494
-504
-534
-573
-624
-682
-739
-785
-819
-870
-925
-965
-1024
-1070
-1112
-1145
-1167
-1185
-1200
-1224
-1258
-1295
-1331
-1371
-1399
-1424
-1456
-1473
-1414
-1232
-1013
-837
-711
-574
-340
-40
251
478
655
849
1069
1288
1446
1561
1656
1681
1693
1699
1772
1883
1918
1919
1923
1978
2072
2149
2150
2060
1957
1903
1865
1785
1637
1459
1267
1072
911
741
569
409
245
84
-35
-109
-150
-180
-237
-292
-338
-341
-313
-329
-366
-377
-356
-334
-366
-410
-419
-402
-384
-394
-409
-408
-373
-332
-317
-313
-296
-264
-225
-205
-197
-182
-166
-163
-159
-179
-191
-181
-188
-205
-222
-249
-272
-301
-355
-392
-430
-450
-454
-468
-472
-462
-441
-419
-385
-350
-311
-272
-253
-241
-246
-245
-260
-319
-390
-460
-527
-584
-650
-708
-759
-810
-859
-916
-969
-1019
-1033
-1028
-1046
-1069
-1094
-1128
-1158
-1200
-1263
-1331
-1335
-1201
-993
-818
-710
-590
-371
-78
231
473
675
896
1153
1401
1590
1768
1916
1987
1992
1999
2089
2175
2210
2204
2175
2222
2305
2366
2365
2294
2213
2145
2087
2012
1883
1725
1539
1337
1109
876
672
488
313
128
-42
-166
-265
-345
-419
-483
-541
-590
-619
-645
-666
-675
-650
-636
-652
-635
-591
-536
-497
-482
-475
-448
-385
-296
-222
-178
-137
-87
-40
-12
11
23
20
9
1
11
15
3
-17
-49
-67
-55
-50
-76
-133
-200
-260
-310
-349
-397
-450
-469
-468
-472
-468
-467
-461
-447
-423
-392
-408
-443
-475
-500
-518
-578
-666
-760
-842
-908
-962
-1016
-1077
-1140
-1182
-1200
-1209
-1224
-1221
-1216
-1221
-1215
-1227
-1256
-1310
-1364
-1427
-1458
-1353
-1148
-930
-788
-665
-486
-235
89
392
638
866
1100
1318
1514
1674
1805
1843
1803
1774
1779
1846
1883
1877
1831
1787
1826
1869
1873
1808
1712
1651
1598
1546
1464
1327
1141
909
663
439
223
15
-187
-379
-562
-720
-848
-946
-1002
-1052
-1094
-1135
-1161
-1169
-1149
-1108
-1086
-1056
-1014
-963
-904
-854
-809
-768
-717
-630
-502
-374
-274
-202
-138
-64
24
113
176
213
234
241
254
275
280
268
257
239
240
247
245
211
138
73
26
-32
-109
-192
-251
-277
-306
-318
-333
-359
-396
-428
-430
-428
-437
-452
-473
-496
-526
-575
-642
-734
-835
-905
-961
-1006
-1037
-1067
-1102
-1131
-1124
-1113
-1114
-1129
-1128
-1114
-1115
-1123
-1135
-1153
-1191
-1237
-1217
-1080
-874
-667
-511
-354
-136
122
416
681
919
1174
1425
1671
1879
2056
2223
2312
2336
2357
2397
2469
2500
2478
2437
2401
2420
2461
2469
2409
2315
2232
2139
2054
1946
1785
1590
1372
1135
898
675
455
215
-30
-274
-479
-652
-806
-948
-1078
-1178
-1245
-1281
-1314
-1333
-1315
-1280
-1240
-1193
-1132
-1053
-991
-924
-855
-794
-708
-609
-500
-388
-314
-244
-158
-65
21
84
142
177
219
271
328
372
379
386
376
352
351
335
304
264
220
169
114
56
2
-39
-96
-129
-158
-184
-227
-293
-337
-369
-405
-434
-465
-519
-557
-603
-646
-689
-755
-830
-907
-980
-1029
-1073
-1116
-1160
-1208
-1250
-1278
-1298
-1322
-1325
-1314
-1284
-1257
-1265
-1260
-1255
-1247
-1244
-1231
-1130
-962
-768
-591
-459
-306
-99
169
452
702
953
1197
1433
1631
1817
2005
2116
2170
2180
2195
2241
2258
2219
2153
2076
2037
2033
2012
1961
1874
1791
1718
1646
1550
1415
1235
1013
789
572
343
119
-106
-347
-583
-789
-961
-1113
-1245
-1375
-1459
-1519
-1552
-1551
-1566
-1533
-1473
-1388
-1294
-1217
-1134
-1032
-915
-806
-688
-576
-470
-350
-225
-114
-11
77
154
213
254
305
378
439
480
509
531
581
635
662
673
649
594
566
515
428
340
226
126
47
-30
-118
-222
-309
-399
-494
-566
-604
-629
-674
-718
-730
-729
-731
-742
-771
-786
-805
-823
-835
-847
-881
-916
-952
-979
-974
-976
-971
-970
-961
-918
-873
-837
-802
-794
-768
-740
-741
-746
-763
-776
-749
-645
-524
-419
-348
-250
-104
118
379
600
806
1042
1298
1534
1751
1924
2038
2077
2083
2105
2145
2171
2124
2015
1917
1874
1858
1829
1760
1640
1511
1386
1267
1141
972
801
603
391
207
15
-191
-412
-626
-829
-1021
-1170
-1304
-1417
-1505
-1580
-1643
-1673
-1676
-1657
-1599
-1484
-1343
-1216
-1079
-937
-760
-579
-419
-282
-149
5
163
315
421
523
616
684
754
816
894
972
1018
1047
1082
1119
1134
1140
1153
1133
1077
1007
917
809
690
565
444
306
174
19
-131
-255
-386
-517
-646
-733
-798
-848
-878
-898
-936
-979
-991
-1016
-1033
-1028
-1034
-1033
-1021
-1006
-985
-969
-965
-965
-947
-920
-919
-918
-896
-851
-800
-748
-681
-649
-625
-592
-585
-596
-624
-639
-593
-504
-371
-228
-107
35
208
410
625
831
1046
1277
1507
1721
1916
2080
2190
2232
2223
2211
2201
2162
2092
1970
1858
1771
1673
1596
1470
1319
1185
1044
901
730
550
377
190
-2
-176
-332
-491
-667
-845
-1013
-1163
-1287
-1387
-1474
-1538
-1576
-1597
-1614
-1621
-1600
-1539
-1430
-1313
-1165
-981
-775
-555
-351
-155
35
232
386
502
607
705
819
907
954
981
1001
1006
990
981
951
916
885
858
811
753
703
639
560
455
351
230
100
-27
-185
-332
-441
-538
-630
-708
-775
-819
-859
-881
-878
-889
-876
-867
-845
-803
-781
-757
-763
-764
-751
-749
-768
-792
-780
-769
-770
-773
-792
-816
-827
-852
-887
-914
-938
-959
-990
-1013
-1053
-1096
-1126
-1142
-1054
-937
-793
-635
-500
-296
-54
249
561
841
1116
1400
1693
1934
2161
2337
2424
2450
2432
2425
2401
2329
2227
2083
1947
1831
1696
1535
1351
1178
1014
868
731
563
392
209
10
-186
-380
-565
-746
-918
-1094
-1279
-1445
-1586
-1699
-1788
-1842
-1864
-1865
-1825
-1764
-1656
-1489
-1288
-1074
-857
-622
-380
-124
126
346
556
758
940
1104
1244
1372
1462
1526
1576
1567
1540
1494
1405
1307
1221
1128
1037
962
865
754
644
521
395
255
89
-82
-225
-355
-470
-581
-685
-780
-857
-909
-959
-992
-1016
-1019
-1006
-989
-954
-909
-870
-825
-807
-793
-753
-742
-729
-742
-748
-756
-795
-828
-873
-905
-957
-1034
-1103
-1150
-1189
-1257
-1325
-1398
-1479
-1549
-1630
-1695
-1637
-1492
-1307
-1143
-984
-705
-321
150
613
1032
1435
1846
2277
2631
2943
3191
3350
3428
3406
3331
3228
3083
2867
2590
2317
2081
1842
1576
1266
961
711
485
276
39
-225
-477
-738
-992
-1249
-1492
-1710
-1912
-2091
-2233
-2326
-2382
-2412
-2426
-2415
-2357
-2217
-2035
-1846
-1620
-1333
-994
-652
-311
2
319
655
942
1202
1414
1595
1726
1821
1882
1893
1866
1772
1636
1464
1296
1131
953
764
553
369
203
74
-48
-175
-244
-297
-318
-355
-410
-429
-421
-385
-349
-301
-238
-198
-175
-145
-119
-88
-35
-10
-23
-56
-91
-134
-187
-283
-389
-505
-662
-822
-1013
-1203
-1387
-1573
-1742
-1884
-2004
-2099
-2187
-2276
-2342
-2393
-2418
-2442
-2443
-2474
-2522
-2548
-2463
-2203
-1848
-1494
-1193
-742
-67
736
1483
2121
2798
3552
4291
4824
5097
5247
5352
5350
5127
4715
4209
3681
3122
2438
1738
1145
641
185
-284
-702
-939
-1042
-1095
-1207
-1360
-1415
-1413
-1372
-1420
-1521
-1593
-1608
-1572
-1571
-1543
-1520
-1454
-1320
-1157
-917
-652
-405
-156
99
394
682
900
1054
1135
1173
1165
1069
906
685
427
158
-144
-406
-596
-747
-902
-1042
-1086
-1015
-877
-763
-668
-530
-319
-54
188
352
495
647
818
964
1033
1084
1135
1167
1165
1091
977
823
616
400
146
-114
-338
-587
-857
-1124
-1320
-1452
-1515
-1469
-1472
-1475
-1444
-1390
-1331
-1330
-1314
-1300
-1248
-1179
-1144
-1106
-1090
-1053
-1003
-986
-998
-1065
-1159
-1306
-1487
-1736
-1955
-1915
-1652
-1284
-1018
-734
-153
779
1810
2587
3239
3968
4865
5613
5878
5810
5649
5491
5121
4383
3447
2540
1742
987
148
-570
-989
-1177
-1249
-1330
-1232
-880
-360
112
377
550
734
974
1087
959
691
384
147
-48
-281
-533
-770
-898
-872
-774
-654
-523
-384
-241
-112
-27
-28
-128
-279
-497
-769
-1061
-1369
-1626
-1811
-1967
-2033
-1937
-1675
-1317
-916
-485
-1
592
1182
1649
1925
2056
2153
2179
2056
1733
1286
850
439
47
-383
-835
-1214
-1490
-1705
-1888
-1977
-1974
-1922
-1849
-1738
-1565
-1355
-1120
-901
-730
-586
-395
-200
-114
-127
-219
-379
-558
-812
-1176
-1586
-2005
-2347
-2663
-3023
-3356
-3634
-3827
-3953
-3947
-3884
-3831
-3745
-3705
-3649
-3598
-3274
-2497
-1507
-670
-39
877
2336
4000
5206
5879
6539
7472
8326
8434
7750
6822
5982
5010
3562
1808
186
-1018
-1956
-2847
-3529
-3658
-3181
-2496
-1859
-1140
-91
1217
2410
3117
3417
3629
3893
4024
3742
3166
2548
2139
1855
1520
1111
691
406
272
201
125
-30
-316
-672
-1077
-1586
-2191
-2806
-3386
-3867
-4149
-4245
-4111
-3681
-3027
-2219
-1284
-217
1067
2490
3703
4517
5015
5322
5445
5294
4702
3677
2466
1324
207
-966
-2074
-3015
-3592
-3833
-3877
-3751
-3381
-2737
-1910
-1075
-294
541
1350
1984
2411
2682
2864
3057
3078
2773
2244
1630
1037
394
-399
-1281
-2085
-2799
-3478
-4030
-4535
-4883
-5006
-5034
-4952
-4800
-4515
-4201
-3865
-3565
-3358
-3109
-2972
-3032
-2689
-1350
261
1379
1916
2823
4876
6992
7927
7737
7610
7974
8140
6898
4214
1771
16
-1724
-3893
-6132
-7435
-7519
-6986
-6417
-5499
-3596
-831
1914
3869
5402
7289
9031
9896
9710
8649
7502
6471
5246
3619
1753
299
-599
-1084
-1466
-1816
-1972
-2068
-2086
-2085
-2228
-2539
-2952
-3405
-3856
-4176
-4268
-4178
-3769
-3020
-2096
-974
358
1877
3367
4459
5034
5246
5310
5140
4372
2919
1119
-457
-1729
-2983
-4249
-5322
-5839
-5736
-5362
-4927
-4274
-3209
-1839
-582
377
1213
2043
2803
3224
3191
2894
2603
2286
1679
788
-136
-875
-1456
-2106
-2862
-3529
-3841
-3817
-3758
-3737
-3599
-3195
-2669
-2239
-1969
-1768
-1537
-1382
-1434
-1731
-2060
-2391
-2670
-3053
-3496
-3934
-4361
-4954
-5172
-3319
-771
962
1553
2305
4987
7949
8943
7544
6333
6285
6273
4485
565
-2399
-3579
-4456
-5862
-7290
-7206
-5369
-3252
-1647
-67
2621
5874
8059
8610
8249
8767
9372
8632
6885
4615
3074
2300
1562
596
-524
-895
-751
-610
-681
-957
-1149
-1575
-2104
-2543
-2859
-2977
-3010
-2863
-2439
-1614
-294
1086
2355
3583
4526
5129
5193
4914
4407
3374
1861
186
-1065
-1910
-2722
-3659
-4357
-4250
-3551
-2837
-2378
-1953
-1269
-426
125
221
244
387
605
679
446
281
388
556
427
46
-268
-422
-591
-1098
-1711
-2132
-2334
-2423
-2523
-2581
-2433
-1995
-1452
-1127
-1043
-903
-741
-674
-819
-1196
-1662
-2081
-2468
-2937
-3428
-3866
-4406
-4894
-5464
-5940
-6463
-5824
-2535
780
2662
3187
4807
8661
11519
11050
8170
6529
6318
5531
1943
-3098
-5727
-6277
-6892
-8132
-8577
-6753
-3693
-1416
206
2361
5782
8767
9496
8454
7661
8385
8387
6641
4202
2226
1608
1243
471
-626
-1592
-1790
-1760
-1914
-2165
-2276
-2543
-3065
-3155
-2490
-1303
-254
647
1930
3538
5253
6557
6968
6780
6166
4952
3160
1180
-562
-2229
-4039
-5581
-6049
-5223
-3919
-2996
-2456
-1538
174
1902
2604
2297
1628
1105
589
-256
-1306
-2136
-2531
-2687
-2601
-2199
-1441
-539
33
162
210
451
686
461
-363
-1282
-1801
-1956
-2149
-2543
-2911
-3031
-2920
-2712
-2457
-2104
-1769
-1640
-1611
-1719
-1785
-1805
-2219
-3118
-4161
-4940
-5320
-5560
-6216
-7174
-8036
-8220
-4817
751
4225
5266
5509
8605
12693
13110
9001
4500
2754
1853
-894
-6377
-9940
-9680
-8845
-8965
-8588
-5545
-681
2664
3852
4918
7623
10718
11214
8849
6167
5907
6799
5784
3644
1775
1138
1135
433
-455
-1660
-2704
-3546
-4322
-4643
-4207
-3547
-3337
-2628
-729
2190
4839
6398
7528
8426
8815
8586
7235
4975
2462
-152
-2779
-5054
-6349
-6654
-6534
-6228
-5044
-2444
722
3213
4560
5249
5974
6613
6219
4643
2723
916
-735
-2439
-3876
-4429
-4390
-4246
-3949
-3042
-1295
565
1552
1701
1835
2154
2118
1308
-107
-1596
-2860
-3831
-4556
-5060
-5171
-4803
-4289
-3638
-2817
-1882
-1052
-796
-1002
-1479
-1811
-2381
-3294
-4537
-5888
-6548
-6950
-7174
-7607
-7813
-7689
-4484
1858
6402
8008
7469
9239
12333
11921
7035
1450
-1055
-2230
-4514
-8766
-11034
-9481
-7213
-6392
-5296
-1713
3420
6304
6422
6588
8333
10811
11163
8957
6582
6335
7445
7133
4988
2974
2051
1297
-338
-2275
-3880
-4680
-5065
-5403
-5008
-3352
-847
1004
2235
3835
6202
8250
8753
7963
6579
5170
3888
2248
-72
-2463
-4374
-5652
-6372
-6623
-6232
-5491
-4515
-2996
-804
1982
4302
5562
5995
6216
6475
5968
4440
2435
254
-1861
-3691
-5052
-5587
-5356
-4707
-3822
-2496
-695
1294
2719
2934
2479
2020
1451
326
-1299
-2747
-3539
-3909
-4237
-4315
-3859
-3088
-2457
-2173
-2058
-1751
-1506
-1646
-2103
-2639
-3143
-3530
-3947
-4534
-4994
-5377
-5611
-5850
-6238
-6651
-6759
-6219
-2331
3734
7429
8288
7489
9234
11417
9442
3393
-2060
-4017
-4637
-6770
-10650
-11281
-8392
-5208
-4177
-2666
1203
5887
7706
6765
6717
8209
10290
9974
7127
4716
4905
5790
4910
2198
-182
-1175
-2018
-3177
-4313
-4853
-4280
-2818
-1069
1042
3640
6178
7423
7673
7977
8465
8369
6850
4532
2393
849
126
-754
-2154
-3262
-4021
-4354
-4269
-3728
-2697
-1924
-1224
516
3295
6155
7971
8360
8082
7698
7026
5267
2413
-544
-3166
-4933
-5885
-5802
-4575
-2932
-1177
631
2454
4311
5544
5501
4289
2648
1388
236
-932
-2202
-3071
-3220
-2646
-1694
-1104
-843
-749
-751
-1052
-1441
-1928
-2274
-2570
-2966
-3022
-2874
-2665
-2611
-3331
-4044
-4482
-4955
-5371
-6537
-7648
-7505
-2756
4445
8751
8985
7374
9275
10864
7994
1165
-4546
-6311
-6737
-8713
-11316
-9995
-6193
-2837
-2436
-975
2954
6765
7128
4751
3951
4926
6818
6704
4409
2498
2820
3590
2834
385
-1799
-2783
-4015
-4978
-5503
-5102
-3389
-1220
985
3250
5738
7968
8462
7317
6037
5023
4002
2338
181
-1681
-2662
-2302
-1820
-2193
-2804
-3329
-3430
-3407
-3000
-2150
-1635
-852
565
2929
5509
6825
6426
4909
3420
2177
523
-1866
-3875
-5074
-5269
-4664
-3492
-1805
-347
677
1064
1042
962
845
183
-1081
-2243
-2465
-1815
-971
-469
-314
57
385
294
-491
-1778
-3150
-4510
-5724
-6246
-6091
-5596
-5100
-4658
-3852
-2953
-2357
-2513
-3156
-4018
-4795
-5316
-5899
-6720
-7629
-7635
-2639
5207
9780
9508
6598
7396
8428
5134
-1965
-7345
-7753
-6362
-6892
-8569
-6542
-2160
1186
136
-166
2171
5187
5206
2355
1794
3537
6611
7836
6412
4833
4932
4960
3577
203
-2660
-3940
-5067
-5179
-4744
-3344
-907
1791
4519
6343
7569
8173
7082
5104
3012
1601
918
167
-227
-368
-207
1040
2008
1681
518
-1071
-2327
-3419
-3816
-2908
-1888
-930
708
3303
6324
7675
6894
4829
2673
1081
-496
-2020
-2922
-3217
-3077
-2271
-955
665
1364
1161
674
131
81
240
432
501
571
1068
1736
2341
2601
2055
928
-585
-1934
-2907
-3838
-4815
-5571
-5799
-5183
-4070
-3085
-2404
-2292
-2229
-2029
-1817
-1944
-2549
-3463
-4224
-4664
-4968
-5267
-5961
-6877
-5783
319
6933
9750
7509
5053
6474
6486
3101
-3033
-5572
-4277
-2913
-4282
-5555
-3661
-234
998
-1232
-1090
1000
4093
4103
3077
3826
6051
8787
8963
6834
4767
3708
2537
410
-2558
-3888
-4486
-4717
-3835
-2445
-224
2026
3832
5472
6243
6741
6166
4240
2508
1595
1723
1889
1668
1739
2039
2434
2785
1844
246
-1328
-2615
-3588
-4252
-3442
-1573
207
1763
3740
6291
8108
7914
5994
3337
1101
-375
-1562
-2427
-2870
-3047
-2648
-1733
-611
330
423
118
-102
-144
479
1394
1898
2069
2254
2741
3027
2597
1763
356
-1446
-3047
-4310
-5109
-5710
-6105
-6197
-5972
-5161
-3887
-2893
-2562
-2559
-2255
-1592
-1453
-1993
-2970
-3964
-4690
-5493
-6054
-6808
-7935
-9135
-7653
-903
6207
8988
6692
5253
7121
7722
4019
-2388
-5027
-4180
-3192
-5187
-6531
-4874
-1123
-21
-2021
-1691
710
4021
4122
3442
4122
6323
8388
8208
6189
4303
2799
1005
-1237
-3677
-4537
-5350
-5772
-5047
-3501
-954
1345
3052
4447
5223
5925
5280
3345
1771
1307
1923
2034
1223
803
1005
1280
1041
-471
-2096
-3300
-4118
-4443
-4155
-2692
-586
1319
3167
5174
7090
7856
6686
4287
1634
-500
-2142
-3501
-4214
-4137
-3565
-2824
-2153
-1265
-173
455
473
292
572
1755
3011
3487
3339
3246
3482
3185
1825
-67
-1943
-3413
-4658
-5760
-6319
-6299
-5953
-5282
-4209
-2812
-1406
-685
-483
-390
-109
-51
-949
-2501
-4244
-5700
-6633
-7496
-8161
-8944
-9603
-9239
-7335
-1369
5857
10071
9733
7187
7529
7853
4980
-1085
-5609
-5563
-3641
-3716
-4732
-4418
-1895
685
-493
-702
308
3176
5214
5316
6732
8610
10445
10947
9114
6575
4203
1226
-1138
-3972
-5337
-5263
-5461
-4267
-2402
505
3599
5046
6112
6448
6410
5894
3876
2127
1421
1607
2134
1826
1667
1861
1185
403
-937
-2295
-3487
-4704
-4492
-3293
-1326
1069
3130
5119
6643
7472
7509
5976
3431
642
-1715
-3227
-4402
-5024
-4636
-3501
-2328
-1664
-1384
-706
-70
328
562
997
2149
3169
3892
4154
3978
3455
2215
348
-1590
-3408
-4985
-6122
-6827
-6721
-6078
-5055
-3683
-2232
-722
418
893
748
393
-14
-834
-2249
-3978
-5536
-6888
-7877
-8396
-8720
-9063
-9288
-8705
-7313
-4715
980
7373
10743
9603
7172
7057
6048
2025
-4642
-8193
-6993
-4409
-4105
-5620
-5510
-2641
61
-171
-45
847
3722
5392
6820
8853
10036
10414
8831
6340
3936
1469
-1391
-4136
-6432
-5906
-4598
-3619
-2101
-221
2708
4951
5990
6492
5788
5050
4391
3509
3002
2417
2359
2670
2642
2404
919
-1354
-2684
-3351
-3626
-4342
-4488
-2868
-527
2322
4787
6300
6851
6413
5897
4804
2501
-191
-2619
-3821
-3931
-3813
-3271
-2357
-1195
-80
154
133
40
-138
249
933
1875
2447
2687
3094
3349
2865
1231
-1293
-3645
-5198
-5977
-6169
-6196
-5627
-4572
-3135
-1403
20
814
895
713
625
283
-548
-1777
-3021
-3922
-4627
-5312
-6023
-6836
-7736
-8226
-8052
-7025
-6123
-5542
-4723
-2933
1413
6765
10225
9954
7247
5594
3910
409
-4624
-7796
-6371
-3199
-1681
-2238
-2266
-99
2899
3482
3126
3006
4365
6056
7063
8403
8651
8276
7306
5878
4128
1868
-862
-2781
-4080
-3610
-1878
-465
729
1619
3479
5775
7212
7451
6407
5427
5447
5248
4699
3526
2114
1397
533
-344
-1421
-3043
-3977
-3947
-2708
-1041
88
1467
3011
4886
6546
7055
6508
4907
3302
2142
585
-1514
-3750
-4679
-3698
-2496
-1833
-1778
-1595
-752
-69
703
1106
1421
2328
3548
4744
4798
3685
2325
873
-933
-2990
-4971
-6034
-6339
-5749
-4514
-3006
-1388
-46
1497
2740
2975
2090
919
209
-114
-761
-1773
-2957
-3988
-4460
-4470
-4486
-5306
-6405
-6579
-5491
-4326
-4003
-4111
-3615
-2679
-1952
-1414
720
4941
7933
7623
4413
2582
2210
752
-2768
-5923
-5086
-1366
1985
2490
2159
2309
3570
3375
2513
2132
2917
4211
4925
6190
7070
7400
6576
5334
3670
2038
142
-1382
-2479
-2080
-89
1963
3200
3663
4873
6472
7526
7449
6535
5341
4421
3267
2310
1154
-32
-662
-843
-523
-546
-836
-921
-242
998
1978
2622
3511
4296
4979
5273
4963
4139
2451
1137
718
323
-961
-2794
-3405
-2429
-1261
-789
-665
52
1068
1868
2551
2846
2823
2509
2076
1337
-33
-1936
-3596
-4808
-5371
-5555
-5954
-6370
-6313
-5107
-3434
-2037
-1213
-523
239
720
399
-464
-1654
-3023
-4416
-5940
-7032
-7589
-7944
-8481
-8842
-8754
-8194
-7467
-6712
-5800
-5068
-4794
-5045
-5466
-5990
-6600
-7236
-7888
-8352
-7364
-3884
-135
1500
374
-514
157
325
-1334
-4073
-4687
-2779
-136
850
84
-1269
-1732
-2253
-2952
-3264
-2507
-805
646
2381
3372
3733
3414
3277
3098
2606
1652
445
-717
-1185
-451
599
1180
1143
1443
1946
2043
1539
717
-400
-1115
-1171
-365
243
116
32
174
735
1038
656
-280
-1275
-1603
-1299
-1372
-1659
-1711
-1136
-189
347
348
-324
-1232
-1564
-1239
-1091
-1660
-2269
-2121
-1460
-1023
-1069
-1055
-747
-185
297
224
-457
-1234
-1445
-1337
-1498
-2045
-2446
-2504
-2452
-2037
-1324
-751
-476
-367
71
620
779
578
159
-70
-218
-763
-1596
-2500
-2804
-2491
-2296
-2063
-1683
-1274
-1010
-876
-882
-1469
-2610
-3326
-3276
-2936
-2728
-2720
-2430
-2234
-2029
-1819
-1854
-1925
-1353
940
4270
6526
6898
6321
6366
6800
6130
3814
1018
-69
1159
2619
2440
1359
1041
1922
2381
2476
3060
4254
5591
6977
8107
8317
7228
6174
5917
5622
5097
4331
3747
3279
3035
3258
3557
3079
2435
2406
3015
3649
3761
3376
2735
2278
2258
2092
1123
-115
-936
-1128
-1264
-1342
-1090
-628
81
840
1105
544
-641
-1654
-2175
-2606
-2857
-2850
-2684
-2387
-1672
-755
-554
-1377
-2527
-3336
-3874
-4302
-4487
-4509
-4560
-4250
-3311
-2303
-2034
-2065
-1539
-1006
-1281
-2138
-2689
-2718
-2641
-2562
-2386
-2405
-2607
-2593
-2440
-2468
-2857
-3145
-2960
-2484
-1983
-1664
-1568
-1427
-1074
-885
-1239
-2192
-3097
-3676
-4157
-4414
-4565
-4456
-3999
-3297
-2423
-1869
-1695
-1532
-1508
-1752
-2272
-2935
-3501
-4067
-4480
-4525
-4662
-4720
-3994
-2409
-1343
-1677
-2466
-2177
-904
299
870
790
803
1633
3074
3816
3361
2193
1607
1116
737
866
1524
2226
2814
3737
4257
3874
3096
3078
3588
3989
4217
4649
4958
5089
5074
4862
3804
2126
1146
1195
1677
1843
1805
1748
1694
1688
1905
1862
1282
464
-169
-505
-656
-866
-1040
-1110
-1033
-813
-765
-812
-869
-888
-1058
-1385
-1773
-2103
-2448
-2581
-2418
-2394
-2750
-3167
-3083
-2428
-1723
-1395
-1304
-1303
-1067
-624
-357
-481
-808
-718
-226
3
-116
-275
-418
-532
-456
-158
117
334
833
1586
1989
1849
1519
1111
615
54
-251
-367
-490
-426
-144
192
463
593
500
188
-32
32
-6
-252
-374
-387
-569
-896
-1401
-1986
-2857
-3839
-4467
-4815
-4906
-4599
-3749
-2638
-1654
-783
491
1994
2514
1687
185
-671
-314
439
1099
1208
946
1340
2369
3120
3193
2764
2864
3197
3643
4631
5685
6163
6190
6448
6554
5634
4195
3539
3342
2948
2366
2330
2770
3378
4284
5129
4949
3823
2941
2710
2470
1906
1423
1051
679
571
934
1082
452
-353
-719
-1085
-1696
-2482
-2837
-2813
-2684
-2355
-2160
-2164
-2265
-2058
-1646
-1582
-1970
-2400
-2630
-2432
-2155
-2121
-2373
-2735
-2767
-2569
-2466
-2555
-2673
-2556
-1968
-1225
-606
-354
-154
301
674
688
613
760
1022
1018
906
1052
1199
1178
1154
1281
1420
1469
1333
1286
1286
1362
1491
1300
977
797
766
612
307
125
83
-58
-291
-650
-1106
-1537
-1857
-2012
-2165
-2263
-2148
-1849
-1522
-1140
-795
-604
-678
-923
-1219
-1576
-1977
-2303
-2472
-2519
-1949
-658
237
34
-650
-641
370
1403
2078
2372
2589
3344
4360
4771
4290
3303
2976
2983
2779
2603
2571
2681
2862
3567
4323
4253
3553
3241
3440
3638
3461
3337
3330
3212
3021
2771
2074
1090
432
111
-182
-715
-1159
-1366
-1346
-1166
-753
-541
-739
-841
-648
-550
-877
-1497
-2079
-2512
-2847
-3093
-3339
-3450
-3411
-3097
-2839
-2961
-3240
-3429
-3301
-2866
-2400
-2072
-1892
-1691
-1266
-815
-495
-582
-882
-1060
-1014
-709
-417
-151
339
1033
1698
2006
1981
1901
1847
1873
1871
1678
1331
1195
1453
1727
1612
1281
1050
897
791
725
572
352
286
615
1041
1055
858
834
928
724
250
-294
-802
-1147
-1276
-1279
-1472
-1708
-1683
-1414
-1184
-1226
-1331
-1294
-1260
-1187
-1019
-991
-1178
-1458
-1641
-1862
-2153
-1943
-730
758
1200
589
-129
-56
517
941
1022
801
947
1970
3110
3538
3170
2873
3093
3111
3070
3139
3119
2668
2376
2474
2200
1329
869
1344
1880
1834
1592
1659
1796
1864
1975
1747
702
-319
-531
-143
-39
-491
-1032
-1513
-1834
-1940
-1974
-2215
-2568
-2488
-2126
-1954
-2033
-2105
-1919
-1723
-1664
-1834
-2274
-2636
-2712
-2492
-2434
-2623
-2698
-2583
-2067
-1322
-728
-650
-954
-894
-327
186
196
7
83
300
423
446
450
402
322
396
526
495
530
870
1286
1469
1617
1867
2045
2070
1995
1820
1404
932
733
728
766
817
948
1006
950
1046
1086
871
654
773
938
742
456
355
283
79
-194
-527
-966
-1270
-1220
-1086
-1139
-1173
-953
-718
-770
-943
-988
-1014
-1124
-1173
-1117
-1182
-1350
-1340
-1216
-1072
-466
514
896
234
-899
-1350
-944
-343
62
110
268
1199
2554
3414
3220
2556
2295
2044
1727
1532
1659
1717
1732
1963
1923
1220
450
310
392
20
-589
-699
-300
349
1046
1501
1066
186
-244
-176
-257
-762
-1249
-1485
-1534
-1402
-1180
-1292
-1763
-2062
-1932
-1745
-1739
-1771
-1556
-1298
-1170
-1301
-1685
-2005
-2110
-1776
-1400
-1275
-1240
-1189
-938
-553
-240
-108
-232
-224
131
676
1080
1159
1211
1286
1276
1037
643
354
301
473
796
1189
1526
1870
2271
2530
2638
2598
2469
2435
2441
2359
2162
1977
1883
1671
1301
973
766
537
471
673
844
845
768
905
1035
764
382
154
-68
-330
-543
-635
-866
-1064
-971
-848
-959
-1180
-1209
-1142
-1223
-1358
-1346
-1337
-1388
-1296
-1149
-1221
-1435
-1511
-1348
-1366
-1618
-1846
-1921
-1791
-1293
-424
-10
-421
-1076
-1124
-641
-381
-431
-562
-523
-71
542
830
584
120
128
389
509
507
554
558
545
695
598
-28
-677
-579
6
239
21
-109
2
202
395
381
-232
-1077
-1329
-911
-495
-445
-478
-439
-452
-487
-352
-279
-486
-615
-431
-168
-72
-93
89
349
348
13
-596
-1170
-1353
-1012
-463
-159
-37
300
1016
1871
2335
2246
1814
1469
1516
1687
1677
1435
1308
1356
1358
1258
1110
974
983
1205
1507
1550
1329
1339
1695
2084
2081
1672
1109
589
341
331
233
-21
-169
-128
-57
-152
-227
-291
-443
-483
-375
-241
-142
77
407
524
296
21
-187
-359
-561
-651
-696
-821
-808
-565
-341
-293
-240
-134
-109
-200
-213
-226
-353
-586
-802
-1032
-1279
-1325
-1182
-1037
-989
-1017
-1078
-1230
-1441
-1545
-1630
-1840
-2047
-1967
-1687
-1353
-1093
-1078
-1317
-1550
-1487
-1283
-1273
-1517
-1716
-1499
-983
-600
-402
-379
-310
-139
14
74
27
29
164
388
552
535
409
383
459
524
453
283
162
269
561
831
887
876
1078
1466
1859
2071
2136
2151
2123
1998
1743
1462
1255
1171
1204
1248
1327
1463
1644
1872
1981
1952
1781
1591
1527
1492
1462
1337
1141
1019
973
953
831
558
228
-59
-210
-247
-270
-289
-194
3
181
215
102
-7
-109
-209
-363
-584
-794
-929
-954
-956
-1023
-1065
-992
-780
-524
-328
-177
-77
62
201
260
226
116
53
13
-3
-34
-61
33
239
408
402
314
258
337
503
613
559
371
205
171
144
-66
-380
-657
-835
-939
-1013
-1080
-1143
-1105
-1012
-999
-1080
-1220
-1314
-1350
-1375
-1429
-1641
-2010
-2295
-2458
-2591
-2754
-2926
-3004
-3014
-2967
-2873
-2846
-2862
-2755
-2507
-2217
-1965
-1628
-1174
-855
-708
-648
-509
-216
151
505
721
862
1106
1367
1484
1487
1563
1782
2016
2307
2619
2829
2874
2920
3050
3111
3060
3020
3000
2938
2867
2887
2868
2705
2578
2522
2349
1992
1706
1597
1530
1431
1414
1393
1168
883
717
596
343
-50
-382
-625
-817
-877
-912
-1008
-1114
-1107
-1005
-964
-927
-868
-839
-890
-999
-1068
-1154
-1210
-1118
-1001
-1057
-1196
-1094
-844
-686
-656
-618
-439
-203
82
395
584
590
521
478
436
369
305
155
-95
-333
-425
-458
-537
-590
-593
-526
-440
-268
5
227
345
379
347
261
125
1
-102
-196
-293
-388
-484
-599
-679
-730
-767
-805
-768
-674
-703
-835
-884
-824
-790
-788
-704
-576
-552
-525
-435
-353
-411
-580
-696
-811
-878
-776
-566
-402
-261
-70
76
131
143
134
66
-48
-16
126
204
243
342
443
451
402
405
368
295
285
363
440
473
575
726
845
904
966
950
806
637
503
418
311
232
225
214
274
411
532
567
536
597
689
718
718
702
667
541
424
376
336
228
145
160
148
78
11
12
46
72
124
216
301
358
402
392
292
207
154
42
-137
-306
-359
-366
-321
-206
-60
131
282
397
458
495
514
424
268
161
170
185
116
93
137
128
43
-56
-97
-87
-40
16
56
88
122
171
179
132
75
-6
-167
-332
-399
-351
-289
-300
-310
-308
-307
-292
-277
-287
-325
-399
-434
-501
-596
-633
-649
-666
-728
-778
-744
-682
-608
-531
-497
-496
-542
-553
-519
-473
-418
-380
-371
-356
-317
-318
-373
-431
-431
-355
-253
-123
28
207
407
578
679
607
393
234
282
481
655
706
696
725
819
862
763
570
380
323
451
640
694
659
656
718
752
621
412
181
6
-68
-78
-121
-250
-346
-428
-570
-791
-963
-1030
-1051
-1040
-983
-874
-798
-764
-770
-832
-938
-1087
-1216
-1264
-1259
-1248
-1281
-1280
-1178
-1039
-935
-875
-805
-719
-638
-532
-411
-350
-298
-151
39
178
237
254
293
355
429
510
584
695
886
1115
1332
1512
1631
1684
1726
1751
1719
1623
1508
1458
1464
1465
1459
1498
1558
1578
1524
1382
1217
1073
938
793
634
528
499
517
534
475
355
253
161
44
-112
-302
-448
-507
-506
-485
-513
-570
-583
-551
-478
-436
-482
-562
-648
-767
-882
-984
-1054
-1099
-1117
-1069
-1002
-919
-836
-722
-625
-590
-604
-623
-550
-432
-310
-205
-132
-75
-42
-43
-75
-112
-154
-185
-232
-283
-290
-288
-268
-237
-200
-133
-52
33
106
169
242
280
232
100
-45
-162
-281
-406
-481
-469
-423
-453
-578
-749
-835
-747
-532
-367
-380
-389
-264
-133
-168
-319
-467
-530
-491
-337
-211
-198
-194
-72
86
136
222
430
646
793
942
1059
1123
1162
1218
1203
1029
859
838
908
1038
1242
1431
1512
1524
1563
1539
1414
1275
1179
1093
977
944
1011
1045
1026
987
905
705
424
238
136
69
26
24
68
126
223
329
344
224
84
18
-32
-129
-290
-461
-638
-762
-774
-736
-742
-806
-819
-797
-741
-676
-655
-636
-618
-577
-552
-626
-708
-688
-615
-564
-532
-465
-399
-365
-341
-334
-385
-491
-563
-597
-655
-720
-720
-672
-659
-633
-590
-553
-535
-540
-576
-650
-730
-794
-805
-761
-727
-688
-594
-443
-291
-191
-172
-177
-141
-88
-88
-112
-117
-128
-118
-88
-64
-66
-98
-97
-12
72
122
183
304
481
658
800
875
891
870
803
686
537
370
243
198
217
281
358
440
540
645
707
682
607
523
434
346
271
226
202
196
185
173
159
108
69
86
123
147
216
320
432
549
618
647
646
622
581
501
379
266
188
112
14
-68
-116
-129
-81
6
59
95
138
185
216
216
219
245
237
182
142
102
5
-175
-356
-454
-463
-418
-342
-240
-117
-14
21
42
62
65
18
-74
-171
-235
-262
-288
-313
-361
-425
-501
-588
-675
-752
-821
-864
-894
-899
-856
-793
-763
-786
-864
-944
-1036
-1122
-1213
-1321
-1402
-1458
-1452
-1387
-1291
-1203
-1130
-1045
-964
-897
-831
-765
-695
-645
-623
-581
-488
-366
-224
-78
59
167
232
314
442
585
717
839
968
1094
1223
1354
1469
1533
1528
1517
1511
1493
1472
1433
1360
1311
1322
1351
1376
1394
1443
1489
1502
1515
1517
1494
1468
1457
1410
1275
1130
1002
885
762
602
445
289
164
102
46
-13
-73
-133
-151
-172
-221
-298
-356
-369
-402
-450
-505
-574
-654
-710
-779
-875
-943
-982
-973
-989
-1007
-1002
-984
-963
-946
-913
-882
-827
-747
-658
-598
-555
-516
-490
-500
-539
-578
-618
-661
-676
-631
-536
-432
-334
-240
-140
-50
8
42
42
2
-75
-177
-267
-318
-361
-389
-404
-400
-381
-327
-241
-140
-27
45
106
138
137
95
9
-68
-159
-249
-308
-328
-313
-294
-247
-186
-132
-73
-1
48
61
50
50
82
128
171
199
190
180
212
257
301
342
410
496
591
684
760
818
868
946
1039
1112
1157
1188
1224
1235
1249
1274
1259
1204
1155
1158
1168
1176
1206
1242
1266
1256
1209
1136
1043
941
847
756
656
530
427
363
299
232
127
3
-129
-250
-349
-453
-557
-656
-757
-876
-998
-1121
-1217
-1280
-1304
-1286
-1278
-1200
-1028
-932
-973
-1136
-1291
-1353
-1345
-1226
-1133
-1065
-863
-621
-498
-507
-534
-500
-480
-429
-329
-273
-216
-70
91
132
94
133
234
282
348
431
472
529
646
730
703
608
587
595
562
538
491
414
329
226
64
-127
-219
-198
-123
-73
-59
-21
4
-19
-135
-286
-421
-553
-626
-663
-655
-638
-598
-502
-453
-429
-392
-355
-342
-339
-264
-173
-114
-44
26
65
58
94
153
165
185
247
337
413
487
585
673
746
844
946
992
997
997
996
963
906
868
822
744
665
617
623
631
631
638
617
574
538
496
413
289
184
96
9
-80
-132
-152
-190
-222
-261
-314
-396
-484
-569
-664
-756
-825
-851
-849
-845
-824
-795
-797
-818
-849
-881
-888
-878
-860
-840
-834
-816
-782
-746
-708
-662
-615
-581
-546
-462
-402
-377
-330
-272
-182
-107
-19
65
116
156
200
217
185
135
115
133
133
145
179
221
249
295
356
385
380
343
316
265
198
116
16
-79
-145
-154
-173
-224
-260
-240
-203
-191
-219
-241
-251
-272
-283
-315
-357
-381
-400
-414
-453
-483
-487
-457
-384
-277
-183
-110
-28
48
119
138
152
168
180
223
275
311
326
361
418
479
530
571
649
764
861
906
902
855
815
820
836
845
817
760
725
709
683
638
568
484
400
312
232
158
91
43
-9
-60
-93
-135
-176
-246
-329
-409
-471
-516
-569
-607
-639
-662
-699
-740
-778
-806
-850
-878
-857
-840
-832
-830
-812
-771
-724
-668
-609
-573
-512
-442
-378
-335
-307
-279
-231
-162
-117
-73
-24
57
150
239
328
380
400
420
428
415
391
373
384
410
423
451
476
494
520
560
594
583
571
574
590
597
596
583
542
473
417
389
321
246
187
165
178
190
230
279
335
367
346
303
253
173
87
-6
-111
-195
-233
-243
-239
-241
-244
-230
-248
-266
-268
-297
-345
-393
-418
-433
-473
-516
-543
-566
-578
-594
-625
-658
-674
-640
-597
-566
-533
-501
-451
-399
-356
-324
-291
-282
-287
-279
-246
-197
-138
-65
15
101
176
251
314
368
412
455
495
510
508
518
526
544
565
590
608
622
656
699
739
754
740
701
