-25
-14
-9
-10
-14
-20
-25
-24
-17
-6
2
7
10
12
12
12
15
18
20
19
16
13
11
8
4
2
1
1
1
2
4
6
7
7
7
6
4
2
1
2
7
10
15
19
19
18
19
23
29
39
44
48
43
35
24
15
12
14
17
19
16
12
6
0
-3
-1
4
7
9
9
8
4
-3
-7
-7
-4
0
6
13
17
19
16
14
15
15
13
10
7
4
-3
-7
-9
-9
-9
-8
-6
-3
-1
1
2
0
-1
-6
-10
-14
-14
-13
-12
-10
-9
-9
-12
-14
-12
-8
0
6
10
11
10
6
2
0
-2
-1
1
4
6
5
1
-2
-3
-4
-4
-1
2
4
1
-7
-15
-19
-22
-21
-16
-8
-3
-3
-4
-6
-7
-5
-2
0
0
0
-1
-2
-4
-4
-4
-2
-1
4
7
8
10
9
7
3
-3
-7
-10
-12
-14
-15
-15
-14
-13
-14
-14
-14
-14
-11
-8
-4
-1
0
-3
-7
-13
-15
-11
-6
1
6
6
4
3
2
1
2
4
5
5
1
-7
-15
-22
-27
-28
-23
-18
-12
-10
-12
-15
-16
-16
-12
-6
-1
3
8
12
12
14
17
18
22
25
26
27
28
25
21
15
10
7
4
2
0
0
1
0
0
1
0
-4
-5
-1
4
10
14
15
14
10
7
8
14
22
28
31
32
28
24
18
16
17
14
11
7
2
-5
-15
-23
-27
-27
-26
-23
-20
-19
-20
-26
-28
-29
-27
-21
-16
-10
-3
0
1
3
6
9
13
17
20
22
23
20
18
13
7
1
-3
-4
-2
-1
-1
-3
-6
-12
-19
-21
-18
-15
-12
-8
-5
-4
-7
-8
-6
1
8
16
24
29
29
24
21
17
17
16
16
16
12
5
-5
-13
-21
-26
-29
-31
-30
-30
-34
-39
-41
-44
-44
-40
-35
-31
-23
-15
-7
0
6
8
12
15
20
27
34
38
38
33
24
14
8
6
6
8
9
7
4
-4
-11
-16
-18
-14
-7
2
7
8
7
4
0
0
5
15
28
39
44
42
36
28
23
22
25
28
27
23
15
6
-2
-6
-13
-18
-21
-24
-26
-27
-31
-37
-42
-47
-48
-44
-38
-29
-22
-15
-11
-8
-6
-2
4
10
19
26
29
31
29
25
22
17
14
12
12
12
10
5
-3
-13
-21
-22
-19
-11
-5
-3
-7
-13
-19
-20
-14
-5
6
15
20
23
22
21
20
19
21
25
27
26
23
17
6
-5
-15
-21
-25
-27
-30
-35
-41
-47
-57
-65
-68
-66
-60
-52
-45
-39
-34
-31
-27
-19
-11
-4
7
17
25
31
34
32
29
24
21
21
26
30
27
18
8
-2
-9
-10
-9
-7
-5
-6
-11
-16
-20
-19
-15
-6
6
17
26
33
36
36
38
41
49
58
65
70
70
64
52
38
28
24
25
25
21
12
-1
-17
-30
-39
-43
-42
-40
-35
-32
-32
-33
-33
-34
-32
-25
-16
-2
14
23
28
28
24
22
21
26
35
43
47
45
36
24
11
0
-5
-7
-3
-3
-3
-9
-19
-29
-38
-43
-41
-32
-17
-6
3
4
-1
-5
-4
4
18
32
45
48
46
37
28
22
21
21
21
22
18
9
-6
-21
-36
-46
-51
-52
-48
-44
-44
-49
-56
-64
-65
-60
-48
-32
-14
-1
4
4
2
3
9
18
32
43
50
53
48
40
30
19
12
9
11
14
15
11
0
-14
-30
-36
-34
-24
-13
-3
5
4
-1
-10
-15
-13
-4
8
22
31
35
31
22
13
9
10
15
22
26
26
21
9
-7
-20
-27
-26
-21
-17
-17
-23
-33
-46
-55
-58
-55
-45
-35
-24
-19
-15
-14
-15
-14
-8
6
22
37
48
53
49
44
38
35
35
40
46
49
45
33
17
0
-14
-22
-21
-15
-10
-8
-14
-20
-29
-37
-40
-36
-25
-9
8
18
21
16
9
3
3
11
24
36
38
34
21
6
-8
-15
-19
-18
-14
-11
-15
-24
-38
-52
-62
-65
-61
-52
-41
-33
-32
-35
-40
-44
-41
-31
-17
1
19
30
33
31
26
26
28
36
46
55
57
54
45
31
17
5
2
1
3
7
6
-2
-16
-29
-38
-40
-34
-25
-12
-4
0
-2
-9
-13
-11
-3
10
25
34
38
33
26
15
9
6
9
12
15
13
5
-8
-25
-39
-49
-50
-47
-38
-31
-30
-33
-41
-47
-49
-42
-29
-13
3
15
21
23
22
20
22
29
42
55
66
69
69
61
49
38
30
29
30
32
30
21
7
-9
-23
-32
-32
-28
-23
-18
-19
-21
-24
-26
-26
-22
-13
-2
11
21
24
22
16
12
11
15
23
30
32
27
16
3
-10
-21
-24
-24
-23
-24
-28
-34
-43
-48
-52
-48
-42
-31
-17
-5
3
5
5
4
7
11
24
38
48
54
54
49
44
40
40
43
48
51
51
48
39
30
18
9
1
-3
-4
-5
-5
-9
-17
-24
-30
-29
-25
-15
-7
-2
-2
-4
-8
-9
-7
-3
3
8
12
15
12
6
-1
-6
-8
-8
-6
-6
-9
-16
-27
-36
-45
-47
-47
-44
-40
-36
-34
-33
-32
-30
-24
-18
-7
6
17
27
34
36
34
34
34
38
43
49
54
53
45
32
24
15
9
5
2
-2
-6
-11
-19
-29
-35
-36
-36
-30
-25
-19
-20
-19
-18
-17
-10
-4
6
13
18
18
16
9
6
3
1
1
3
4
0
-3
-12
-20
-25
-28
-26
-29
-31
-29
-27
-28
-29
-31
-35
-37
-28
-13
-2
7
13
13
12
15
21
29
36
42
51
56
57
51
39
28
21
19
21
23
27
23
4
-22
-40
-46
-43
-42
-50
-53
-57
-59
-63
-69
-65
-58
-53
-42
-19
-3
5
8
15
16
16
22
27
38
32
19
2
-8
-11
-19
-21
-24
-12
-9
-17
-8
-18
-24
-25
-34
-27
-27
-21
-16
-11
-10
-16
-22
-19
2
14
31
43
50
52
38
36
33
37
45
38
30
29
22
9
-7
-36
-69
-99
-115
-111
-102
-105
-129
-158
-191
-204
-208
-185
-161
-155
-141
-124
-112
-109
-87
-64
-47
-42
-24
5
24
34
13
-4
-13
-19
-19
-5
11
32
44
46
43
41
51
56
74
93
105
108
103
94
90
78
73
81
91
104
106
92
78
57
40
49
66
81
84
92
92
81
66
54
63
73
89
81
57
44
39
53
49
36
27
20
34
68
120
151
162
175
208
249
273
290
312
326
339
351
351
349
338
485
666
717
628
412
299
262
245
189
128
45
-16
-6
-70
20
-51
-170
-318
-454
-453
-424
-247
-212
-199
-466
-565
-522
-502
-482
-647
-573
-570
-470
-441
-342
-434
-457
-445
-383
-487
-662
-456
-283
-226
-519
-549
-385
-453
-609
-780
-638
-498
-546
-495
-601
-656
-905
-708
-773
-758
-837
-832
-221
70
337
195
-4
165
437
566
587
795
874
1043
1035
1217
1546
1303
1108
1076
1243
1369
1234
1086
1031
976
850
943
741
490
273
146
247
140
-2
-191
-399
-543
-535
-509
-604
-713
-819
-746
-668
-569
-436
-411
-334
-328
-59
151
350
494
612
778
861
996
1090
1173
1130
1141
1176
1158
1172
1116
1066
986
897
824
708
533
352
192
-21
-140
-280
-382
-450
-617
-662
-684
-687
-731
-842
-937
-967
-915
-910
-820
-901
-941
-1022
-1027
-916
-800
-771
-845
-933
-930
-861
-703
-785
-922
-906
-964
-782
-878
-966
-1144
-1316
-1457
-1335
-1309
-1634
-1773
-2069
-1686
-882
148
968
82
-1181
-1304
187
1459
1606
1158
992
1058
1204
2646
3447
2557
982
928
2389
2589
1856
1692
1998
1189
506
1110
1703
798
-643
-312
257
-158
-715
-839
-1195
-2018
-1713
-832
-1070
-2307
-2469
-1865
-1848
-1817
-1271
-802
-1427
-1591
-562
104
-35
112
906
1164
1081
1451
1983
1659
1270
1879
2322
2037
1764
2065
2040
1538
1431
1605
1217
456
578
866
508
28
57
212
-143
-291
-43
-13
-436
-541
-209
-92
-151
-66
164
105
-18
109
240
187
236
390
387
295
331
426
285
55
-6
-107
-328
-570
-633
-729
-1033
-1211
-1502
-1682
-1867
-1969
-1961
-2198
-2283
-2391
-2159
-2057
-2072
-2002
-2108
-1877
-1986
-1985
-1919
-1863
-1819
-1709
118
2229
2620
266
-1798
-564
1770
2739
1883
1604
1175
421
1155
3393
4166
1052
-1197
384
2610
1822
297
1159
1641
-74
-1139
1066
2175
-161
-1873
-535
1070
-5
-962
-491
-640
-1650
-966
740
-31
-2074
-2250
-721
-533
-1221
-527
-135
-1228
-1934
-426
734
60
-342
642
1106
348
621
1624
1431
620
1029
2103
1809
1276
1784
2249
1668
1276
1839
1895
1206
1253
2057
1850
956
1012
1464
1294
887
1132
1337
540
74
628
946
397
106
242
216
-219
-312
146
-11
-515
-709
-616
-552
-601
-588
-802
-1180
-1322
-1113
-1029
-1195
-1341
-1462
-1645
-1856
-1884
-1810
-1945
-1953
-1869
-1997
-2164
-2327
-2412
-2298
-2104
-1980
-2147
-2550
-2779
-2412
-2369
-2417
-2962
-2379
404
2818
1825
-1864
-3031
-129
2847
2352
1364
1461
701
62
2071
5519
4509
-495
-1194
2833
4311
1565
980
3159
2662
-764
-199
3761
3097
-1197
-2066
1023
1763
-784
-1350
-133
-943
-2354
-696
727
-1188
-3604
-2513
-428
-1178
-1986
-754
-395
-2005
-2192
83
1124
-70
-406
975
1074
255
899
2071
1733
596
1129
2130
1898
1603
2193
2235
1276
1005
1690
1747
1093
1240
1713
1164
492
858
1248
517
47
620
734
-193
-542
165
384
-119
-286
29
-199
-780
-453
250
100
-554
-800
-492
-297
-223
-194
-406
-985
-1287
-1016
-741
-808
-1204
-1609
-1865
-1864
-1782
-1902
-2185
-2085
-1986
-2004
-2282
-2485
-2644
-2577
-2364
-2269
-2581
-3317
-3375
-3073
-492
2673
3098
-286
-3740
-1905
2269
3851
2380
1958
1412
328
1650
5374
6955
1907
-1527
1686
5249
3571
1213
2829
3827
1107
-280
3282
4374
288
-1640
625
2543
673
-730
-414
-1439
-2796
-1110
742
-1119
-3494
-3144
-1611
-2041
-2544
-1097
-984
-2358
-2300
-745
-426
-1197
-525
1297
1169
-48
293
707
496
863
2147
2811
1960
1349
1731
1750
1438
1918
2132
1409
825
1057
1551
1242
763
720
401
74
437
888
518
-293
-437
250
480
243
167
132
115
174
236
280
289
357
560
456
331
248
-67
-289
-345
-238
-246
-537
-1203
-1615
-1883
-1921
-1821
-2125
-2212
-2518
-3049
-3429
-3478
-2931
-2895
-3049
-3869
-3885
-3688
-3165
-3169
-3558
-4218
-4156
-195
3179
2990
-1679
-4344
-809
3316
3872
2313
1935
605
526
3043
6796
6340
67
-806
2983
5105
2914
1795
3206
2678
-26
547
4551
3402
-644
-1833
212
2084
669
-159
-919
-2451
-2754
-404
406
-1488
-3015
-3053
-2112
-2716
-2132
-688
-1308
-2397
-2252
-884
-716
-839
2
1398
1218
494
897
675
649
896
2064
2590
1822
1634
1924
2134
1845
1881
1503
913
873
1551
2193
1126
235
109
349
515
461
610
258
-449
-670
73
363
212
-89
-317
-113
-247
-182
151
164
77
66
37
229
389
191
156
-182
-553
-458
-615
-810
-1022
-1672
-1740
-1909
-2078
-2329
-2962
-3559
-3730
-3547
-2997
-2943
-3858
-4948
-5079
-4841
-4062
-4852
-4929
-1283
2034
2070
-2611
-5083
-1580
2681
3289
2256
2199
956
722
3093
7527
7207
855
-311
3810
6380
3702
2336
4324
4545
1059
518
4562
4473
611
-1486
564
2558
921
-460
-1164
-2152
-2623
-738
39
-1683
-3671
-3670
-2317
-2600
-2250
-1328
-1537
-2333
-2349
-946
-353
-440
-206
774
1197
1626
1966
1285
893
1091
2027
2406
2242
2745
2723
1522
844
1595
2211
1755
760
784
1145
501
324
556
225
-354
-459
93
432
-236
-623
-200
-8
237
530
432
225
-26
297
1083
1215
934
745
544
742
1099
1067
852
371
-38
-36
-307
-496
-778
-1228
-1738
-2057
-2232
-2547
-2818
-3529
-3433
-3735
-4118
-4058
-4250
-3836
-4193
-4148
-4363
-4605
-5177
-5090
-1046
2439
2844
-1774
-4831
-1937
2491
4658
3340
2782
630
115
2842
7268
7908
1786
-591
2435
5648
3909
2235
3284
3366
1215
155
3506
3792
401
-1580
-327
1896
1274
191
-1160
-2282
-2745
-750
532
-1182
-2689
-3224
-2475
-2581
-2150
-882
-1129
-2199
-2501
-1089
-746
-679
-576
69
380
388
1342
1412
878
345
1019
2008
2327
2437
1783
1144
673
1598
2226
1910
1102
627
1074
834
970
932
597
9
-155
401
678
452
-100
231
394
355
619
668
684
222
250
824
1444
1356
1034
710
409
648
935
1288
1038
213
-312
-566
-536
-749
-684
-765
-1189
-2033
-2587
-2458
-2621
-2899
-3614
-3819
-3495
-3577
-3588
-4195
-4381
-5259
-5306
-5957
-4467
-28
2221
356
-5449
-5984
-726
3766
3114
1142
730
-741
230
4135
8661
6056
-1326
-825
4657
6816
3326
2485
3947
3222
439
1821
5903
3601
-754
-1497
1046
2381
1078
229
-1482
-3309
-3021
258
142
-2685
-3817
-3057
-2398
-3369
-2397
-969
-1692
-2932
-2190
-635
-1026
-1167
-538
605
575
871
1513
801
260
550
1826
2290
2495
2912
2301
839
602
2144
2611
1991
1322
1389
1312
551
882
1214
585
-432
-273
86
-6
-462
-508
72
-253
-208
148
135
-77
-190
178
686
1016
956
1026
739
755
1273
1323
1267
972
680
424
230
6
-19
-344
-798
-977
-1492
-2026
-2275
-2591
-2864
-3384
-3768
-4041
-4090
-4470
-4407
-4846
-5333
-6173
-5640
-1611
1734
614
-4904
-6816
-2150
2812
2898
732
872
158
-181
2599
7458
7021
141
-1299
4037
7470
4167
2217
4253
4518
1597
1618
5882
5210
391
-1210
1478
3111
1331
167
-703
-2282
-2997
-494
388
-2282
-4101
-3358
-2282
-3178
-3037
-1437
-1515
-2841
-2612
-791
-711
-1159
-909
264
599
734
1535
1149
271
463
1855
2699
2541
2750
2450
1192
447
1726
2843
2237
1074
632
924
764
931
1212
369
-922
-995
-111
109
-377
-879
-603
-639
-755
33
410
10
-664
-461
450
1094
982
968
1125
987
1085
1209
1587
1876
1458
849
340
143
122
20
-149
-383
-932
-1945
-2493
-2874
-2922
-2837
-3081
-3599
-4622
-5140
-5057
-4515
-5034
-5427
-6277
-4881
-822
1593
-410
-5718
-5811
-725
3471
2633
1220
1367
184
447
4189
8757
6137
-340
65
5487
7149
3776
3499
5024
3456
473
2310
6288
4096
-379
-798
1590
1703
207
88
-932
-2930
-3179
-473
-601
-3523
-4444
-3057
-2511
-3696
-3005
-1793
-2423
-3674
-2721
-1036
-1308
-1498
-770
-46
-247
235
1411
962
-69
222
1976
2754
2599
2595
2155
1176
1042
2473
3059
2045
849
746
1261
1285
1576
1471
424
-740
-650
202
523
159
-432
-633
-742
-171
736
753
-131
-854
-452
648
1518
1518
1217
675
440
1030
1817
2420
2171
1258
567
520
790
1051
1032
602
62
-711
-1304
-1557
-1760
-2106
-2298
-2550
-3307
-4229
-4627
-4428
-3913
-4789
-5638
-6300
-6261
-2759
519
494
-4386
-7288
-3448
2276
3512
692
308
-361
-225
2544
7313
8161
1539
-1306
3289
7770
5351
3203
5061
5253
2203
1030
5492
6269
1532
-918
1165
2703
928
9
-552
-2005
-3319
-1395
5
-2942
-4986
-3726
-2378
-3845
-4294
-2439
-2039
-3726
-4202
-1854
-1598
-2485
-1808
-170
73
-575
338
991
213
-252
1493
2982
2609
2356
2293
2022
1456
2468
3590
2886
1317
1114
2044
1837
1353
1418
1255
331
-251
216
517
55
-653
-509
-400
-234
422
503
-348
-1269
-823
372
1392
1355
939
452
-39
827
2201
2751
1910
648
190
697
1238
1357
1332
492
-329
-847
-972
-1027
-1498
-2135
-2558
-2842
-3245
-3581
-3943
-4400
-4541
-5071
-5514
-6264
-6648
-3401
53
-20
-4764
-7821
-4022
1336
2498
104
-279
-718
-748
1889
6616
7599
1454
-1139
3303
7388
5133
3069
5426
5874
2444
1085
5501
6970
2603
-173
1630
3160
1346
430
282
-918
-2321
-1314
-237
-2715
-4462
-3057
-2035
-3990
-4901
-3074
-2305
-3661
-4343
-2541
-2472
-3739
-2840
-588
-11
-926
-827
-364
-597
-526
1297
2868
2356
2069
2163
1928
1586
2789
4077
3446
1734
1445
2687
2575
1886
1897
1833
929
-27
279
738
480
-348
-438
-396
-492
-81
113
-267
-968
-848
-226
381
610
700
606
202
675
1720
2238
1679
877
689
997
1321
1418
1308
713
136
-215
-352
-587
-1091
-1545
-2068
-2598
-2882
-3015
-3191
-3715
-4258
-4943
-5397
-5770
-5615
-5887
-4378
-1768
-753
-3385
-7008
-4981
180
2425
-254
-1720
-598
310
1408
4306
7087
3884
-444
1599
6641
7275
4134
4525
6147
4481
2048
4789
8051
5324
1093
1021
3461
3069
1432
1320
374
-1666
-2246
-575
-883
-2637
-3089
-2767
-4222
-5489
-3630
-2069
-3113
-4907
-4284
-3586
-4352
-3412
-1007
-268
-2104
-2670
-1339
-529
-428
908
2631
1830
439
713
2131
3047
3488
3858
2884
1270
1369
3107
3581
2412
1725
1488
845
297
1095
1704
566
-931
-655
431
275
-312
-439
-371
-708
-794
-59
472
224
-280
-160
387
1007
1421
1179
591
396
889
1388
1400
1230
1046
688
274
210
299
-101
-729
-1187
-1515
-1950
-2165
-2216
-2494
-3320
-3801
-4055
-4275
-5355
-5579
-6050
-5439
-2463
-390
-1399
-6119
-7026
-2379
1647
610
-1672
-732
-483
-661
1295
6144
6394
352
-1087
3611
7467
5054
3572
5611
5620
2672
2759
7089
7105
2829
671
2890
4296
2654
1989
987
-783
-1823
17
1043
-1232
-3406
-3408
-3412
-4704
-3645
-2058
-2960
-5392
-6066
-4250
-3891
-3711
-2258
-1528
-3228
-3942
-2028
-399
-457
-659
1006
1589
477
731
2458
3598
3349
3452
3403
2828
2317
3362
4515
3622
2354
2078
2287
2016
1964
2127
1503
261
-169
797
1005
327
-220
-263
-477
-815
-329
203
99
-537
-397
204
271
172
370
672
431
199
471
861
721
301
338
144
-243
-395
-269
-375
-1223
-1938
-1850
-1442
-1659
-2214
-2846
-3245
-3463
-3974
-4299
-4565
-4471
-4948
-4718
-3111
-1266
-1544
-4515
-5275
-2606
371
67
-1351
-1105
-544
-91
1655
5035
4808
639
-610
3243
6677
5239
3790
5160
5608
3094
2671
6110
7292
4168
1524
2929
4365
2910
1348
1272
1151
122
-155
-273
-1224
-2630
-3062
-3120
-3746
-3710
-3372
-3948
-5254
-5386
-4446
-4128
-4229
-3778
-2999
-3070
-3025
-2309
-1917
-1905
-1203
333
813
363
675
1794
2411
2342
2878
3412
3128
2729
3124
3582
3141
2867
3334
3394
2573
2083
2540
2588
1685
1101
1537
1642
981
529
685
659
-101
-528
-106
383
261
-295
-769
-832
-435
71
175
-305
-679
-539
-325
-319
-357
-286
-374
-745
-996
-907
-1045
-1438
-1760
-1488
-1316
-1817
-2514
-3022
-2880
-3052
-3362
-3645
-3695
-3915
-4499
-5018
-4865
-2544
-437
-686
-3708
-5633
-3138
163
805
-607
-748
-399
-483
603
3593
4942
1753
-35
2707
6015
5167
3082
4296
5609
4121
3041
5648
7354
4799
1703
2301
4623
4303
2970
2166
1232
-85
-241
650
222
-1432
-2577
-2792
-3701
-3950
-3049
-2803
-4167
-5665
-5196
-4303
-4030
-3575
-2735
-3016
-4001
-3781
-2407
-1079
-673
-361
-263
-530
102
1766
2783
2521
2222
2304
2373
2261
3152
4257
3864
2695
2546
3526
3936
3469
3115
3030
2553
2093
2334
2751
2616
1932
1401
1098
728
758
1084
1132
433
-451
-743
-356
-16
-48
-323
-685
-1070
-1502
-1465
-750
-199
-552
-1645
-2246
-1923
-1490
-1523
-1678
-1655
-1914
-2535
-3080
-2825
-2363
-2442
-2955
-3321
-3376
-3476
-3545
-3523
-3391
-3474
-3679
-2636
-1020
-670
-2390
-3855
-2324
358
984
-396
-837
-505
-392
593
3300
5019
2397
-623
894
4477
5130
3593
4004
5048
3593
1802
3972
6820
5554
2302
1852
3780
3891
2472
2146
2103
762
-447
6
466
-496
-1944
-2476
-2928
-3418
-3108
-2738
-3441
-4649
-4763
-4197
-4067
-4011
-3374
-3036
-3609
-3733
-2884
-1941
-1784
-1600
-894
-490
-338
137
1138
1615
1454
1452
1757
2197
2604
3254
3602
3560
3395
3488
3798
3929
4105
4094
3874
3548
3656
3838
3632
3058
2516
2390
2197
1961
1665
1211
534
31
87
230
-144
-993
-1506
-1514
-1381
-1432
-1496
-1647
-2112
-2568
-2623
-2258
-2089
-2348
-2711
-2945
-3018
-2877
-2614
-2571
-2969
-3326
-3198
-2666
-2441
-2673
-2962
-2993
-2986
-2899
-3042
-2668
-2839
-2152
-660
277
-627
-3161
-2857
-49
1998
704
-627
-142
223
464
1659
4278
3348
-352
-325
3357
5346
3000
2058
3890
4342
1958
2498
6045
6025
2274
312
2960
4798
3245
1971
2027
1336
-270
54
1136
962
-933
-2015
-2310
-3018
-2782
-2030
-2052
-3561
-4547
-4279
-3902
-3785
-3315
-2794
-3710
-4337
-3799
-2668
-2487
-2720
-1995
-1411
-1529
-1472
-199
675
820
650
1127
1935
2012
2658
3224
3503
3357
3624
4187
4519
4670
4565
4602
4110
4253
4749
4635
3856
3053
3110
3274
2980
2298
1806
1110
473
495
764
673
-415
-1537
-1822
-1452
-1281
-1680
-2429
-2994
-3114
-3093
-2935
-2902
-3074
-3516
-3903
-3781
-3235
-2808
-2850
-3143
-3130
-2831
-2350
-2116
-2236
-2329
-2119
-1738
-1491
-1574
-1582
-1808
-1891
-2295
-1095
882
1512
-174
-2878
-2025
711
2067
604
-438
-105
-354
-285
1490
4259
2719
-1161
-789
3050
4679
2060
1496
3709
3915
1040
1485
5277
5476
1662
-163
2892
4794
2684
1008
1691
1806
98
-18
1253
1374
-961
-2442
-1957
-1628
-1856
-2185
-2219
-3128
-4146
-4350
-3774
-3157
-3047
-3122
-3784
-4061
-3835
-3141
-2582
-2175
-1466
-1562
-1935
-1754
-486
981
1615
1676
1517
1457
1704
3130
4614
4803
4017
3396
3974
4991
5614
5539
4936
4061
4017
4709
4975
4601
3685
3127
2685
2174
2049
2267
1881
732
-75
-205
-88
-644
-1514
-1807
-1880
-2096
-2431
-2668
-3021
-3510
-3806
-3444
-2857
-2891
-3461
-3965
-3832
-3166
-2503
-2147
-2277
-2632
-2752
-2309
-1545
-1060
-1187
-1526
-1683
-1462
-1018
-731
-663
-730
-1188
-1340
-1606
-381
1316
1592
-310
-2641
-1689
949
2111
701
-15
148
-238
-235
1580
4239
2663
-899
-685
2635
3924
1894
1645
3269
2922
323
1162
4425
4316
1189
97
2547
3280
1293
717
1985
1574
-525
-695
582
619
-1465
-2292
-1734
-1900
-2545
-2615
-2264
-3149
-4202
-4185
-3420
-3115
-3170
-3036
-3401
-3846
-3766
-2567
-1610
-1646
-1792
-1863
-1375
-619
636
1536
1396
820
1083
2421
3415
3789
3528
3398
3538
3895
4773
5468
5285
4341
3757
3884
4606
4902
4406
3679
2680
2100
2052
2317
2229
1445
155
-796
-1032
-986
-898
-1239
-1923
-2778
-3459
-3452
-2971
-2686
-3120
-3770
-3994
-3631
-3244
-3142
-3067
-2931
-2927
-2993
-2720
-2156
-1773
-1841
-1926
-1618
-1140
-1009
-1086
-961
-829
-546
-594
-575
-423
-349
-403
-409
-475
-476
-816
-425
905
1733
610
-1517
-1388
654
2038
1144
287
304
27
-24
1431
3583
2501
-493
-633
2089
3461
1920
1528
2720
2377
214
929
3979
4114
951
-743
1324
2710
1239
188
829
594
-1167
-1392
147
596
-1599
-3106
-2360
-1466
-1783
-2470
-2469
-2765
-3466
-3483
-2369
-1603
-2072
-2810
-2908
-2250
-1685
-1219
-922
-958
-991
-732
39
796
1323
1707
1974
1930
1921
2498
3423
4047
3946
3540
3460
3773
4378
4828
4585
3772
3143
3109
3528
3709
3315
2601
1693
1092
1021
1137
946
232
-617
-1151
-1313
-1289
-1324
-1591
-2123
-2664
-2931
-2791
-2613
-2632
-2905
-3157
-3181
-3092
-2895
-2695
-2591
-2592
-2596
-2454
-2192
-1957
-1835
-1686
-1626
-1436
-1085
-769
-628
-765
-665
-310
117
323
383
298
166
192
355
572
378
-16
-114
627
1490
1469
214
-995
-458
817
1316
591
-68
-292
-426
-48
1306
2273
730
-1218
-876
1164
1958
1029
804
1280
664
-269
1017
2896
2282
-179
-820
1136
2181
1247
343
351
-58
-740
-231
958
823
-943
-1953
-1445
-675
-573
-815
-1185
-1978
-2508
-2170
-1152
-651
-933
-1430
-1609
-1416
-839
-117
82
-88
-208
122
705
1398
1895
2041
1674
1244
1786
2627
3198
3035
2630
2482
2685
3069
3288
3164
2551
2321
2478
2646
2555
2125
1746
1463
1317
1116
884
354
-131
-347
-554
-749
-1017
-1290
-1713
-2078
-2269
-2182
-2299
-2738
-2949
-2797
-2586
-2697
-2864
-2832
-2619
-2532
-2514
-2249
-2076
-2089
-2105
-1805
-1285
-877
-819
-871
-894
-814
-335
317
652
406
-94
-139
336
805
852
691
388
71
-232
-258
-135
108
400
459
67
-1022
-1515
-805
231
232
-650
-1230
-1258
-985
-512
485
720
-580
-1561
-887
702
1075
450
233
463
108
64
1292
2206
1439
-14
150
1619
2120
1444
920
817
389
197
838
1699
1228
-239
-887
-367
304
349
115
-325
-1081
-1578
-1179
-265
47
-509
-1121
-1195
-1058
-845
-374
33
27
-378
-542
12
742
1111
1165
1037
943
1072
1436
2045
2487
2359
2071
2075
2289
2477
2479
2460
2460
2198
1864
1891
1907
1668
1298
1113
990
540
-58
-172
92
-63
-631
-1140
-1367
-1471
-1658
-1776
-1815
-1986
-2343
-2492
-2335
-2064
-1987
-2264
-2537
-2431
-2039
-1658
-1527
-1636
-1636
-1447
-1183
-808
-510
-411
-482
-513
-279
144
443
375
176
74
145
306
400
445
258
-119
-516
-645
-476
-558
-452
-345
-133
-437
-1311
-1613
-1203
-515
-459
-661
-1028
-1301
-1342
-807
360
492
-398
-1129
-659
371
724
631
663
808
477
641
1434
2139
1883
1101
1156
1841
2313
2196
1987
1710
1372
1336
1653
1994
1474
660
175
263
457
444
267
-336
-1002
-1346
-1027
-635
-646
-1010
-1379
-1445
-1385
-994
-566
-430
-591
-720
-391
263
744
846
789
726
968
1403
1903
2262
2247
1965
1915
2243
2622
2775
2547
2378
2308
2157
2082
2139
2188
1994
1452
944
736
708
685
515
157
-293
-721
-981
-1017
-1023
-1140
-1334
-1657
-1998
-2182
-2006
-1701
-1754
-2123
-2393
-2240
-1960
-1826
-1759
-1754
-1825
-1866
-1583
-1139
-932
-979
-983
-856
-750
-554
-218
33
-57
-296
-233
70
291
207
23
-100
-187
-247
-343
-529
-737
-987
-890
-605
-410
-773
-1472
-1774
-1541
-1073
-922
-886
-1054
-1313
-1382
-904
-13
233
-178
-556
-276
361
831
1094
1192
1153
982
1254
1759
2104
1983
1671
1605
1706
1875
1885
1756
1444
1157
1041
1036
996
645
207
-140
-195
-204
-316
-534
-829
-1105
-1337
-1282
-1039
-894
-1049
-1227
-1259
-1224
-1167
-999
-656
-445
-379
-168
190
361
287
352
732
1256
1536
1655
1708
1684
1734
2068
2603
2853
2621
2183
2080
2284
2495
2492
2240
1892
1531
1257
1098
993
786
416
-3
-299
-508
-769
-1022
-1249
-1423
-1563
-1666
-1790
-1991
-2134
-2129
-2055
-2123
-2173
-2013
-1759
-1702
-1856
-1883
-1658
-1407
-1200
-946
-755
-831
-1032
-911
-406
39
93
-102
-319
-363
-206
115
323
209
-101
-328
-283
-109
-12
-133
-398
-680
-836
-790
-688
-490
-406
-406
-561
-823
-937
-871
-615
-444
-389
-492
-538
-361
-71
130
12
-81
73
387
545
596
726
825
825
834
1203
1550
1445
998
825
1110
1334
1326
1235
1155
830
432
437
744
793
299
-181
-334
-305
-363
-371
-298
-451
-825
-1067
-902
-618
-414
-405
-513
-703
-781
-475
-72
64
21
94
318
533
622
769
965
1069
1190
1347
1439
1438
1481
1679
1869
1832
1674
1556
1499
1478
1457
1411
1290
1090
835
649
607
598
362
-83
-354
-314
-244
-454
-735
-877
-989
-1178
-1240
-1046
-916
-1187
-1594
-1581
-1270
-1068
-1105
-1238
-1316
-1378
-1270
-960
-749
-870
-1070
-979
-691
-410
-330
-366
-438
-441
-249
73
300
211
-5
-64
104
333
432
406
334
254
150
85
155
347
357
107
-138
-224
-150
-116
-188
-278
-325
-349
-348
-388
-489
-602
-668
-687
-655
-620
-620
-607
-582
-519
-556
-660
-572
-322
-136
-198
-286
-200
-47
5
131
405
518
337
171
404
858
1061
926
723
651
723
956
1166
1164
902
627
569
701
865
890
744
456
288
385
583
611
417
199
127
206
253
237
98
-74
-110
-71
51
110
87
-36
-139
-105
11
84
35
7
18
78
124
142
110
3
-34
90
225
189
72
47
104
94
45
49
48
-14
-125
-154
-57
-10
-131
-281
-301
-128
-7
-120
-316
-345
-173
-4
29
-31
-118
-242
-273
-41
290
364
89
-213
-229
2
229
322
232
-9
-166
-51
188
302
198
29
-32
-7
14
20
47
59
1
-69
-86
-76
-181
-386
-448
-340
-280
-434
-644
-719
-718
-806
-957
-991
-1007
-1139
-1294
-1282
-1136
-1133
-1242
-1305
-1204
-1090
-1056
-1031
-966
-844
-751
-648
-529
-379
-213
-128
-59
52
273
467
527
569
690
876
1018
1086
1130
1167
1145
1141
1242
1364
1418
1341
1256
1239
1233
1223
1165
1084
988
882
792
729
601
403
242
174
160
56
-154
-334
-405
-452
-505
-538
-558
-655
-762
-732
-619
-565
-683
-754
-660
-494
-402
-396
-388
-342
-245
-147
-27
46
68
77
65
155
323
428
389
283
278
378
427
393
377
408
457
440
399
379
350
349
412
498
467
341
281
391
540
570
517
460
427
392
413
516
564
431
204
102
138
182
131
2
-159
-289
-363
-374
-366
-447
-589
-742
-844
-839
-796
-824
-900
-911
-866
-884
-964
-924
-745
-661
-768
-837
-728
-587
-553
-537
-462
-410
-431
-437
-344
-232
-174
-131
-70
-19
24
85
127
151
206
296
383
439
497
583
616
571
584
672
711
638
536
537
573
534
448
397
308
135
-29
-57
-16
-95
-299
-474
-510
-508
-556
-624
-627
-626
-686
-722
-681
-572
-504
-449
-375
-320
-312
-309
-176
-17
41
4
4
108
236
310
339
357
329
332
436
582
649
592
524
575
675
704
709
726
750
734
685
676
707
714
628
529
500
524
502
424
383
379
349
236
144
198
302
287
158
75
105
159
163
142
140
103
15
-68
-51
0
-44
-189
-294
-273
-235
-304
-423
-494
-495
-478
-476
-469
-475
-503
-535
-524
-484
-441
-375
-286
-211
-190
-152
-83
-30
10
91
260
385
365
285
292
425
573
620
558
477
435
451
501
507
462
371
249
159
108
79
8
-143
-310
-427
-514
-620
-725
-776
-833
-1009
-1199
-1294
-1290
-1277
-1351
-1400
-1397
-1397
-1410
-1403
-1310
-1210
-1166
-1142
-1041
-878
-744
-676
-619
-484
-328
-175
-65
10
104
218
349
439
510
587
684
756
811
893
980
1015
971
1002
1100
1164
1138
1100
1097
1057
989
976
1047
1051
960
821
710
652
629
658
660
551
376
232
165
174
202
175
51
-108
-190
-156
-87
-100
-191
-302
-391
-425
-383
-316
-319
-405
-475
-489
-471
-431
-409
-419
-455
-476
-417
-299
-205
-175
-193
-200
-130
7
154
262
286
274
297
407
574
720
787
767
714
737
882
1027
1082
1046
998
989
1003
1014
1004
945
794
633
590
631
576
371
148
29
-15
-129
-295
-443
-605
-794
-944
-971
-1007
-1196
-1438
-1558
-1535
-1507
-1520
-1546
-1576
-1654
-1711
-1618
-1458
-1363
-1409
-1453
-1405
-1295
-1171
-1069
-1000
-976
-941
-872
-740
-618
-529
-463
-416
-344
-252
-106
26
135
258
358
424
503
634
764
852
875
910
987
1068
1129
1105
1047
1016
1059
1151
1192
1136
1006
891
852
893
917
869
748
638
586
539
497
446
380
276
186
155
156
95
-58
-169
-188
-173
-234
-355
-448
-505
-517
-503
-476
-452
-484
-538
-531
-423
-256
-139
-109
-107
-59
73
260
447
570
592
581
666
838
1005
1102
1119
1112
1074
1073
1142
1216
1222
1114
995
948
944
912
814
680
541
411
329
263
150
0
-163
-306
-424
-507
-577
-684
-837
-975
-1046
-1082
-1128
-1155
-1176
-1245
-1353
-1408
-1337
-1259
-1284
-1325
-1277
-1197
-1183
-1187
-1104
-997
-946
-934
-900
-826
-789
-773
-710
-613
-588
-620
-617
-522
-423
-401
-355
-255
-169
-206
-263
-163
35
155
145
126
166
215
254
360
507
539
425
329
397
548
629
631
574
492
445
473
549
578
494
353
260
255
300
286
210
118
34
-35
-94
-123
-122
-140
-203
-282
-316
-297
-293
-331
-351
-290
-199
-169
-206
-207
-130
-5
85
123
172
250
329
400
505
646
750
753
735
793
909
1006
1021
993
979
993
1025
1065
1094
1072
989
920
899
905
891
825
710
613
567
536
453
304
166
61
-10
-66
-146
-280
-461
-591
-603
-604
-697
-840
-946
-977
-977
-955
-927
-963
-1060
-1129
-1061
-921
-836
-830
-861
-865
-812
-706
-598
-551
-547
-547
-502
-421
-311
-215
-209
-250
-250
-177
-95
-64
-67
-59
-40
-31
19
109
149
113
71
92
159
189
188
186
187
161
134
161
193
191
164
137
127
119
140
164
127
47
9
57
83
31
-44
-62
-71
-131
-187
-177
-163
-223
-313
-331
-268
-240
-291
-335
-305
-235
-204
-204
-203
-179
-149
-106
6
130
185
169
170
252
367
453
514
571
609
617
630
710
826
900
877
802
784
834
909
955
957
897
793
711
720
779
760
659
530
423
349
310
294
230
100
-41
-101
-104
-159
-245
-281
-293
-347
-433
-471
-483
-524
-574
-571
-531
-567
-658
-694
-639
-568
-550
-580
-614
-617
-565
-472
-417
-438
-468
-436
-359
-306
-280
-251
-222
-203
-167
-98
-52
-56
-71
-38
32
70
53
40
55
68
84
105
110
70
31
39
58
47
-7
-49
-58
-29
-9
-45
-83
-89
-64
-47
-50
-59
-67
-111
-143
-107
-62
-59
-98
-138
-141
-142
-149
-134
-121
-136
-183
-206
-168
-121
-99
-97
-97
-99
-104
-69
-8
39
42
13
16
44
89
140
180
208
205
212
251
295
333
361
379
398
386
384
405
425
445
446
447
430
387
357
364
372
341
277
223
202
200
203
170
109
38
8
25
46
63
47
-8
-64
-64
2
57
46
2
-1
31
37
35
81
139
123
79
76
130
171
171
188
226
234
175
130
150
194
199
156
80
10
-28
-14
32
39
14
-45
-123
-150
-102
-9
-3
-88
-183
-207
-185
-181
-174
-182
-225
-315
-372
-345
-279
-270
-348
-440
-474
-463
-425
-384
-376
-399
-465
-513
-484
-419
-366
-368
-408
-448
-449
-404
-350
-314
-333
-355
-352
-329
-296
-269
-227
-198
-194
-168
-105
-18
20
25
59
140
214
248
274
309
343
357
384
438
481
472
442
450
500
527
514
482
431
375
355
382
381
314
213
144
123
111
103
57
-37
-135
-184
-176
-165
-197
-262
-331
-378
-364
-317
-298
-334
-382
-386
-335
-284
-245
-228
-239
-243
-186
-85
-4
11
14
77
164
222
267
334
406
447
479
541
614
644
624
635
704
741
722
666
626
620
639
647
609
537
449
395
374
365
339
275
180
89
43
39
15
-57
-149
-240
-302
-330
-344
-385
-450
-516
-555
-561
-560
-565
-578
-615
-648
-650
-635
-632
-651
-662
-672
-679
-667
-636
-605
-605
-608
-584
-526
-457
-411
-380
-352
-288
-202
-135
-84
-36
27
91
130
178
242
304
333
335
363
415
469
487
478
467
479
502
507
501
494
491
493
481
468
462
443
404
362
339
328
309
250
179
137
114
76
5
-57
-96
-138
-191
-248
-302
-355
-398
-421
-427
-455
-505
-544
-566
-564
-529
-490
-477
-500
-508
-467
-409
-350
-296
-251
-215
-174
-122
-43
24
64
106
162
226
276
315
369
428
466
511
565
600
611
615
653
697
707
686
662
640
619
593
560
513
436
358
303
248
184
106
22
-58
-123
-187
-259
-324
-370
-419
-499
-562
-568
-573
-630
-697
-703
-680
-703
-753
-772
-760
-747
-747
-738
-705
-692
-695
-681
-623
-559
-522
-505
-483
-426
-356
-290
-244
-202
-160
-133
-87
-10
79
147
177
200
234
267
304
353
409
448
457
447
442
453
469
483
463
426
404
408
409
390
376
363
327
282
259
247
230
211
189
174
136
93
80
57
1
-43
-39
-39
-88
-149
-169
-166
-202
-257
-271
-257
-277
-322
-310
-270
-268
-296
-291
-241
-214
-217
-192
-134
-94
-72
-20
62
121
132
154
218
299
356
377
394
435
482
529
571
603
610
588
561
559
591
597
561
517
494
481
445
398
365
337
295
257
228
198
152
105
76
51
3
-69
-126
-155
-174
-211
-264
-324
-375
-406
-411
-417
-436
-471
-509
-511
-471
-426
-437
-481
-489
-446
-405
-383
-352
-303
-271
-266
-248
-208
-170
-153
-139
-104
-66
-33
-5
27
51
70
97
121
127
125
147
183
193
194
212
235
254
252
248
255
260
248
248
240
206
173
161
160
130
82
41
12
-21
-40
-42
-43
-75
-139
-165
-152
-142
-159
-187
-197
-200
-220
-235
-221
-204
-223
-261
-283
-263
-234
-234
-251
-268
-261
-255
-252
-235
-204
-184
-180
-170
-142
-100
-65
-47
-34
-16
24
78
126
158
172
200
231
243
242
253
282
304
299
293
303
307
301
305
316
317
290
261
259
260
256
233
191
152
126
112
92
55
10
-20
-45
-74
-111
-141
-150
-176
-220
-251
-266
-280
-298
-320
-325
-324
-325
-331
-330
-321
-300
-278
-264
-247
-230
-210
-187
-161
-140
-120
-100
-83
-65
-49
-27
17
62
89
92
102
142
183
210
221
239
250
256
261
269
283
283
262
242
241
240
229
198
180
175
160
137
130
131
118
85
55
43
29
9
-6
-15
-41
-80
-102
-94
-98
-129
-149
-156
-162
-178
-189
-178
-181
-207
-228
-217
-199
-196
-212
-228
-220
-205
-214
-223
-196
-153
-128
-136
-144
-131
-105
-75
-46
-21
-4
-12
-11
32
86
117
122
119
129
154
188
237
270
272
259
260
285
331
352
335
310
295
295
290
284
287
272
232
187
164
153
129
104
78
40
-14
-57
-75
-83
-96
-130
-174
-226
-266
-279
-277
-293
-322
-337
-342
-354
-359
-342
-332
-346
-364
-347
-316
-292
-276
-255
-235
-225
-203
-165
-125
-96
-72
-42
-15
-8
5
36
65
82
89
109
127
147
173
190
194
196
204
219
241
256
255
239
224
233
253
260
252
235
225
225
227
230
225
206
186
179
164
132
106
95
67
24
-7
-27
-62
-110
-142
-152
-165
-206
-255
-283
-295
-304
-319
-332
-346
-352
-353
-356
-342
-316
-291
-289
-287
-261
-216
-172
-140
-109
-74
-44
-8
51
114
161
184
202
241
279
301
327
353
367
368
364
379
396
389
369
351
347
334
305
280
264
241
210
173
142
118
85
52
36
23
-2
-42
-70
-79
-86
-100
-110
-119
-137
-157
-162
-156
-158
-169
-186
-199
-211
-219
-220
-216
-221
-237
-249
-248
-249
-255
-256
-260
-265
-261
-255
-259
-269
-262
-238
-220
-220
-213
-191
-163
-139
-114
-78
-47
-33
-12
39
100
137
155
175
207
253
296
324
340
353
365
377
394
402
399
384
363
338
315
299
278
241
190
139
107
83
47
4
-38
-83
-127
-156
-169
-183
-214
-250
-270
-262
-253
-255
-263
-255
-234
-217
-199
-173
-143
-119
-102
-76
-41
-3
22
38
66
104
127
130
133
149
173
180
169
157
148
138
126
118
110
91
58
33
24
16
-4
-29
-43
-48
-55
-64
-73
-75
-69
-59
-51
-49
-48
-39
-19
0
13
23
33
37
39
47
64
74
62
36
20
30
39
20
-13
-31
-43
-66
-93
-104
-104
-123
-161
-184
-174
-163
-181
-202
-197
-179
-167
-166
-160
-137
-106
-86
-69
-41
-15
8
35
73
111
136
152
166
191
219
240
252
255
254
250
255
263
258
238
212
193
183
172
148
113
82
56
31
10
-9
-33
-64
-92
-103
-108
-119
-141
-157
-159
-156
-151
-142
-134
-129
-130
-124
-100
-76
-68
-71
-62
-41
-18
-4
2
3
6
17
30
40
35
23
22
24
23
18
11
-1
-16
-17
-6
-5
-24
-48
-55
-50
-46
-47
-50
-58
-71
-71
-50
-34
-41
-50
-44
-34
-30
-23
-10
2
1
-9
-5
11
19
15
13
11
0
-7
-5
-7
-18
-31
-38
-41
-49
-65
-71
-72
-82
-91
-91
-89
-94
-103
-97
-85
-73
-65
-57
-46
-33
-16
9
30
41
59
84
106
121
141
165
186
197
207
224
234
236
241
251
249
228
208
206
207
187
152
127
110
89
63
35
9
-23
-54
-76
-89
-109
-138
-155
-163
-170
-175
-177
-183
-192
-192
-176
-154
-144
-144
-133
-110
-90
-72
-49
-30
-24
-17
4
26
34
36
44
53
51
43
45
56
49
32
24
22
15
0
-7
-10
-18
-32
-40
-42
-44
-52
-57
-53
-48
-50
-51
-47
-41
-33
-22
-11
-3
0
3
12
29
39
40
39
37
37
43
44
39
31
24
13
4
-5
-13
-21
-36
-54
-64
-68
-78
-88
-97
-103
-104
-105
-103
-99
-97
-97
-88
-69
-53
-46
-40
-22
6
29
48
69
84
97
115
141
165
179
186
197
209
220
230
240
242
236
230
233
233
221
204
190
183
172
151
129
113
100
83
63
45
31
19
1
-17
-23
-27
-35
-46
-51
-53
-52
-52
-53
-49
-50
-54
-55
-50
-42
-41
-45
-48
-52
-53
-58
-65
-72
-84
-97
-112
-125
-136
-150
-168
-185
-193
-200
-214
-231
-245
-248
-249
-254
-259
-262
-259
-252
-241
-230
-219
-205
-188
-169
-147
-122
-96
-72
-49
-25
3
26
47
69
92
111
126
139
150
154
157
165
172
168
157
144
135
128
120
106
86
65
48
37
26
14
-2
-17
-31
-37
-38
-41
-41
-41
-40
-36
-27
-15
-5
2
12
26
42
52
60
69
86
102
111
113
114
121
130
136
136
134
131
123
116
112
108
99
86
74
69
61
47
36
31
28
21
13
9
11
15
17
18
21
26
32
40
47
55
61
67
73
84
93
93
89
89
94
98
92
79
69
64
56
44
30
13
-3
-19
-34
-50
-69
-85
-100
-116
-132
-148
-161
-172
-181
-189
-196
-204
-212
-215
-209
-201
-197
-201
-204
-194
-179
-169
-166
-161
-150
-138
-126
-116
-107
-100
-93
-82
-67
-56
-53
-50
-39
-24
-15
-12
-16
-12
2
15
21
22
25
31
41
50
62
70
69
70
80
95
104
107
109
111
112
113
118
123
122
116
112
111
108
102
98
92
82
69
58
54
50
38
20
8
2
-4
-13
-23
-29
-34
-37
-41
-41
-44
-50
-53
-45
-35
-30
-29
-24
-11
4
13
19
29
43
57
66
77
94
105
112
118
132
147
153
152
156
168
175
173
169
171
172
165
154
149
146
138
126
114
106
95
85
72
57
43
28
14
0
-10
-22
-38
-54
-68
-78
-87
-98
-110
-122
-129
-137
-145
-149
-155
-158
-163
-171
-176
-179
-179
-178
-180
-182
-182
-180
-177
-174
-172
-166
-165
-165
-162
-152
-142
-137
-138
-134
-125
-116
-113
-111
-102
-89
-80
-76
-71
-64
-54
-47
-40
-31
-25
-20
-14
-8
-1
1
2
6
10
14
17
18
18
18
19
18
14
13
13
11
6
0
-3
-4
-8
-10
-13
-17
-22
-23
-22
-21
-20
-17
-17
-15
-10
-4
1
7
15
25
38
47
52
62
78
90
97
104
115
128
138
145
153
160
166
168
172
175
179
178
175
175
180
179
175
170
169
170
166
159
154
153
150
148
142
140
138
136
131
126
125
123
119
115
114
108
96
85
78
76
70
61
49
40
37
33
23
10
1
-9
-17
-26
-39
-53
-64
-73
-85
-98
-110
-119
-128
-133
-135
-142
-154
-163
-159
-149
-144
-147
-150
-150
-143
-136
-129
-123
-121
-123
-121
-114
-103
-93
-86
-87
-85
-84
-87
-90
-87
-82
-78
-77
-87
-91
-93
-95
-103
-113
-116
-115
-110
-110
-114
-112
-107
-106
-105
-109
-111
-113
-109
-100
-97
-95
-96
-100
-99
-89
-81
-70
-58
-59
-53
-48
-47
-52
-58
-53
-38
-26
-22
-24
-24
-26
-15
9
23
21
16
19
33
64
91
102
101
100
117
129
121
125
145
168
174
179
170
159
144
129
128
134
147
153
157
159
158
158
167
186
195
195
180
147
122
113
110
99
93
86
78
68
52
51
62
75
83
75
48
28
6
-11
-27
-20
-6
-22
-20
-2
10
0
-29
-48
-66
-76
-86
-102
-97
-106
-110
-111
-112
-116
-131
-147
-129
-109
-118
-136
-131
-112
-97
-80
-77
-68
-58
-47
-37
-37
-32
-14
-2
-1
-16
-20
-10
-24
-36
-41
-34
-32
-26
-11
-22
-44
-64
-87
-106
-99
-92
-88
-79
-57
-67
-81
-96
-103
-89
-88
-68
-56
5
4
364
793
593
137
-258
-427
-530
-461
-259
-38
83
139
487
503
517
480
98
-142
-389
-404
-170
20
-89
-48
-45
-200
81
47
-354
-425
-253
158
286
-21
-68
60
57
-1
-163
-306
-214
17
215
434
371
336
332
-40
-211
-228
-225
109
379
601
797
591
165
-110
-369
-430
-136
71
338
464
356
435
283
-163
-461
-652
-598
-269
-29
160
280
148
21
-91
-266
-253
-184
-100
194
336
342
308
-3
-241
-245
-234
-68
165
258
298
233
140
103
-96
-224
-130
-49
127
330
284
233
128
-90
-144
-154
-152
-31
93
191
294
239
122
-16
-226
-207
-92
-42
73
108
89
103
10
-66
-104
-142
-88
-6
14
9
-41
-163
-189
-189
-166
-87
-95
-97
-70
-46
-45
-111
-197
-227
-215
-187
-156
-179
-230
-263
-254
-204
-152
-141
-146
-149
-108
-47
-25
1
15
21
39
37
27
14
29
64
89
94
84
67
63
109
137
135
112
71
58
61
81
130
179
183
149
100
91
126
138
145
163
164
173
180
154
129
121
114
82
48
31
32
56
35
-9
-76
-131
-144
-133
-91
-58
-43
-36
-29
-38
-58
-65
-76
-59
-2
35
45
21
-20
-60
-111
-132
-92
-33
15
44
37
28
38
21
0
5
30
75
101
125
155
153
125
96
80
77
95
117
140
173
203
208
159
94
53
37
47
70
83
104
114
95
53
7
-7
-7
14
5
-11
-18
-16
-5
-26
-64
-115
-156
-166
-166
-157
-145
-130
-135
-192
-261
-303
-299
-300
-302
-282
-289
-297
-309
-325
-327
-318
-299
-258
-229
-219
-168
-119
-105
-103
-99
-99
-99
-105
-97
-78
-72
-65
-80
-104
-91
-69
-44
-20
-33
-43
-34
11
66
112
133
136
140
124
122
130
139
142
124
94
78
84
121
159
168
175
163
135
131
112
91
74
42
19
23
53
98
113
94
73
66
39
23
18
22
38
24
19
22
38
42
32
19
16
7
-18
-10
15
35
52
45
46
71
95
122
120
117
101
63
51
85
128
167
187
164
143
144
148
139
117
88
74
67
58
59
57
62
68
52
43
35
16
13
11
-5
-19
-31
-35
-28
-18
-5
-6
-30
-47
-70
-107
-131
-128
-123
-120
-110
-115
-116
-128
-147
-155
-144
-99
-62
-54
-66
-88
-100
-97
-100
-110
-107
-87
-73
-52
-28
-31
-55
-84
-80
-65
-40
-1
35
49
39
24
2
-22
-32
-35
-27
-3
35
53
47
44
39
31
17
-4
-5
17
52
67
54
27
-6
-37
-52
-43
-14
15
20
-8
-33
-45
-39
-32
-43
-49
-41
-32
-23
-25
-31
-33
-40
-62
-82
-96
-83
-50
-42
-46
-62
-73
-55
-44
-53
-53
-40
-17
4
6
-4
-2
5
19
39
52
78
82
74
66
42
45
76
93
92
67
37
50
106
149
160
137
109
94
72
68
93
115
125
112
77
59
52
48
56
54
43
46
31
15
12
-7
-28
-36
-27
-13
1
24
33
14
-6
-37
-70
-70
-52
-43
-40
-29
-26
-36
-57
-71
-59
-27
-1
-1
-3
-5
-20
-43
-59
-52
-40
-21
-5
1
4
3
-8
-38
-55
-39
-10
26
52
56
46
14
-11
-24
-37
-38
-32
-14
14
24
9
-24
-51
-62
-56
-39
-20
4
-8
-23
-31
-37
-43
-49
-39
-26
-7
-3
-24
-46
-61
-80
-104
-105
-86
-66
-40
-31
-39
-51
-68
-77
-64
-29
-1
15
13
-3
-11
-7
1
9
11
14
21
41
58
62
53
36
27
30
42
48
52
70
78
82
83
76
64
48
49
59
76
101
110
99
79
59
39
27
21
22
32
37
35
28
7
-5
-10
-19
-24
-37
-41
-31
-19
-15
-29
-50
-67
-56
-34
-15
0
1
5
-1
-7
-11
-22
-16
-8
-8
-3
0
-3
-9
-10
-3
10
22
27
26
30
47
57
48
42
30
21
34
48
60
59
46
26
7
-11
-26
-33
-34
-13
14
25
20
-4
-32
-64
-85
-74
-55
-33
-17
-17
-24
-31
-43
-69
-83
-76
-54
-35
-27
-23
-26
-28
-33
-51
-62
-53
-35
-19
-18
-25
-43
-57
-66
-58
-30
0
29
39
32
27
12
-1
-14
-13
4
31
56
62
57
42
30
23
17
20
28
37
50
61
69
67
58
60
71
79
86
86
70
55
42
31
34
42
51
54
50
53
43
20
-4
-25
-31
-18
-2
2
6
-4
-17
-31
-46
-50
-49
-54
-52
-44
-36
-32
-37
-43
-48
-54
-56
-61
-64
-61
-60
-67
-62
-50
-40
-27
-29
-33
-42
-51
-52
-40
-18
2
15
14
17
24
21
14
6
10
20
28
35
34
28
21
15
14
21
31
29
18
13
17
25
31
28
26
30
41
51
55
45
28
8
-2
1
13
22
22
19
14
2
-12
-21
-25
-26
-22
-17
-8
2
8
4
-3
-6
-10
-14
-21
-24
-21
-20
-21
-24
-21
-15
-7
-6
-13
-14
-12
-6
-5
-9
-8
-2
12
25
28
21
12
2
-1
12
25
39
48
48
51
52
52
47
36
29
30
33
33
27
14
2
-5
-6
1
-1
-8
-16
-18
-13
-4
-4
-9
-14
-16
-15
-19
-21
-24
-33
-40
-47
-53
-52
-48
-52
-53
-54
-54
-49
-51
-46
-36
-29
-22
-19
-19
-16
-16
-20
-26
-29
-27
-20
-16
-17
-18
-19
-13
-5
-1
0
-3
-8
-4
3
9
18
16
11
13
16
27
35
34
25
18
16
21
24
28
37
44
52
60
58
51
39
23
16
16
18
26
33
38
45
46
37
25
5
-7
-9
-4
10
20
24
27
21
10
0
-15
-30
-35
-40
-37
-31
-29
-27
-28
-32
-37
-43
-43
-36
-29
-21
-12
-8
-8
-9
-13
-10
0
8
16
9
0
-9
-17
-24
-25
-15
6
24
28
26
17
11
8
2
3
10
18
21
21
16
9
-5
-20
-28
-27
-16
-5
-7
-15
-23
-25
-25
-20
-18
-11
-4
-2
-5
-15
-28
-41
-45
-32
-11
7
14
8
-2
-12
-14
-11
1
14
23
32
34
27
15
-2
-17
-21
-14
-4
7
8
8
3
-5
-10
-12
-5
10
20
26
26
19
11
5
-1
-1
6
13
17
13
3
-9
-17
-20
-12
2
21
31
29
22
14
10
14
19
21
23
25
28
25
18
12
5
2
5
8
10
11
6
-1
-6
-2
7
17
20
17
11
6
-5
-18
-26
-25
-11
5
15
17
14
3
-8
-18
-20
-13
-2
5
6
4
3
-4
-10
-17
-21
-22
-22
-22
-24
-24
-25
-19
-16
-13
-8
-5
-1
-2
-10
-16
-27
-33
-33
-30
-26
-25
-28
-30
-34
-39
-40
-40
-38
-33
-32
-25
-16
-9
-1
4
10
13
11
3
-5
-9
-8
2
10
22
31
35
34
32
26
24
25
26
32
37
43
50
50
48
41
34
28
21
16
14
13
12
12
11
14
19
20
19
9
-1
-10
-18
-21
-22
-16
-9
-6
-8
-13
-21
-30
-33
-33
-24
-9
2
10
11
10
9
11
12
15
16
16
17
15
12
5
-3
-5
-3
5
16
26
32
30
23
13
6
7
14
24
30
35
32
25
12
0
-10
-12
-9
-4
2
4
8
7
-1
-9
-14
-12
-8
-5
-4
-4
-5
-10
-17
-24
-28
-28
-27
-21
-20
-17
-14
-15
-18
-21
-19
-17
-16
-18
-24
-25
-26
-23
-23
-26
-29
-32
-34
-36
-35
-30
-21
-11
-4
0
4
7
7
5
5
3
4
5
5
4
2
3
4
6
6
8
11
13
13
14
17
19
26
30
35
39
42
40
29
17
7
1
3
8
16
21
22
18
10
2
-2
0
3
7
11
11
9
3
-5
-9
-9
-6
-1
1
0
-5
-12
-19
-22
-21
-12
1
11
18
16
10
-1
-10
-16
-17
-10
-1
6
9
8
6
2
-2
-4
-1
4
14
20
21
18
14
9
5
3
2
4
3
-2
-8
-12
-18
-19
-17
-14
-11
-6
-4
-6
-8
-10
-10
-11
-9
-11
-14
-15
-16
-19
-22
-23
-22
-20
-20
-20
-21
-23
-22
-19
-15
-9
-4
0
0
-2
-3
-4
-3
-3
2
6
9
9
6
5
1
3
5
6
10
11
12
8
3
-2
-6
-4
0
5
8
9
3
-3
-9
-12
-14
-12
-7
-1
4
8
8
6
-1
-7
-9
-11
-10
-9
-7
-8
-7
-6
-3
1
3
8
9
8
7
6
9
14
19
21
23
22
19
16
12
12
12
13
14
15
15
15
14
9
7
9
13
16
15
11
6
2
-1
-5
-4
-2
2
2
0
-4
-10
-15
-19
-19
-14
-7
0
2
0
-4
-10
-13
-14
-14
-10
-4
-2
-2
-8
-14
-21
-19
-13
-6
4
12
16
15
11
4
-2
-1
2
8
13
15
13
7
3
1
1
8
13
18
21
20
15
10
6
7
13
20
26
25
18
7
-4
-12
-15
-12
-4
7
13
13
9
1
-8
-15
-18
-16
-7
1
4
3
-4
-10
-15
-19
-18
-15
-8
-4
-1
-2
-5
-7
-5
