-2
-3
-6
-6
-5
-6
-3
-1
-3
-2
2
-1
-2
2
0
-3
-1
-1
-4
-2
-3
-6
-4
-4
-8
-7
-4
-5
-3
-1
-1
-2
2
1
-1
2
1
0
2
3
0
1
4
0
-1
0
-2
-1
1
0
-2
-2
-2
-7
-6
-4
-5
-2
-1
-3
-3
-2
-5
-6
-6
-9
-10
-7
-7
-6
-5
-5
-8
-8
-6
-9
-8
-7
-9
-8
-6
-4
-4
-2
-2
-2
1
2
1
1
3
1
3
4
1
1
3
5
4
6
5
5
7
7
5
6
8
5
4
6
5
6
6
5
2
3
3
3
5
4
3
3
5
5
5
6
7
7
11
11
11
11
11
10
12
9
8
8
7
5
4
5
3
2
3
3
4
7
8
9
12
13
12
12
11
11
12
10
8
9
8
7
8
8
7
7
6
4
2
1
2
2
4
5
3
5
6
4
1
0
0
0
-2
-3
-3
-3
-3
-3
-4
-4
-5
-8
-8
-8
-8
-5
-7
-6
-6
-6
-4
-1
-3
-4
-7
-7
-9
-10
-10
-11
-10
-11
-10
-11
-11
-11
-10
-8
-6
-4
-2
-2
-2
-4
-5
-5
-4
-3
-1
2
3
2
1
1
-1
-3
-4
-3
-1
-1
-1
1
0
-2
-4
-4
-1
-3
-6
-5
-5
-8
-5
-1
-1
-3
-6
-3
-2
-4
-5
-5
-3
-4
0
0
4
1
-1
-1
2
9
4
2
6
8
8
13
10
5
6
9
7
7
7
9
9
6
8
7
0
-3
-2
-1
-2
-3
8
8
3
1
-1
-2
-9
-15
-15
-10
-12
-7
-5
3
3
-1
-5
2
7
7
10
9
22
17
20
32
26
20
24
24
24
26
32
32
35
29
33
41
32
31
34
46
48
54
40
23
30
39
34
21
30
31
26
23
28
22
13
6
17
29
27
38
46
51
38
33
22
19
6
10
14
27
49
39
37
59
79
58
58
59
61
76
70
64
64
48
37
47
44
22
7
34
69
76
57
64
86
84
73
80
68
42
32
34
54
40
14
8
12
1
-8
-8
5
21
26
32
68
91
78
56
69
63
22
11
1
7
-1
-1
3
24
41
38
39
40
58
76
87
82
69
95
79
57
76
47
-9
-39
7
5
-7
-8
9
59
6
25
84
77
3
-6
56
48
-3
-42
6
4
-56
-45
-16
-50
-58
-2
3
-29
-35
-13
35
7
-7
7
26
64
39
9
-32
-16
2
-9
-39
-66
-32
-4
51
13
11
37
-27
16
9
-9
-25
-40
-11
3
0
-18
-20
-47
-32
-48
-76
-77
-62
-66
-75
-37
-35
-85
-82
-18
-59
-104
-52
-46
-60
-55
-43
-21
-51
-40
-10
-53
-146
-85
-78
-109
-64
-42
-23
-36
-7
42
38
-83
-16
-5
-96
-88
-45
-36
-37
-81
-58
-28
-168
-144
-65
-147
-185
-96
-38
-20
-75
-43
6
-99
-161
-80
-160
-271
-137
-65
-98
-180
-73
-70
-153
-211
-154
-74
-236
-151
-14
-11
-61
-47
26
-50
-248
-185
-158
-301
-232
-156
-81
-93
-65
-8
27
-41
-64
6
-130
-37
-51
-56
35
-77
4
-18
-94
-23
-92
-97
-99
-40
40
37
21
7
107
16
-111
-41
-20
-136
-179
-12
3
-138
-1
55
-27
-176
-98
87
-90
-106
73
22
2
50
75
-11
-10
110
36
39
-74
42
8
-57
143
-9
12
137
92
63
96
172
36
38
19
-121
-72
-96
18
-195
-111
21
57
-98
-55
103
-159
-16
153
36
-230
60
51
14
-6
7
41
26
88
126
76
-24
267
109
163
194
123
73
204
310
51
7
257
323
-27
202
323
59
129
115
226
193
-137
141
492
122
-8
278
284
28
53
314
286
-60
-40
345
127
14
36
252
178
-142
245
255
-50
15
337
99
-30
-63
105
138
-262
202
210
-12
-61
219
260
-155
34
150
92
-47
49
101
27
-87
40
221
45
-31
-43
195
60
-46
18
73
-39
-96
186
7
-128
-94
149
147
-136
-11
262
24
-113
140
198
49
-314
152
354
-246
-246
440
238
-655
129
313
-111
-309
45
361
-155
-390
81
418
-431
-283
377
29
-321
-114
160
128
-352
-83
375
-329
-395
123
-54
-132
-349
290
-4
-338
116
209
-210
-377
455
34
-379
-281
510
-24
-568
140
316
-127
-319
120
202
-268
-402
273
197
-366
-417
414
-122
-515
-258
-57
39
-492
-240
87
24
-443
18
215
-210
-237
-79
153
-121
-252
58
143
-218
-15
100
-60
0
-58
80
17
-2
167
-164
-44
18
31
-17
-207
-170
145
-198
-349
203
-81
-378
15
152
-238
-91
-37
196
-331
-124
226
-291
-222
63
167
-584
370
184
-274
-5
-59
388
-356
-152
454
-123
-378
315
-55
-113
149
-163
-118
-74
69
-280
-194
-60
-56
-256
280
-149
-282
-71
-79
87
-335
-21
3
-149
-57
151
-82
-396
45
542
-589
-50
434
-286
-121
-1
332
-295
-24
100
29
265
-331
282
134
-132
277
24
57
115
192
-23
151
-64
-17
233
-228
-131
259
-37
-330
-19
363
-253
-168
172
227
-13
-604
547
125
-302
-100
505
50
-50
311
-171
551
-105
139
85
365
34
-18
209
-49
210
92
130
227
301
-241
218
416
-209
74
200
218
230
-199
348
308
-261
-19
421
-123
-78
109
-113
277
-40
-314
345
207
-263
-175
301
-1
-132
-326
299
352
-663
143
479
-249
95
-95
185
437
-411
232
318
-22
-379
616
-58
-299
359
-242
344
-52
-79
28
256
-292
-76
537
-270
28
127
-123
230
-36
-602
206
506
-518
-109
433
296
-668
147
617
-181
-565
60
837
-559
-477
349
274
-350
-272
222
104
-465
-146
432
-277
-13
19
54
111
-83
-239
289
-34
-40
43
-355
597
-192
-124
-52
471
-360
-22
131
-19
168
-566
474
210
-358
-367
561
-59
-512
114
543
-511
-133
197
245
-355
-482
893
-435
-482
273
344
-690
-383
711
15
-882
249
581
-464
-218
226
239
-553
171
-10
-128
-162
-23
42
-95
-8
-244
124
-275
238
-141
-118
195
124
-230
86
18
-28
203
-284
375
23
-266
374
-84
-7
-97
163
-9
-146
-60
74
-41
-387
194
-335
6
-126
-453
237
-74
-758
327
-77
-412
-113
-300
54
165
-585
-98
246
-396
58
-284
354
-27
-403
284
157
-200
-47
161
-68
58
-213
125
115
-295
-61
235
8
-74
-293
629
-331
235
-176
129
464
-620
658
-308
116
-134
451
-15
-332
275
340
-162
-322
442
-184
8
-149
388
-146
-348
329
231
-315
-116
244
31
145
-169
-190
516
-162
-120
410
18
27
283
-141
134
740
-707
247
469
-113
48
-106
151
273
-460
116
329
-247
-121
78
402
-209
-24
-9
96
354
-222
-327
510
235
-564
117
585
-457
-11
-127
670
-145
-956
943
-129
-145
-114
-142
407
-214
-305
349
405
-646
-4
618
-78
-626
736
241
-264
326
-59
627
-333
-21
552
144
-104
348
262
93
-263
536
243
-149
-95
375
400
-839
756
-379
44
171
-313
29
-76
102
-344
395
-343
71
-214
-17
438
-809
94
623
-757
-145
281
-276
-45
-350
287
-34
-211
-210
736
-579
-309
567
-206
13
21
-63
131
479
-589
329
411
-527
224
548
-375
78
381
-413
298
255
-383
-195
571
-476
-143
382
-480
92
-1
-367
-87
213
-428
-506
451
-133
-543
288
-219
135
-370
-30
108
-170
-474
193
334
-672
20
53
-17
-193
-131
-109
374
-435
-284
700
-403
-426
486
-25
60
-185
87
403
-52
-672
832
-42
-479
402
-245
439
-659
91
316
-200
-276
-20
262
-398
-121
16
56
-42
-444
207
146
-109
-400
329
-63
-249
500
-656
558
-142
-203
175
17
-101
-28
14
-275
392
-467
-39
315
-251
49
80
-220
360
-214
63
-68
379
-72
-371
778
-386
59
122
136
107
50
-272
166
315
-724
415
-56
-241
216
-216
247
195
-469
129
140
49
-167
-346
555
-136
-102
-12
245
-79
3
-324
360
176
-707
137
439
-177
-555
525
123
-362
-190
295
-211
-54
151
-64
120
176
-242
438
-241
-150
499
-563
598
-185
67
165
161
-82
-100
228
-463
629
-224
-59
248
90
81
-210
298
76
-258
-94
492
208
-640
278
503
-211
-349
-90
751
-771
-51
140
394
-290
-258
361
181
-207
-388
764
-636
130
-44
-21
-188
351
-437
-36
929
-1092
458
60
111
-501
670
87
-428
506
-289
752
-594
356
354
-110
344
-283
636
-358
12
336
-210
270
-351
580
-280
13
206
-204
221
-200
-80
112
75
-220
-216
542
-378
-101
175
127
-29
-542
835
-182
-257
-118
737
-379
-64
114
225
222
-811
907
-76
-337
364
377
-184
20
593
-324
-14
768
-506
321
393
-270
447
198
-188
215
404
-208
33
119
26
-54
-237
264
346
-575
172
175
6
-714
429
-406
-211
-152
-302
208
-374
56
13
-256
-80
266
-707
7
276
-656
-189
268
-329
-118
-81
-283
305
-360
-183
233
-198
85
-159
417
-176
44
-231
473
-170
-205
213
37
102
-387
314
-95
-13
-35
-140
184
-41
-161
262
-104
-83
60
-110
-55
7
-106
10
-303
153
-263
-131
97
-23
-227
162
-193
2
178
-378
-86
632
-550
-61
355
-170
173
-189
441
-430
372
-87
335
-114
-67
496
140
-128
200
394
-400
298
414
-516
74
571
-510
-57
664
128
-817
1103
-99
-369
223
236
747
-826
98
989
-268
-1062
1148
-91
-464
-95
284
120
-680
36
318
208
-1055
248
663
-992
-244
621
-827
134
98
-457
641
-491
-203
465
-709
652
-610
-161
733
-781
171
323
-27
-400
171
-419
781
-996
-388
1059
-1234
-61
291
-245
-160
214
-576
367
-188
-767
624
-234
-608
-76
567
-680
-79
472
-1000
525
-158
-912
983
-1123
32
741
-1238
337
281
-760
-9
448
-964
173
473
-811
818
-509
31
953
-809
132
804
-671
251
345
40
290
-80
254
445
202
-646
901
391
-713
216
1002
-621
-19
771
-441
398
-266
371
326
-684
264
585
-192
-390
741
80
-468
316
353
-150
-473
741
-103
-225
243
439
95
-447
646
295
-341
400
-77
262
-72
0
840
-708
253
867
-850
219
1124
-1108
579
251
134
-135
344
154
243
-86
260
489
-461
862
-145
106
302
29
216
-43
48
586
-591
727
-36
-90
155
-171
664
-647
233
467
-301
-266
835
-710
189
423
-737
569
-495
395
-736
541
-218
-429
517
-589
379
-344
-120
201
-84
-272
-25
531
-998
555
-162
-343
237
-75
314
-1046
847
154
-721
475
104
-191
-65
37
323
-457
162
-296
684
-367
-258
543
-483
-146
-2
-517
245
-60
-827
766
-316
-540
749
-880
377
-120
-686
897
-771
-127
315
-510
122
390
-1114
721
59
-1032
903
-582
-166
458
-743
386
227
-1015
655
-180
-34
-300
-200
861
-830
57
359
21
-420
-181
596
-462
-367
456
-121
13
-519
786
102
-720
547
87
-249
-136
415
-47
-42
-656
853
169
-1059
590
361
-666
85
86
450
-543
-8
564
-370
-340
232
450
-1003
356
301
50
-786
523
372
-768
-195
527
44
-800
34
927
-872
-333
719
-420
33
35
-24
206
-458
321
115
-456
189
-127
-106
-121
14
-545
297
340
-1089
397
466
-1019
245
308
-699
35
-176
116
59
-783
286
127
-304
-634
771
-700
-662
496
-178
97
-710
488
594
-1196
352
841
-1075
-38
417
-14
17
-754
933
-112
-872
98
505
-581
-358
668
-420
-360
88
-503
539
-583
-826
995
-666
-172
-81
142
-94
-271
80
-406
485
-835
105
246
-712
402
-147
-88
543
-578
43
548
-473
264
-122
54
-263
337
-264
153
467
-721
397
369
-577
-154
856
-827
500
-71
-243
584
-489
130
613
-247
-200
684
36
-17
72
299
-124
9
121
379
254
-418
631
624
-601
5
1204
-807
-12
993
-234
215
76
453
79
-391
689
345
-624
359
718
-367
-318
1092
-680
-322
352
361
-94
-375
890
26
58
-336
694
-128
-658
923
-182
-127
610
-142
18
695
-409
469
-268
78
453
-710
927
-100
-511
662
-315
467
-365
603
-171
-33
685
-1165
1116
-663
-64
845
-420
-155
33
282
-465
22
538
-676
344
289
-711
893
-672
-323
198
-359
34
363
-640
14
485
-351
-129
645
-1185
295
208
-373
648
-809
733
-593
298
24
-238
78
-113
647
-656
177
366
-674
616
-609
391
104
-691
1023
-1175
667
31
-637
-29
72
75
-669
726
-355
-31
38
-667
1200
-1279
-410
1211
-883
-369
353
-7
-516
237
-55
107
-157
-480
665
-825
211
394
-684
562
125
-796
535
80
-528
431
-54
-57
515
-509
391
335
-628
331
259
-518
-443
996
-677
-41
132
130
5
-188
47
406
-688
141
140
-58
-389
273
239
-647
387
-526
602
-835
342
-389
134
-13
23
507
-1104
1327
-769
-29
195
-281
128
-519
553
26
-397
-446
850
-327
-351
466
-273
-126
559
-202
134
497
-424
318
152
294
-339
-12
293
-107
161
-204
555
-467
640
169
-291
430
-646
158
263
-220
-253
783
-707
658
-5
-197
110
399
-208
206
163
-261
153
-7
378
-540
-39
-88
361
-179
-306
-126
356
-725
-110
643
-950
322
699
-155
186
-27
30
-124
149
-268
141
40
-668
828
319
-952
316
632
-802
90
-415
235
83
-838
779
-854
256
161
-321
557
87
-395
400
183
-780
585
-354
134
184
-515
459
-753
-133
736
-504
-307
606
-34
77
451
-428
329
293
-380
304
-102
-128
-150
632
13
38
143
-159
674
-65
29
26
91
414
302
-147
111
-207
255
533
-665
81
326
-164
-198
634
-380
-324
311
-227
407
-427
439
-215
140
516
-364
369
314
16
-669
656
8
-484
671
-214
316
-131
-53
221
-383
18
-75
292
-422
658
434
-201
449
128
201
-27
52
36
180
-109
-117
531
-451
-57
314
303
179
-211
550
-126
296
237
73
74
-335
344
175
187
-630
350
534
-945
-164
51
25
-1011
65
439
-313
-41
-492
789
-1108
183
196
-410
470
-598
479
-180
-272
-241
201
-327
-345
364
-248
-270
314
40
-251
117
-300
134
-72
-274
222
-208
-307
-107
117
-316
19
425
12
-261
146
266
-702
166
-148
163
163
-644
894
-326
-317
-192
99
-51
-469
0
259
427
-802
451
175
-295
-347
-325
557
-623
-171
269
-118
-293
263
303
24
13
-41
798
-127
-65
696
-104
138
410
-226
356
139
-443
506
378
-799
-2
418
-418
-153
187
28
-270
-183
-198
137
-397
-281
265
-592
-227
369
-1
-359
-102
-130
105
-749
9
280
-651
-358
-251
419
-640
-54
387
-5
-235
-181
412
-503
65
-125
-13
9
-413
62
-269
-474
-77
486
61
-271
168
-70
-320
-816
-239
587
-327
201
407
-62
-427
-301
248
167
-231
240
731
-7
-392
512
225
-278
89
325
547
-208
-53
146
-723
-560
-83
74
77
-154
-78
333
-167
-1036
167
326
-121
531
659
501
170
-247
183
585
-255
433
996
494
460
451
692
506
13
162
744
381
129
767
62
103
357
138
531
-17
275
191
33
-60
119
247
133
84
-74
141
-423
-947
-365
-22
-679
-281
3
-505
-713
-818
-617
-589
-1049
-707
-538
-1000
-1321
-901
-885
-1221
-1260
-862
-642
-1469
-1326
-1200
-1534
-1396
-1423
-1101
-1032
-846
-233
103
80
-269
274
485
303
900
1625
1952
1962
2122
2304
2477
2378
2575
3026
3013
3038
3331
3434
2797
2603
2622
2728
2549
2435
2299
1550
1151
1119
917
504
163
-129
-478
-662
-1199
-1654
-1416
-1739
-1899
-1525
-1681
-1522
-1784
-1941
-1473
-1868
-2060
-1256
-1014
-1235
-1071
-783
-1008
-1068
-684
-509
-513
-594
-372
-635
-637
-915
-1202
-1102
-1337
-1518
-1837
-2106
-2650
-3314
-2891
-3543
-3919
-4567
-3700
-1394
-491
-2
-1660
-3468
-2869
-1830
-416
1020
193
1357
1916
2574
3516
2254
2344
3504
4214
5343
5381
4354
4248
3741
3853
4778
4958
4676
3645
2388
2261
1956
1225
664
-454
-805
-712
-1429
-2241
-2691
-3425
-3757
-3561
-3020
-2283
-2177
-1605
-1654
-2124
-2069
-1730
-1084
124
1234
1772
2037
1857
2197
2444
2885
3535
3811
3769
3654
3636
3297
2900
2556
2472
2195
2212
1406
-97
-828
-1767
-2010
-1903
-2197
-2840
-3794
-4663
-4901
-5100
-4935
-4489
-4619
-4608
-4551
-4987
-5380
-5238
-5133
-4863
-4499
-4229
-4248
-741
2460
2796
1374
-2858
-3403
-573
1175
3473
2999
701
2209
2011
2879
3081
913
2334
3987
4247
4392
2395
1614
2290
2206
4648
6072
5356
4153
1981
1637
2897
3086
3317
2588
1301
1108
395
-657
-1428
-2126
-2196
-2273
-2568
-2058
-2256
-3377
-3930
-3382
-1980
-857
-607
-757
-561
-240
168
661
1374
2217
2643
2813
2731
2420
1678
1732
2907
4042
4523
3352
2024
1024
840
1145
799
228
-624
-1133
-1682
-2557
-3727
-4663
-4755
-4350
-3950
-4202
-5095
-5990
-6118
-5594
-4914
-4708
-5304
-5789
-5702
-5826
-5514
-5562
-5666
-326
3865
4054
1047
-5242
-5003
-472
2265
4769
2970
293
2515
3148
4526
4287
1784
4214
7021
7053
5863
2747
2274
4402
5539
8087
8778
6594
3893
1148
1860
4917
5066
4240
2114
279
450
-821
-1863
-2468
-2869
-2414
-2891
-3895
-4371
-5231
-5885
-5683
-4268
-2026
-1534
-2080
-2537
-2028
-404
228
1595
3035
3328
2850
1550
1388
2189
2928
3798
4862
5458
4377
2191
678
1139
2501
3429
3203
1447
-418
-1879
-2475
-2149
-1983
-2115
-2632
-3570
-4556
-5404
-5715
-5331
-4552
-3233
-3148
-4387
-5781
-6920
-6291
-4845
-4124
-4246
-5633
-6854
-7019
-1411
3221
2747
-1286
-7140
-6064
-280
2251
2775
469
-2686
423
2457
4492
4509
1597
3447
6685
6782
5501
2594
2951
6795
8331
10086
9510
6287
3648
2380
4719
8516
8025
5131
1777
52
1217
855
-338
-692
-1369
-1940
-3426
-4819
-4827
-5036
-5182
-4371
-3530
-3001
-4454
-5718
-4212
-1690
660
391
-579
110
427
719
1709
2001
2840
2566
2189
3435
3414
2364
1167
1348
3056
3865
2538
164
-1483
-1343
220
849
-420
-2688
-4383
-4144
-3042
-2713
-3320
-4440
-4809
-4275
-3756
-4218
-5193
-5137
-3887
-2874
-2922
-4452
-5214
-5201
-4309
-3635
-3742
-5405
-2577
3530
5126
1526
-5783
-7480
-614
5559
6399
4031
-1608
-1290
2753
6118
8586
5338
3220
6054
7309
6458
4319
3990
8146
9911
9135
8239
5849
4062
3107
4284
8881
9797
4725
-605
-2758
0
2168
570
-897
-2405
-4291
-6548
-7717
-5672
-3804
-4810
-5963
-6360
-6527
-7536
-8741
-6461
-2761
-957
-2469
-4514
-3892
-2174
-952
537
2012
1841
50
-1062
1112
3713
3812
2487
2544
3701
3637
1695
243
1041
2679
3819
3152
879
-1339
-1907
-669
1072
1075
-877
-3254
-4264
-3498
-2215
-1772
-2540
-3376
-3913
-3909
-3618
-3637
-3368
-3489
-3367
-3483
-4056
-5530
-5733
-5189
-1554
4730
4505
-464
-6497
-7181
341
6681
6070
3067
-1787
-1854
3060
6065
8511
5781
3086
5333
6578
5455
3884
3705
7694
9759
7571
6292
4597
3778
3865
5531
8827
8302
1976
-2703
-2071
2276
4430
1217
-1847
-3633
-5158
-5676
-4962
-3110
-2730
-5613
-7818
-8420
-8215
-7775
-6824
-4494
-3316
-5287
-7587
-7838
-5923
-2811
-690
1413
1440
-1446
-3548
-2396
2020
5859
5669
3270
1334
1028
3115
5353
6603
6233
4600
3689
3762
3771
3438
3338
3835
4165
3062
693
-1374
-1654
-259
1139
753
-1496
-3968
-4646
-3442
-1860
-1812
-3454
-5209
-5529
-4713
-3674
-4459
-5070
-5630
-5186
-4659
-1954
1822
1510
-1963
-5524
-3481
2368
5051
2199
68
-1329
961
4266
5271
5469
2246
1068
3760
5384
4186
2305
2983
6738
6698
3960
3273
3651
4296
3771
4581
6241
4350
-664
-1718
1504
4794
2929
-1711
-3582
-3777
-3949
-3940
-2995
-2622
-4684
-7795
-7777
-6590
-6134
-6745
-7089
-5932
-5808
-7003
-7130
-5400
-3025
-2069
-2653
-2684
-2090
-1161
587
2650
3843
3069
2156
2678
4196
5785
6641
6528
5692
4731
4501
5439
5952
5449
4796
4568
3945
2655
1528
1358
1351
1467
1151
-236
-2138
-3513
-2858
-1494
-1372
-2874
-4553
-5137
-4361
-3595
-2835
-3125
-4436
-5442
-5363
-4124
-3013
-3571
-2160
1347
1240
-1671
-5731
-4492
1338
4377
2291
-895
-3507
-2523
1008
4173
6367
2946
-960
-597
2006
3781
3922
3999
5168
3505
1277
2747
5248
6016
3752
2628
4137
4169
1443
891
2616
3692
1415
-1632
-1685
-1354
-2675
-3663
-2873
-2047
-3719
-6680
-6730
-5591
-5309
-5890
-5617
-4743
-5321
-6618
-5922
-3554
-1887
-2424
-3468
-2752
-1891
-930
263
1747
2678
2001
1598
3145
4514
5146
5319
4664
4064
3829
4754
5839
5227
3800
3775
4575
4514
3335
2717
2992
2791
2362
2306
2166
935
-359
-77
647
-86
-1637
-2012
-908
-110
-911
-1989
-2784
-2944
-2329
-1640
-1402
-2182
-3881
-4448
-4267
-3495
-3061
-1773
-197
-1136
-3680
-5592
-3830
-459
1050
-752
-2768
-3850
-2468
304
2393
2384
-635
-3245
-2410
83
1669
2329
2265
2213
682
136
2190
4416
4226
2419
1878
2822
3307
2854
3263
3427
2566
798
729
2423
3044
1709
123
-223
142
8
-329
-224
-719
-1901
-3062
-2721
-1607
-1429
-2180
-2398
-2162
-2121
-2534
-2312
-1056
-528
-1179
-1846
-1069
-43
249
129
270
617
363
308
1032
1879
1797
1253
810
1086
1664
1962
2400
2239
1806
1475
1328
1551
2174
2475
2239
1567
1516
2427
2823
2128
1050
912
1432
1308
917
931
744
-180
-825
-219
501
-281
-1818
-2714
-2504
-1991
-1952
-2078
-2461
-3533
-4080
-3788
-3189
-3184
-3786
-3905
-3899
-4067
-4135
-3867
-3474
-3169
-3170
-2872
-2619
-2772
-2471
-1634
-744
-430
-808
-664
-88
532
1128
1670
2316
2196
1853
2293
3180
3697
3783
3680
4043
4176
3861
3532
3641
4126
3983
3354
2778
2623
2531
2149
1984
1914
1577
872
4
-175
84
-98
-677
-1273
-1420
-1094
-962
-1201
-1896
-2488
-2416
-1929
-1449
-1557
-1890
-2149
-2438
-2310
-1761
-1184
-1035
-1281
-1483
-1253
-1079
-915
-756
-570
-289
-77
430
615
204
-363
66
1305
2204
2154
1408
942
1077
1786
2641
3027
2552
1582
689
654
1183
1649
1609
711
-411
-945
-558
86
-76
-1103
-1979
-2270
-2266
-2263
-2129
-1600
-1513
-2212
-2776
-2515
-1610
-865
-1017
-1273
-1376
-1357
-892
-380
8
-9
-379
-422
25
358
684
659
418
297
186
778
1422
1618
1228
605
546
1019
1548
1746
1357
669
605
897
1171
1143
782
805
811
416
28
-49
106
215
80
5
-133
-803
-1199
-721
240
420
-403
-1166
-1054
-698
-570
-386
23
40
-542
-907
-561
-16
-106
-499
-785
-736
-526
-325
55
222
-104
-348
-227
89
308
370
644
818
490
-50
-297
-4
419
604
439
117
-29
182
466
537
61
-170
187
339
210
-85
-120
78
199
513
1006
1236
778
91
399
1558
2124
1931
1354
1003
986
935
1288
1894
1780
803
-60
60
1077
1346
496
-173
-476
-533
-500
-314
26
-177
-800
-1055
-768
-420
-664
-1039
-947
-610
-590
-947
-1200
-1181
-1131
-1148
-1003
-1011
-1159
-1171
-1151
-1092
-1301
-1582
-1510
-1227
-1113
-1151
-1312
-1436
-1505
-1466
-906
-468
-729
-1255
-1488
-1120
-495
-387
-488
-401
-252
-257
-264
0
558
986
959
675
583
886
1428
1853
2016
1898
1567
1214
1102
1392
1842
1923
1373
798
495
679
1052
1099
765
95
-326
-18
327
260
-218
-497
-256
81
229
296
379
385
263
371
841
1345
1434
1108
892
1092
1516
1608
1516
1222
907
855
1166
1525
1316
630
207
446
986
1276
1120
722
140
-272
-261
311
913
655
-290
-1066
-999
-339
-39
-335
-683
-1233
-1508
-1595
-1516
-1377
-1570
-1879
-2138
-2344
-2690
-2831
-2938
-2934
-3048
-3404
-3625
-3725
-3659
-3488
-3594
-3736
-3638
-3379
-2905
-2689
-2754
-2840
-2732
-2008
-1085
-618
-455
-615
-625
-134
580
1336
1793
1883
1830
1733
1922
2541
2864
2806
2685
2857
3053
2858
2606
2642
2891
2907
2569
2317
2393
2415
2203
2108
2194
2185
1899
1523
1573
1801
1825
1491
1279
1326
1379
1435
1393
1185
899
682
619
604
406
192
-49
-347
-487
-469
-337
-406
-904
-1186
-1070
-773
-681
-950
-1172
-1095
-950
-764
-504
-417
-593
-964
-885
-299
96
-13
-489
-793
-753
-596
-236
-51
-487
-1182
-1496
-1125
-744
-1109
-1736
-1950
-1750
-1692
-1911
-2049
-1969
-1850
-1820
-1679
-1544
-1624
-1840
-1732
-1182
-668
-715
-1056
-1052
-631
-21
171
64
11
114
339
550
781
862
714
680
931
1294
1347
939
628
907
1518
1601
1116
606
593
1001
1370
1422
1138
703
498
813
1353
1698
1450
1009
849
1054
1295
1429
1469
1307
1173
1182
1377
1421
1115
815
1061
1529
1582
1166
722
629
777
883
955
831
400
-109
-306
52
394
327
23
-193
-391
-633
-895
-913
-769
-920
-1039
-1209
-1371
-1726
-2162
-2126
-1878
-1901
-2249
-2620
-2775
-2781
-2883
-2782
-2534
-2405
-2454
-2408
-2092
-1825
-1860
-1882
-1436
-802
-408
-407
-394
-158
253
732
1176
1470
1512
1510
1663
2097
2427
2472
2279
2192
2400
2800
3032
2952
2596
2164
2094
2216
2298
2267
2106
1953
1629
1157
947
874
818
589
258
225
108
-50
-112
-208
-389
-643
-893
-924
-1004
-1239
-1361
-1389
-1265
-1212
-1237
-1216
-1200
-1214
-1110
-956
-754
-590
-571
-590
-626
-502
-252
98
303
227
69
-8
-32
170
560
831
815
335
-90
-148
66
403
519
216
-307
-769
-705
-424
-503
-834
-1190
-1265
-1151
-1273
-1542
-1781
-1966
-2102
-2127
-1878
-1554
-1529
-1796
-1937
-1725
-1392
-1226
-1141
-935
-787
-857
-842
-534
-15
333
377
340
405
602
732
1045
1322
1425
1373
1212
1271
1464
1558
1559
1714
1898
1874
1540
1317
1282
1379
1477
1404
1316
1143
927
912
1036
1188
1163
920
754
686
640
531
352
212
171
190
270
219
-108
-555
-691
-481
-276
-314
-656
-906
-964
-909
-821
-800
-898
-1120
-1208
-907
-553
-572
-1002
-1371
-1234
-781
-337
-223
-436
-778
-1042
-1000
-618
-255
-358
-672
-852
-741
-604
-517
-574
-682
-857
-954
-724
-476
-429
-685
-841
-721
-395
-227
-201
-293
-419
-448
-323
27
283
297
206
259
462
696
780
859
1002
1130
1257
1203
1092
1177
1350
1443
1347
1055
931
999
1096
1156
987
618
262
127
327
470
166
-274
-458
-329
-192
-281
-462
-619
-809
-907
-757
-558
-479
-644
-816
-777
-750
-764
-953
-1022
-876
-684
-422
-478
-833
-1111
-991
-548
-216
-286
-516
-630
-535
-321
-180
-52
-11
-51
-9
148
256
190
159
459
794
864
689
437
364
404
600
910
1027
682
119
-47
305
693
695
427
166
44
-11
71
239
293
69
-194
-185
-102
-63
-105
-70
62
119
137
167
144
98
189
482
806
876
777
723
874
1071
1140
1148
1138
1135
1130
1105
1143
1098
939
822
780
818
798
647
486
441
441
388
292
208
166
68
4
-71
-161
-258
-441
-636
-644
-532
-558
-737
-948
-1092
-1127
-1143
-1187
-1246
-1266
-1328
-1473
-1592
-1654
-1635
-1497
-1338
-1277
-1368
-1503
-1493
-1253
-938
-741
-669
-645
-620
-538
-314
30
247
279
311
432
578
661
658
786
912
944
971
972
1020
933
807
856
1027
1050
824
504
392
469
461
407
239
25
-140
-193
-180
-148
-253
-387
-398
-366
-386
-512
-527
-519
-487
-375
-349
-429
-492
-509
-357
-205
-218
-383
-506
-449
-230
-100
-149
-226
-331
-167
147
318
354
300
303
430
540
639
749
816
924
878
842
801
648
664
739
820
709
387
120
37
72
198
164
-38
-303
-593
-560
-403
-364
-461
-747
-905
-882
-865
-799
-782
-806
-743
-723
-709
-646
-635
-581
-565
-479
-311
-246
-329
-550
-557
-266
27
206
209
134
125
175
351
631
722
512
286
301
508
669
676
578
517
428
380
529
690
644
325
122
264
501
596
537
483
491
368
263
402
513
410
141
21
136
223
154
34
-49
-28
-33
-37
2
-92
-249
-304
-178
-41
63
59
-43
-150
-81
193
399
324
33
-170
-65
186
256
170
-21
-241
-349
-282
-112
-89
-306
-550
-637
-428
-130
-41
-179
-455
-590
-460
-206
3
-16
-164
-176
-85
-10
42
55
118
228
265
165
-9
-108
84
297
377
283
-4
-136
-113
-32
82
135
30
-194
-297
-133
71
104
23
-31
-39
-126
-147
-21
110
61
-148
-301
-226
-132
-61
76
62
-121
-283
-167
189
382
255
-35
-211
-163
69
303
468
378
87
-13
168
413
525
473
359
309
230
223
356
454
420
283
283
415
426
380
359
421
491
437
368
389
382
353
351
420
406
151
-72
-56
92
211
139
-28
-153
-268
-247
-140
-70
-172
-434
-568
-467
-295
-237
-342
-474
-512
-486
-424
-371
-407
-481
-544
-537
-528
-568
-633
-603
-482
-384
-389
-525
-698
-740
-548
-309
-177
-262
-472
-643
-660
-464
-279
-263
-378
-496
-477
-375
-317
-314
-367
-423
-536
-612
-567
-494
-552
-677
-712
-624
-565
-601
-628
-610
-558
-616
-716
-717
-585
-395
-220
-156
-195
-269
-173
148
442
561
430
295
321
513
751
905
946
847
717
721
887
1096
1177
1105
1020
964
986
1004
1040
1033
1064
1111
1020
927
853
818
826
794
685
620
569
548
543
554
574
465
330
210
83
77
145
180
98
-128
-270
-261
-117
-69
-156
-173
-201
-167
-206
-151
-298
-320
-431
-433
-323
-171
-74
-318
-489
-509
-324
-213
20
35
-88
-362
-636
-734
-865
-986
-1117
-1137
-1188
-1030
-722
-439
-232
-327
-474
-865
-1073
-1294
-1421
-1431
-1196
-599
12
517
694
819
526
204
-237
-510
-711
-678
-368
109
705
1024
1293
1213
1427
1242
1060
477
175
70
189
665
1172
1687
1658
1696
1359
1389
953
513
-280
-617
-553
-88
474
847
1168
1098
1332
1254
1362
925
514
-213
-679
-801
-545
-39
134
312
183
371
133
48
-286
-475
-797
-1018
-1091
-1085
-688
-583
-227
-298
-201
-237
-328
-236
-310
-344
-505
-558
-728
-876
-748
-611
-391
-172
-51
-24
116
293
240
197
230
281
-6
-46
224
371
721
743
537
534
295
-339
-364
-393
-617
-517
-311
-251
-54
-173
-244
64
65
43
95
-72
-358
-192
-167
-92
-109
-152
-139
-215
-120
-190
122
212
184
220
225
451
470
398
582
639
370
293
153
420
485
348
674
502
504
442
484
420
283
111
67
524
184
175
207
333
393
326
463
155
-161
-128
-273
-435
-181
-426
-510
-536
-536
-524
-376
-675
-923
-796
-1069
-679
-634
-841
-833
-832
-599
-553
-609
-746
-698
-555
-654
-580
-398
-489
-456
-279
-416
-205
-48
-230
-638
-380
-212
-420
-183
-65
-224
-487
-12
70
45
111
-169
121
368
-410
-54
339
-248
-101
296
291
250
259
16
477
-28
239
562
13
181
541
615
529
795
206
375
418
529
514
-85
-121
-3
2
182
192
-533
-217
-121
-324
-144
-388
-509
-395
-172
-263
-523
-188
-632
-454
52
-548
-291
-152
-518
-333
-255
-497
-225
-210
-645
-169
164
-670
-238
31
-508
-314
-175
187
203
-36
-59
142
-1
-347
244
392
-391
-212
223
786
533
282
768
510
90
532
930
322
431
863
416
721
838
450
505
451
153
107
342
-16
663
317
-22
729
72
142
677
370
630
808
101
547
1546
214
496
1224
256
627
1091
316
741
436
589
1267
265
352
693
801
159
932
580
-64
421
570
201
43
245
-33
599
214
-726
215
-215
-533
233
-698
64
-351
-846
-449
-264
-735
-768
-10
-1317
-1028
-1095
-730
-713
-925
-607
-237
-667
-1102
-212
-696
-676
-609
-593
-870
-335
-399
-140
459
-539
182
97
585
391
-73
629
187
304
720
961
710
1140
265
438
1153
358
432
1025
640
346
817
819
880
153
722
831
-11
85
350
536
-390
410
84
180
344
-473
633
480
-730
613
429
-793
392
-71
-647
640
-108
-450
1165
-954
-307
934
-857
-488
408
-329
-601
-325
-280
-137
-698
-331
-739
-685
-766
-712
-354
-909
-771
-309
-513
-671
-130
-963
-776
-525
-890
-249
-821
-881
409
-789
-998
-372
-991
-528
-744
-499
-251
-646
-422
-128
-360
-537
-512
-220
-423
-339
-245
-195
174
-398
-407
185
128
-1003
284
260
-267
315
-365
485
-150
-34
660
671
57
67
619
111
1004
334
399
978
735
632
433
1052
570
48
835
315
718
1088
411
1208
34
736
942
589
345
807
642
-14
1250
382
261
754
206
117
569
-508
44
126
-160
52
-206
-59
-226
38
-835
21
-897
-1013
-128
-984
-560
-517
-1119
-506
-320
-1375
-1238
-492
-1470
-1171
-572
-707
-691
-899
-500
-878
-602
-890
-831
-9
-526
-566
59
100
-434
-72
-144
-201
294
-1000
605
1252
-320
-49
1090
481
-183
959
455
594
334
931
1787
290
431
1617
646
710
1036
565
554
219
769
743
466
-148
1292
250
-536
587
342
-141
-589
716
-332
241
-211
-131
468
-428
-98
279
-356
-525
1001
-660
-209
755
-565
438
265
90
607
311
-65
835
553
-379
606
974
468
256
37
1430
745
150
751
490
586
-475
-45
598
-59
-463
416
516
75
-994
-129
40
-1557
-589
202
-1103
-712
-91
-633
-893
-1026
-596
-980
-1291
-736
-560
-1108
-963
-250
-900
-343
-821
-613
-365
-592
-581
-650
126
-481
232
-288
369
710
135
362
593
439
-188
719
475
917
920
618
1477
787
328
573
507
185
635
409
294
1047
482
784
29
-92
526
-26
-715
-289
60
388
-156
61
768
-485
-495
-245
368
-663
-1039
230
-283
-293
-68
-28
161
383
-846
-139
222
-1036
271
-123
2
630
-429
343
723
191
-463
215
248
-113
339
-990
370
499
-542
-96
704
-127
-1076
-632
-83
3
-622
-1094
336
363
-1136
-204
-104
-871
-786
-759
-696
229
-1108
-1101
721
-616
-708
-525
-845
-198
-822
-1191
-50
-403
-503
456
351
-399
100
-123
-236
205
-85
299
448
242
460
1370
-31
-269
826
-123
153
453
-370
-209
797
355
81
509
233
-399
-386
91
-165
-927
-453
192
-141
-816
213
114
-989
-750
-592
-555
-1013
-1139
-393
-375
-968
-762
-15
-551
-1021
-255
217
-873
-824
268
205
-267
390
-246
263
454
-280
794
-354
273
110
146
408
465
103
41
1148
-318
-118
390
321
-195
412
599
584
-131
429
1069
-232
-39
160
551
-571
817
361
-358
-3
186
109
-598
249
-590
-546
-509
519
-901
-510
709
-157
-78
-1028
243
-262
-809
117
97
-334
-151
485
148
-10
52
-480
338
324
-225
404
-121
322
83
692
556
22
767
3
123
-126
684
227
-366
145
1407
-67
-641
601
-36
-679
-796
689
-188
-650
43
556
-270
-592
-148
200
-307
-112
-45
694
131
-545
1102
-174
195
153
343
-37
440
652
420
428
263
798
-260
-125
542
207
254
503
447
616
66
190
780
215
-268
761
922
335
-329
588
1268
-399
-203
775
-195
-163
476
-481
228
-219
-277
316
592
-333
-270
827
-79
-105
-229
64
493
200
-466
453
637
76
195
219
172
-323
-20
59
149
105
154
67
-168
130
84
433
481
147
-361
-999
119
68
-362
37
225
220
-468
-470
-334
-356
-357
-426
-218
-64
-363
58
52
-352
-427
-127
-87
-352
-443
387
718
-446
369
736
-235
-422
-83
645
-200
-104
273
309
186
-126
886
277
-464
-2
224
-655
158
357
-168
531
-162
-146
118
-199
-463
211
874
-529
-578
342
362
241
-292
-359
-420
-560
-1343
-222
386
-1128
-391
473
-640
-1065
-904
-27
-258
-627
-369
201
331
-958
-61
352
-44
-182
-34
227
-347
-301
-73
-18
-63
-92
429
830
-233
-479
424
325
-226
-300
1233
-165
-472
851
601
-274
-914
-314
-97
-532
-1307
600
53
-918
-53
-156
-675
-724
-487
-818
99
-589
-564
584
123
4
127
-258
-421
65
-279
468
462
37
551
276
42
334
91
308
337
115
1045
197
292
305
789
1021
-491
949
578
-136
545
645
399
-50
505
324
503
-189
277
1150
-912
-268
963
-566
-884
753
649
-1065
-945
146
-256
-562
-374
-520
118
-1301
-692
663
-887
-927
769
-208
-1294
617
-232
-688
-477
273
216
-439
59
988
62
-810
682
1272
-155
-548
1569
845
-252
501
1070
990
146
324
1096
442
-38
600
565
507
537
433
541
-141
358
51
320
155
34
159
-12
748
47
230
372
-124
-308
-25
-269
54
549
-136
302
433
-553
-54
473
-377
-262
-287
-269
-288
-137
279
360
-565
-732
646
-426
-723
486
698
-1168
-232
929
-414
-617
-176
421
-212
-475
-204
730
-552
-703
388
-320
-284
-542
-224
389
-75
-737
236
-309
-939
25
-60
-136
-376
478
-238
-495
-200
127
-60
-450
251
48
159
-829
291
477
-838
-289
910
426
-917
388
461
31
-181
143
932
138
-225
671
456
-236
161
911
312
-730
320
399
187
-48
722
682
-339
-126
12
22
104
280
51
904
388
-43
-101
539
174
-1147
370
814
-889
-541
766
695
-439
-751
781
-68
-911
-350
126
-443
-343
533
-183
-127
-217
-366
-381
-460
-281
-431
-227
-454
-245
-186
-1024
55
-330
-1384
74
-303
-571
-335
-617
-313
121
-590
-628
187
-299
-230
-442
267
-74
-532
182
519
-241
-618
252
95
-296
368
392
300
238
471
418
-256
439
543
-12
731
970
-10
705
277
415
835
-439
424
1138
-116
-18
1269
198
-363
422
303
353
-354
-177
673
62
-472
-157
448
3
-803
0
362
-547
-615
39
276
-726
-888
292
-297
-1335
-343
290
-517
-535
12
419
194
-1606
-246
1016
-1146
-1113
906
682
-1132
89
1101
-2
-601
-184
718
132
-416
153
1047
-158
-1037
712
749
-824
-311
1094
207
-310
88
336
267
-760
86
692
-465
-286
370
195
-553
-111
724
233
-227
125
337
-36
-267
-94
-91
62
-315
-136
545
-157
211
350
116
-583
369
466
-343
112
617
310
-194
619
664
687
-246
175
976
390
-210
536
1013
-454
-4
1117
-344
-246
644
107
97
467
312
196
51
97
396
-195
-437
187
118
-430
146
622
-273
-385
437
85
-532
18
-146
-221
-743
-377
68
-288
-319
-182
423
-1012
-393
575
-569
-594
146
-276
-194
310
75
163
-549
117
684
-455
194
380
-6
285
401
295
-50
320
-45
-237
72
-57
138
52
283
243
-539
-194
726
311
-127
316
516
-283
-433
141
650
-148
-698
862
77
-607
266
440
-51
287
-30
199
92
-329
281
21
431
-436
391
262
-822
234
-113
-806
578
641
-737
-61
88
-273
-528
-572
-372
51
-302
-491
457
181
-653
78
330
-177
-58
218
-14
-522
-127
-29
93
184
-116
460
-417
-443
286
-761
53
-96
-509
-235
-166
-576
-265
-44
-389
444
-1002
-455
224
-741
73
225
-799
-22
-54
-394
-48
-729
-193
-37
-43
187
353
-417
-247
80
-330
329
-393
132
193
153
444
210
535
219
-507
72
865
71
-247
622
-41
-436
92
92
-116
-178
-268
16
143
-208
121
-504
96
-234
-657
-140
54
-265
-651
192
47
-398
-294
451
-245
-787
-132
-42
-288
-501
-6
-13
-277
-532
-14
-163
-262
-96
-199
127
130
-597
41
166
-468
112
-328
123
-203
119
227
229
-29
-456
179
-360
-18
4
91
134
241
-100
-8
385
-219
443
469
-322
334
875
112
-176
1
607
83
-513
774
881
-866
-111
1113
252
57
-32
1287
-25
-461
1019
631
-440
313
1123
-235
351
121
256
111
236
360
105
716
-355
-135
434
93
77
250
639
386
5
589
94
45
107
-340
414
178
253
248
212
206
93
263
-220
-78
105
-21
-397
5
-104
-308
-178
-209
512
-570
-231
504
-309
-396
190
80
-504
173
-302
-215
434
18
-402
151
70
-473
107
-124
-245
37
-354
39
264
-118
422
-147
68
561
-354
172
779
-234
-165
679
380
83
-52
823
-60
-112
816
169
-17
64
463
331
-239
75
842
113
-193
856
461
-643
336
563
300
-64
100
1108
-499
-493
880
-113
-779
738
-110
-303
390
-886
78
368
-182
47
104
-561
-612
88
-247
57
-126
-289
254
113
-202
-218
557
-532
-541
714
-384
-352
-23
-71
21
-382
57
416
-470
-885
304
-74
-983
112
566
-222
-300
229
-55
-587
-913
-15
159
-602
-209
254
-409
-416
90
-154
-120
-387
-16
-407
-338
199
143
-27
-235
700
-409
-922
530
237
-532
42
166
-56
-191
-339
233
-320
-826
41
364
-510
-81
200
-282
-301
-212
547
-282
-573
497
-44
-345
-33
-220
109
36
-810
458
-53
-442
381
-604
-537
208
-292
132
282
-653
401
-153
-425
564
396
-456
129
418
-526
349
-27
-189
410
337
-18
-100
90
-572
-101
57
427
44
-161
116
164
361
-541
-78
737
-133
-151
162
-361
412
103
-365
607
-152
-924
276
-272
-587
681
-684
-168
1156
-1015
-366
869
-493
-945
196
295
-243
-252
100
542
-665
-353
649
-120
-698
86
279
-545
-601
67
146
-605
-103
272
139
-463
-292
635
-55
-239
-160
430
-110
196
506
-425
111
126
80
265
182
-28
184
368
95
277
260
-242
833
82
-560
90
48
29
501
436
267
389
-16
487
179
-333
-208
267
-92
84
419
-150
-113
274
146
-105
264
-279
-294
59
-133
333
27
18
32
11
-388
-16
584
-232
-63
606
352
-291
-60
297
-84
-314
88
257
138
175
134
642
-515
-225
-74
-255
483
-123
762
-123
-238
299
70
-474
355
44
-121
571
-116
-86
281
-155
-415
254
-71
108
-560
-234
636
-173
-685
865
-43
-514
185
-57
-122
-445
432
62
230
685
-138
-338
228
104
-398
160
202
28
8
-413
423
208
-333
-307
538
401
-475
516
-12
-209
-182
173
693
7
-24
318
217
-12
-264
736
663
-510
454
273
-518
-78
662
-57
97
401
-464
297
-264
55
588
101
-146
166
-77
-202
458
-192
-153
459
128
-387
690
57
-160
89
-29
421
-278
326
451
-643
106
-114
-45
328
194
-154
108
237
-251
16
-422
-100
6
-418
-28
524
-610
-399
126
-350
-502
-349
-58
107
-325
-536
260
-524
-847
253
-279
-460
58
-57
162
-125
-366
-58
-259
-475
-94
23
-48
-668
-66
397
95
-41
-605
-180
-350
-495
754
435
-346
248
-547
-354
71
-211
40
148
398
-42
-436
-300
110
-540
-29
160
-209
-499
-334
51
63
-295
-148
671
-726
-170
194
-362
-74
-11
162
10
174
-775
67
420
-545
283
281
-149
-211
59
90
166
-608
-29
881
-371
-252
782
-221
-605
323
173
146
-62
278
110
-12
-375
-486
-201
-574
17
162
-132
-376
-236
-617
-760
-193
-334
-352
-414
-189
-362
-422
-50
-332
-53
-127
-526
-359
-21
-148
-171
427
-229
-281
375
135
-694
-87
92
-329
554
326
394
332
-164
38
95
-211
314
554
-265
281
383
-128
473
527
253
-66
16
59
-200
95
391
397
-326
-197
416
-409
29
63
-151
5
78
456
-66
-114
108
475
-137
-427
-89
455
165
-132
546
503
-285
-93
619
-191
-65
424
603
-131
-55
304
135
378
143
269
92
483
440
-96
427
424
-322
333
296
-174
-26
-151
306
247
229
-101
248
229
-315
-69
-165
182
124
53
312
97
-163
-433
221
297
-338
13
207
216
-89
192
412
89
-290
472
474
-472
77
133
67
121
563
456
88
13
-101
-113
152
-113
51
314
100
20
-141
372
-60
-34
-147
230
-312
-172
560
-190
77
250
219
-141
50
13
180
-118
-547
764
-40
-571
716
241
-684
-5
421
-515
-363
-11
147
-218
-453
-36
-168
-434
10
424
-397
-192
277
-31
-390
-367
-162
-199
-379
-70
78
-131
-120
-167
-304
-402
-254
-128
-45
135
131
-136
-112
-42
-1
-139
-148
158
-264
-458
328
285
-59
68
-113
-127
-255
-96
24
-230
-13
146
-113
-274
5
-107
-35
-71
-65
313
-381
-370
367
-241
-421
104
66
-441
-92
56
-545
-592
-358
-222
-223
-116
-138
6
-443
-580
-71
-268
-442
292
-56
-663
-39
-502
-571
-29
-118
-98
-377
-349
8
-207
-593
-69
-129
-385
22
-157
96
-622
-427
238
-230
21
395
183
-182
-26
150
62
-336
58
230
-302
-265
136
-162
-260
463
469
65
-252
-64
288
-289
-93
393
-65
-46
335
192
-260
43
315
283
-186
-144
542
193
54
682
464
-39
222
286
260
242
434
697
424
174
596
779
131
324
511
349
543
533
379
241
340
303
386
210
379
560
264
365
162
-50
167
68
59
387
286
180
33
155
379
-113
-287
117
112
-336
85
301
-77
46
340
466
94
-253
-32
158
-72
36
87
-130
-60
-37
288
-1
-431
85
257
-258
-510
63
179
-10
21
-125
-35
-287
-257
144
-265
-241
110
142
229
180
-9
297
150
-358
-165
-51
-17
29
57
173
303
7
308
306
-58
355
76
-39
295
353
429
510
275
177
201
-85
373
805
247
393
722
286
351
373
674
370
-182
150
290
-39
-21
671
587
168
-106
172
49
-460
-115
230
3
-432
88
8
-399
-136
-96
-20
-112
-339
-430
-169
-249
-337
-177
-47
-153
-289
-290
-384
-425
-411
-422
-238
-223
-305
39
38
-169
-76
-81
-156
-72
2
-281
-318
29
-58
-182
-56
-69
-235
-244
-164
-62
28
-139
-93
53
-238
-412
-235
-5
-230
-304
-140
-351
-300
-263
-380
-198
-332
-480
-173
-261
-317
-271
-394
-356
-279
-431
-614
-343
-7
-394
-293
279
-70
-304
-197
-122
-96
9
-88
85
53
-305
170
297
-12
-44
232
65
-43
228
72
-134
-209
131
139
-85
-121
-55
-1
-229
-213
39
36
-152
207
213
35
89
-213
-42
56
-268
-199
78
40
-61
-29
66
79
-83
-207
-283
-351
-339
-189
-230
-48
-41
-214
-288
-183
-243
-370
-204
-235
51
412
95
-32
175
-121
-172
34
-1
148
221
201
302
208
161
153
205
8
0
-74
-30
86
99
441
125
142
201
71
-21
-148
-139
26
204
176
359
208
272
496
318
99
168
52
184
384
290
488
707
483
363
345
9
251
620
320
267
638
517
214
257
157
112
123
143
283
101
71
254
265
109
274
121
-120
-5
-51
165
224
-74
253
413
-89
-88
99
29
88
34
365
363
-27
145
381
-134
-338
175
71
-194
228
586
117
-80
204
130
-421
-144
261
331
145
71
419
202
-97
62
226
81
79
466
574
194
-10
101
308
100
0
208
277
60
-116
151
216
256
262
171
79
-105
-56
39
115
41
32
179
246
95
123
234
94
46
-14
16
60
52
181
65
73
170
164
4
-195
-145
-127
-165
-58
-33
-129
-110
24
-61
-256
-291
-288
-302
-305
-143
-60
-135
-380
-530
-387
-565
-585
-305
-207
-219
-433
-484
-518
-500
-349
-336
-486
-463
-270
-377
-422
-323
-256
-326
-362
-239
-221
-320
-217
104
-36
-220
-56
-154
-309
-355
-203
-97
-130
-46
85
77
-77
-5
-104
-228
-98
167
132
-26
-44
-24
28
-137
-198
-92
-66
-133
8
144
-21
-227
-286
-222
-211
-142
-15
-89
-273
-320
-240
-85
-192
-124
56
-79
-280
-287
-136
-78
-114
-21
41
-133
-147
-128
-197
-199
-330
-284
-91
-77
-75
-102
-172
-317
-331
-188
8
4
-202
-256
-284
-350
-232
37
147
61
-104
-229
-193
-122
-155
-80
68
71
-59
-103
-108
-26
7
82
176
82
98
188
188
93
165
246
227
357
430
282
215
233
146
99
180
283
384
437
414
309
249
179
158
124
125
278
256
200
295
279
241
253
198
215
263
248
185
216
233
253
287
190
164
182
156
109
82
107
127
140
193
95
-137
-93
37
85
124
180
70
-130
-195
-87
-87
-115
-56
-29
-10
17
109
-14
-52
62
81
-55
-126
-154
-101
-53
-112
-51
29
22
-104
-36
46
79
94
36
27
-7
21
7
71
153
110
88
150
183
107
93
91
49
42
159
211
220
138
9
104
190
208
251
223
72
54
106
84
240
318
268
188
73
56
131
196
161
133
114
192
185
166
214
192
117
32
104
110
39
-22
-53
-21
-56
22
57
84
104
63
18
-106
-132
-115
-61
-77
-108
-72
-100
-127
-20
77
-105
-181
-199
-317
-332
-240
-120
-90
-119
-43
-85
-211
-179
-211
-367
-298
-141
-8
46
-96
-193
-387
-455
-338
-219
-178
-134
-114
-163
-192
-149
-113
-113
-147
-232
-236
-183
-24
16
-62
-70
-109
-91
-18
-40
-143
-66
9
-20
12
-25
-105
-159
-193
-198
-83
61
115
143
85
-28
-1
60
-50
-94
-87
-25
-16
-36
85
48
26
82
55
-1
78
55
-55
-43
5
11
-5
107
197
141
3
7
40
19
120
171
95
-20
-47
-18
-27
-59
10
45
9
64
113
109
38
50
105
-6
-34
11
1
21
98
97
14
-35
-73
-80
-92
11
60
112
73
32
31
-63
-107
-101
-59
-12
87
92
108
116
48
-46
-101
-56
32
107
92
61
8
-33
-50
-102
-82
-15
15
52
24
13
81
66
-37
-75
-15
-11
26
22
-33
21
77
76
24
-44
-131
-124
-56
49
139
135
60
-85
-133
-68
9
47
-7
75
117
74
72
-2
-78
-115
-10
85
37
-39
-2
0
-36
55
78
-15
-65
-111
-40
47
17
-70
-10
56
33
123
179
95
51
89
12
-64
-41
-48
-46
-22
82
148
128
112
90
27
-12
95
66
44
75
-18
-61
71
196
175
115
21
-38
-11
63
120
113
90
22
-25
-59
-31
33
20
37
84
-32
-143
-11
62
91
105
72
9
-54
-135
-172
-178
-129
54
140
150
65
-38
-150
-198
-114
-47
-20
-8
9
-79
-143
-60
-25
-62
-35
-43
-46
-91
-43
64
49
-16
-20
-45
-168
-168
-117
-66
-9
70
46
-26
22
103
70
6
-31
-58
32
71
54
30
-29
-61
-28
78
160
206
148
73
45
13
5
-23
10
91
93
90
111
93
77
68
45
33
3
-6
93
135
69
102
80
-23
-33
1
17
64
130
90
17
-8
5
-2
-21
-39
-71
-135
-127
-65
-26
35
109
120
1
-109
-150
-189
-187
-99
-58
-80
-33
28
22
-37
-166
-202
-156
-123
-39
-1
-90
-119
-30
-30
-102
-112
-105
-86
-79
-72
-54
-26
-17
-39
-67
-54
-47
-62
-59
-76
-91
-64
-33
-40
2
38
0
-26
-33
-47
-50
-34
-31
41
59
-26
-25
-19
-18
-21
1
7
33
75
43
-53
-115
-94
-10
77
100
72
0
-26
-31
-38
-4
32
30
54
20
-57
-72
-63
-97
-41
38
66
47
-22
-29
-7
5
-7
4
-49
-73
-102
-118
-15
74
47
29
44
-4
-20
-18
-35
-45
38
67
3
-60
-130
-143
-42
88
67
21
24
35
71
115
69
-27
-89
-86
3
79
94
103
38
-52
-27
7
68
159
163
81
44
8
41
103
81
87
91
83
60
99
152
145
38
-11
73
109
101
81
51
27
49
70
44
89
127
75
-24
-90
-56
14
43
50
93
115
115
26
-94
-93
-55
-61
-87
-107
-97
6
60
43
12
-104
-196
-203
-175
-119
-49
-30
40
82
47
4
-74
-170
-195
-172
-140
-49
88
126
-3
-132
-185
-151
-94
0
28
-30
-14
3
13
11
-30
-50
-1
11
-7
-2
14
28
43
52
9
10
22
32
55
82
90
46
-20
-68
-86
-54
20
87
92
112
134
85
29
-7
1
-40
-31
24
59
21
1
-2
-27
-29
-77
-104
-72
-5
69
121
31
-60
-69
-58
-41
-45
-55
-34
-40
-37
14
50
6
-55
-122
-142
-67
-33
-3
16
-16
-82
-103
-92
-58
-30
-23
-12
-18
-60
-56
-23
-12
13
-38
-80
-96
-85
-26
33
76
46
-47
-100
-118
-72
-23
-44
-61
-11
83
93
22
-13
2
-12
10
25
23
56
88
32
-18
-42
-76
-39
0
41
84
92
85
53
65
62
51
24
-33
-50
-26
21
60
108
105
97
86
19
-33
-45
-65
-43
56
99
70
41
-7
-61
-16
-12
-89
-76
-4
66
74
63
32
-27
-67
-77
-93
-97
-74
-80
-79
-37
10
-29
-48
-41
-44
-107
-152
-125
-124
-51
14
38
32
-23
-74
-96
-59
-27
-24
-67
-109
-91
-69
-64
-38
4
-1
-8
12
11
-11
-4
-6
-1
26
32
46
68
55
47
32
2
54
111
73
26
27
28
88
127
112
86
10
-9
-10
-10
62
181
210
169
143
113
107
91
67
43
46
73
103
109
113
81
60
51
8
-34
7
86
95
92
95
95
71
24
-27
-32
-23
30
83
82
63
59
15
-62
-105
-96
-51
3
64
83
17
-79
-105
-95
-60
-30
-33
-25
-9
0
-32
-39
-18
-7
-39
-73
-61
-41
-16
-2
0
-32
-84
-106
-109
-84
-41
11
28
-9
-21
11
5
-10
-23
-63
-29
33
54
44
32
-7
-21
-28
-26
17
44
44
28
33
53
76
61
31
46
56
44
53
55
66
94
54
50
109
92
67
57
44
46
20
7
36
77
86
70
1
-44
-11
22
47
24
-16
-28
-5
-24
-22
1
-6
-7
-50
-79
-108
-151
-135
-81
-91
-71
-17
-40
-122
-168
-120
-80
-98
-123
-112
-104
-108
-109
-121
-137
-110
-77
-93
-151
-192
-175
-156
-133
-92
-32
-16
-42
-90
-132
-163
-158
-120
-51
5
27
-3
-56
-37
-8
3
12
15
-41
-64
-18
58
97
102
85
47
7
17
33
21
71
158
208
177
113
71
66
76
98
108
119
109
92
97
92
69
47
37
57
71
77
96
73
38
14
9
60
100
74
46
12
-33
-32
-19
-46
-57
-4
30
42
13
-32
-50
-84
-99
-80
-79
-60
-30
-19
-1
3
-34
-82
-79
-72
-76
-83
-58
-37
-31
-17
-22
-47
-75
-71
-95
-136
-127
-55
-8
-8
4
-2
-43
-85
-66
-25
-17
12
1
-30
-37
-29
-11
9
-4
-21
19
11
3
-8
-19
1
26
55
62
42
32
29
17
45
65
18
-27
-20
28
89
110
115
106
60
12
-12
-1
12
39
43
35
36
57
70
54
30
6
0
-1
22
18
21
64
92
88
46
17
-10
-34
-38
-36
-5
35
70
66
47
11
-57
-87
-65
-16
19
41
10
-19
-9
17
25
6
-21
-49
-68
-71
-34
-4
34
60
67
21
-61
-89
-67
-20
20
50
60
67
34
1
9
2
8
15
47
77
88
61
21
-10
-4
29
31
53
67
53
18
12
23
15
25
38
59
77
89
51
-30
-25
26
16
-29
-34
-34
0
54
85
57
7
-11
-31
-65
-76
-19
19
23
44
52
19
-22
-64
-73
-52
-49
-35
-7
29
38
-2
-48
-54
-52
-48
-43
-32
-14
-10
-18
-15
-18
-38
-68
-85
-64
-19
-21
-50
-49
-53
-32
-2
-32
-57
-60
-53
-38
-27
-7
12
-20
-78
-101
-81
-32
21
53
36
-31
-63
-63
-75
-55
-33
0
33
29
18
23
-4
-11
5
-10
-35
-11
37
43
37
44
40
20
0
-31
-32
1
46
82
99
85
60
39
13
1
-9
-8
32
78
78
65
56
31
18
11
6
23
54
59
13
-7
9
49
85
76
20
-48
-60
-37
4
26
29
26
6
-26
-54
-71
-67
-11
28
13
-20
-38
-53
-63
-55
-45
-25
-10
-23
-22
-34
-66
-50
-28
-20
-18
-36
-57
-45
-24
-20
-24
-14
-5
-30
-62
-62
-35
10
54
60
24
-33
-63
-71
-56
-20
30
37
26
26
16
-1
-11
2
-13
-16
29
48
46
42
28
12
4
1
15
29
19
27
29
33
55
63
42
23
36
37
25
17
30
55
69
74
57
37
0
-18
6
39
56
47
23
9
15
19
6
-11
-1
37
67
48
4
-13
-17
-30
-43
-24
39
85
73
14
-62
-91
-63
-6
39
24
1
-8
1
-2
-12
-13
-31
-32
-38
-55
-34
26
48
25
-15
-60
-81
-91
-50
5
25
19
2
-29
-39
-6
-2
-26
-43
-20
0
8
16
6
-14
-41
-27
16
48
44
23
-9
-23
0
21
37
42
36
24
3
-3
22
51
63
50
4
-27
-8
39
62
61
54
40
25
1
21
32
10
9
32
62
74
48
-1
-16
-1
25
12
-16
10
56
61
27
18
30
24
-14
-47
-42
2
46
46
7
-17
-17
-24
-36
-37
-15
-7
-15
-23
-33
-59
-79
-63
-43
-31
-30
-39
-43
-43
-62
-83
-80
-49
11
20
-36
-81
-84
-47
-37
-68
-80
-45
-13
1
-16
-50
-60
-55
-44
-53
-47
-33
-17
-22
-27
-25
-25
-12
1
2
-9
-16
-23
-30
-25
-10
24
52
46
34
16
-8
-14
-4
14
41
48
44
33
24
19
17
6
1
33
65
61
33
23
32
55
62
60
47
21
18
9
-2
11
57
93
81
32
-6
-23
-26
-12
-9
-9
16
39
17
-12
-17
-13
-7
-12
-21
-23
-19
-2
4
-15
-26
-16
-24
-45
-42
-27
-21
-36
-55
-64
-54
-24
-1
-15
-48
-72
-72
-55
-32
-13
5
-5
-36
-44
-23
12
23
1
-31
-43
-30
-6
15
17
4
-11
-8
16
44
31
-25
-64
-54
-3
53
78
61
25
4
28
73
77
45
-4
-17
29
86
121
112
71
37
27
19
22
15
12
41
80
105
101
63
19
-13
-32
-11
47
89
83
48
19
24
50
73
74
32
-17
-30
-22
-10
2
24
50
53
17
-31
-63
-66
-39
-19
-20
-18
-1
14
3
-24
-57
-71
-43
7
29
4
-45
-56
-42
-30
-12
-9
-31
-48
-49
-50
-72
-87
-67
-30
4
12
-16
-45
-44
-36
-45
-53
-39
-13
4
16
31
36
20
4
-11
-37
-49
-32
-3
15
17
15
27
40
19
-18
-40
-26
14
41
43
38
50
67
62
35
10
4
32
67
75
57
34
30
44
56
