-4
0
4
3
4
3
1
0
4
8
13
17
23
27
26
24
21
13
4
-4
-8
-12
-14
-15
-11
-12
-16
-16
-17
-17
-17
-15
-12
-9
-5
3
9
13
17
22
24
22
17
13
8
3
-2
-5
-6
-9
-9
-12
-17
-25
-36
-41
-46
-48
-47
-40
-31
-23
-16
-7
-2
-2
-3
-4
-4
-2
1
8
16
23
29
32
30
20
8
-6
-19
-28
-31
-28
-22
-15
-4
1
1
-4
-12
-22
-30
-33
-27
-15
1
19
34
43
43
36
25
11
0
-9
-13
-7
1
9
16
20
16
7
-5
-20
-32
-39
-37
-27
-13
2
16
24
24
19
9
-1
-10
-10
-5
5
17
29
38
38
33
21
7
-8
-21
-27
-26
-21
-13
-3
3
4
-2
-10
-18
-24
-29
-26
-18
-5
8
20
28
32
28
20
8
-1
-8
-10
-6
-1
4
8
12
6
-5
-18
-30
-39
-44
-42
-36
-25
-11
-1
6
10
6
0
-7
-10
-8
-1
6
16
27
33
37
35
27
14
4
-7
-16
-16
-15
-10
-3
2
2
-2
-6
-13
-17
-22
-23
-15
-8
3
12
22
29
30
27
24
21
15
14
12
14
13
15
16
14
12
6
3
-4
-6
-10
-12
-12
-11
-8
-4
-3
-1
5
10
14
17
18
19
18
18
19
18
20
18
19
17
15
11
4
-2
-10
-14
-18
-19
-17
-14
-14
-10
-8
-5
-1
-1
0
1
5
10
11
17
21
24
26
23
21
14
11
7
3
-4
-2
-4
-5
-7
-14
-16
-23
-23
-31
-28
-25
-21
-12
-5
2
6
9
7
9
3
6
5
11
15
18
22
19
19
15
8
-2
-10
-21
-18
-22
-18
-13
-10
-4
-5
-5
-9
-12
-15
-15
-11
-3
2
12
18
24
24
24
20
17
10
6
6
1
8
2
11
3
1
-2
-11
-15
-25
-24
-31
-23
-26
-14
-14
-8
-7
-6
-1
-11
0
-9
-1
0
2
6
4
6
0
1
-6
-5
-12
-11
-12
-12
-10
-14
-12
-16
-19
-14
-15
-9
-11
-2
1
6
9
9
11
9
15
9
20
15
21
23
23
22
17
17
7
8
-1
-4
-8
-8
-11
-5
-10
-7
-5
-14
-8
-16
-12
-12
-6
-6
3
4
9
12
9
11
2
9
-3
4
-1
0
0
-9
-5
-16
-16
-28
-26
-34
-23
-28
-21
-13
-18
-10
-17
-9
-17
-12
-15
-11
-4
-5
1
7
7
4
3
-10
-8
-15
-19
-10
-17
-6
-8
1
-1
-5
-4
-13
-14
-22
-18
-15
-4
-4
11
12
17
21
7
19
-2
7
2
4
11
8
21
13
22
10
11
0
-1
-8
-9
1
-7
17
-1
22
11
13
17
7
11
2
12
8
22
18
28
22
27
16
10
17
-4
7
-4
-3
4
-9
2
-2
-4
-3
-12
-4
-10
-4
1
-2
9
9
10
15
10
13
15
8
14
16
9
23
11
20
14
6
14
-4
2
-10
-12
-9
-15
-7
-5
-11
-3
-6
-8
-5
-18
-6
-10
-9
0
-10
10
1
4
7
-4
11
-9
1
-6
-6
-10
-6
-10
-7
-4
-8
3
-12
5
-12
-3
-4
-9
2
-8
8
-1
5
10
13
10
9
9
4
3
-2
3
-1
1
-5
4
-1
-1
4
-6
1
-8
-5
-8
1
-9
1
2
-2
12
-1
8
2
6
-1
7
8
3
8
4
9
7
2
4
9
-7
0
-5
-4
0
-6
4
-1
7
1
4
7
-1
8
-1
8
3
7
5
11
6
4
11
2
5
-6
-3
-5
-6
-7
-4
0
-8
-3
-8
-9
-6
-10
-9
0
-7
8
5
6
7
0
12
-1
11
2
-3
9
-3
10
10
8
12
4
7
10
-2
12
-7
3
4
-6
13
-1
12
7
6
12
14
2
9
0
7
7
-2
23
-7
16
-7
0
-2
-11
-5
-11
-16
-12
-1
-21
7
-20
4
-13
-15
-2
-19
-3
-18
-3
-16
-6
-18
-1
-14
-5
-6
-21
8
-33
3
-26
-24
2
-26
-3
-24
-13
-14
-9
-3
-11
-10
-9
-12
1
4
-10
14
-3
11
15
-5
22
0
10
13
6
-3
0
13
5
13
-6
14
-6
5
-11
-9
0
-16
10
-17
-4
-10
7
-1
6
-11
-1
-4
-6
7
-8
0
-8
16
3
0
-14
8
4
15
-17
-17
11
-16
12
-9
-9
-2
-14
9
10
-5
-6
3
11
-5
2
-17
-7
3
-3
-6
12
8
-19
7
-13
24
-1
-13
2
-6
3
7
26
-6
14
-6
25
12
-9
6
12
21
1
47
6
7
21
32
32
9
5
3
19
12
23
10
-5
35
19
8
24
9
5
3
22
-11
29
-28
15
21
-14
34
7
16
-56
40
-10
-1
-16
-3
36
-19
11
1
24
-43
23
-31
-8
-9
-25
-4
-14
25
-28
12
-30
6
-27
-26
-11
-17
-20
-25
4
-15
-2
-26
22
-9
-27
-34
-11
-2
-26
-4
-13
16
6
3
-4
26
-25
10
-7
5
18
-23
13
6
63
45
9
-34
29
32
-2
-8
-6
15
-5
45
24
4
-20
27
57
-23
-44
13
8
5
-3
9
48
2
-1
12
32
17
-26
-7
-9
22
-23
-3
29
14
-30
14
34
-51
2
-46
6
-36
7
6
-15
-37
-14
80
-42
-16
-58
-8
-44
4
-20
-25
-44
0
101
-55
-25
-18
33
-13
-42
1
-36
13
-17
13
9
-2
23
2
16
-14
28
-8
24
-10
0
25
-10
47
-8
15
-18
53
-12
-3
2
7
-5
4
48
-1
3
-13
33
-2
19
-37
-17
12
-36
-28
-8
26
-42
5
-8
18
0
-44
-5
-42
-10
-27
-3
-37
-27
-18
-13
21
-22
-16
-35
3
-15
2
-33
-27
-8
-13
6
-29
4
-62
9
3
-12
-40
-33
15
-11
18
-26
38
-10
10
6
-16
13
-18
12
-3
-1
-21
36
21
6
-19
15
30
-14
-7
-17
12
-5
20
3
-3
12
22
8
2
12
14
17
-10
44
25
11
29
12
47
11
0
23
-31
24
29
-10
-11
4
30
7
-3
-8
11
8
-1
-15
9
-6
-15
12
2
7
-28
9
4
5
-9
-18
17
-19
16
-5
1
-21
8
14
-4
-13
-1
1
-19
10
20
-10
-15
9
34
16
-11
16
24
11
10
15
-22
-1
-15
30
0
-20
2
-7
2
24
-2
-28
11
-15
30
-3
-6
-21
6
27
7
9
-18
1
6
25
31
-15
-9
21
16
2
33
-6
-35
27
7
24
-61
-12
5
24
1
-20
32
-30
37
-5
-1
-35
10
2
-14
-14
-30
27
-24
-13
20
-19
-25
-15
11
5
-45
30
-3
-8
9
-28
34
-35
-12
-14
-15
12
-35
14
40
-4
-12
15
8
33
-47
37
-7
-36
58
-92
54
18
-39
47
11
38
-22
0
39
-21
5
-1
73
-8
19
6
19
13
-31
51
-30
44
-75
49
-28
-24
51
-34
23
-16
43
9
10
-26
18
-13
-13
8
0
52
-15
28
2
-12
-17
-16
-15
-15
-23
0
-11
16
-7
-20
-10
-16
13
-9
5
-37
20
3
11
7
-7
28
6
33
-15
11
-16
-12
-35
-1
-12
10
16
10
36
5
37
-41
12
-11
14
9
-22
0
-22
-1
-21
36
7
-15
18
24
49
-26
-41
-33
-7
7
-1
18
14
19
7
-12
-13
-16
-56
7
-33
-46
3
-46
-7
-36
14
34
-12
-19
-51
1
-17
-14
-45
-28
37
58
27
-11
-20
-31
17
-4
-30
-19
-21
6
-4
-16
-10
7
21
21
20
-17
-10
-15
-3
-15
11
-9
20
37
2
34
-5
-6
-38
8
26
19
-14
-13
33
-10
41
15
0
1
32
19
9
-36
17
-2
5
45
17
-1
-33
-12
-45
37
-34
25
25
18
34
28
3
-50
49
-24
-2
-47
-17
16
-1
6
31
13
-7
-8
-18
10
-23
-56
-37
38
7
69
2
40
7
26
45
0
45
-15
55
-4
38
28
-12
5
34
40
-12
17
-13
1
-24
46
10
28
77
30
32
10
51
-11
-36
10
56
46
30
16
-5
62
55
29
-59
-20
67
63
31
-16
20
50
29
10
9
-21
16
21
60
-2
7
4
1
1
-35
-10
-19
25
37
84
45
67
18
7
57
-15
-22
-103
-38
-32
14
-9
-37
13
-22
54
-49
-64
-83
-69
-123
-10
-3
32
311
251
228
82
-38
-112
-123
-150
-169
-166
-67
85
179
185
37
-12
-63
-130
-144
-151
-191
-129
2
125
-4
131
518
477
227
-81
-243
-382
-357
-252
-241
-27
107
260
471
159
-153
-31
-217
-207
-161
-259
-105
66
12
110
244
-36
-99
44
67
-274
-299
-294
-242
-79
-197
-99
-188
-48
42
61
-60
-160
86
68
-57
-109
1
-300
-198
131
-8
-116
84
219
-249
34
15
-319
-26
-134
-178
-102
48
18
107
-101
-167
195
41
-16
-18
-56
-178
226
14
-277
179
-48
-83
98
-21
-369
-43
327
-78
-217
119
290
-1
-86
157
-77
-348
-130
63
-71
-112
292
503
95
-321
182
160
-393
-311
96
-69
-272
386
447
22
-148
134
148
-320
-409
22
198
-71
124
-87
-244
-14
148
236
3
10
-48
107
-13
-207
38
49
-7
99
199
92
23
-23
64
148
24
-60
-25
21
-5
-116
-60
-127
-113
194
341
218
129
156
37
-163
-199
-18
38
-27
132
358
274
403
341
66
-47
-123
-163
-116
134
-17
61
187
199
149
208
98
15
97
61
84
-182
37
-27
53
139
211
372
206
263
-67
11
-77
-298
-142
-57
-49
42
276
177
138
68
50
-160
-306
-114
-167
-187
-53
79
317
220
137
39
-26
-23
-170
-99
-303
-98
126
79
36
151
88
-61
-59
-118
188
-61
-183
-24
-4
-117
-91
-106
-166
159
46
62
-40
-94
10
76
46
-38
12
-106
190
47
-59
118
-52
-11
75
55
-40
43
-45
7
-31
-222
-170
-27
-7
-64
44
-97
-48
98
18
-16
-122
-182
-169
-133
-25
93
77
59
84
-2
-71
-55
-35
-51
-135
-184
-118
-55
-47
61
124
107
171
34
-109
-138
-166
-122
-84
-113
-163
51
174
65
36
36
-58
-144
-83
17
-10
-144
-30
105
-31
-62
-82
36
63
-11
88
6
-95
-20
82
20
4
-50
8
89
104
149
-65
22
-18
57
-22
-191
-28
19
114
49
13
13
-3
-174
-178
-87
-149
-118
11
95
-7
-44
-214
-200
-39
-28
-97
-127
-1
198
207
68
-29
85
113
-145
-148
-113
-105
-87
-58
-89
56
-16
-36
123
-161
-182
-82
-9
-222
-81
59
-40
-41
31
256
237
137
-68
15
-97
-199
-165
-23
8
25
188
119
185
89
188
159
62
-15
-89
-71
-110
-77
-74
83
131
164
121
109
83
37
38
2
-68
-177
-76
29
-30
66
241
82
77
193
78
-118
-118
-149
-194
-193
-127
33
75
257
237
208
183
98
5
-166
-162
-184
-119
40
147
229
255
291
276
211
79
-53
-112
-95
-70
-96
11
152
199
144
140
93
-32
-113
-97
-2
22
-24
-56
-19
29
185
231
165
183
115
31
-81
-160
-34
107
109
147
171
152
116
61
-59
-74
108
139
99
160
222
155
2
-85
-70
-59
-118
-96
-113
-110
-110
-105
-46
48
97
17
15
-6
38
16
-85
-86
-62
46
69
81
71
106
154
84
25
-20
15
17
-11
7
64
76
36
-18
-100
-77
-59
-66
-26
-20
23
73
131
128
95
71
-50
-109
-112
-125
-114
-39
-41
-2
45
-13
-32
-31
52
29
12
-39
-136
-77
-83
-105
-107
-63
-79
-156
-207
-299
-334
-319
-246
-237
-227
-168
-164
-175
-217
-183
-237
-286
-243
-251
-249
-191
-120
-99
-41
-6
-11
-66
-108
-115
-147
-117
-114
-131
-114
-87
-67
-2
18
12
56
71
100
111
71
68
74
0
-20
9
-46
-85
-35
3
27
56
89
104
71
83
42
-20
-70
-72
-99
-150
-151
-91
-40
-7
39
9
-27
-111
-143
-86
-48
-11
3
-3
52
134
134
98
39
28
-22
-90
-190
-238
-243
-226
-157
-133
-69
-2
33
16
9
-32
-76
-125
-133
-88
-118
-68
-20
11
43
25
39
94
153
169
137
134
182
188
207
233
290
374
405
502
549
572
592
496
480
484
474
510
524
603
622
661
745
788
784
751
756
690
661
613
543
458
491
518
404
344
284
241
177
146
100
59
74
90
51
-22
-25
-34
-104
-253
-406
-500
-542
-605
-722
-784
-852
-966
-1008
-1055
-1032
-1009
-1052
-1031
-1011
-1034
-1056
-1075
-1154
-1247
-1368
-1446
-1542
-1606
-1596
-1631
-1642
-1695
-1751
-1761
-1841
-1881
-1733
-1189
-349
582
1439
2055
2729
3240
3316
3032
2464
1801
1130
483
-185
-569
-528
-322
-28
371
901
1558
2129
2394
2469
2481
2509
2432
2177
1924
1737
1669
1497
1280
1123
971
728
287
-151
-565
-886
-1201
-1513
-1684
-1579
-1232
-801
-199
391
972
1387
1599
1756
1756
1688
1413
1122
910
664
532
263
18
-124
-261
-356
-529
-617
-625
-609
-597
-604
-585
-460
-358
-361
-379
-416
-420
-543
-715
-912
-1150
-1300
-1501
-1700
-1775
-1758
-1747
-1750
-1790
-1917
-2075
-2301
-2599
-3006
-3485
-3947
-4361
-4620
-4790
-4914
-4553
-3475
-1521
752
2530
3784
4717
5463
5527
4685
3135
1435
38
-1077
-2037
-2646
-2435
-1602
-699
1
727
1705
2604
2869
2517
2056
1882
1869
1651
1463
1757
2381
2865
3034
3037
3069
2836
1913
379
-1194
-2490
-3665
-4761
-5519
-5668
-5073
-3949
-2664
-1251
213
1524
2341
2753
2969
3019
2816
2234
1632
1355
1447
1545
1514
1468
1397
1229
685
-233
-1251
-2118
-2721
-3137
-3183
-2666
-1573
-231
1008
2174
3166
3819
3910
3430
2609
1687
805
-4
-534
-660
-446
-223
-110
-152
-349
-740
-1556
-2616
-3585
-4291
-4648
-4612
-4193
-3284
-2239
-1237
-440
-16
159
-303
-1112
-2142
-3228
-4089
-5004
-4910
-3092
-262
2695
4590
5721
6815
7113
6319
4092
1358
-697
-2258
-3355
-4067
-3869
-2349
-285
1099
1823
2660
3730
4207
3330
1962
1255
1234
1191
1131
1751
3151
4412
4776
4469
4075
3580
1977
-746
-3661
-5925
-7311
-8384
-9037
-8719
-7266
-5187
-3038
-1006
946
2561
3354
3407
3110
2997
3047
2838
2454
2293
2585
2874
2599
1952
1340
617
-455
-1941
-3316
-3953
-4191
-4120
-3736
-2754
-899
1122
2821
4057
4972
5542
5250
4322
3243
2335
1587
816
418
618
1170
1542
1468
1094
467
-493
-1735
-3091
-4137
-4661
-4692
-4229
-3272
-1793
-307
860
1506
1555
1246
455
-701
-1968
-3049
-3827
-4289
-4407
-4130
-3773
-3513
-3805
-3747
-1382
1495
4177
5173
4761
5369
5147
4367
2470
36
-1009
-1555
-1703
-1614
-1064
509
2231
2490
1628
964
1149
1190
-234
-1823
-1921
-624
841
2207
3977
6291
7643
6996
5281
3338
1562
-1260
-4909
-7894
-9458
-9507
-8976
-8085
-6524
-4439
-2485
-910
190
1188
1909
1935
1790
1807
2577
3953
5074
5609
5589
5175
4162
2130
-627
-3179
-5309
-6781
-7622
-7378
-5423
-2693
141
2498
4366
6030
6791
6414
5306
4018
2971
1941
1304
1454
2207
3057
3384
3402
3229
2562
1227
-687
-2583
-3976
-4778
-4987
-4604
-3562
-2173
-929
38
753
1053
885
163
-763
-1518
-1986
-2137
-2268
-2260
-2097
-1951
-2122
-2840
-3748
-5131
-6575
-8329
-8702
-5403
-1076
3369
5916
6905
8598
8465
6835
3564
-702
-3406
-5180
-6033
-5644
-4251
-1481
1536
2687
2299
1807
1835
1416
-629
-2550
-2402
-476
1884
4156
6740
9345
10210
8440
5451
2323
-769
-4644
-8626
-10830
-10915
-9243
-6971
-4661
-2214
-157
1024
1542
1475
1248
1151
1079
1578
2709
4683
7261
9149
9677
8805
6804
3980
177
-4050
-7344
-9244
-9512
-8479
-6208
-2452
1550
4696
6387
6917
6869
5925
4232
2517
1646
1697
2046
2588
3529
4445
4497
3331
1415
-675
-2870
-4931
-6306
-6542
-5666
-4135
-2254
-260
1487
2507
2532
1709
484
-880
-2182
-2973
-3296
-2904
-1964
-1276
-686
-674
-1263
-2157
-3816
-5462
-7066
-8215
-8596
-8576
-8179
-6093
-686
5102
9621
11155
10216
9601
7050
3326
-907
-4852
-6000
-5587
-4059
-1749
646
3290
4923
3768
661
-2140
-3598
-4288
-5215
-4880
-1790
2935
7364
10630
12751
13401
11315
6392
888
-3791
-7223
-9850
-11352
-10517
-7928
-4545
-1642
-28
431
-342
-1686
-2719
-3115
-2473
-648
2009
5189
8176
10747
12538
12401
9934
5764
1303
-2826
-6568
-9458
-10381
-9048
-6396
-3294
-378
2559
4791
5276
4318
2655
1574
1284
1509
2471
4088
5948
7078
6997
5876
3866
836
-2707
-5851
-7800
-8096
-7031
-4869
-2331
58
1947
2930
2901
1849
332
-1264
-2464
-2968
-2682
-1465
103
1375
1874
1559
706
-767
-2683
-4469
-5880
-6623
-6393
-5772
-4720
-3475
-2460
-1740
-2019
-635
2893
6126
8124
7263
5979
5328
3478
1091
-1838
-3719
-3481
-2562
-1490
-387
677
1832
1669
-877
-3656
-4633
-3876
-2812
-2111
64
3976
7476
9413
9776
9107
7221
3153
-1881
-5627
-7670
-8372
-8310
-7284
-5062
-2976
-1473
-991
-1774
-2956
-4296
-4690
-3523
-1632
965
4001
6993
9227
10000
9777
8634
5938
2001
-1867
-4557
-5931
-6728
-6737
-5351
-3309
-1506
-484
132
1070
1666
1650
1510
1874
3272
4889
6064
6680
6589
5909
4353
2189
81
-1953
-3532
-4318
-4151
-2861
-1125
362
1105
1050
654
11
-784
-1587
-2076
-1974
-1392
-488
534
1585
2145
1897
1007
-344
-1499
-2641
-3500
-3699
-3829
-3352
-2828
-2430
-2053
-2200
-2319
-3106
-4262
-5690
-6864
-5206
-578
4645
7908
8306
7336
6119
3495
-180
-3690
-6024
-5837
-3947
-1178
1768
3753
4879
4413
1375
-2662
-5087
-5097
-4036
-3215
-1413
2413
6415
8891
9328
8122
5703
1657
-2892
-5696
-6086
-4955
-3642
-2429
-1173
-427
-409
-1168
-2933
-5137
-6664
-6268
-3663
-240
3037
6013
8307
9217
8249
6470
4929
3217
1012
-1084
-1797
-1034
-170
7
-406
-1034
-2011
-3373
-4201
-3740
-2205
-504
1215
3481
6033
7838
7970
6793
5133
3364
1600
228
-225
-109
-15
-85
-63
-66
-553
-1621
-2950
-4070
-4464
-3846
-2298
-297
1414
2545
3082
3186
2715
1456
-186
-1757
-2892
-3360
-3164
-2274
-1189
-788
-1069
-1612
-1902
-2098
-2893
-3886
-4898
-5468
-5419
-5246
-5110
-5445
-5690
-3801
1064
6098
8824
8438
6352
4618
2243
-350
-2201
-3088
-2018
-91
1493
2415
2230
1675
300
-3254
-7159
-8364
-6451
-3129
-305
2625
6373
8880
8950
7482
5653
3839
1304
-1187
-1756
-609
988
1875
1744
864
-1183
-3831
-6011
-7730
-8544
-7834
-5180
-1086
2325
4671
6514
7533
7356
5729
4262
4211
4522
4424
4154
4059
3723
1913
-1164
-4069
-6181
-7438
-8037
-7597
-5555
-2832
-479
1347
2906
4371
5201
5367
5229
4949
4792
4432
3859
2911
1355
-343
-1694
-2566
-3177
-3598
-3646
-3361
-3053
-2690
-1964
-961
-297
-191
-180
242
910
1213
934
454
28
-372
-741
-865
-813
-936
-1209
-1734
-2284
-2781
-3298
-3862
-4534
-4982
-5394
-5265
-4783
-4707
-4757
-5251
-5426
-2696
2740
7912
10347
8824
6478
4784
2188
-500
-3145
-4376
-2694
-85
2192
3127
2322
1224
-1120
-5177
-8082
-7459
-3819
-231
1617
3868
6995
8725
8417
6929
5489
4093
2138
1161
2101
3520
3516
1622
-859
-3389
-6113
-8098
-8692
-8554
-8010
-6558
-3404
593
3078
3991
4536
5265
5932
6142
7122
8868
9481
8186
5512
2652
-310
-4212
-8034
-10293
-10322
-8486
-6217
-3965
-1804
-381
304
359
410
1154
2242
3519
4864
6286
7740
8145
6731
3872
498
-2214
-3769
-4360
-4084
-3247
-2332
-1721
-1479
-1416
-1597
-2085
-2683
-2738
-1872
-257
1646
3234
3897
3585
2710
1865
1304
460
-700
-1657
-2386
-2832
-2987
-3039
-2565
-2424
-3096
-3551
-3627
-3302
-3163
-3536
-3646
-3786
-3867
-3581
-1290
3795
7873
8720
6289
2797
724
-1354
-3183
-3707
-3104
-684
2473
4511
4802
2944
128
-2427
-5461
-7230
-5727
-2111
1637
3439
4436
6046
6669
6039
4981
4180
3927
3511
3163
3442
3024
1029
-1954
-4785
-6483
-7321
-7105
-5466
-3740
-2548
-1562
-212
1549
2148
1604
1399
2090
3798
5526
6798
7574
6718
4123
744
-2461
-4678
-6280
-7286
-7048
-5729
-3664
-1740
-711
-53
86
-275
-370
71
1444
2924
3883
4622
4788
4480
3514
2189
1324
686
195
149
563
1100
1000
1
-1355
-2526
-3172
-3215
-2756
-1809
-663
414
1348
1978
2294
2062
1430
770
267
-99
-371
-642
-912
-1018
-1240
-1409
-1576
-2036
-2488
-3070
-3445
-3541
-3854
-3961
-4082
-4240
-4859
-5742
-6030
-4176
879
5318
6656
4873
1861
515
-356
-1020
-698
229
2269
4475
5165
3959
1419
-1342
-3389
-5336
-6100
-3679
98
2708
2855
1918
1987
1797
1375
1804
2947
4273
4591
4642
5108
4694
2617
-485
-2870
-3858
-4036
-3626
-2478
-1731
-2264
-3242
-3459
-2082
-494
360
1323
2337
3565
4325
4254
3931
2923
1614
733
486
969
1375
1209
782
-57
-1178
-2241
-3144
-3258
-2858
-2364
-1535
-568
854
2265
2787
2759
2409
2187
2221
2141
2166
2153
2007
1933
1917
1821
1340
380
-821
-2077
-3154
-3900
-4233
-4058
-3523
-2685
-1635
-560
276
619
588
532
644
714
505
114
-151
-294
-589
-1227
-1730
-1994
-2374
-2853
-3260
-3456
-3487
-3616
-3854
-4252
-4980
-5690
-5589
-2404
3212
6918
6702
3421
962
426
-113
-217
313
1729
3972
5642
5575
3402
-219
-3368
-5178
-6191
-5132
-1681
1725
2995
1678
657
1035
1234
1514
2301
3634
4690
4536
4292
4386
3700
1682
-793
-2153
-1971
-1607
-1789
-2520
-4057
-5492
-5890
-4455
-1480
1192
2966
3786
4045
4152
3657
2870
2069
1352
1143
1499
2120
2396
1676
157
-1429
-2744
-3484
-3744
-3716
-3127
-2582
-2261
-1796
-1228
-209
920
1604
2277
3005
3617
3707
3087
2390
1825
1283
799
349
105
-234
-1138
-2164
-2980
-3283
-2987
-2567
-1842
-827
107
670
667
365
98
91
429
1089
1611
1664
1117
158
-715
-1568
-2256
-2731
-3200
-3277
-3054
-2689
-2359
-2458
-2801
-3187
-3703
-4013
-3957
-2659
1436
5695
6800
4384
571
-872
-887
-1140
-676
387
2251
4051
4410
3082
396
-2330
-3394
-3202
-2406
-189
2501
3729
2452
156
-59
1196
2187
3060
3958
4721
4085
2120
701
26
-806
-1921
-2325
-1280
74
143
-868
-2245
-3352
-3472
-2438
-213
2010
2849
2523
1559
944
1008
1239
1595
1828
1909
1930
1495
317
-1445
-3306
-4340
-4013
-2627
-860
255
492
272
-363
-1091
-1564
-1515
-742
254
1123
1962
2570
2591
1997
1294
1059
1151
1088
825
443
-133
-1004
-1912
-2221
-1617
-658
29
228
195
274
102
-230
-301
56
811
1559
2237
2526
1832
195
-1664
-2712
-2702
-2171
-1647
-1383
-1178
-1335
-1499
-1442
-1518
-1538
-1845
-1960
-1481
-1832
-2457
-2890
-2014
1664
4026
3580
1164
-1509
-1799
-1667
-1453
-218
1071
2462
3566
3296
1550
-963
-2504
-1807
-853
-154
1682
3365
3278
806
-1478
-812
606
1213
1483
1970
2730
2121
878
610
772
599
-114
-412
136
267
-524
-1324
-1871
-1914
-1027
553
2473
3015
1735
6
-1422
-1717
-1349
-796
103
706
917
806
194
-526
-1291
-1788
-1500
-697
182
623
251
-400
-1137
-1880
-1936
-1227
102
1105
1317
1120
652
225
-370
-588
-83
568
1115
1325
1524
1712
1426
848
441
350
515
679
771
872
766
702
937
1190
1378
1236
987
852
393
-297
-1103
-1707
-1914
-1675
-1206
-699
-658
-1336
-1860
-2296
-2055
-1501
-1200
-901
-1212
-1389
-1778
-2602
-3285
-3558
-3125
-1331
1428
2773
1887
-706
-1943
-874
300
1420
2120
2441
2593
1789
363
-1340
-2299
-1372
197
867
942
1398
1580
579
-900
-826
879
2156
2713
3070
3341
2892
1391
513
800
1296
1299
820
684
489
-206
-929
-1395
-1627
-1563
-935
46
430
-315
-1263
-1567
-1176
-500
53
462
608
382
-146
-685
-817
-541
-216
72
384
652
475
-354
-1463
-2351
-2770
-2604
-1707
-558
145
24
-682
-1118
-938
-434
198
837
1398
1816
1986
1983
2040
1965
1763
1624
1555
1668
1734
1549
1240
869
548
455
460
592
784
828
738
363
-7
-120
-223
-346
-560
-825
-939
-1199
-1425
-1464
-1627
-1477
-1129
-758
-540
-665
-1368
-2087
-2596
-3011
-3229
-3735
-3772
-2428
468
2425
1699
-1166
-3331
-2527
-763
851
1665
1328
847
457
414
328
35
805
2330
2740
1948
1734
2318
2059
315
-779
436
2107
2729
2559
2029
1184
-436
-1701
-1358
-233
503
154
-613
-861
-751
-471
-228
-150
-143
60
447
589
37
-1009
-1872
-2286
-1904
-1022
-417
-514
-1283
-1905
-2086
-2037
-1673
-1111
-468
62
205
13
-381
-688
-752
-751
-673
-200
417
694
525
123
-90
81
543
961
1114
931
566
444
810
1442
1904
2120
2242
2390
2511
2594
2788
2943
2852
2688
2676
2852
2852
2370
1472
249
-900
-1643
-1917
-2072
-2455
-2881
-3066
-2948
-2691
-2282
-1773
-1417
-1047
-610
-148
412
438
-97
-744
-1224
-1758
-2140
-2580
-2891
-2905
-3313
-1806
-32
-165
-1907
-4122
-3447
-1492
-414
507
1111
1728
2537
2936
2705
1790
1310
2472
3395
2444
1482
1443
1488
798
-55
769
1852
1390
467
-107
-156
-383
-861
-310
854
1517
1542
1008
626
575
381
174
-385
-1231
-1469
-1344
-1158
-1566
-2347
-2293
-1682
-954
-507
-573
-742
-996
-1066
-638
-44
453
657
493
317
352
559
749
489
68
-154
-300
-308
-358
-370
-260
-275
-324
-122
469
1090
1257
1085
1077
1372
1972
2563
3150
3746
4087
4363
4531
4551
4403
3854
3102
2354
1697
1146
439
-320
-946
-1544
-2004
-2261
-2462
-2575
-2682
-2619
-2212
-1802
-1465
-1094
-843
-595
-427
-324
-62
-230
-865
-1486
-1982
-2114
-2211
-3048
-3804
-4690
-5340
-5575
-5400
-2561
288
666
-1655
-4412
-3485
-779
1378
2743
3088
3462
3774
3396
2347
1049
1215
3001
3640
2210
1200
1588
1808
825
-38
975
1962
1284
492
377
503
148
-530
-189
737
1131
955
69
-710
-941
-992
-728
-831
-1263
-1552
-1696
-1335
-1048
-1084
-1345
-1758
-1783
-1366
-760
-413
-482
-809
-1229
-1311
-857
-136
297
300
422
747
876
598
114
-228
-629
-1069
-1256
-943
-327
-156
-518
-634
70
1218
1909
1971
2004
2313
2956
3602
4054
4311
4246
4075
3862
3796
3924
3731
3037
1925
784
-116
-796
-1162
-1355
-1617
-1889
-2009
-1981
-1923
-1965
-2107
-2274
-2322
-2046
-1597
-1126
-662
-267
-87
-240
-705
-1235
-1795
-2534
-3214
-3780
-3826
-3546
-3696
-4018
-4660
-4636
-3970
-2787
-453
585
-175
-1772
-2370
-337
1804
2803
3064
2494
2219
2534
3108
3475
3019
2838
3219
2549
924
195
925
1834
1717
1338
1769
1744
564
-517
-783
-536
-460
-710
-553
-223
-293
-561
-1135
-1575
-1745
-1819
-1634
-1791
-2069
-2162
-2223
-1898
-1455
-790
0
315
373
161
-139
-286
-262
182
667
879
883
756
690
844
1063
931
245
-583
-1004
-1003
-912
-742
-378
118
636
1041
1543
2123
2613
3135
3482
3735
3889
3880
4041
4162
4016
3663
3256
3172
2969
2294
1571
981
623
243
-176
-331
-485
-722
-920
-1109
-1111
-1080
-1135
-1307
-1799
-2235
-2411
-2295
-1893
-1598
-1504
-1698
-1965
-2256
-2597
-2864
-2982
-2920
-2861
-2927
-3383
-3646
-3888
-3783
-3480
-3350
-2894
-2789
-1548
-160
-313
-1322
-2234
-422
2523
3583
3308
2250
1714
2286
2669
2683
2060
1812
3001
3468
2263
1283
1642
2175
1359
279
921
1868
1278
259
195
740
695
-274
-968
-988
-1133
-1267
-1508
-1865
-1994
-2310
-2443
-2388
-2449
-2242
-2123
-1811
-1371
-1174
-832
-449
168
810
1083
1202
1275
1469
1614
1413
1153
917
680
497
354
167
-374
-1122
-1364
-980
-495
-184
-7
512
1136
1523
1787
1986
2429
2910
3322
3608
3710
3607
3198
2712
2263
1925
1540
1074
798
740
856
841
586
369
304
394
349
-17
-620
-1213
-1479
-1419
-1177
-886
-733
-832
-1142
-1481
-1722
-1988
-2294
-2567
-2806
-3030
-3323
-3204
-2759
-2502
-2499
-2907
-3249
-3226
-3060
-2688
-2596
-2498
-2115
-1501
-819
-311
1219
2288
1537
-309
-1695
-403
1516
1906
1461
312
-47
826
1578
1971
1460
1557
2976
3252
2267
1893
2903
3748
2984
2129
2689
3023
1781
456
268
495
10
-1203
-1943
-2088
-2310
-2200
-2080
-2061
-1922
-2136
-2301
-2410
-2291
-1591
-924
-367
16
310
677
926
1167
1196
1159
1102
817
423
-122
-454
-548
-645
-570
-428
-203
-159
-467
-550
-262
367
1026
1378
1662
1824
1859
1891
1919
2098
2275
2260
2008
1463
1038
936
1118
1366
1300
1036
743
535
388
321
391
500
548
525
646
766
633
383
163
97
22
-211
-340
-451
-725
-1053
-1399
-1586
-1771
-2069
-2270
-2503
-2690
-2765
-2644
-2158
-1574
-1249
-1413
-1861
-2123
-1964
-1605
-1327
-1465
-1982
-2436
-2446
-2065
-1367
-161
418
-451
-2103
-2667
-1140
484
829
623
482
1136
2488
3701
3904
2948
2644
3590
3764
2655
2205
3121
3469
2042
725
1023
1322
323
-683
-698
-467
-908
-1658
-1648
-1143
-841
-755
-920
-1052
-941
-822
-770
-881
-852
-601
-512
-557
-748
-911
-1171
-1388
-1267
-994
-845
-1034
-1205
-1124
-904
-571
-185
217
380
184
95
216
471
804
1029
1308
1447
1521
1683
1683
1705
1654
1557
1578
1590
1690
1726
1535
1452
1556
1741
1723
1285
794
651
928
1417
1757
1702
1351
884
521
468
433
323
184
-108
-376
-722
-1076
-1264
-1528
-1741
-1776
-1697
-1505
-1503
-1657
-1916
-2316
-2351
-1932
-1411
-1082
-1197
-1586
-1947
-2165
-2164
-2114
-2326
-2519
-2571
-2650
-2729
-2726
-2459
-1382
-27
109
-1010
-2130
-1229
1138
2185
1667
1007
1075
2183
3251
3556
2991
2091
2552
3765
3604
2644
2498
3010
2692
1363
1021
1780
1611
411
-285
-105
76
-215
-337
37
377
414
159
-508
-1179
-1465
-1464
-1568
-2087
-2401
-2261
-1988
-1719
-1596
-1515
-1352
-1137
-759
-515
-441
-443
-388
-131
140
460
711
773
894
1008
1028
815
434
347
570
786
829
727
666
745
854
1033
1117
1033
866
725
780
1016
1344
1673
1889
2051
2169
2213
2161
2054
1917
1648
1124
489
139
72
-30
-453
-973
-1246
-1329
-1372
-1375
-1219
-1134
-1424
-1744
-1671
-1264
-922
-877
-932
-1077
-1516
-1966
-2083
-1993
-1848
-1965
-2270
-2495
-2561
-2362
-2236
-2341
-2505
-2738
-2871
-2902
-2559
-1933
-1019
384
1005
207
-1092
-1063
1042
2550
2084
1164
908
1850
2934
3290
2979
2122
2076
3140
3242
2105
1447
2010
2462
1761
1351
2253
2741
1779
969
1215
1523
1008
209
97
238
-73
-601
-1371
-2033
-2091
-1840
-1762
-2227
-2644
-2577
-2542
-2627
-2516
-2235
-2018
-1949
-1743
-1418
-1281
-1174
-733
22
601
734
575
534
800
1141
1445
1472
1240
1007
906
1050
1235
1286
1259
1202
1317
1495
1494
1559
1556
1582
1663
1683
1910
2018
1862
1715
1543
1447
1305
1019
821
624
462
393
309
168
67
-83
-147
-131
-252
-362
-521
-580
-673
-1089
-1452
-1468
-1288
-1291
-1667
-1998
-2130
-2287
-2422
-2377
-2128
-2017
-2302
-2617
-2456
-1955
-1499
-1512
-1771
-1901
-1941
-1815
-1601
-1370
-1036
-726
-179
822
1285
601
-483
-611
914
2229
1951
1158
836
1445
2346
2551
2120
1434
1417
2426
2711
1956
1613
2272
2688
1910
1164
1661
2096
1457
913
1017
892
108
-644
-580
-312
-572
-990
-1588
-2195
-2349
-2201
-2192
-2554
-2877
-2698
-2514
-2532
-2459
-2355
-2175
-1779
-989
-283
-221
-354
-260
-10
170
271
562
828
871
918
1062
1335
1587
1675
1669
1615
1649
1716
1675
1664
1874
2133
2075
1749
1473
1538
1682
1511
1216
984
906
876
705
585
475
245
52
7
125
178
13
-168
-249
-282
-317
-404
-483
-445
-305
-221
-420
-821
-1069
-1108
-1075
-1157
-1362
-1603
-1864
-2005
-1908
-1775
-1871
-2235
-2642
-2607
-2186
-1741
-1560
-1659
-1683
-1496
-1186
-902
-1032
-1233
-1262
-941
-360
242
941
874
-254
-1210
-724
967
1902
1388
720
678
1387
2180
2482
2050
1506
1900
2732
2528
1680
1812
2637
2382
1155
791
1454
1430
336
-239
-49
-205
-799
-961
-493
-346
-940
-1538
-1862
-1854
-1715
-1870
-2251
-2427
-2047
-1494
-1510
-1849
-2024
-1982
-1816
-1525
-1103
-943
-1008
-909
-437
14
246
469
701
872
1129
1581
2094
2199
1784
1489
1618
2005
2223
2089
1932
1947
1926
1652
1291
1278
1448
1390
1036
736
812
1054
1212
1207
1007
652
348
320
543
677
505
154
-129
-154
-58
-111
-342
-575
-714
-856
-1020
-1043
-934
-888
-1015
-1189
-1203
-1179
-1217
-1147
-860
-580
-669
-1061
-1305
-1135
-811
-606
-612
-673
-723
-710
-597
-561
-793
-1268
-1771
-1808
-1570
-1287
-921
-694
-353
-376
-955
-1214
-738
466
1338
888
294
414
1226
2150
2328
1758
1151
1050
1726
2177
1670
1163
1297
1530
1404
1203
1472
1596
774
-7
-80
-1
-127
-396
-420
-488
-999
-1328
-1512
-1849
-2064
-2081
-1920
-1866
-1914
-1753
-1684
-1711
-1467
-1077
-825
-724
-516
-242
-95
26
378
727
640
395
378
593
836
972
1132
1187
998
848
888
1110
1347
1521
1673
1677
1600
1529
1451
1476
1588
1745
1833
1765
1694
1680
1612
1428
1141
939
861
839
705
401
15
-327
-433
-438
-452
-560
-850
-1177
-1444
-1432
-1132
-886
-848
-988
-1101
-1034
-881
-721
-551
-447
-418
-489
-570
-443
-180
-93
-243
-550
-762
-753
-789
-785
-793
-1027
-1391
-1783
-1994
-1854
-1690
-1450
-1181
-1168
-920
-567
-636
-917
-1069
-463
427
454
195
233
561
1127
1486
1522
1327
1130
1570
2010
1622
1205
1530
2021
1817
1209
1182
1418
869
172
168
330
104
-339
-390
-236
-522
-930
-1194
-1444
-1523
-1504
-1567
-1806
-1900
-1637
-1448
-1550
-1650
-1550
-1461
-1385
-1006
-434
-111
-44
33
170
194
241
468
611
433
163
128
244
318
390
540
701
681
551
551
797
1271
1696
1922
2050
2110
2185
2209
2226
2289
2198
1925
1558
1233
947
635
449
340
50
-345
-613
-649
-669
-765
-731
-613
-544
-566
-501
-303
-246
-309
-323
-244
-239
-424
-675
-904
-988
-976
-849
-684
-616
-651
-803
-999
-1157
-1184
-1080
-962
-960
-1082
-1178
-1169
-1072
-904
-820
-782
-813
-961
-846
-639
-636
-783
-899
-469
172
313
119
-86
31
508
884
1108
1056
840
1110
1598
1740
1692
1803
2027
1936
1527
1533
1712
1346
768
493
508
311
-157
-316
-268
-485
-858
-1245
-1562
-1713
-1629
-1390
-1355
-1526
-1459
-1194
-1068
-1091
-1081
-926
-872
-920
-876
-789
-718
-635
-524
-423
-414
-379
-191
10
213
467
723
966
1148
1280
1357
1370
1430
1564
1710
1851
1964
1976
1855
1656
1605
1700
1574
1248
972
944
1117
1150
993
791
714
721
569
272
15
-98
-51
19
24
-107
-322
-499
-583
-580
-605
-716
-912
-1039
-1049
-1007
-996
-1018
-962
-834
-737
-744
-739
-648
-526
-499
-507
-480
-425
-432
-548
-640
-592
-440
-404
-536
-760
-945
-982
-941
-917
-917
-969
-1032
-1047
-970
-742
-476
-369
-429
-563
-503
-205
63
285
481
702
1007
1306
1486
1395
1060
1018
1330
1416
1185
1013
1178
1323
1033
747
800
790
621
526
611
582
174
-81
78
266
245
49
-121
-207
-306
-390
-579
-785
-786
-719
-799
-977
-955
-835
-843
-866
-758
-628
-709
-858
-772
-575
-489
-431
-288
-72
154
401
675
788
793
939
1176
1376
1432
1443
1504
1476
1409
1393
1441
1497
1447
1333
1253
1183
1095
969
779
620
442
187
-14
-158
-211
-363
-627
-782
-903
-1043
-1268
-1491
-1507
-1376
-1232
-1101
-1080
-1157
-1215
-1197
-1061
-910
-778
-579
-389
-290
-258
-201
-55
47
84
173
258
198
-40
-290
-352
-297
-229
-194
-248
-342
-437
-463
-341
-136
50
118
41
-40
-51
15
86
92
69
28
-116
-280
-384
-394
-325
-281
-201
-136
-186
-289
-330
-188
78
180
37
-139
-125
93
255
238
204
280
405
411
323
325
388
437
484
582
679
673
580
543
628
712
632
419
248
174
131
29
-142
-287
-369
-369
-358
-472
-671
-891
-993
-909
-741
-638
-621
-577
-471
-330
-195
-20
175
348
522
714
873
907
873
871
935
1062
1138
1101
977
881
853
842
791
705
637
523
385
338
430
498
393
172
29
59
142
166
132
54
-120
-360
-523
-512
-436
-475
-656
-803
-857
-878
-948
-1060
-1111
-1103
-1069
-1027
-1000
-913
-762
-596
-466
-465
-526
-488
-377
-276
-242
-275
-251
-247
-286
-262
-167
-41
27
-31
-127
-205
-247
-229
-231
-135
59
232
239
112
77
209
350
399
360
258
274
410
567
686
750
808
865
890
957
1081
1097
964
830
786
763
663
556
517
416
171
-120
-317
-418
-561
-761
-964
-1105
-1125
-1118
-1128
-1118
-1077
-1048
-1089
-1133
-1103
-973
-876
-842
-739
-553
-383
-292
-172
55
267
364
400
448
514
612
734
829
829
766
704
671
696
775
885
951
898
810
829
891
888
816
735
720
740
716
645
558
484
461
409
334
201
22
-135
-312
-444
-497
-497
-482
-576
-780
-944
-995
-863
-663
-585
-592
-608
-554
-364
-167
-39
37
97
149
116
112
241
433
514
446
379
360
321
218
157
146
72
-108
-315
-392
-388
-369
-387
-506
-615
-653
-613
-497
-419
-370
-345
-310
-216
-72
99
208
253
298
336
341
336
332
284
181
67
-15
-71
-126
-164
-157
-155
-209
-308
-376
-354
-342
-374
-403
-438
-475
-474
-426
-334
-298
-386
-473
-495
-457
-397
-346
-270
-227
-252
-283
-248
-165
-95
-85
-79
-60
-76
-125
-118
20
249
432
516
505
464
512
649
812
981
1082
1091
1029
948
985
1068
1099
1060
957
904
868
797
762
702
562
415
316
293
257
181
104
-2
-112
-216
-287
-316
-363
-466
-538
-548
-538
-567
-660
-716
-689
-664
-657
-665
-648
-630
-650
-605
-487
-381
-307
-279
-272
-297
-358
-398
-432
-452
-467
-501
-546
-590
-587
-552
-538
-555
-582
-574
-573
-530
-340
-77
116
191
262
441
668
807
867
921
979
1040
1087
1108
1098
996
881
818
731
656
588
528
492
400
325
287
243
199
167
195
204
122
69
115
152
70
-104
-226
-305
-423
-547
-631
-686
-763
-906
-1026
-1067
-1041
-999
-973
-949
-929
-888
-849
-776
-647
-448
-270
-194
-147
-93
25
203
359
487
596
632
673
770
907
1061
1118
1072
976
891
879
912
929
907
838
739
649
544
402
213
71
-4
-60
-122
-260
-430
-564
-640
-650
-633
-624
-631
-674
-739
-767
-748
-669
-570
-548
-628
-695
-702
-655
-622
-592
-517
-494
-514
-526
-449
-324
-256
-208
-171
-109
-12
134
283
335
305
225
198
269
345
395
408
443
485
515
584
641
696
745
751
748
735
688
682
694
705
659
548
455
321
206
157
146
140
99
39
3
-52
-139
-210
-241
-250
-294
-345
-361
-369
-435
-523
-609
-651
-661
-695
-687
-644
-587
-549
-541
-499
-393
-299
-235
-208
-204
-175
-133
-94
-38
80
199
255
260
299
389
461
554
621
704
766
776
819
843
834
793
753
737
722
704
665
599
514
418
342
332
337
270
151
9
-84
-131
-195
-291
-438
-589
-668
-659
-622
-609
-655
-714
-753
-782
-783
-749
-720
-752
-815
-839
-815
-766
-754
-776
-800
-818
-789
-730
-688
-645
-589
-517
-439
-383
-338
-253
-145
-70
-6
52
97
99
68
46
100
205
270
305
295
290
271
267
333
412
420
339
275
291
409
500
542
577
570
570
598
673
748
759
737
688
619
516
392
287
182
72
-51
-149
-217
-276
-325
-362
-389
-422
-432
-416
-359
-278
-198
-112
-47
-18
13
54
93
108
127
168
227
278
290
314
333
358
372
325
272
265
287
337
415
528
646
742
832
873
850
801
733
658
625
618
599
518
384
246
145
52
-69
-189
-329
-451
-558
-649
-675
-663
-634
-599
-584
-567
-548
-563
-586
-593
-590
-621
-701
-783
-874
-947
-996
-1024
-1055
-1084
-1096
-1095
-1046
-983
-924
-850
-745
-634
-517
-394
-303
-185
-41
65
127
177
228
299
347
330
316
346
397
407
384
389
427
488
528
550
614
666
650
624
627
685
712
710
730
750
710
585
487
472
461
413
337
270
238
245
252
259
228
135
43
-27
-31
-15
-20
-62
-120
-170
-220
-276
-327
-340
-352
-358
-336
-304
-273
-287
-336
-373
-363
-282
-142
-27
17
44
82
120
154
188
252
312
330
380
445
541
595
585
566
529
521
502
485
464
457
467
448
379
302
247
205
161
98
71
41
-15
-78
-128
-166
-208
-253
-323
-396
-481
-586
-661
-667
-639
-615
-663
-729
-793
-873
-924
-958
-976
-991
-985
-928
-845
-806
-816
-808
-744
-647
-560
-491
-423
-346
-258
-191
-137
-79
-12
85
196
288
327
333
339
379
442
506
552
563
554
542
549
532
498
454
373
270
191
162
197
216
195
138
61
-33
-79
-52
-38
-43
-91
-139
-134
-103
-75
-81
-157
-211
-216
-202
-195
-219
-230
-229
-251
-274
-250
-230
-259
-275
-266
-208
-133
-107
-62
18
90
145
200
261
343
460
568
599
590
587
619
660
684
719
781
810
782
747
737
733
713
699
672
647
642
613
547
502
491
458
398
311
195
109
21
-70
-156
-225
-259
-320
-376
-432
-470
-507
-562
-598
-598
-593
-587
-570
-566
-570
-587
-558
-504
-489
-494
-492
-475
-440
-404
-379
-380
-396
-386
-336
-253
-174
-141
-132
-109
-73
2
92
176
234
237
256
324
417
488
488
475
462
472
493
513
543
512
477
452
420
422
442
487
509
485
430
398
366
301
246
228
194
123
49
-33
-97
-156
-228
-312
-381
-444
-492
-542
-569
-579
-576
-550
-543
-529
-502
-464
-442
-411
-367
-317
-242
-174
-117
-90
-98
-112
-98
-71
-20
22
15
20
56
104
154
208
262
297
319
340
384
436
456
471
471
456
426
378
337
306
265
183
87
0
-106
-207
-247
-257
-270
-306
-355
-361
-356
-354
-331
-278
-252
-267
-285
-264
-239
-206
-163
-142
-141
-188
-241
-275
-273
-270
-273
-293
-340
-372
-349
-294
-247
-217
-191
-136
-55
35
105
138
148
167
219
268
280
271
262
281
346
391
381
352
333
343
339
336
338
345
365
382
401
419
433
431
417
404
412
410
357
288
219
176
155
108
50
-20
-131
-227
-288
-336
-364
-398
-451
-498
-510
-506
-506
-491
-474
-470
-460
-452
-441
-429
-433
-412
-386
-377
-367
-380
-391
-377
-335
-266
-237
-208
-173
-147
-81
-10
68
143
203
250
303
369
414
448
472
509
554
570
575
575
597
609
594
557
538
508
429
352
312
305
292
238
160
108
66
38
17
7
-10
-45
-90
-121
-111
-90
-68
-114
-171
-211
-218
-216
-253
-279
-312
-335
-363
-370
-378
-359
-321
-303
-298
-283
-260
-243
-205
-166
-127
-110
-90
-84
-75
-49
-12
53
95
100
89
113
142
179
227
249
256
256
266
312
357
366
350
321
289
259
240
212
210
188
165
124
89
68
11
-28
-60
-84
-95
-117
-157
-189
-182
-192
-208
-203
-185
-183
-185
-177
-169
-163
-174
-159
-142
-135
-143
-144
-124
-106
-107
-129
-129
-130
-112
-76
-51
-51
-47
0
53
97
126
168
232
274
292
309
323
315
309
320
330
343
336
332
319
291
250
220
179
96
45
23
6
-16
-47
-78
-93
-110
-139
-144
-136
-149
-167
-175
-182
-195
-206
-199
-175
-169
-176
-180
-216
-242
-268
-294
-281
-281
-292
-304
-295
-273
-232
-183
-132
-112
-108
-83
-44
12
55
105
133
154
193
245
321
381
387
369
362
349
341
327
317
303
270
239
218
190
162
140
119
105
75
50
49
52
65
40
-3
-40
-81
-124
-147
-167
-199
-248
-310
-330
-332
-327
-343
-381
-408
-418
-415
-395
-349
-332
-334
-327
-303
-267
-227
-192
-167
-142
-133
-112
-76
-45
-2
36
58
66
80
109
118
116
120
136
146
170
202
210
199
178
159
163
178
201
214
199
160
103
81
84
79
40
-32
-104
-177
-214
-205
-204
-226
-269
-313
-310
-290
-264
-235
-191
-145
-121
-106
-87
-63
-42
12
59
75
43
18
1
-35
-71
-70
-76
-125
-162
-185
-176
-177
-188
-171
-128
-85
-62
-21
26
68
103
141
181
199
209
239
254
239
222
197
164
120
90
63
18
-29
-62
-63
-61
-69
-84
-87
-64
-17
26
57
85
98
101
108
125
125
117
111
100
82
66
41
0
-38
-70
-97
-129
-175
-189
-184
-196
-194
-191
-178
-144
-121
-106
-68
-28
1
22
31
67
98
132
172
206
230
231
239
236
256
297
319
332
340
363
395
425
443
448
445
455
463
465
465
427
365
296
225
176
121
59
-10
-74
-131
-182
-226
-271
-307
-322
-328
-324
-310
-292
-273
-261
-255
-244
-227
-233
-233
-225
-213
-204
-228
-253
-255
-237
-206
-165
-135
-141
-167
-186
-195
-173
-139
-108
-65
-36
-14
8
35
54
60
78
83
88
93
93
108
118
111
100
109
116
132
137
136
110
72
52
52
70
54
34
2
-23
-48
-78
-93
-109
-133
-160
-169
-159
-152
-139
-120
-110
-112
-121
-116
-108
-94
-80
-73
-73
-83
-91
-80
-68
-63
-68
-85
-88
-81
-88
-80
-63
-63
-70
-58
-21
29
46
43
56
91
124
145
188
238
280
312
322
321
325
319
314
302
273
257
244
228
199
158
120
58
-1
-30
-43
-62
-93
-132
-153
-160
-175
-173
-176
-189
-203
-224
-218
-218
-221
-214
-208
-202
-203
-209
-195
-168
-139
-104
-81
-93
-102
-94
-53
-4
17
22
4
3
3
18
47
52
34
16
20
33
64
79
91
107
130
152
164
199
225
224
225
235
229
217
209
202
198
184
164
168
175
150
111
62
25
13
7
9
14
9
-5
-3
11
19
32
27
-1
-30
-67
-90
-102
-122
-137
-162
-183
-201
-215
-230
-262
-297
-332
-361
-353
-349
-341
-320
-301
-279
-248
-218
-202
-173
-150
-107
-71
-37
-9
8
36
76
108
142
170
188
187
168
185
195
217
235
249
260
260
263
265
262
247
244
227
217
209
183
162
158
152
134
131
113
89
68
63
60
50
33
16
6
-18
-39
-58
-57
-64
-72
-77
-87
-79
-97
-99
-108
-115
-108
-111
-106
-105
-105
-101
-82
-71
-56
-41
-37
-11
21
47
69
69
84
118
143
167
180
203
218
222
209
178
170
145
137
140
137
130
119
108
99
110
92
72
56
53
57
78
92
89
80
54
52
41
24
2
-23
-64
-94
-91
-103
-100
-114
-136
-140
-146
-154
-168
-175
-186
-196
-201
-201
-190
-201
-209
-223
-244
-256
-275
-273
-248
-223
-202
-187
-161
-132
-95
-64
-41
-25
-21
-5
13
38
47
50
58
59
60
60
57
48
41
45
52
52
46
40
51
70
82
102
109
122
128
129
143
153
151
137
124
106
98
77
53
39
25
5
-23
-34
-40
-46
-47
-64
-88
-104
-118
-122
-126
-126
-134
-147
-141
-143
-154
-162
-164
-159
-140
-120
-102
-88
-71
-53
-33
-2
29
52
65
77
90
104
111
129
141
152
164
171
179
189
208
233
264
276
272
279
292
309
328
329
325
319
307
289
277
252
225
193
149
115
80
33
-12
-50
-86
-115
-151
-176
-192
-195
-200
-215
-225
-249
-280
-311
-342
-363
-368
-376
-389
-394
-395
-387
-370
-351
-342
-328
-305
-293
-276
-248
-221
-175
-121
-64
-1
35
64
85
119
170
201
228
242
253
278
308
326
329
323
318
304
283
275
258
224
194
153
119
96
62
34
5
-25
-43
-65
-79
-99
-127
-149
-170
-181
-186
-192
-208
-220
-231
-249
-259
-258
-262
-268
-278
-294
-305
-299
-291
-270
-246
-222
-180
-136
-74
-25
14
51
91
137
180
223
249
270
293
306
315
315
301
282
261
251
247
239
233
217
201
193
189
196
202
185
166
155
151
142
134
125
98
63
25
-9
-38
-63
-78
-96
-116
-141
-147
-143
-147
-148
-143
-140
-148
-141
-143
-124
-105
-100
-88
-88
-85
-84
-88
-84
-89
-94
-93
-80
-51
-30
-9
-5
3
18
31
59
70
83
100
106
112
122
129
130
141
152
160
179
189
197
207
207
206
193
194
204
206
205
190
170
142
124
113
100
93
73
30
-20
-51
-72
-94
-106
-126
-153
-177
-191
-207
-211
-196
-200
-203
-203
-204
-213
-219
-217
-217
-219
-221
-233
-237
-229
-222
-217
-207
-207
-206
-194
-168
-152
-136
-110
-89
-59
-28
0
19
42
67
79
94
98
96
104
117
129
135
149
156
153
159
166
177
186
201
204
195
189
181
177
182
185
178
173
159
134
116
97
79
68
47
15
-30
-70
-99
-129
-151
-164
-177
-194
-210
-210
-208
-196
-182
-176
-186
-195
-183
-157
-131
-114
-116
-116
-101
-80
-63
-42
-30
-21
2
24
61
94
121
148
168
193
219
256
292
319
343
354
356
363
360
353
347
342
315
279
249
224
206
189
165
123
91
61
37
16
-7
-31
-67
-82
-99
-122
-138
-165
-193
-217
-238
-264
-289
-317
-326
-331
-342
-347
-353
-357
-344
-318
-297
-259
-223
-196
-173
-144
-116
-83
-59
-28
5
27
53
70
85
103
128
140
156
180
188
201
207
225
241
243
243
232
228
211
188
182
159
130
103
84
59
29
3
-37
-66
-76
-93
-113
-122
-127
-130
-138
-152
-160
-163
-165
-164
-172
-165
-163
-176
-178
-180
-186
-191
-191
-191
-192
-177
-173
-170
-147
-123
-97
-56
-25
-1
29
43
65
91
119
153
172
194
216
239
255
257
261
263
268
268
256
244
233
224
222
224
213
213
217
202
183
165
154
151
140
120
109
91
80
53
30
2
-27
-53
-83
-108
-126
-145
-159
-170
-186
-196
-201
-198
-199
-191
-182
-182
-170
-163
-153
-140
-131
-127
-128
-127
-119
-99
-86
-79
-77
-73
-79
-86
-69
-51
-26
-5
6
9
13
23
29
39
52
58
72
91
101
109
116
118
119
113
104
103
81
54
42
32
15
2
-10
-38
-65
-93
-129
-153
-168
-184
-192
-204
-214
-214
-211
-215
-203
-194
-200
-193
-185
-164
-148
-143
-132
-127
-129
-133
-125
-106
-101
-106
-93
-74
-58
-38
-25
-11
3
25
59
90
114
135
156
171
197
218
237
248
249
257
260
258
250
230
215
202
179
157
130
100
75
64
51
34
23
3
-8
-9
-10
2
7
-6
-16
-25
-44
-41
-43
-51
-53
-69
-92
-114
-139
-158
-151
-142
-143
-140
-146
-152
-142
-112
-76
-52
-46
-21
-2
25
47
49
66
88
113
135
129
125
135
133
139
134
125
123
124
120
101
97
111
122
118
110
97
86
86
80
61
48
40
17
-4
-6
-5
-2
-8
-24
-43
-56
-65
-73
-76
-80
-91
-96
-100
-116
-124
-120
-122
-136
-149
-150
-152
-146
-143
-148
-136
-118
-107
-96
-91
-76
-42
-15
-8
-11
1
29
55
62
62
58
62
69
62
64
75
73
69
61
56
64
61
35
5
9
43
59
41
3
-6
34
77
53
-18
-59
-48
-12
-20
-84
-143
-149
-122
-121
-170
-220
-209
-167
-137
-144
-156
-139
-95
-58
-41
-22
-9
14
30
40
63
82
81
69
58
59
77
83
69
62
82
114
130
119
109
132
171
187
166
136
133
156
173
168
140
109
103
101
81
46
14
-5
-21
-36
-54
-70
-85
-95
-110
-116
-111
-114
-123
-110
-86
-72
-65
-65
-59
-57
-38
-17
-19
-21
-15
1
24
35
34
54
68
80
96
97
97
98
105
104
108
109
107
98
82
68
62
62
61
42
23
21
22
20
10
-2
2
6
-1
-19
-40
-51
-53
-55
-61
-81
-87
-88
-102
-111
-127
-137
-127
-124
-132
-139
-131
-115
-109
-112
-106
-91
-74
-62
-51
-31
-1
29
45
53
58
69
78
80
76
80
84
84
84
71
55
50
43
25
8
-2
-9
-7
-13
-20
-17
-10
-13
-19
-24
-19
-6
3
4
-3
-9
-6
1
-6
-29
-48
-49
-36
-38
-42
-44
-39
-30
-17
-10
0
17
34
47
59
64
64
77
84
85
84
85
82
73
58
48
48
45
45
37
33
36
40
46
47
46
48
58
59
55
55
53
51
39
24
7
-12
-32
-55
-76
-93
-108
-119
-124
-128
-128
-123
-117
-106
-89
-71
-54
-36
-17
0
19
35
41
41
46
53
55
45
31
25
20
16
3
-15
-21
-18
-17
-20
-23
-24
-18
-12
-7
-5
-3
2
3
1
-3
2
2
-4
-12
-20
-22
-32
-46
-59
-71
-78
-83
-96
-108
-112
-115
-114
-112
-113
-106
-93
-77
-69
-63
-57
-46
-34
-30
-30
-28
-19
-10
-2
1
0
4
14
27
34
37
37
40
46
55
61
62
61
58
65
68
59
44
33
37
41
37
19
4
-2
1
3
-6
-17
-21
-14
-6
-4
-7
-9
-7
-4
-6
-16
-27
-30
-26
-27
-37
-48
-55
-56
-51
-48
-45
-35
-26
-17
-5
7
18
32
50
67
80
92
99
102
107
107
108
108
99
86
75
68
66
60
50
45
46
51
54
48
39
39
51
58
56
49
46
47
44
34
19
3
-11
-20
-34
-55
-75
-84
-85
-88
-93
-100
-95
-80
-66
-55
-47
-31
-9
13
28
38
48
60
66
67
62
55
50
45
40
32
23
17
9
5
4
0
0
0
8
20
28
31
33
38
43
42
35
25
17
7
-3
-20
-37
-50
-55
-64
-78
-93
-99
-98
-95
-95
-94
-81
-65
-53
-49
-41
-29
-13
-4
-3
-3
0
5
7
1
-4
-6
-4
-3
-7
-10
-1
11
20
24
26
38
51
59
58
58
63
69
68
59
48
42
36
24
5
-9
-19
-28
-38
-47
-51
-49
-47
-50
-52
-49
-42
-38
-35
-34
-30
-21
-12
-10
-14
-17
-16
-12
-15
-19
-21
-20
-16
-14
-11
-7
2
8
13
18
25
31
36
41
48
54
54
51
48
45
42
36
25
18
13
10
7
3
-1
-2
2
6
8
4
4
9
15
14
7
2
-1
-4
-13
-25
-38
-47
-52
-56
-63
-68
-68
-65
-56
-48
-37
-22
-5
13
29
44
57
70
80
86
86
81
77
70
60
44
30
18
4
-9
-16
-21
-23
-23
-17
-9
5
19
34
43
55
68
79
80
77
70
60
49
36
16
-10
-29
-49
-68
-89
-108
-117
-118
-117
-115
-106
-92
-72
-50
-29
-8
12
30
40
52
62
63
56
49
42
30
21
5
-11
-27
-33
-33
-36
-38
-33
-18
-2
12
24
35
54
78
95
93
90
96
98
91
73
54
36
18
-3
-30
-53
-68
-74
-79
-89
-91
-87
-80
-73
-60
-45
-29
-14
-5
4
15
24
23
16
8
8
4
-9
-24
-37
-46
-47
-50
-56
-59
-48
-29
-15
-9
4
28
45
63
75
78
84
97
100
92
79
71
61
43
21
3
-13
-30
-40
-47
-59
-68
-67
-61
-58
-50
-39
-29
-20
-11
-3
-1
2
9
12
6
0
-5
-13
-23
-28
-30
-38
-44
-46
-47
-46
-38
-32
-27
-14
0
10
19
27
39
46
54
60
57
51
54
56
47
35
32
32
22
11
7
1
-1
1
0
-17
-24
-8
-2
-11
-18
-17
-18
-22
-24
-26
-38
-44
-31
-33
-52
-52
-37
-37
-46
-45
-40
-34
-26
-19
-19
-20
-9
0
0
-4
4
9
7
9
11
11
12
12
13
16
22
27
32
32
40
49
53
56
57
55
55
59
52
40
36
34
25
12
4
-2
-15
-22
-25
-33
-45
-42
-36
-41
-44
-37
-32
-32
-26
-17
-16
-13
-4
4
-1
-6
-3
0
-2
-5
-5
-8
-9
-6
-5
-7
-6
2
9
11
13
24
34
41
43
45
49
52
52
52
47
41
39
32
22
11
1
-3
-10
-21
-26
-28
-32
-37
-35
-28
-26
-23
-21
-22
-18
-11
-6
-10
-12
-11
-7
-9
-17
-22
-24
-19
-23
-32
-35
-29
-22
-20
-21
-17
-7
7
19
23
25
37
49
53
54
55
57
56
58
54
43
34
28
23
10
1
-5
-11
-18
-20
-22
-26
-27
-26
-23
-23
-21
-17
-16
-15
-12
-11
-15
-14
-15
-19
-22
-23
-27
-33
-36
-35
-37
-41
-41
-38
-38
-32
-23
-19
-14
-4
8
15
18
25
35
42
46
48
46
45
51
46
36
30
29
27
22
15
8
6
7
7
0
-5
-2
4
2
0
-2
-2
0
-1
-7
-12
-12
-12
-17
-25
-28
-29
-34
-36
-37
-35
-34
-29
-24
-23
-16
-6
-2
1
6
15
18
18
19
18
19
16
14
9
4
3
2
-2
-7
-7
-4
-1
1
3
8
16
24
30
31
34
36
37
35
30
21
17
13
4
-4
-15
-19
-25
-31
-35
-40
-43
-39
-32
-28
-26
-17
-7
0
7
14
16
18
21
22
16
12
11
6
-1
-8
-14
-19
-20
-22
-26
-24
-19
-16
