324
370
329
247
178
184
230
190
112
53
34
6
-62
-125
-154
-143
-146
-183
-211
-201
-143
-91
-87
-81
-40
16
46
35
37
82
106
93
47
23
52
74
53
12
-6
19
49
45
18
4
3
-2
-12
-34
-60
-76
-99
-134
-157
-171
-192
-254
-326
-371
-392
-424
-479
-546
-593
-618
-672
-754
-846
-923
-981
-1049
-1134
-1219
-1276
-1318
-1387
-1452
-1509
-1545
-1565
-1604
-1631
-1642
-1625
-1599
-1589
-1558
-1530
-1494
-1456
-1394
-1206
-940
-679
-473
-322
-85
186
433
647
773
902
1014
1066
1095
1092
1113
1097
1012
946
939
1030
1084
1116
1164
1220
1387
1533
1617
1637
1603
1646
1622
1549
1463
1340
1224
1041
882
735
648
618
524
451
393
381
411
406
390
361
348
316
272
215
180
192
155
123
94
74
93
91
94
79
67
79
96
122
139
164
165
169
192
179
176
171
150
139
144
165
173
162
136
138
157
151
132
72
5
-52
-130
-197
-245
-288
-338
-390
-436
-477
-519
-573
-636
-714
-766
-786
-847
-937
-1047
-1159
-1256
-1346
-1424
-1510
-1568
-1611
-1653
-1688
-1713
-1728
-1731
-1709
-1689
-1677
-1650
-1619
-1575
-1547
-1520
-1480
-1439
-1356
-1234
-1022
-756
-508
-277
-43
266
589
847
1022
1133
1247
1341
1376
1379
1361
1356
1346
1297
1260
1298
1346
1361
1366
1391
1496
1623
1719
1739
1715
1732
1754
1731
1666
1575
1482
1387
1295
1148
977
841
728
636
532
438
376
334
271
193
127
78
52
6
-47
-68
-71
-28
-16
-55
-84
-97
-85
-94
-111
-133
-149
-158
-163
-163
-161
-132
-107
-116
-134
-148
-149
-155
-200
-250
-282
-264
-227
-247
-276
-297
-297
-283
-292
-310
-361
-400
-420
-443
-459
-486
-519
-555
-578
-587
-611
-650
-702
-752
-789
-832
-890
-939
-996
-1049
-1088
-1127
-1171
-1188
-1213
-1232
-1242
-1277
-1282
-1257
-1229
-1206
-1192
-1154
-1116
-1084
-1038
-1006
-989
-952
-907
-860
-722
-541
-359
-145
64
334
626
863
1067
1211
1359
1462
1479
1449
1436
1444
1423
1380
1319
1267
1280
1271
1233
1239
1257
1333
1408
1411
1397
1387
1388
1389
1352
1285
1217
1169
1114
1003
880
744
632
527
407
286
156
73
-11
-112
-196
-290
-338
-360
-409
-418
-417
-387
-335
-307
-269
-241
-204
-169
-179
-186
-201
-215
-204
-223
-236
-240
-244
-223
-201
-180
-176
-167
-126
-115
-113
-109
-94
-44
-7
5
13
21
25
18
-11
-50
-64
-69
-92
-121
-141
-158
-194
-270
-363
-482
-592
-671
-765
-859
-943
-1018
-1079
-1150
-1217
-1277
-1325
-1360
-1385
-1382
-1390
-1381
-1338
-1301
-1269
-1240
-1219
-1189
-1159
-1129
-1083
-1055
-1019
-986
-946
-905
-878
-804
-673
-506
-338
-166
39
311
622
902
1124
1298
1480
1644
1687
1640
1563
1497
1484
1406
1296
1256
1247
1209
1136
1061
1016
1077
1145
1128
1135
1199
1309
1407
1389
1336
1295
1274
1225
1077
895
719
625
519
332
155
7
-91
-178
-281
-360
-409
-393
-362
-358
-347
-332
-269
-212
-192
-143
-105
-75
-49
-59
-73
-64
-27
12
-1
-9
-5
20
65
64
72
102
124
140
123
109
95
79
74
41
38
38
15
12
-15
-33
-51
-89
-126
-186
-247
-307
-386
-463
-551
-634
-699
-753
-801
-897
-971
-1016
-1064
-1099
-1163
-1216
-1249
-1267
-1264
-1280
-1305
-1321
-1353
-1382
-1401
-1407
-1401
-1419
-1415
-1419
-1445
-1450
-1453
-1475
-1431
-1291
-1138
-950
-756
-546
-170
272
644
971
1230
1551
1850
1978
1999
1913
1863
1779
1642
1561
1504
1558
1564
1466
1459
1499
1635
1749
1745
1847
1993
2175
2254
2127
2043
1966
1912
1795
1493
1228
982
782
585
299
110
-26
-122
-200
-371
-460
-511
-528
-534
-650
-678
-684
-678
-673
-770
-784
-789
-792
-799
-892
-904
-903
-891
-849
-884
-809
-716
-670
-560
-534
-476
-390
-346
-281
-281
-252
-209
-218
-208
-207
-157
-93
-78
-32
-10
49
130
122
133
143
146
143
73
11
-55
-116
-161
-243
-307
-366
-438
-487
-586
-669
-738
-807
-856
-950
-1022
-1094
-1116
-1111
-1159
-1182
-1219
-1249
-1238
-1254
-1250
-1246
-1276
-1306
-1375
-1411
-1435
-1397
-1255
-1169
-1037
-889
-657
-183
229
584
939
1284
1776
2110
2205
2240
2225
2274
2142
1882
1684
1551
1629
1547
1404
1454
1513
1718
1754
1640
1769
1921
2108
2099
1877
1798
1705
1607
1340
930
708
539
411
194
-127
-259
-358
-394
-457
-639
-629
-621
-667
-734
-900
-890
-865
-900
-955
-1088
-1044
-959
-973
-1003
-1062
-979
-860
-799
-710
-665
-491
-295
-207
-95
-37
99
223
212
213
166
148
152
89
61
38
58
109
98
129
175
219
251
191
158
133
96
46
-91
-159
-217
-284
-331
-448
-528
-593
-670
-727
-822
-900
-956
-1026
-1091
-1175
-1241
-1292
-1373
-1452
-1513
-1533
-1539
-1599
-1647
-1681
-1697
-1672
-1723
-1791
-1732
-1538
-1354
-1230
-1160
-986
-503
-15
298
570
928
1512
2053
2251
2339
2464
2644
2647
2408
2210
2121
2166
2057
1810
1781
1930
2202
2289
2167
2246
2448
2652
2654
2349
2151
2060
1910
1598
1093
752
569
360
77
-258
-380
-369
-384
-463
-620
-597
-504
-515
-589
-749
-786
-764
-882
-1035
-1221
-1283
-1225
-1266
-1330
-1359
-1242
-1011
-869
-765
-641
-411
-148
-17
74
149
263
387
366
319
294
266
242
126
22
-9
-55
-118
-245
-323
-316
-312
-342
-450
-514
-515
-538
-598
-696
-749
-738
-749
-793
-834
-849
-844
-883
-931
-963
-992
-993
-1077
-1206
-1297
-1365
-1388
-1459
-1591
-1702
-1728
-1708
-1730
-1792
-1873
-1898
-1908
-1970
-2078
-2033
-1728
-1475
-1309
-1231
-1026
-413
118
385
605
915
1568
2106
2181
2212
2355
2692
2847
2644
2530
2579
2794
2775
2508
2539
2779
3117
3204
2986
3118
3409
3595
3503
3014
2786
2712
2439
1963
1223
753
528
174
-200
-594
-726
-646
-695
-811
-937
-821
-619
-678
-816
-967
-938
-850
-1070
-1340
-1558
-1587
-1506
-1646
-1768
-1713
-1513
-1212
-1047
-909
-625
-275
36
181
285
441
572
600
479
398
401
363
274
100
-13
25
-4
-139
-328
-445
-451
-516
-663
-845
-983
-1025
-1082
-1209
-1313
-1321
-1253
-1229
-1256
-1222
-1119
-987
-946
-966
-916
-834
-766
-827
-968
-1008
-1021
-1057
-1160
-1359
-1470
-1497
-1565
-1631
-1781
-1926
-2008
-2147
-2305
-2406
-2153
-1777
-1552
-1394
-1251
-638
204
587
792
1036
1608
2373
2503
2369
2386
2620
2902
2665
2348
2367
2603
2815
2616
2486
2765
3182
3480
3287
3174
3491
3732
3719
3223
2708
2609
2380
1910
1171
496
308
64
-376
-801
-1016
-845
-742
-834
-893
-765
-445
-358
-504
-654
-658
-490
-603
-928
-1131
-1178
-1044
-1052
-1203
-1110
-807
-413
-180
-100
178
535
810
867
812
906
1026
981
708
446
405
375
197
-82
-272
-235
-234
-414
-658
-829
-846
-925
-1149
-1382
-1547
-1588
-1641
-1765
-1846
-1798
-1657
-1576
-1563
-1480
-1280
-1068
-998
-1030
-1002
-854
-702
-762
-879
-916
-900
-919
-1120
-1360
-1510
-1619
-1773
-2095
-2412
-2637
-2891
-3187
-3509
-3345
-2838
-2555
-2373
-2180
-1374
-121
540
830
1194
1964
3008
3259
2997
2966
3163
3380
3003
2502
2484
2712
2890
2609
2446
2857
3371
3667
3398
3174
3526
3778
3635
2926
2160
1973
1712
1085
181
-559
-621
-680
-1028
-1345
-1391
-936
-591
-599
-546
-263
214
347
149
29
109
339
218
-173
-330
-242
3
37
-130
40
439
841
978
884
1032
1269
1317
1073
748
666
570
237
-243
-582
-598
-620
-877
-1200
-1344
-1197
-1106
-1291
-1524
-1599
-1482
-1456
-1598
-1713
-1666
-1486
-1379
-1407
-1350
-1122
-913
-916
-1050
-1033
-869
-775
-931
-1178
-1201
-1088
-1115
-1362
-1671
-1783
-1794
-1966
-2272
-2600
-2799
-2991
-3331
-3793
-4206
-4518
-4807
-4609
-4099
-3647
-3094
-2567
-1483
130
1178
1920
2693
3696
4893
5206
4907
4815
4860
4827
4103
3214
2896
2876
2752
2141
1821
2164
2598
2754
2274
2006
2422
2641
2356
1447
631
555
273
-447
-1288
-1845
-1593
-1323
-1363
-1177
-592
359
1071
1392
1835
2583
3246
3331
3024
2816
2843
2825
2246
1453
1025
834
769
445
-18
-74
49
72
-121
-376
-364
-345
-636
-1100
-1367
-1281
-1186
-1425
-1748
-1670
-1198
-871
-879
-955
-724
-232
3
-76
-186
-58
163
123
-119
-244
-148
-119
-393
-806
-1001
-980
-1142
-1651
-2183
-2419
-2454
-2700
-3209
-3542
-3594
-3478
-3542
-3731
-3619
-3301
-2991
-2954
-3038
-2903
-2783
-2817
-3235
-3839
-4287
-4097
-2971
-2250
-1948
-1545
-441
1964
3673
3952
4360
5330
6846
7378
6002
4949
4543
4093
2771
618
-443
-556
-793
-1764
-2721
-2171
-785
101
-45
-400
648
2178
2678
2126
1199
1512
2251
1945
1210
703
1299
2283
2233
2147
2926
4150
4869
4395
3876
4218
4573
3874
2141
697
142
-183
-1171
-2673
-3443
-3333
-2983
-2865
-3009
-2557
-1535
-805
-450
-189
592
1607
1860
1551
1564
2313
3060
2895
2199
2037
2551
2845
2188
1141
607
426
-129
-1290
-2325
-2747
-2953
-3479
-4173
-4246
-3676
-3201
-3211
-3297
-2774
-1801
-1185
-1234
-1384
-1020
-337
-66
-375
-590
-355
-47
-82
-519
-753
-613
-801
-1498
-2339
-2890
-3264
-4172
-5600
-6996
-7828
-7031
-5676
-5215
-4679
-3722
-1121
2291
3783
4189
5102
6879
8533
7960
5999
5068
4635
3573
1228
-847
-1091
-835
-1432
-2826
-2889
-1169
404
641
-263
-183
1414
2325
1817
561
-29
865
1270
773
612
1184
2752
3649
3556
4191
5500
6430
5832
4167
3276
3272
2518
319
-2044
-3113
-3147
-3341
-4168
-4573
-3634
-2360
-1401
-791
1
1514
2476
2491
2342
2585
3435
3706
2837
2087
2282
3106
3391
2605
1909
2015
2193
1542
146
-990
-1620
-2442
-3752
-4932
-5205
-4924
-4917
-5169
-4830
-3494
-1991
-1211
-925
-290
928
1924
1969
1479
1235
1296
1085
274
-584
-944
-1250
-1913
-2664
-3203
-3351
-3472
-4252
-5187
-5625
-5739
-6342
-7334
-8362
-9045
-9043
-7821
-5144
-2903
-1080
716
3696
7876
10196
10089
9742
10423
11021
9442
5516
2520
794
-1129
-4085
-6992
-7431
-6590
-6362
-6903
-6108
-3087
92
1542
1532
2220
4626
6558
6325
5142
4599
5538
6056
5048
4241
4319
5033
4826
3191
2210
2271
1786
-339
-3308
-4943
-5043
-5570
-7091
-8128
-7192
-4948
-2989
-1485
611
3808
6626
8204
9062
9884
10758
10339
8362
6251
4776
3724
2052
-550
-2618
-3413
-3527
-4015
-5024
-5379
-4825
-4262
-4236
-4230
-3348
-2005
-1325
-1190
-559
1066
2653
3078
2865
3118
3931
4210
3307
2082
1314
739
-319
-1878
-3047
-3614
-4211
-5123
-5928
-5979
-5508
-5333
-5430
-5440
-4841
-3921
-3640
-3713
-3678
-3605
-3542
-3840
-4618
-5014
-5296
-5362
-3416
-717
1137
2495
3472
5936
8738
8580
6837
5707
5331
4607
1380
-2509
-4170
-4898
-6051
-7792
-8006
-5745
-3213
-2009
-1104
1530
5230
7547
7743
7063
7565
8634
7908
5946
3934
3000
2744
1259
-309
-855
-942
-1083
-2277
-3431
-3164
-2636
-2989
-4203
-4799
-3790
-2251
-1300
-546
1295
4071
6433
8119
9440
10810
11534
10502
8718
6885
4900
2467
-918
-4013
-5853
-6724
-7030
-7276
-7039
-5889
-4171
-2277
-584
1016
2620
3696
4175
4283
4387
4496
3882
2659
1479
868
571
-149
-1238
-2050
-2305
-2326
-2470
-2654
-2516
-2207
-2066
-2147
-2074
-1799
-1751
-2233
-2897
-3089
-3060
-3086
-3394
-3872
-3705
-3384
-3492
-3700
-3915
-4006
-4341
-5033
-5864
-6593
-7212
-8291
-9554
-7753
-3331
43
2284
3620
7310
12593
14067
11954
9837
9531
9189
5186
-1070
-4667
-5998
-7363
-10315
-12012
-9654
-5857
-3688
-3176
-562
4582
8559
9259
7747
7616
9465
9512
7014
4128
3039
3606
2436
365
-368
-135
193
-1427
-3505
-3461
-2474
-2619
-4471
-5693
-4308
-1663
2
773
2560
5834
8581
9817
10067
10396
10403
8216
4722
1494
-849
-2919
-6055
-9048
-10071
-9072
-7131
-5688
-4398
-2036
992
3759
5427
6384
7418
7710
6833
5279
3872
3019
1599
-771
-2982
-3935
-3738
-3758
-4381
-4652
-3805
-2351
-1228
-681
-133
632
869
398
-149
-332
-742
-1894
-3337
-4116
-4106
-4022
-4444
-4927
-4764
-4412
-4005
-3840
-4269
-4388
-4738
-5759
-6262
-6845
-7761
-8231
-8987
-6712
-832
3437
6098
7635
10446
14943
15307
11235
7197
5011
3285
-1227
-7707
-10866
-10944
-10673
-11562
-11187
-6855
-1536
1661
2323
4355
8761
11489
10702
7727
6285
7616
7421
5002
2931
2382
3494
2719
591
-34
-118
-708
-2998
-5473
-5553
-4326
-3979
-4594
-4229
-1453
2353
5152
6776
8509
10726
11583
10753
8997
7072
4946
1169
-3009
-5844
-7265
-7873
-8932
-9618
-8291
-5336
-1909
798
2839
5179
7533
9295
10053
9876
9268
7814
5352
2630
348
-1298
-3146
-5407
-7043
-7244
-6125
-4785
-3842
-2913
-1512
160
1405
1859
1716
1272
498
-652
-1667
-2162
-2479
-3079
-3797
-3924
-3411
-2910
-2907
-3255
-3538
-3922
-4034
-4328
-4952
-5212
-6295
-7359
-7597
-8171
-8345
-8358
-7303
-1646
4374
7590
9491
10537
13867
15336
10940
5388
2045
321
-2513
-8503
-12507
-11935
-10436
-9970
-10091
-6638
-1067
2451
3021
3336
6656
10031
10049
7959
6503
8061
9751
8197
6343
5416
5543
4599
1100
-1245
-2151
-3465
-5778
-8381
-8404
-6132
-4287
-3404
-2220
796
4333
6558
7588
8238
9231
9003
7110
5508
4353
3327
1144
-2074
-3720
-4147
-4410
-5023
-5892
-5467
-3910
-1930
305
2288
4260
6070
7267
8293
8706
8259
6965
4419
1321
-1538
-3464
-4816
-6186
-7165
-7195
-5839
-3786
-2025
-727
398
1248
1735
1719
1423
984
244
-778
-1796
-2203
-2233
-2391
-3084
-3861
-4106
-4181
-4355
-4656
-4878
-5017
-4970
-4976
-4970
-4661
-5238
-6133
-6502
-6922
-7184
-7607
-6977
-1887
4046
7080
8530
9230
12264
13761
9379
3372
-371
-1726
-3843
-9101
-12784
-12065
-9958
-8768
-8656
-5194
415
3875
4173
3730
6670
10142
10331
8222
6383
7689
9397
7831
5542
3831
3208
1778
-1887
-4159
-4909
-5525
-6685
-8232
-7091
-3870
-1110
503
1385
3676
6311
7494
7661
7268
7555
7369
5729
4438
3846
3677
2398
-402
-2420
-3355
-3832
-4567
-5655
-5570
-4257
-2097
664
3343
6010
7944
9124
9730
9234
8132
5996
2851
-576
-3988
-6067
-6502
-6405
-6135
-5512
-3963
-1580
518
1745
2078
2121
1972
1362
585
-127
-442
-931
-1955
-2767
-2967
-2726
-3075
-4418
-5413
-5557
-5543
-5791
-6026
-5782
-5261
-5112
-5342
-5060
-4321
-4595
-5491
-6625
-7545
-7736
-6811
-1134
5136
8263
9566
10001
13168
14561
9254
2259
-2393
-4197
-5760
-10736
-13224
-12191
-9870
-7586
-6983
-2469
3401
6336
6417
5216
7756
11168
10783
8711
6142
6839
8540
6598
4449
2327
939
-953
-4580
-5737
-5504
-5163
-5104
-5569
-3011
811
3689
5075
5022
6076
6857
6464
5525
4030
3592
3017
1756
1616
1842
2451
1951
196
-598
-1144
-1559
-2185
-3170
-2776
-1412
152
2283
3906
5231
5918
5569
4984
3782
2362
900
-679
-1688
-2090
-1665
-346
749
1562
1943
2024
1987
1094
-331
-1967
-3453
-4063
-4335
-4389
-3791
-2693
-1163
-150
11
-70
-208
-948
-2430
-3945
-4679
-5259
-6018
-6201
-5852
-4886
-4371
-4672
-4591
-4033
-4088
-5206
-6592
-7612
-8353
-7866
-3018
3969
8465
9168
7728
9001
10241
6558
-673
-6913
-8731
-8489
-9844
-10518
-8630
-4633
-747
579
3411
7598
10333
9464
5962
4884
6126
6366
4430
1315
664
2335
2569
1221
-678
-1457
-1857
-3302
-4184
-3556
-1615
304
1033
2559
5298
7796
8295
6359
4304
2915
1470
-487
-2653
-3399
-2581
-1466
6
1677
3492
4621
4313
3467
2465
1446
399
-1026
-1978
-1856
-825
857
1814
2084
2281
2334
2356
1684
970
1212
1621
1990
2215
2615
3638
3878
2995
1681
177
-1234
-2878
-4601
-5479
-5256
-4306
-3053
-1822
-317
1633
3138
3348
2309
732
-611
-2171
-4191
-5793
-6540
-6763
-6973
-6714
-5426
-4086
-4245
-4975
-5535
-5568
-5373
-6555
-7911
-8647
-8967
-8577
-6420
168
7230
10118
9322
7097
7672
7296
1968
-5205
-9836
-9524
-7357
-7086
-6530
-4385
-651
2106
2655
4355
6079
6925
5003
2386
2683
4405
5224
4030
2003
1929
3184
3307
1525
-1196
-2600
-2616
-2178
-1627
-609
1227
3509
5317
6796
7826
7781
6027
2868
-26
-1769
-2689
-3333
-3779
-3168
-875
2012
4831
6385
6250
5633
4702
3531
1879
-221
-1497
-1885
-1985
-1463
-106
1668
2482
1954
1125
1234
1930
1898
1876
2222
3070
4209
4611
4540
4172
3103
1410
-400
-2098
-3297
-4108
-4374
-3940
-2797
-1202
63
759
1181
1583
1486
644
-958
-2464
-3492
-4297
-4706
-4893
-4956
-4875
-4786
-4225
-3915
-4667
-5812
-6454
-6440
-6331
-6235
-6733
-6516
-6655
-6877
-6644
-3224
3907
8005
8629
5334
3724
4630
2342
-3216
-8477
-9676
-6851
-4792
-4694
-3687
-1415
2116
2339
2704
3854
5117
5512
3252
2617
3813
5040
4785
2972
1781
1823
2217
1561
-668
-1944
-2099
-735
528
1025
2016
3547
5351
6418
6353
5616
3891
1570
-629
-2218
-2638
-3025
-2699
-1742
258
2756
4868
6509
6305
5079
3591
2245
1204
-626
-2418
-2880
-2413
-1160
135
1634
3026
3477
3369
3221
3486
3740
3574
3492
3603
3825
3915
3252
2356
943
-435
-1379
-2466
-3188
-3698
-3399
-2263
-1029
153
933
1270
1460
1287
1106
482
-899
-2166
-3371
-4117
-4410
-4728
-5078
-5341
-5385
-5021
-4501
-4513
-4929
-5119
-4624
-4600
-4960
-5249
-5805
-5893
-6730
-7652
-8056
-6541
-926
3788
5944
4913
2842
3855
2899
-457
-4457
-6941
-5307
-3476
-3126
-2738
-1992
763
2011
2157
2813
3217
4599
3500
2582
2893
3635
4629
3862
2656
2127
2495
3080
1758
173
-527
92
1503
1481
1561
1959
3014
4144
4175
3942
2671
962
-350
-1653
-1661
-1658
-1387
-156
1170
3292
4845
5695
5592
4156
2661
1148
-410
-1822
-2882
-2623
-1803
-709
897
2710
4624
5131
4582
3930
3591
3287
2701
2243
2262
2332
1827
1101
402
128
-189
-717
-1113
-1335
-924
126
1066
1773
2007
1816
1809
1503
981
71
-1405
-2599
-3476
-4291
-4900
-5289
-5132
-4868
-4730
-4122
-3294
-2606
-2328
-2428
-2339
-2196
-2782
-3454
-4607
-5999
-6822
-8061
-8573
-9384
-10602
-10789
-6160
1458
7050
8109
4665
4482
5182
4064
-586
-5650
-6192
-3812
-1903
-2029
-2194
72
2288
1826
1260
436
2593
2503
1077
1118
2228
5152
6192
5502
4762
3980
4203
3587
1417
-326
-2085
-1842
-1325
-811
352
1668
3301
4848
5395
5343
4084
1917
6
-1091
-572
48
433
935
2149
3622
4502
3791
2132
-3
-2086
-3131
-3593
-3213
-2132
-481
1947
4448
6580
8160
8016
6633
4608
2781
1705
591
-439
-1060
-1292
-997
-627
-259
203
197
156
-23
99
786
1646
2137
2002
1817
1810
1764
983
-612
-2224
-3319
-4146
-4807
-5350
-5159
-4417
-3493
-2614
-2035
-1365
-985
-1147
-1648
-2309
-3020
-3982
-5473
-6916
-7946
-8511
-8850
-9028
-8878
-8441
-8036
-7828
-6989
-3042
3477
8050
9214
6348
5298
5220
2831
-1450
-6893
-7338
-4824
-2778
-2740
-4040
-2880
102
977
974
-137
1020
3006
3810
5749
6504
7531
7722
6749
5803
4201
2250
561
-1648
-2489
-2418
-2155
-1579
-814
1152
3809
5333
5807
5404
4190
3146
1329
65
-629
-689
30
759
1891
2829
2878
2447
1404
243
-1233
-2778
-2649
-1506
555
2467
4048
5909
7261
8033
7672
5760
3025
332
-1355
-1947
-2270
-1956
-1010
589
2133
2733
2477
1823
1367
1267
1301
1258
1363
1420
1789
2207
2223
1644
157
-1303
-2383
-3516
-4283
-4741
-4655
-3917
-3165
-1823
-653
-206
-196
-691
-1113
-2018
-3467
-4706
-5864
-6643
-7183
-7292
-7043
-6798
-6669
-6711
-6540
-6100
-5511
-5247
-5520
-5160
-1333
3676
7573
7086
4185
3563
1805
-205
-5213
-8392
-6325
-3626
-1181
-1704
-2403
174
1779
2843
2915
2041
3928
3699
4499
5155
4768
5332
4633
4392
3736
1807
709
-473
-1238
-1048
-1281
-672
-547
-80
1566
3291
4472
4578
3245
2734
2442
1881
1220
4
281
1098
1692
1759
944
78
-594
-849
-688
-1328
-1623
-1359
77
2357
3799
5040
5075
4914
4959
4219
3038
974
-731
-1313
-1654
-1007
-326
194
710
696
1063
925
471
311
409
1002
1633
2211
2577
2650
2200
782
-1297
-3162
-3965
-4233
-4798
-5077
-4553
-3110
-1594
-442
459
369
-466
-1550
-2477
-3140
-4132
-5205
-5877
-6040
-5386
-4672
-4630
-5162
-5915
-5695
-5081
-4696
-4808
-5600
-5583
-5439
-5358
-4027
-515
4125
6089
4198
2496
1702
1227
-1647
-5921
-6126
-3866
375
1974
1179
1384
1547
2231
1724
354
1210
1847
2903
4205
4268
5181
4901
5570
6070
4612
2982
563
-1169
-1807
-2075
-1019
-830
-838
80
1560
3588
4513
4565
4476
4228
3791
2905
1455
327
-121
-46
118
307
50
-454
-719
-437
-132
-454
-271
1055
2966
4382
4809
4748
4641
4491
4375
3529
1440
-751
-1985
-2260
-2130
-2010
-1499
-476
582
1615
2119
2029
1955
2482
3185
3195
2297
1144
518
115
-508
-1447
-2401
-2872
-2922
-2837
-2727
-2606
-2054
-1429
-912
-564
-683
-841
-1038
-1270
-1419
-1840
-2407
-2889
-3464
-3873
-4498
-5303
-5680
-5732
-5191
-4554
-4236
-3973
-3795
-3599
-3544
-3953
-4288
-3510
-1230
918
1583
637
241
930
1287
798
-973
-1441
29
2209
3495
3002
2033
1688
1070
397
-178
-98
941
2157
3764
4385
3523
2433
2053
2280
2319
1826
1433
1269
1753
2554
2644
1532
408
759
2258
3519
3874
3668
3031
2190
1399
751
10
-716
-831
-389
4
361
801
1464
2200
2755
3054
2834
2646
2666
2685
2406
1442
591
240
250
305
-198
-1188
-1766
-1617
-830
-234
-79
429
1088
1662
1852
1499
1198
1010
646
367
-331
-1050
-1529
-1750
-1456
-1412
-1626
-1877
-2039
-1690
-1164
-802
-653
-827
-626
-369
-370
-657
-1262
-1781
-2434
-3336
-4077
-4479
-4377
-3912
-3481
-3078
-2795
-2496
-2137
-1977
-2175
-2749
-3615
-4360
-4820
-5106
-5324
-5412
-5209
-4613
-3567
-2011
-710
-469
-1098
-1737
-1468
-745
-27
212
162
520
1568
2382
1978
1006
466
406
159
-151
418
1758
2828
3813
4369
4256
3861
3844
4299
3990
2849
2148
2229
2720
3041
3240
3213
2882
2919
3424
3910
3842
3348
2804
2323
2202
2304
2334
2185
2116
2470
2429
1846
1217
749
380
-254
-858
-967
-713
-277
6
53
24
33
42
-224
-788
-1311
-1363
-1109
-783
-519
-321
-94
-182
-274
-64
-102
-258
-501
-555
-331
-526
-721
-695
-349
377
751
838
696
315
133
-352
-972
-1219
-1155
-860
-773
-991
-1205
-1289
-1323
-1359
-1500
-1511
-1240
-1098
-1085
-1137
-1287
-1505
-1894
-2458
-3238
-4217
-4978
-5179
-4900
-4394
-4116
-3942
-3562
-3117
-2883
-3084
-3036
-1987
-1094
-1506
-2865
-3579
-2760
-1663
-1170
-1357
-1501
-705
461
985
750
354
769
1539
2015
2458
3158
3883
4384
4540
4204
3351
2654
2741
2970
2735
2335
2556
3418
4517
5351
5530
4743
3894
3896
4425
4594
3973
3454
3458
3628
3653
3203
2443
1564
903
608
213
-99
-128
130
508
598
480
199
-174
-501
-873
-1401
-2138
-2627
-2604
-2161
-1757
-1556
-1232
-791
-372
-285
-483
-676
-864
-951
-1202
-1633
-1891
-1899
-1454
-1027
-804
-674
-663
-643
-787
-1045
-1113
-1049
-760
-356
99
512
678
770
840
722
330
12
-171
-220
-206
-205
-5
52
-235
-594
-1184
-1797
-2245
-2498
-2744
-3228
-3419
-3049
-2496
-2238
-2418
-2659
-2743
-2807
-2976
-3249
-3623
-4083
-4269
-3580
-2034
-1128
-1729
-3045
-3677
-3161
-2648
-2629
-2812
-2441
-782
1247
2237
1984
1536
1861
2120
1736
1599
2230
2974
3498
4085
4475
4130
3544
3822
4408
4187
3742
3864
4595
5185
5241
5196
4631
4045
4037
4216
4023
3338
3004
3111
2832
2031
1102
729
822
1128
1498
1237
708
309
189
18
-851
-1922
-2624
-2755
-2503
-2142
-1633
-1257
-1110
-1073
-1189
-1540
-2049
-2506
-2866
-3156
-3396
-3227
-2650
-2150
-1687
-1493
-1428
-1370
-1262
-850
-622
-562
-270
181
704
828
675
633
493
395
316
184
65
80
395
911
1228
1258
1275
1334
1317
1147
889
666
264
-139
-317
-505
-642
-853
-1026
-1047
-1362
-1762
-1973
-2058
-2267
-2796
-3119
-3111
-3061
-3142
-3369
-3556
-3977
-4542
-5023
-5026
-4219
-3258
-2943
-3503
-3983
-3301
-2016
-915
-376
-105
820
2035
2852
2795
2169
2013
2186
2061
1793
1879
2443
3036
3820
4711
4947
4622
4753
5657
6128
5628
5031
4978
5349
5642
5642
5033
3744
2836
2737
2789
2476
2134
2407
2723
2316
1554
987
711
571
483
311
-57
-313
-22
363
16
-1061
-2121
-2705
-3189
-3884
-4377
-4528
-4448
-4128
-3725
-3238
-3052
-3006
-2657
-2293
-2223
-2319
-2200
-1739
-1340
-1159
-1021
-903
-832
-887
-985
-1187
-1358
-1313
-928
-413
-43
350
773
1196
1506
1740
2048
2100
1754
1315
930
700
463
287
388
480
558
760
1104
1330
1103
695
391
47
-474
-1112
-1623
-2023
-2359
-2497
-2661
-3076
-3624
-4000
-4149
-4336
-4587
-4722
-4589
-4215
-3742
-3234
-2854
-2623
-2214
-1245
-278
-267
-1322
-2325
-2400
-1902
-1337
-909
-432
384
1778
3331
4031
3826
3753
4126
4206
3721
3563
4173
4798
5058
5178
4988
4387
4091
4423
4486
3676
2926
3223
4003
4304
4061
3672
3235
2903
3052
3400
3304
2805
2365
1899
959
-313
-1192
-1608
-2082
-2545
-2742
-2613
-2331
-1889
-1385
-1435
-2142
-2744
-2641
-2294
-2404
-2828
-3042
-3081
-3103
-3043
-2913
-2893
-3074
-3041
-2760
-2631
-2647
-2428
-1897
-1429
-1214
-1076
-873
-554
-196
83
56
-208
-370
-301
-50
37
140
545
986
1292
1408
1728
2351
2742
2738
2399
2087
1865
1564
1413
1205
814
350
88
90
-6
-160
-253
-430
-730
-1004
-1049
-975
-1043
-1195
-1357
-1512
-1651
-1716
-1821
-2052
-2322
-2512
-2555
-2663
-2760
-2731
-2547
-2211
-1856
-1497
-1336
-1302
-1135
-658
278
1124
1142
455
-218
-251
26
210
434
797
1637
2885
3805
3783
3115
2824
3057
2986
2585
2668
3329
3877
4216
4418
4155
3327
2810
2903
2569
1511
630
686
1034
1008
1083
1264
1114
919
1000
1147
768
167
27
-90
-694
-1489
-1819
-1754
-1921
-2284
-2582
-2882
-3068
-2907
-2538
-2549
-2981
-3020
-2436
-1967
-2100
-2428
-2498
-2493
-2539
-2413
-2159
-2093
-2172
-2091
-1911
-1924
-1862
-1365
-674
-244
-119
79
409
617
736
824
817
688
733
1079
1289
1130
837
770
822
771
794
991
1363
1679
1817
1874
1739
1661
1690
1588
1228
649
263
204
185
25
-115
-72
77
99
73
133
201
258
314
336
208
-8
-48
70
-85
-530
-961
-1034
-932
-1035
-1175
-1283
-1211
-938
-559
-143
45
57
130
124
-137
-609
-948
-963
-906
-900
-729
51
968
1200
689
7
-75
111
386
578
572
905
1706
2501
2603
2207
2244
2445
2095
1477
1258
1446
1326
1373
1591
1277
510
318
944
1022
268
-99
257
530
300
112
-82
-625
-959
-726
-543
-1086
-1690
-1646
-1523
-1964
-2479
-2374
-2020
-1959
-1850
-1545
-1302
-1247
-1019
-684
-934
-1659
-2067
-1949
-1940
-2189
-2146
-1752
-1483
-1352
-1008
-578
-472
-471
-126
344
436
463
877
1383
1482
1191
1056
1009
751
529
513
508
324
351
885
1414
1698
1960
2299
2469
2231
1961
1828
1544
1072
662
434
233
137
278
463
392
248
415
794
987
887
779
851
929
864
636
353
86
-144
-202
-233
-412
-564
-468
-201
-110
-300
-354
-186
-39
-42
18
234
358
477
706
831
594
240
189
276
126
-165
-310
-271
-231
-179
-28
93
157
168
47
-354
-937
-1327
-1493
-1809
-2296
-2622
-2615
-2431
-2342
-2290
-2201
-2197
-2212
-2178
-2117
-2159
-2310
-2329
-2155
-1857
-1428
-882
-438
-341
-421
-433
-459
-743
-1142
-1282
-1197
-1050
-883
-545
-99
101
194
386
602
787
882
1008
1076
1068
1232
1454
1527
1411
1303
1295
1196
1014
993
1138
1250
1296
1444
1727
1974
2186
2465
2708
2601
2165
1659
1265
954
629
398
239
117
203
531
859
1007
1077
1256
1376
1205
891
697
635
513
310
168
74
-45
-146
-158
-184
-310
-371
-279
-165
-163
-227
-165
1
139
256
270
212
181
225
324
261
81
0
24
58
84
229
492
689
792
930
1106
1183
1143
1114
1011
750
434
250
75
-180
-405
-520
-568
-653
-615
-537
-559
-679
-784
-897
-1096
-1304
-1402
-1414
-1471
-1544
-1607
-1678
-1785
-1959
-2161
-2318
-2398
-2463
-2565
-2556
-2425
-2273
-2099
-1911
-1679
-1432
-1215
-1035
-1033
-1130
-1105
-1011
-972
-1068
-1120
-1072
-1013
-914
-763
-622
-522
-310
29
372
611
758
915
1066
1151
1195
1169
1121
1101
1126
1143
1022
869
805
889
1060
1251
1503
1768
1959
2033
2043
2065
2002
1802
1571
1334
1065
839
781
843
880
809
718
629
490
409
394
382
298
302
530
712
627
384
229
209
116
-96
-284
-405
-385
-242
-75
27
44
157
405
647
829
991
1105
1064
920
830
785
595
288
46
-118
-255
-352
-286
-99
-5
-26
-39
-50
-24
72
237
306
160
3
-61
-139
-413
-767
-1053
-1331
-1628
-1817
-1784
-1678
-1595
-1471
-1258
-1130
-1190
-1196
-1073
-932
-979
-1120
-1230
-1366
-1379
-1364
-1482
-1761
-1940
-1785
-1601
-1531
-1428
-1296
-1161
-1113
-982
-734
-552
-344
-148
-35
-48
-83
-54
-59
-86
-138
-153
-107
31
261
421
586
791
1006
1140
1138
1142
1148
1144
1097
908
740
626
601
645
620
518
368
361
596
881
895
630
396
401
570
733
789
781
846
1042
1144
976
645
379
180
-120
-332
-286
-66
193
424
559
490
426
641
870
771
487
399
459
404
284
198
69
-106
-90
97
167
72
112
301
364
284
335
511
564
498
477
456
328
261
308
197
-175
-527
-605
-593
-719
-847
-830
-721
-644
-516
-337
-313
-398
-423
-445
-583
-801
-894
-874
-891
-910
-948
-1056
-1187
-1181
-1011
-931
-997
-966
-735
-476
-392
-417
-417
-427
-448
-422
-398
-461
-516
-489
-405
-380
-320
-149
-6
111
240
439
645
723
694
666
636
562
459
381
363
343
326
340
364
441
545
668
799
900
977
1012
985
994
1031
1024
990
908
817
783
781
753
696
654
620
553
457
339
235
181
176
215
295
320
268
157
-8
-169
-329
-449
-529
-682
-848
-941
-962
-924
-882
-840
-801
-779
-719
-640
-575
-494
-437
-338
-222
-174
-159
-177
-199
-212
-192
-152
-159
-155
-58
64
142
200
293
429
514
514
501
511
524
506
479
458
486
545
626
731
786
780
755
749
766
791
842
927
1024
1098
1149
1174
1163
1112
983
763
520
332
254
278
327
370
398
437
464
464
450
385
256
94
-16
-57
-75
-111
-180
-286
-442
-592
-660
-666
-622
-606
-585
-506
-406
-317
-287
-267
-311
-392
-434
-484
-578
-679
-716
-719
-710
-639
-520
-425
-338
-194
0
139
146
118
129
125
88
75
86
38
-46
-22
55
18
-93
-187
-224
-249
-224
-101
7
29
28
107
188
161
52
-56
-171
-280
-333
-389
-492
-643
-767
-838
-920
-1013
-1062
-1075
-1113
-1166
-1142
-1060
-1016
-1031
-1063
-1116
-1183
-1216
-1188
-1152
-1166
-1202
-1205
-1176
-1133
-1065
-978
-870
-782
-685
-558
-462
-399
-334
-227
-115
-42
25
121
212
274
315
331
327
331
455
643
771
866
994
1180
1335
1397
1414
1339
1178
1000
903
865
819
794
818
872
896
897
892
880
802
720
692
679
695
793
913
955
883
745
609
446
253
98
3
-54
-67
-13
92
169
203
216
237
276
316
327
322
299
215
119
2
-137
-228
-240
-258
-312
-349
-303
-237
-225
-247
-252
-231
-225
-218
-180
-133
-135
-210
-302
-384
-460
-481
-444
-426
-433
-404
-331
-250
-230
-281
-356
-384
-374
-334
-293
-294
-299
-279
-248
-258
-301
-358
-394
-384
-385
-392
-380
-345
-327
-298
-286
-303
-312
-265
-181
-128
-117
-104
-66
-55
-95
-137
-158
-192
-197
-167
-105
-49
19
158
355
497
567
615
635
677
689
668
584
469
413
423
449
490
595
751
881
967
1044
1109
1130
1108
1094
1088
1032
982
971
983
985
935
836
733
657
622
682
753
800
864
986
1126
1224
1296
1318
1254
1107
936
794
660
495
344
267
201
137
113
110
97
52
14
-20
-51
-48
-30
-13
-55
-125
-159
-242
-402
-582
-697
-766
-866
-953
-967
-922
-847
-798
-777
-814
-882
-916
-938
-993
-1104
-1212
-1261
-1271
-1289
-1309
-1305
-1304
-1331
-1352
-1420
-1533
-1610
-1605
-1492
-1411
-1372
-1302
-1207
-1101
-1019
-976
-954
-959
-953
-935
-937
-924
-883
-800
-696
-597
-446
-249
-58
105
228
341
439
515
616
744
835
860
850
872
923
945
938
926
947
1025
1141
1267
1381
1499
1593
1658
1664
1625
1585
1533
1431
1288
1158
1056
984
908
837
787
720
656
652
667
663
641
608
585
552
477
391
300
217
107
-37
-200
-360
-456
-528
-614
-728
-781
-700
-616
-553
-549
-555
-513
-486
-446
-426
-429
-458
-504
-541
-586
-619
-643
-667
-676
-685
-670
-603
-522
-475
-445
-446
-474
-500
-459
-395
-385
-392
-359
-293
-249
-232
-212
-204
-255
-331
-425
-509
-583
-634
-634
-615
-538
-380
-258
-199
-222
-254
-274
-332
-414
-515
-594
-668
-708
-700
-674
-636
-572
-470
-371
-332
-333
-345
-333
-309
-310
-362
-465
-513
-450
-323
-217
-164
-142
-93
-14
58
119
175
245
327
418
513
597
648
697
730
759
810
849
893
928
962
1004
1064
1149
1221
1284
1319
1344
1375
1389
1392
1336
1276
1243
1231
1213
1151
1078
1004
935
873
797
704
604
520
466
396
325
243
188
139
69
-6
-95
-194
-323
-438
-524
-608
-689
-755
-790
-817
-849
-867
-890
-941
-1018
-1114
-1207
-1274
-1282
-1246
-1217
-1171
-1075
-958
-873
-845
-853
-849
-820
-786
-738
-717
-706
-682
-628
-537
-440
-334
-251
-177
-108
-67
-55
-87
-141
-178
-229
-271
-274
-244
-175
-117
-78
-50
-43
-37
-35
-48
-77
-105
-152
-197
-218
-223
-227
-260
-284
-290
-251
-187
-89
30
98
125
161
199
210
214
198
175
145
139
195
250
327
450
588
730
839
954
1068
1146
1184
1190
1196
1226
1257
1280
1290
1284
1280
1266
1254
1213
1166
1124
1085
1056
1023
1009
984
984
974
917
833
740
670
591
478
384
301
200
83
-38
-129
-201
-254
-293
-356
-448
-553
-637
-687
-753
-847
-945
-1040
-1099
-1085
-1023
-978
-958
-939
-910
-879
-894
-953
-999
-1026
-1051
-1066
-1073
-1072
-1020
-942
-850
-774
-719
-643
-568
-484
-412
-360
-307
-261
-226
-191
-171
-161
-122
-68
-29
-6
21
72
128
192
219
220
239
269
298
295
267
231
219
220
209
179
134
104
93
93
111
128
137
134
117
66
9
-31
-51
-88
-159
-211
-239
-208
-157
-125
-75
-35
11
55
72
77
104
137
166
184
204
249
305
385
425
446
467
484
547
591
629
657
700
766
793
806
798
811
823
818
809
775
736
708
708
719
701
670
655
614
573
550
504
434
332
214
110
27
-30
-103
-169
-215
-251
-285
-355
-440
-533
-622
-689
-766
-834
-891
-943
-972
-985
-983
-998
-997
-986
-971
-959
-954
-936
-898
-857
-828
-791
-785
-779
-776
-742
-667
-617
-556
-493
-426
-371
-319
-242
-179
-141
-127
-71
7
81
176
252
317
338
336
335
368
432
488
525
542
559
566
569
567
557
528
502
491
506
520
522
533
507
457
400
373
374
367
361
336
319
307
295
285
251
206
163
133
114
88
60
47
43
57
63
64
80
93
110
113
99
78
37
-1
-55
-78
-61
-16
63
117
151
151
159
166
142
83
10
-38
-85
-117
-146
-138
-122
-122
-131
-144
-167
-195
-222
-249
-284
-339
-386
-411
-426
-450
-469
-480
-504
-514
-527
-541
-536
-519
-487
-473
-470
-470
-478
-467
-464
-450
-401
-361
-328
-301
-285
-275
-254
-222
-191
-168
-154
-133
-91
-52
-24
10
47
95
164
241
300
317
324
343
352
345
334
347
379
410
445
482
477
479
508
513
482
426
391
383
385
393
425
448
448
441
442
437
428
411
397
381
341
291
231
184
134
97
52
3
-38
-55
-34
-24
-20
-15
-17
-20
-29
-33
-31
-58
-94
-123
-152
-184
-180
-157
-138
-118
-102
-79
-59
-26
-5
-23
-37
-44
-22
11
20
24
52
99
131
138
113
83
37
-5
-42
-92
-138
-165
-161
-157
-167
-185
-204
-240
-275
-288
-298
-312
-343
-380
-397
-411
-435
-462
-476
-484
-484
-496
-511
-532
-540
-529
-529
-524
-532
-529
-496
-464
-433
-390
-354
-336
-311
-264
-228
-195
-159
-124
-89
-35
34
92
133
167
208
262
323
387
427
436
441
447
457
446
451
471
505
562
609
662
725
774
795
776
731
693
658
612
543
470
419
386
374
363
354
335
295
261
228
200
167
127
80
29
-10
-38
-66
-104
-147
-185
-230
-273
-306
-312
-316
-329
-338
-325
-294
-278
-260
-256
-262
-268
-262
-247
-233
-231
-246
-259
-253
-237
-246
-256
-281
-300
-291
-288
-278
-268
-253
-194
-130
-101
-94
-97
-110
-132
-149
-166
-183
-208
-226
-238
-254
-265
-261
-252
-252
-238
-214
-193
-190
-194
-218
-258
-277
-281
-281
-283
-272
-246
-219
-197
-182
-179
-176
-174
-166
-124
-88
-57
-17
15
46
73
111
146
159
148
154
176
176
190
205
206
247
327
434
549
646
713
770
811
831
841
819
788
769
755
753
763
776
777
785
813
835
834
831
827
805
767
730
698
673
637
582
534
466
406
356
298
233
166
111
67
24
