87
83
73
70
63
55
51
47
41
36
28
24
18
13
7
1
-4
-11
-15
-15
-23
-25
-26
-32
-30
-31
-32
-33
-33
-31
-29
-27
-26
-24
-24
-19
-21
-21
-18
-18
-15
-10
-8
-8
-7
-4
6
10
14
16
16
23
28
36
37
50
52
55
69
72
78
79
87
92
94
93
92
94
95
96
96
89
82
83
82
73
74
67
58
58
54
46
37
28
23
20
14
11
-2
-8
-15
-23
-31
-38
-47
-54
-65
-75
-83
-89
-93
-104
-113
-113
-117
-132
-136
-134
-145
-154
-149
-150
-170
-165
-161
-171
-179
-183
-184
-191
-197
-198
-197
-205
-213
-211
-214
-226
-224
-233
-231
-235
-239
-236
-245
-242
-247
-245
-244
-239
-237
-236
-235
-243
-239
-240
-248
-240
-242
-244
-241
-232
-237
-246
-239
-233
-243
-235
-229
-233
-222
-224
-210
-206
-205
-197
-197
-180
-178
-177
-170
-153
-151
-147
-127
-131
-120
-104
-89
-82
-73
-55
-46
-41
-17
4
9
20
47
65
73
99
126
137
163
179
190
214
243
252
263
300
312
326
344
361
376
389
409
422
436
445
453
457
468
476
479
485
479
484
487
473
467
466
460
450
435
414
397
384
365
349
328
297
271
248
226
202
182
145
121
111
79
48
28
5
-22
-40
-62
-75
-105
-135
-131
-149
-170
-179
-179
-205
-215
-208
-228
-234
-223
-237
-237
-234
-233
-240
-229
-228
-239
-217
-220
-217
-216
-209
-196
-198
-192
-187
-185
-191
-196
-157
-180
-189
-162
-160
-186
-165
-146
-204
-196
-168
-200
-223
-188
-208
-239
-229
-220
-230
-243
-261
-267
-252
-260
-289
-256
-256
-272
-261
-245
-239
-244
-223
-211
-191
-192
-182
-161
-147
-105
-58
-25
-3
31
85
120
161
206
231
270
309
354
401
434
467
506
564
602
612
644
684
714
733
775
796
785
789
809
824
800
794
784
748
742
728
685
639
628
601
558
523
491
430
381
344
291
228
192
135
86
58
22
-22
-76
-97
-141
-186
-206
-220
-240
-259
-268
-252
-246
-273
-291
-278
-282
-279
-238
-244
-280
-267
-244
-212
-181
-182
-176
-136
-121
-144
-159
-135
-154
-141
-155
-108
-124
-175
-178
-131
-138
-185
-199
-207
-260
-279
-356
-339
-314
-522
-400
-445
-457
-531
-491
-488
-539
-482
-506
-551
-512
-480
-539
-519
-464
-518
-541
-512
-482
-444
-472
-478
-473
-388
-446
-464
-404
-366
-413
-398
-306
-331
-374
-306
-268
-258
-254
-231
-196
-179
-168
-112
-33
-42
13
89
122
123
168
256
261
319
392
420
455
501
522
563
625
674
742
794
823
863
924
983
988
1008
1031
1014
980
981
944
902
880
827
754
692
655
614
562
517
486
431
318
261
207
119
49
-28
-69
-114
-179
-213
-254
-301
-351
-382
-395
-408
-430
-438
-402
-395
-368
-367
-357
-339
-338
-333
-262
-271
-313
-273
-198
-198
-229
-204
-62
-40
-108
-30
112
-28
-170
288
66
49
185
79
238
5
94
159
-51
66
32
-85
-71
-237
-130
-240
-332
-322
-284
-519
-511
-406
-491
-587
-698
-462
-662
-742
-599
-605
-787
-772
-759
-706
-812
-739
-742
-635
-692
-587
-611
-613
-517
-577
-506
-401
-440
-360
-280
-333
-216
-221
-170
-191
-185
-202
-145
-107
-126
-101
8
61
68
120
138
121
155
215
253
318
357
402
451
500
538
609
674
706
762
776
760
797
882
920
924
1022
1068
1062
1079
1102
1089
1010
959
968
943
917
967
991
953
874
794
712
606
489
388
310
211
135
134
127
103
115
128
84
77
48
111
47
56
136
137
105
154
260
333
363
306
350
389
147
115
240
37
-24
26
-3
-270
-182
-206
-420
-535
-374
-785
-632
-503
-969
-640
-807
-918
-884
-1052
-1169
-1040
-1232
-1325
-1044
-1286
-1467
-1149
-1419
-1397
-1422
-1651
-1413
-1655
-1704
-1557
-1673
-1745
-1626
-1606
-1713
-1704
-1577
-1667
-1758
-1586
-1585
-1744
-1633
-1523
-1758
-1594
-1593
-1645
-1547
-1665
-1643
-1535
-1509
-1615
-1535
-1438
-1526
-1518
-1419
-1399
-1459
-1390
-1258
-1348
-1232
-1157
-1121
-996
-1014
-948
-898
-891
-901
-785
-683
-575
-475
-391
-289
-164
-84
59
134
194
261
341
437
520
605
699
780
810
864
900
954
902
912
923
845
828
836
775
743
748
730
637
563
547
460
398
374
358
345
304
304
270
208
146
27
107
-84
-203
-7
-65
-210
-173
-85
-127
-159
-293
-200
-233
-416
-187
-268
-301
-149
-330
-133
-54
-231
-299
-154
-126
-308
-252
-238
-122
-385
-329
19
-287
-360
-208
-193
-341
-381
-284
-268
-513
-217
-354
-408
-179
-486
-361
-278
-384
-238
-540
-222
-326
-589
-256
-402
-590
-363
-413
-567
-304
-515
-386
-319
-406
-365
-338
-399
-356
-485
-278
-469
-450
-314
-223
-414
-333
-125
-256
-171
-225
-142
-144
-279
-123
-123
-236
-145
-105
-38
-19
-21
87
129
52
142
148
139
236
282
380
478
565
656
762
817
900
951
1066
1180
1181
1331
1512
1517
1607
1728
1702
1761
1785
1762
1778
1728
1702
1709
1634
1583
1555
1511
1521
1452
1406
1330
1303
1225
1245
1148
1156
970
951
1118
784
806
852
627
657
675
448
531
334
426
306
518
185
89
504
210
15
110
275
-118
79
146
-63
113
-2
64
-36
-2
-33
-201
-99
-189
-171
-76
-449
-69
-36
-484
-216
-170
-233
-608
-220
-292
-298
-541
-380
-192
-640
-192
-279
-552
-129
-643
-489
-443
-594
-546
-522
-572
-578
-369
-551
-442
-471
-707
-524
-564
-710
-590
-679
-520
-807
-595
-560
-633
-586
-601
-529
-518
-647
-493
-495
-444
-604
-476
-426
-401
-520
-348
-304
-434
-319
-179
-209
-188
-182
-172
-101
-44
63
132
189
254
410
440
577
669
666
764
850
865
926
1060
1111
1127
1251
1290
1366
1440
1461
1469
1469
1429
1425
1384
1312
1331
1332
1339
1306
1405
1291
1270
1198
1183
1045
1042
930
661
1023
771
334
909
690
284
489
482
450
-246
170
271
-255
-224
143
-97
-199
-135
-141
-61
-472
-248
-192
-463
-137
-377
-407
5
-507
-269
-381
-403
-263
-685
-189
-334
-574
-454
-349
-283
-705
-209
-378
-734
-223
-776
-523
-489
-838
-559
-629
-797
-890
-666
-830
-1202
-708
-999
-1199
-779
-1022
-1026
-847
-966
-1066
-956
-1045
-1139
-1041
-1150
-1207
-960
-1141
-1106
-988
-965
-1143
-745
-932
-937
-876
-837
-798
-1030
-796
-705
-1095
-705
-683
-816
-683
-747
-696
-650
-566
-573
-407
-339
-345
-218
-205
-294
-221
-175
-83
25
132
258
376
479
608
693
718
822
955
1003
1060
1231
1258
1329
1461
1497
1626
1706
1659
1723
1729
1668
1618
1647
1634
1630
1673
1701
1730
1723
1499
1622
1518
1294
1300
1298
1226
1020
1278
1114
638
1005
831
311
684
585
228
332
613
84
217
385
48
199
-63
91
-75
-197
-223
25
-87
-527
258
-333
-422
-122
-359
-400
-277
-609
-407
-193
-746
-329
-213
-777
-387
-520
-526
-605
-471
-574
-551
-364
-747
-403
-602
-511
-662
-546
-750
-601
-887
-849
-666
-932
-918
-706
-894
-995
-849
-958
-900
-1047
-956
-1030
-819
-1252
-915
-884
-1129
-1178
-832
-894
-1209
-798
-975
-974
-976
-906
-962
-894
-770
-968
-834
-779
-864
-850
-815
-631
-747
-607
-473
-500
-390
-326
-298
-234
-253
-244
-45
-55
69
212
270
365
413
538
554
690
788
841
967
1085
1210
1334
1390
1508
1554
1642
1598
1684
1725
1677
1821
1777
1825
1868
1926
1779
1894
1706
1780
1752
1382
1825
1518
1441
1802
1273
1526
1621
1031
1439
1240
917
1144
976
762
712
1005
512
535
819
150
618
138
255
506
-167
366
430
-494
235
38
-308
72
-229
-196
-192
-124
-371
-270
3
-759
-294
-217
-518
-326
-598
-235
-525
-648
-459
-526
-729
-735
-593
-532
-880
-745
-563
-902
-707
-664
-672
-686
-954
-727
-794
-970
-871
-658
-1113
-915
-799
-1133
-931
-824
-1375
-1054
-733
-1284
-1045
-938
-993
-1178
-1057
-1109
-868
-1180
-1008
-882
-992
-953
-967
-858
-966
-968
-960
-827
-729
-841
-693
-627
-576
-552
-530
-470
-492
-349
-283
-128
-128
49
135
286
335
369
505
529
695
783
915
1057
1178
1287
1423
1489
1515
1601
1656
1661
1675
1756
1749
1765
1866
1815
1878
1760
1814
1790
1416
2089
1339
1429
1978
1414
1186
1693
1473
825
1510
1038
828
1296
455
1159
687
290
1087
159
590
505
70
729
209
-6
695
-68
230
166
175
-268
97
-121
-66
-298
-50
-206
-422
39
-162
-338
-561
-82
-572
-465
-463
-605
-199
-876
-471
-381
-789
-716
-722
-486
-975
-689
-597
-802
-715
-782
-810
-720
-663
-933
-689
-831
-996
-774
-1113
-942
-752
-1301
-865
-1028
-1034
-1112
-1370
-838
-1224
-1421
-799
-1192
-1333
-1074
-952
-1420
-819
-1104
-1206
-703
-1389
-816
-1147
-1001
-1320
-963
-1016
-1047
-864
-877
-898
-797
-684
-784
-653
-475
-660
-401
-193
-308
16
-22
182
289
365
405
628
627
752
884
1051
1115
1201
1233
1424
1387
1452
1532
1472
1547
1633
1644
1609
1660
1668
1782
1326
2016
1585
1469
1947
1734
1572
1641
1951
1242
1888
1437
1433
1801
929
1495
1673
741
1391
1325
531
1363
639
639
1297
149
1044
789
120
1249
11
471
746
-69
323
306
130
59
377
-235
198
43
-353
151
-598
250
-567
-351
161
-1065
11
-651
-486
-606
-430
-922
-645
-43
-1560
-241
-434
-1333
-301
-882
-1133
-747
-795
-1121
-1005
-657
-1113
-1215
-368
-1533
-955
-959
-1395
-813
-1480
-651
-1381
-997
-1180
-1118
-1159
-1172
-865
-1500
-1061
-724
-1406
-765
-763
-1194
-1034
-535
-1216
-929
-752
-1376
-415
-1007
-770
-587
-756
-553
-465
-709
-312
-469
-450
-270
59
-443
315
121
0
373
203
391
490
730
507
875
911
1015
1138
1315
1147
1457
1436
1324
1600
1573
1481
1766
1741
1681
1718
1906
1671
1771
1939
1407
2239
1576
1842
2268
1485
1777
2260
1479
1566
2289
1095
2110
1567
1169
2346
843
1622
1619
683
1737
707
1173
867
997
738
454
1419
-300
1016
454
54
549
394
90
206
260
-27
96
-265
226
-706
187
-413
-616
90
-626
-579
-82
-619
-900
-272
-741
-891
-499
-943
-877
-504
-1158
-497
-951
-1221
-336
-1485
-635
-1077
-975
-630
-1464
-450
-1243
-907
-1056
-1067
-761
-1338
-987
-838
-1231
-765
-1325
-877
-1086
-822
-1232
-925
-885
-1176
-978
-912
-811
-1228
-673
-980
-997
-649
-1287
-696
-860
-727
-607
-715
93
-849
-116
-237
-433
-274
-208
-366
-213
-352
-292
-237
-373
-338
-358
-399
-300
-347
-284
-140
-242
-172
-71
-24
-200
27
-86
-81
-24
38
-91
139
-58
95
18
62
98
-308
84
-105
-156
-59
-81
-254
106
-293
-296
2
-828
-161
-318
-784
-325
-454
-911
-303
-787
-882
-704
-915
-974
-1022
-736
-1327
-651
-1514
-565
-1780
-946
-1188
-1800
-878
-1773
-926
-1827
-1256
-1324
-1965
-1308
-1665
-2000
-1340
-2140
-1647
-1585
-2517
-1419
-1633
-3013
-1029
-2208
-2236
-1887
-1605
-2509
-1813
-1367
-2959
-1150
-2202
-2095
-1866
-1680
-2114
-1796
-1796
-1875
-2089
-1503
-2373
-1432
-1883
-2134
-1330
-2293
-1178
-2160
-1519
-1689
-1749
-1596
-1690
-1573
-1519
-1720
-1482
-1161
-1846
-1211
-1191
-1518
-1377
-931
-1673
-989
-1367
-1009
-1254
-1040
-1175
-662
-1225
-687
-779
-913
-556
-806
-455
-392
-535
-402
68
-466
147
188
-48
377
634
241
777
755
865
1000
1019
1233
1258
1380
1408
1556
1569
1692
1841
1726
1967
1954
1760
2246
1909
2177
2065
2195
2314
2261
2529
2128
2805
2020
2430
2514
2163
2671
1757
2992
1980
2241
2477
1778
2510
1526
2184
1999
1876
1596
2124
1884
1168
2229
1191
1554
1690
923
1698
762
1625
728
1163
1056
489
1298
61
873
363
118
934
-211
250
732
-273
181
433
-447
214
247
-1065
940
-945
3
-98
-783
137
-745
-314
-899
335
-1832
7
-452
-1697
236
-1544
-756
-458
-1558
-577
-1148
-835
-1191
-973
-933
-1115
-997
-637
-1508
-256
-1329
-1001
-403
-1888
361
-1999
-304
-964
-1197
-449
-1161
-759
-880
-868
-697
-1035
-733
-695
-922
-317
-936
-281
-499
-555
-85
-550
-301
-5
-323
348
68
83
521
226
608
569
490
884
616
1128
1007
1116
1451
1246
1527
1365
1521
1489
1614
1494
1643
1857
1679
1835
1899
1678
1826
1605
1635
1997
1464
2087
1696
2145
1935
1620
2154
1485
1812
1513
1816
1494
1717
1848
1425
1698
1562
1275
1268
1396
1175
778
1845
613
1032
1745
373
750
1479
153
154
1569
-535
1141
507
-55
835
121
-103
4
620
-789
175
229
-468
-190
-173
-437
-562
-443
-461
-349
-975
-372
-620
-858
-940
-647
-869
-1164
-1069
-928
-1011
-1318
-1028
-1860
-364
-2062
-1218
-619
-2676
3
-2334
-1144
-1017
-2317
-633
-1942
-1153
-1428
-1717
-1042
-1666
-1717
-1216
-1998
-997
-1522
-1704
-1052
-1627
-1315
-1344
-1586
-1194
-1224
-1375
-1029
-1056
-1022
-1251
-629
-1056
-1028
-326
-1165
-619
-357
-617
14
-305
84
-45
131
188
268
490
576
843
875
1037
1251
1134
1155
1466
1113
1596
1557
1473
1742
1533
1816
1715
1822
1681
1770
1635
1709
2021
1556
1831
1736
1911
1512
1698
1772
1353
1508
1519
1778
1414
1495
1465
1689
1014
1461
1448
778
1490
833
1140
1115
809
1371
432
1230
518
745
746
675
645
32
1768
-1179
1875
-611
271
553
-524
806
-810
651
-326
-417
133
-759
-181
-289
-772
-310
-742
-250
-738
-490
-1007
-354
-1401
-316
-1150
-921
-1025
-761
-982
-1540
-235
-2078
-682
-1397
-1362
-1050
-1044
-1608
-971
-1139
-1959
-624
-2174
-1184
-984
-2054
-718
-2056
-656
-2024
-1571
-864
-2254
-828
-1648
-1374
-1179
-1657
-1133
-1289
-1433
-1297
-1052
-1021
-1130
-764
-876
-675
-921
-536
-611
-502
-453
-268
-31
-355
360
-117
377
247
239
916
339
1006
931
1024
1302
1267
1529
1443
1532
1540
1579
1537
1900
1604
1856
1990
1713
2167
1667
1815
1896
1662
1863
1852
1999
1870
1897
2025
1527
1694
1995
1117
1844
1876
1622
1549
2350
1052
1598
1694
971
1623
1226
1239
1465
1565
862
2121
179
1880
992
692
1768
798
1020
1426
726
1227
1110
154
1551
137
593
814
457
212
833
-71
364
175
-231
303
-231
-60
-255
-194
128
-617
-294
-60
-1147
-56
-831
-685
-572
-737
-571
-718
-655
-1197
-738
-1293
-1048
-746
-1227
-1119
-965
-1284
-995
-1699
-1040
-1387
-1526
-1045
-1552
-829
-1319
-1741
-1024
-1547
-1592
-1238
-1586
-1087
-1341
-1394
-1271
-1185
-1664
-1118
-1112
-1082
-948
-777
-641
-828
-465
-887
-487
-436
-326
111
63
203
176
296
345
290
722
719
1019
1087
1239
1507
1328
1370
1383
1534
1432
1694
1754
1814
1899
1704
1712
1670
1597
1317
1784
1401
1469
1675
1486
1456
1306
1244
1224
980
1170
1491
793
1685
1090
848
1786
447
803
1342
638
1134
1424
687
974
1166
570
992
869
732
840
1129
701
1247
705
587
956
-196
1136
411
364
801
368
230
265
568
-710
796
-564
-543
1492
-1288
61
819
-1420
-703
753
-1902
380
-929
-1265
507
-1462
-835
-1072
-877
-1788
-1230
-877
-1582
-1111
-1380
-1592
-1049
-2086
-1985
-1541
-1887
-1870
-1373
-1668
-1622
-1749
-2106
-2009
-1993
-2072
-1968
-1425
-2023
-1658
-1870
-2388
-1567
-2595
-1909
-1624
-1665
-1008
-1293
-842
-1479
-1437
-1108
-1329
-960
-479
-692
-111
52
-269
346
-172
-71
433
307
932
1179
1490
1139
1690
1520
1395
1934
1790
2260
2344
2492
2390
2517
1834
1814
1844
1393
1627
1382
1441
1195
863
719
519
200
137
22
243
166
70
157
-465
-401
-746
-458
-487
-614
-161
-741
-314
-686
-718
-993
-917
-846
-668
-275
-545
-655
-1034
-338
-1647
-726
-585
-1099
-461
-585
-506
-841
-821
-1361
-1362
-1336
-1333
-1262
-1077
-1251
-1663
-1448
-1884
-1933
-1890
-2041
-1442
-1828
-1491
-1594
-2273
-1890
-2222
-2553
-2135
-1824
-2629
-1983
-2203
-2995
-2227
-3052
-3216
-2377
-2859
-2797
-2545
-3043
-3256
-3114
-3442
-2976
-3438
-3444
-2612
-3702
-3079
-3002
-3485
-3443
-3470
-3296
-3283
-3297
-3417
-3010
-2442
-2342
-2271
-2048
-2111
-2127
-1932
-1379
-1443
-1371
-986
-330
-476
-295
-123
-277
39
119
402
1115
1273
986
1536
1523
1444
1720
1552
1930
2059
1888
2552
2114
1877
1729
1555
1662
1626
1766
1738
1594
1156
1292
966
814
742
708
817
803
822
676
713
315
412
703
534
811
902
881
809
921
1018
954
1174
882
1396
1557
1365
1743
1825
1486
1506
1975
1684
1719
1937
1776
2114
1912
1763
1977
1672
1564
1447
1860
1428
1516
1751
761
1275
1251
349
1271
1094
175
1164
617
-82
756
385
-389
190
368
-437
-1
-80
-798
-358
-817
-1059
-689
-1044
-1126
-1064
-1017
-1410
-1452
-2004
-1823
-1359
-2594
-1556
-1572
-2415
-2061
-2043
-2684
-2387
-2610
-2986
-2283
-2810
-2002
-1636
-1444
-1777
-2001
-1334
-2196
-1421
-1147
-963
-163
-430
432
572
356
245
538
961
1301
1779
2211
2423
1840
1934
2087
2282
2254
2435
2830
2503
2639
2404
2145
2088
1523
1657
1886
1679
1420
1160
659
366
349
387
437
245
32
45
-173
-382
-591
-546
-646
-584
-87
-269
-249
-408
-411
-345
-135
165
276
480
469
479
775
725
908
1264
1215
1437
1464
1413
1417
1420
1495
1589
1705
1678
1538
1424
1154
956
1193
1145
1105
1204
1065
892
886
615
565
505
231
411
433
275
192
46
-116
-161
-250
-206
-464
-505
-311
-371
-680
-573
-816
-998
-1087
-1366
-1102
-1368
-1648
-1598
-1547
-1815
-1884
-2049
-1788
-1978
-2195
-2140
-2303
-2615
-2776
-1783
-1343
-595
-891
-1481
-1354
-1741
-1140
-502
-240
-28
130
717
1067
965
849
979
1190
1923
2495
2962
2714
1990
2013
2076
2660
3082
2795
2803
2213
1834
2217
1841
1779
1446
1178
1280
867
528
122
-509
-741
-529
-407
-509
-886
-1452
-1680
-1672
-1701
-1664
-1686
-1798
-1836
-1661
-1539
-1681
-1714
-1504
-1385
-898
-558
-587
-535
-678
-533
29
480
588
730
683
689
857
971
1216
1012
1165
1351
1364
1421
1183
958
1024
1152
1242
1330
1007
689
489
572
660
678
572
332
376
228
315
334
-82
-189
-91
-90
-103
-110
-460
-602
-633
-471
-602
-599
-954
-1216
-1157
-1234
-1148
-1512
-1512
-1451
-1856
-1568
-1687
-2148
-1986
-1975
-2090
-2142
-2501
-2794
-1733
-1063
106
-401
-1379
-1650
-1877
-349
411
675
697
202
737
1486
1789
1756
1524
1686
2741
3407
3800
3583
2645
2692
3028
4140
4574
3940
3181
2406
2389
2885
2847
2763
2069
1194
1094
908
523
51
-645
-863
-711
-839
-1244
-2027
-2747
-3024
-2728
-2275
-2462
-2970
-3417
-3481
-3177
-2673
-2505
-2626
-2854
-2788
-2225
-1819
-1568
-1608
-1555
-1328
-843
-306
-86
-75
-89
5
597
798
787
838
626
754
1083
1236
1081
964
751
838
1040
1015
695
370
237
294
631
500
337
-25
-220
-72
-54
-36
-148
-299
-363
-278
-225
-419
-643
-772
-764
-587
-530
-714
-939
-1152
-1172
-1117
-1031
-1165
-1346
-1408
-1464
-1385
-1566
-1601
-1861
-2222
-1933
-2272
-1788
-797
-246
253
-719
-1338
-1034
-465
735
1393
1211
1149
810
1531
2557
2515
2524
2777
3347
4237
4359
4463
4379
3835
4213
5098
5797
5673
4650
4012
4002
4232
4501
4417
3834
2797
2197
2365
2191
1725
1038
270
22
-165
-437
-733
-1657
-2350
-2442
-2256
-2269
-2838
-3411
-3770
-3702
-3440
-3163
-3318
-3794
-3999
-3724
-3157
-2805
-2762
-2686
-2839
-2608
-2051
-1613
-1207
-1190
-1067
-787
-494
-432
-209
-25
174
411
432
345
172
19
163
512
585
422
14
-370
-456
-330
-183
-107
-380
-648
-754
-880
-869
-764
-892
-922
-826
-888
-919
-1164
-1386
-1401
-1189
-979
-987
-1114
-1482
-1770
-1848
-1557
-1339
-1351
-1399
-1827
-1989
-1698
-2041
-1673
-1886
-2272
-1709
-2911
-1807
-1401
-367
500
-1093
-1004
-1407
-452
952
1177
1503
1161
946
2146
3218
3203
3258
3080
3853
5036
5052
5813
5322
5082
5278
6026
7212
6871
5894
5287
4999
5309
5546
5582
5042
3968
3243
3190
3147
2557
1772
983
699
427
239
-140
-1148
-1859
-2024
-1851
-2013
-2659
-3411
-3711
-3702
-3377
-3148
-3341
-3944
-4406
-4005
-3423
-2872
-2842
-2957
-2970
-3094
-2298
-1805
-1468
-1264
-1493
-1066
-931
-816
-525
-421
-57
-19
29
32
-191
-299
-62
197
312
97
-519
-841
-947
-682
-315
-400
-758
-1213
-1534
-1519
-1371
-1235
-1241
-1324
-1385
-1483
-1573
-1777
-1906
-1749
-1528
-1364
-1448
-1711
-2142
-2197
-2005
-1873
-1758
-1844
-2156
-2265
-2419
-2346
-2031
-2023
-2029
-2090
-2378
-2240
-2848
-2366
-1313
-275
700
-464
-1367
-1686
-839
906
2050
2194
1593
949
1628
3169
3959
4084
3980
4185
4876
5263
5887
6075
5808
5613
6203
7271
7490
6606
5777
5574
5812
6198
6357
5923
4573
3493
3242
3531
3614
2954
2091
1289
650
367
276
-224
-962
-1434
-1533
-1731
-2230
-2817
-3012
-3028
-3080
-2758
-2722
-3215
-3661
-3777
-3200
-2511
-2353
-2346
-2779
-3009
-2505
-1741
-902
-877
-1188
-1362
-1411
-982
-454
-76
-88
-396
-484
-438
-344
-245
-168
-165
-264
-589
-711
-967
-1146
-940
-904
-775
-1125
-1576
-1798
-1957
-1731
-1440
-1349
-1490
-1949
-2224
-2174
-2147
-1900
-1697
-1752
-1935
-2204
-2238
-2251
-2268
-2226
-2174
-2205
-2409
-2499
-2511
-2434
-2160
-2179
-2136
-2213
-2739
-2474
-2738
-2261
-2429
-2370
-1378
-662
372
-444
-1255
-1616
-639
906
1983
2026
1127
840
1464
3102
4236
4326
4118
3792
4481
5232
6281
6768
6394
6088
6210
6875
7199
6881
6370
5930
5927
6035
6148
5818
4718
3739
3407
3636
3724
3190
2183
1227
550
435
485
119
-570
-1388
-1749
-2058
-2214
-2394
-2477
-2453
-2652
-2606
-2856
-3197
-3391
-3168
-2464
-2010
-1865
-2165
-2399
-2299
-1849
-1092
-527
-367
-616
-778
-678
-334
142
316
371
77
-250
-333
-295
-63
20
-91
-258
-523
-782
-998
-1039
-1007
-920
-901
-1155
-1551
-1944
-2097
-1853
-1383
-1308
-1473
-1985
-2483
-2434
-2159
-1841
-1661
-1955
-2284
-2446
-2521
-2414
-2264
-2288
-2234
-2373
-2394
-2413
-2571
-2466
-2656
-2374
-2377
-2383
-2431
-2718
-2778
-2841
-2761
-2885
-2092
-1186
54
-145
-1255
-1683
-1517
119
1293
1865
1750
1021
1147
2317
3548
4134
3805
3656
4192
4809
5540
6267
6215
5916
5676
6302
7133
7019
6348
5692
5437
5517
5731
5827
5100
3849
3111
3128
3365
3082
2243
1294
470
22
60
-72
-590
-1359
-1898
-1966
-2215
-2394
-2487
-2586
-2749
-2773
-2560
-2680
-3038
-3188
-2770
-2162
-1727
-1684
-1792
-1939
-2024
-1343
-580
33
-88
-506
-538
-447
24
482
639
562
223
47
195
247
242
268
148
61
-54
-424
-636
-880
-822
-433
-494
-770
-1218
-1588
-1566
-1374
-1042
-942
-1332
-1852
-2051
-1990
-1692
-1592
-1598
-1816
-2174
-2312
-2248
-2067
-2119
-2137
-2199
-2275
-2354
-2507
-2448
-2519
-2470
-2476
-2356
-2546
-2738
-2733
-2708
-2645
-2555
-3054
-2726
-1701
-767
374
-719
-1482
-1489
-865
816
1671
1669
1473
947
1941
3524
4020
4023
3522
3709
4757
5326
6170
6275
5402
5015
5339
6407
6926
6239
5415
4713
4487
4799
5166
5015
3902
2744
2435
2447
2415
1985
1204
518
-155
-305
-298
-784
-1493
-1865
-1983
-1925
-2153
-2332
-2298
-2758
-2656
-2424
-2271
-2142
-2454
-2215
-1795
-1560
-1125
-840
-797
-917
-797
-183
303
470
343
289
289
371
673
908
830
522
371
478
543
387
267
35
-121
-159
-235
-317
-646
-819
-766
-677
-751
-970
-1265
-1465
-1326
-1018
-823
-1107
-1564
-1797
-1633
-1402
-1340
-1458
-1801
-2104
-2026
-1696
-1494
-1746
-2127
-2249
-2214
-2014
-1894
-2020
-2281
-2635
-2749
-2434
-2556
-2662
-2775
-3038
-2703
-2960
-2795
-3115
-3177
-1738
-677
240
-631
-1855
-1795
-1220
294
1616
1764
1660
1295
1991
3343
3530
3408
3491
3861
4880
5376
5733
5529
4476
4303
5123
6170
6348
5218
4179
3495
3358
4006
4435
3958
2689
1417
1112
1215
1080
728
-67
-919
-1430
-1484
-1462
-1879
-2507
-2679
-2678
-2647
-2561
-2565
-2550
-2731
-2631
-2183
-1999
-1965
-1822
-1555
-1125
-765
-399
5
-19
-108
413
931
1282
1309
1075
1167
1191
1450
1848
1897
1674
1224
1037
1129
1119
1152
988
750
509
342
296
139
23
40
53
-29
-247
-487
-664
-701
-454
-212
-244
-591
-936
-893
-736
-569
-511
-664
-954
-1083
-1014
-1005
-1056
-1289
-1440
-1412
-1437
-1376
-1478
-1871
-2039
-2085
-1941
-1838
-2311
-2359
-2689
-2644
-2549
-2500
-2594
-2994
-1961
-745
656
381
-804
-1144
-853
389
1754
2413
2569
2238
2658
3847
4193
4149
3875
4226
5145
5866
6458
6372
5257
4511
4751
5795
6530
6155
5302
4346
3709
3689
3953
3735
2815
1810
1266
984
602
46
-775
-1457
-2003
-1975
-1933
-2492
-3199
-3695
-3806
-3657
-3533
-3373
-3103
-3327
-3277
-3002
-3005
-2694
-2624
-2062
-1475
-1231
-866
-819
-798
-800
-530
45
391
453
251
94
9
11
190
271
211
20
-250
-526
-738
-941
-988
-955
-966
-999
-1335
-1748
-1922
-1939
-1635
-1457
-1558
-1702
-2030
-2094
-1839
-1628
-1504
-1649
-1847
-1788
-1663
-1561
-1580
-1876
-2100
-2167
-2026
-1824
-2047
-2426
-2817
-2967
-2803
-2653
-2723
-3121
-3518
-3704
-3666
-3497
-3772
-3915
-4216
-4397
-4110
-4182
-3982
-4614
-3856
-2878
-1367
-541
-1439
-1641
-2323
-1637
-249
746
1592
1636
1806
2828
2947
3058
2771
2809
3494
4306
5168
5554
4593
3545
2932
3250
4034
4168
3986
3168
2216
1764
1466
1371
710
57
-180
-342
-533
-971
-1867
-2706
-3282
-3226
-2641
-2549
-2703
-3114
-3463
-3583
-3525
-3090
-2478
-2121
-1664
-1165
-1086
-1111
-1277
-1031
-194
462
1215
1442
1177
1017
1040
1469
1889
2000
1999
1921
1896
1802
1748
1449
1117
1118
1168
1296
1118
730
400
152
245
486
501
271
-38
3
292
418
279
-26
-229
-81
408
890
907
436
-112
-214
125
446
537
248
-192
-394
-450
-308
-580
-1041
-1327
-1424
-1190
-1251
-1593
-2280
-2761
-2967
-2613
-2250
-2366
-2678
-3088
-3476
-3198
-3491
-3192
-3596
-3291
-1741
-747
942
120
-412
-738
-726
707
1797
2568
3162
3025
4063
4523
4437
4065
3512
3964
4668
5493
6233
5576
4470
3499
3246
3856
3760
3488
2956
2206
1943
1532
1066
278
-904
-1114
-1023
-718
-766
-1527
-2387
-3258
-3668
-3183
-2908
-2614
-2578
-2609
-2522
-2620
-2737
-2617
-2379
-1748
-827
102
322
77
-441
-449
97
748
1522
1694
1573
1418
1499
1619
1435
1130
1028
1186
1552
1651
1483
849
379
211
335
512
369
250
153
111
352
357
96
-248
-168
287
895
1122
842
370
-128
46
672
1248
1355
946
543
416
365
305
150
-147
-302
-190
-74
-225
-937
-1741
-2098
-2045
-1670
-1428
-1793
-2378
-2896
-3178
-2919
-2945
-3051
-3014
-3189
-2751
-2705
-2763
-3198
-3442
-3738
-2310
-666
695
1756
579
302
-8
224
1612
2250
2825
3357
3914
5082
5102
4542
3379
2985
3251
4300
5469
5723
4836
3573
2566
2518
2342
2042
1942
1615
1600
1563
996
141
-1310
-2217
-1981
-1582
-808
-875
-1492
-2241
-3055
-3236
-3003
-3104
-2743
-2368
-1812
-1253
-1360
-1572
-2035
-2273
-1656
-645
401
792
779
491
377
365
355
589
728
1038
1589
1783
1555
934
239
63
122
537
920
989
757
520
209
-173
-540
-531
-57
454
485
677
684
184
-202
-165
354
733
706
605
459
573
819
830
466
69
-5
332
582
434
110
-365
-711
-850
-855
-919
-1217
-1641
-1737
-1671
-1734
-2056
-2426
-2777
-2901
-2756
-2627
-2571
-2725
-2798
-2713
-2643
-2372
-2417
-2415
-2337
-2299
-1889
-1905
-998
-159
670
1429
1257
1487
1500
1508
2168
2283
2719
3205
3898
4945
4785
4354
3582
3166
3074
3133
3721
3938
3731
3567
3040
2880
1960
1096
765
345
701
1034
1117
914
-245
-924
-1326
-1633
-1415
-1403
-1282
-1346
-1639
-1547
-1755
-2199
-2435
-2441
-1852
-1394
-1020
-803
-984
-1027
-833
-430
-32
-3
152
239
436
809
1026
1147
868
571
659
696
764
767
598
650
598
615
583
144
-189
-333
-238
88
257
304
85
-186
-237
-123
-29
-25
36
102
170
201
144
81
-39
-82
23
-19
-93
-265
-386
-428
-517
-629
-779
-930
-1081
-1254
-1478
-1540
-1629
-1755
-1840
-1850
-1905
-1959
-2066
-2238
-2268
-2318
-2096
-1797
-1699
-1579
-1629
-1545
-1196
-1046
-922
-699
-489
-111
441
492
347
386
282
541
1073
1499
2011
2177
2157
2139
1983
1897
1972
1951
1967
1919
2031
2268
2314
2075
1654
1381
1203
1127
996
697
503
400
521
781
796
657
317
22
-51
-59
34
114
76
158
205
223
219
108
-22
-67
-62
-40
-91
-202
-263
-273
-266
-175
-137
-143
-194
-283
-346
-309
-259
-202
-152
-135
-106
-183
-319
-442
-367
-301
-171
-94
-181
-469
-787
-763
-541
-266
-58
-61
-241
-327
-283
-104
39
83
88
80
190
238
255
158
-21
-47
11
162
223
89
-57
-297
-453
-511
-551
-582
-721
-740
-765
-822
-909
-1104
-1269
-1356
-1333
-1198
-1102
-1154
-1221
-1269
-1197
-1089
-985
-908
-873
-677
-433
-140
77
156
227
286
445
665
805
916
978
1062
1188
1250
1269
1180
1103
1091
1140
1178
1117
1000
796
671
585
522
402
192
-31
-142
-172
-251
-448
-733
-925
-1031
-990
-912
-935
-1070
-1266
-1303
-1239
-1117
-998
-1021
-1030
-919
-732
-554
-398
-292
-202
-114
-20
106
216
319
379
499
709
921
1038
1044
912
880
924
1000
1120
1158
1215
1173
1079
1025
968
930
914
925
956
824
635
491
421
467
486
460
424
309
249
313
345
375
303
169
61
-17
12
40
-19
-119
-264
-315
-342
-360
-427
-579
-709
-812
-858
-810
-796
-865
-970
-1077
-1088
-1049
-1003
-948
-958
-967
-982
-975
-919
-876
-773
-640
-448
-308
-227
-134
-72
27
162
348
481
593
750
845
894
937
966
1002
1071
1117
1170
1205
1207
1135
1003
883
805
806
767
657
536
425
300
239
201
133
45
-104
-224
-366
-516
-606
-634
-595
-650
-734
-878
-992
-1008
-1013
-981
-965
-1018
-1056
-1092
-1118
-1053
-990
-890
-797
-735
-630
-599
-563
-474
-381
-143
117
381
605
676
738
724
748
858
998
1176
1321
1373
1357
1303
1259
1229
1172
1164
1168
1185
1185
1080
997
880
810
755
721
743
751
714
631
566
537
534
469
456
395
325
258
165
152
102
167
227
152
-11
-240
-391
-418
-310
-252
-276
-353
-472
-447
-367
-328
-362
-432
-427
-469
-409
-316
-255
-186
-132
-68
-53
9
124
195
293
371
460
542
674
763
757
744
745
893
1078
1182
1256
1234
1222
1234
1226
1217
1191
1277
1254
1163
1098
1007
919
818
714
627
559
482
383
245
104
-76
-235
-264
-272
-300
-333
-438
-529
-691
-805
-845
-936
-927
-928
-916
-983
-1141
-1240
-1217
-1142
-1054
-934
-883
-903
-998
-1032
-1020
-993
-838
-627
-530
-407
-395
-421
-410
-364
-256
-201
-115
101
394
678
702
399
123
-112
-93
147
359
404
323
334
376
415
343
107
12
55
235
437
499
481
422
388
345
273
225
97
-36
-141
-127
14
138
246
233
83
-117
-268
-396
-440
-444
-335
-130
52
168
206
133
-60
-310
-528
-574
-468
-201
117
312
354
288
173
-3
-161
-257
-182
29
220
322
349
334
396
402
270
178
77
148
280
206
215
305
240
308
372
236
165
-23
-293
-398
-506
-446
-238
-289
-345
-431
-662
-734
-885
-1110
-1300
-1381
-1209
-981
-870
-964
-1190
-1311
-1375
-1462
-1585
-1733
-1779
-1681
-1374
-1161
-1226
-1361
-1564
-1664
-1696
-1778
-1681
-1398
-988
-490
-83
216
342
299
225
180
179
247
490
906
1309
1651
1838
1784
1571
1272
1018
879
798
837
922
1064
1257
1350
1273
980
576
203
9
-38
10
108
212
257
235
172
35
-151
-290
-345
-361
-361
-248
-110
13
159
240
253
199
67
-44
-125
-123
-13
154
362
489
537
443
184
-78
-306
-417
-418
-338
-168
16
128
213
175
33
-173
-364
-407
-293
-83
134
294
409
504
593
586
510
463
403
448
581
763
891
952
1015
977
886
768
632
489
390
348
412
422
341
225
66
-72
-233
-347
-465
-557
-597
-622
-659
-723
-803
-857
-904
-1036
-1160
-1265
-1308
-1264
-1196
-1153
-1257
-1386
-1462
-1505
-1497
-1565
-1624
-1757
-1770
-1513
-1100
-588
-213
47
217
303
344
332
248
100
81
304
734
1225
1463
1535
1491
1298
1113
820
494
230
96
224
372
498
490
342
157
4
-121
-310
-499
-658
-678
-551
-414
-280
-195
-163
-150
-199
-258
-358
-456
-401
-232
-45
210
433
566
617
631
702
736
702
711
721
781
874
972
1076
1082
1052
1035
986
889
837
769
669
624
591
572
594
561
542
541
518
540
518
507
551
581
630
701
746
803
799
753
731
720
712
693
666
571
477
455
453
354
216
94
19
16
11
-26
-101
-194
-296
-344
-404
-561
-691
-772
-806
-814
-868
-944
-1018
-1065
-1102
-1128
-1130
-1193
-1210
-1221
-1285
-1318
-1372
-1382
-1386
-1383
-1494
-1689
-1911
-2010
-1775
-1415
-828
-348
-77
157
226
338
369
238
133
67
225
534
806
966
1026
1050
1113
1231
1234
1070
734
424
320
259
320
388
374
402
394
421
409
303
185
114
35
-50
-131
-173
-191
-214
-252
-269
-252
-133
29
155
232
218
230
317
456
653
810
949
1107
1232
1344
1375
1337
1329
1317
1290
1259
1194
1152
1142
1159
1145
1105
1070
994
945
854
755
644
580
574
533
489
394
339
363
414
467
470
413
329
260
190
155
95
29
-26
-110
-205
-286
-331
-367
-407
-436
-437
-457
-484
-524
-601
-689
-767
-791
-762
-772
-797
-831
-900
-967
-981
-943
-928
-947
-975
-993
-965
-910
-830
-695
-614
-582
-601
-690
-806
-870
-920
-995
-1104
-1233
-1213
-1013
-668
-279
37
370
717
986
1242
1284
1149
995
936
1065
1257
1328
1362
1423
1477
1566
1570
1414
1150
846
594
355
77
-195
-440
-676
-817
-914
-921
-930
-936
-933
-1014
-1124
-1256
-1351
-1431
-1536
-1652
-1756
-1829
-1847
-1778
-1630
-1464
-1256
-1055
-855
-688
-624
-555
-546
-550
-531
-540
-550
-568
-564
-545
-527
-475
-457
-483
-526
-585
-644
-702
-759
-809
-775
-715
-593
-424
-317
-215
-152
-82
-25
-22
-22
-45
-47
-28
-38
-41
-51
-18
60
134
168
115
23
-42
-49
-71
-127
-217
-330
-441
-556
-648
-730
-847
-985
-1107
-1193
-1227
-1236
-1231
-1256
-1289
-1294
-1306
-1348
-1415
-1499
-1573
-1553
-1496
-1441
-1434
-1462
-1487
-1501
-1492
-1480
-1465
-1476
-1520
-1627
-1763
-1905
-2018
-2129
-2308
-2571
-2772
-2718
-2483
-2125
-1787
-1492
-1118
-720
-340
-119
-185
-306
-317
-171
-15
-15
-50
-26
106
331
548
671
749
860
1021
1212
1204
1062
887
641
510
414
320
262
179
202
291
402
549
620
610
541
425
304
197
41
-100
-182
-187
-47
132
298
452
569
745
922
1049
1154
1165
1192
1233
1228
1219
1125
1016
953
933
962
995
1004
1015
1075
1176
1273
1318
1281
1178
1033
951
934
926
972
1000
1048
1163
1229
1272
1225
1127
1113
1123
1127
1082
993
913
855
818
782
692
590
560
612
706
769
760
709
621
544
438
228
-21
-238
-380
-430
-454
-477
-482
-471
-411
-331
-276
-286
-348
-427
-527
-613
-706
-838
-1002
-1198
-1335
-1396
-1408
-1393
-1393
-1421
-1412
-1396
-1397
-1483
-1696
-1963
-2281
-2467
-2467
-2395
-2210
-2039
-1760
-1302
-879
-415
-134
35
287
492
696
727
567
483
482
583
747
871
1007
1188
1404
1656
1816
1868
1917
1887
1810
1712
1490
1280
1032
765
582
351
193
115
30
28
37
64
97
68
53
56
57
70
30
-35
-40
46
256
503
717
945
1188
1421
1646
1795
1885
1914
1898
1892
1799
1631
1438
1221
1066
1013
1012
1042
1035
1030
1056
1063
1068
1020
890
767
667
619
605
571
564
613
708
857
971
1036
1062
1082
1143
1152
1061
908
758
699
702
663
547
424
409
459
490
424
308
216
191
180
83
-97
-324
-521
-664
-820
-980
-1115
-1188
-1197
-1142
-1082
-1044
-978
-921
-872
-841
-850
-909
-1000
-1119
-1208
-1253
-1303
-1392
-1540
-1686
-1836
-1987
-2146
-2367
-2554
-2725
-2794
-2618
-2409
-2181
-2047
-1852
-1390
-922
-480
-234
-141
124
441
764
875
702
627
712
900
1029
952
897
996
1203
1478
1622
1596
1616
1678
1717
1650
1396
1117
822
517
273
-12
-305
-586
-803
-848
-783
-648
-510
-426
-323
-159
-4
129
182
175
257
402
629
829
889
976
1126
1379
1675
1776
1789
1772
1802
1896
1851
1695
1493
1306
1210
1090
916
708
500
416
408
383
325
216
117
84
30
10
-24
-117
-145
-142
-41
121
282
442
560
685
856
980
972
855
686
586
536
433
267
60
-77
-93
-119
-194
-321
-443
-485
-508
-576
-742
-934
-1052
-1137
-1231
-1381
-1572
-1710
-1763
-1741
-1670
-1625
-1564
-1444
-1302
-1151
-1036
-959
-921
-897
-861
-844
-868
-926
-1003
-1033
-1045
-1079
-1121
-1199
-1276
-1338
-1390
-1469
-1563
-1655
-1702
-1670
-1612
-1552
-1505
-1412
-1250
-1071
-882
-742
-590
-400
-233
-63
36
112
219
352
543
726
917
1137
1321
1466
1588
1691
1740
1730
1673
1549
1382
1228
1044
850
676
584
547
503
447
386
349
334
332
290
220
172
186
241
253
226
233
295
398
499
583
651
694
759
838
911
966
981
1007
1077
1140
1190
1210
1153
1068
976
872
764
660
555
469
449
458
457
440
405
380
391
394
360
317
276
246
246
302
367
398
434
438
445
454
403
315
236
173
98
67
42
6
-36
-53
-84
-129
-159
-247
-346
-422
-504
-597
-688
-774
-850
-929
-995
-1037
-1058
-1079
-1130
-1161
-1188
-1230
-1236
-1260
-1299
-1340
-1398
-1446
-1492
-1503
-1498
-1497
-1452
-1381
-1347
-1322
-1304
-1260
-1206
-1185
-1194
-1261
-1326
-1370
-1365
-1312
-1249
-1139
-978
-787
-578
-366
-159
16
199
357
450
536
615
684
756
870
983
1083
1192
1261
1312
1374
1448
1496
1487
1460
1444
1432
1434
1422
1353
1302
1247
1173
1111
996
883
793
705
619
516
424
340
261
236
242
253
283
324
380
441
520
618
705
777
831
863
868
883
906
885
870
830
774
709
667
664
657
662
661
709
754
797
832
824
794
726
644
541
440
354
297
231
164
95
26
16
28
71
122
201
303
391
467
539
618
643
605
524
454
389
305
200
53
-103
-202
-300
-421
-537
-641
-736
-773
-796
-830
-866
-894
-897
-899
-920
-999
-1087
-1172
-1242
-1282
-1310
-1320
-1328
-1325
-1285
-1222
-1146
-1103
-1061
-1000
-925
-851
-845
-844
-847
-854
-849
-824
-836
-846
-812
-755
-628
-499
-349
-212
-47
200
458
685
844
969
1106
1259
1360
1402
1400
1393
1375
1348
1308
1247
1215
1217
1226
1235
1250
1233
1216
1201
1151
1080
958
785
623
459
309
122
-83
-259
-409
-511
-584
-635
-625
-556
-472
-362
-266
-172
-59
84
245
407
552
652
743
840
923
979
976
950
929
877
822
760
659
591
570
553
524
494
474
456
440
403
351
311
248
197
153
81
5
-64
-99
-95
-76
-39
10
43
125
258
353
448
534
579
605
594
531
450
360
268
181
87
-61
-226
-376
-528
-662
-774
-896
-980
-1019
-1068
-1095
-1097
-1093
-1039
-965
-905
-847
-805
-766
-735
-689
-638
-575
-524
-493
-439
-387
-312
-233
-186
-131
-81
-54
-32
-50
-80
-135
-205
-289
-376
-449
-561
-682
-777
-854
-924
-963
-1012
-1039
-991
-934
-837
-750
-662
-528
-396
-283
-168
-50
63
192
329
463
563
656
747
801
838
873
883
844
784
732
629
491
345
196
40
-120
-253
-346
-415
-474
-533
-577
-601
-600
-550
-525
-497
-428
-322
-230
-149
-52
35
162
305
456
590
683
758
822
860
885
929
955
970
985
957
935
917
890
866
807
735
658
555
454
368
262
175
121
57
10
-42
-75
-72
-45
-14
13
57
65
73
103
145
172
217
264
271
274
261
240
201
183
176
139
117
89
43
-18
-75
-139
-212
-265
-316
-341
-358
-369
-386
-402
-421
-419
-377
-347
-336
-330
-327
-331
-317
-288
-275
-254
-214
-175
-156
-130
-115
-118
-127
-179
-233
-296
-350
-410
-454
-500
-569
-636
-688
-733
-774
-768
-755
-719
-663
-597
-518
-421
-323
-252
-152
-45
62
175
291
408
500
584
645
691
750
842
924
962
991
1003
994
979
959
914
855
814
755
677
612
540
459
405
355
317
310
302
281
280
303
340
397
460
523
604
677
748
836
936
1018
1083
1152
1211
1250
1279
1281
1281
1283
1262
1230
1156
1104
1081
1060
1071
1072
1033
972
906
821
746
665
578
501
416
335
251
162
73
4
-57
-115
-191
-265
-318
-378
-438
-500
-570
-643
-695
-760
-853
-934
-1015
-1103
-1183
-1268
-1365
-1472
-1588
-1715
-1832
-1930
-2024
-2113
-2188
-2245
-2290
-2332
-2354
-2392
-2431
-2455
-2479
-2485
-2492
-2504
-2519
-2542
-2577
-2615
-2641
-2674
-2705
-2715
-2716
-2712
-2721
-2739
-2739
-2732
-2712
-2681
-2660
-2653
-2647
-2611
-2569
-2518
-2468
-2427
-2370
-2297
-2215
-2123
-2030
-1920
-1777
-1627
-1481
-1333
-1178
-1012
-840
-688
-541
-400
-263
-152
-74
-13
37
74
109
115
95
79
46
17
-6
-15
-41
-67
-85
-110
-123
-134
-126
-110
-89
-69
-45
-23
10
46
77
108
142
181
226
279
334
391
439
480
531
595
652
705
736
751
765
798
822
830
832
826
812
779
748
720
713
703
694
683
668
664
658
646
641
643
634
622
594
560
531
499
464
439
402
353
335
335
321
306
285
254
221
167
104
32
-33
-96
-149
-194
-249
-300
-354
-420
-470
-510
-563
-609
-643
-682
-716
-729
-747
-761
-763
-773
-791
-803
-819
-800
-758
-728
-707
-683
-651
-609
-566
-524
-464
-415
-377
-356
-332
-306
-277
-199
-82
26
118
194
269
358
435
520
606
690
780
868
940
1014
1099
1178
1251
1318
1378
1430
1459
1470
1484
1495
1495
1482
1451
1401
1336
1265
1202
1136
1071
1015
954
890
839
801
777
763
746
721
699
696
726
748
741
740
750
748
735
721
714
710
714
732
743
731
718
710
703
693
670
645
614
570
542
528
501
471
457
442
421
389
357
332
305
282
251
220
190
161
126
78
20
-14
-21
-1
21
28
20
20
21
-5
-40
-88
-135
-173
-207
-240
-271
-311
-333
-318
-313
-317
-329
-345
-375
-434
-492
-548
-598
-638
-684
-733
-770
-801
-832
-852
-855
-860
-867
-867
-874
-873
-871
-856
-819
-789
-761
-736
-708
-680
-660
-641
-613
-578
-532
-476
-415
-351
-296
-247
-202
-147
-54
63
152
228
284
332
377
412
455
494
533
569
619
674
713
744
757
756
762
756
743
733
741
770
772
771
760
734
718
713
697
684
664
626
589
565
548
551
573
587
598
602
604
629
683
728
749
745
714
682
640
591
570
575
575
564
546
509
476
470
463
447
416
370
320
261
214
193
162
124
81
41
9
0
5
-18
-41
-78
-109
-134
-164
-182
-219
-243
-249
-268
-310
-359
-398
-425
-429
-408
-409
-431
-433
-434
-451
-483
-512
-540
-562
-556
-544
-525
-515
-507
-489
-477
-464
-441
-423
-421
-426
-445
-468
-480
-474
-469
-463
-441
-424
-372
-292
-234
-199
-175
-146
-118
-96
-88
-68
-43
-30
-15
21
71
125
195
276
354
407
443
480
545
601
644
670
691
740
787
821
845
867
903
947
973
972
968
971
967
963
971
970
971
972
959
960
954
939
934
918
912
920
912
911
902
877
862
836
802
785
786
775
754
738
709
674
633
574
515
468
421
379
345
293
239
196
151
110
79
41
6
-38
-80
-125
-168
-206
-229
-228
-230
-235
-239
-254
-277
-271
-262
-254
-242
-232
-214
-196
-163
-130
-98
-75
-69
-57
-38
-18
5
38
52
42
45
60
78
89
95
109
129
157
180
198
212
230
245
281
316
331
340
351
364
371
389
412
408
384
368
376
380
347
334
340
337
321
303
292
265
226
201
164
117
96
80
58
39
33
31
14
-12
-25
-16
1
-1
-2
14
44
64
79
122
158
175
186
199
225
247
265
288
316
331
350
369
375
387
384
382
398
417
428
436
451
457
451
443
438
440
450
433
415
412
406
397
389
377
356
335
333
337
326
337
342
346
347
323
313
295
287
298
300
313
292
267
261
256
261
236
245
277
255
216
174
119
49
-35
-106
-193
-287
-362
-430
-489
-558
-637
-701
-775
-856
-921
-991
-1054
-1109
-1158
-1205
-1251
-1302
-1343
-1375
-1398
-1427
-1464
-1500
-1533
-1561
-1585
-1602
-1627
-1653
-1662
-1660
-1646
-1633
-1613
-1589
-1560
-1524
-1492
-1469
-1450
-1433
-1413
-1407
-1399
-1397
-1398
-1383
-1387
-1387
-1374
-1373
-1362
-1352
-1333
-1320
-1325
-1316
-1311
-1306
-1296
-1280
-1256
-1236
-1208
-1183
-1157
-1128
-1106
-1074
-1035
-998
-951
-898
-852
-802
-752
-695
-645
-597
-542
-482
-417
-357
-280
-208
-162
-112
-73
-32
2
23
51
65
76
85
84
94
109
127
146
156
165
175
186
202
220
232
244
248
247
253
255
258
264
282
290
287
321
365
392
412
422
425
422
418
426
420
404
392
379
376
365
351
344
336
329
330
337
335
332
325
310
288
273
261
252
244
234
226
227
214
189
168
151
131
101
85
70
57
39
9
-15
-27
-37
-35
-12
-1
3
7
7
-2
-16
-30
-31
-43
-48
-40
-29
-13
1
24
39
47
53
60
68
84
102
117
126
120
111
96
82
68
57
49
32
18
-1
-17
-32
-48
-60
-61
-44
-38
-28
-27
-33
-16
16
46
64
81
95
100
115
130
135
143
143
153
165
160
165
180
193
222
244
264
279
289
310
326
336
337
332
325
307
291
290
293
294
299
304
317
341
367
392
409
430
456
482
499
506
519
532
559
578
582
592
600
617
634
630
620
606
590
568
550
529
501
478
449
412
386
355
328
318
293
263
228
191
156
111
74
38
-3
-36
-63
-94
-128
-165
-194
-214
-249
-287
-320
-347
-368
-385
-392
-405
-414
-420
-426
-425
-429
-431
-432
-410
-368
-342
-324
-308
-292
-275
-243
-214
-200
-193
-181
-161
-148
-136
-116
-95
-73
-63
-57
-50
-53
-56
-63
-77
-88
-95
-110
-117
-113
-109
-115
-117
-119
-121
-119
-134
-151
-166
-177
-172
-148
-124
-107
-89
-73
-61
-60
-54
-44
-31
-28
-33
-34
-32
-27
-25
-16
1
10
25
38
42
55
67
84
103
109
114
122
131
132
130
137
140
158
189
214
237
254
273
293
314
326
343
351
355
358
367
384
382
378
377
374
366
354
348
344
333
319
303
284
255
231
210
187
167
149
132
109
91
73
57
38
12
-2
-14
-33
-56
-77
-104
-131
-153
-174
-191
-210
-218
-215
-217
-225
-232
-241
-257
-271
-270
-264
-267
-277
-290
-294
-307
-314
-314
-317
-315
-313
-302
-288
-276
-264
-250
-242
-240
-236
-230
-224
-214
-205
-191
-173
-166
-163
-159
-156
-144
-128
-116
-100
-94
-91
-84
-82
-81
-80
-69
-61
-53
-50
-51
-48
-48
-51
-53
-64
-74
-83
-93
-97
-99
-94
-82
-72
-64
-54
-36
-20
-9
-2
4
10
25
51
70
89
106
124
145
173
197
218
243
269
295
317
336
354
369
390
409
426
441
449
457
465
472
470
464
461
455
446
436
430
423
407
395
382
367
346
331
317
303
283
263
240
212
184
152
129
101
73
49
27
2
-17
-34
-51
-67
-84
-94
-106
-117
-133
-151
-165
-178
-187
-201
-207
-209
-216
-221
-229
-238
-246
-252
-254
-255
-259
-266
-273
-278
-284
-289
-296
-293
-291
-292
-291
-291
-292
-296
-294
-294
-288
-285
-276
-263
-255
-246
-239
-225
-211
-197
-182
-165
-149
-139
-132
-124
-120
-118
-113
-106
-101
-102
-100
-100
-101
-103
-106
-108
-107
-111
-111
-104
-99
-98
-99
-93
-93
-95
-92
-87
-76
-64
-48
-33
-14
7
30
52
74
96
120
138
156
173
191
211
234
252
268
280
293
305
311
313
311
308
301
294
290
281
271
262
256
251
242
233
234
232
228
220
212
204
195
189
184
179
173
162
158
150
141
135
133
131
123
116
108
98
86
71
58
42
27
10
-1
-8
-19
-30
-42
-53
-71
-86
-104
-119
-133
-149
-160
-175
-189
-200
-206
-207
-213
-213
-212
-209
-205
-207
-207
-208
-206
-203
-200
-195
-189
-177
-160
-151
-144
-139
-134
-127
-118
-115
-110
-105
-100
-99
-100
-97
-95
-86
-80
-72
-65
-62
-58
-54
-50
-49
-50
-45
-45
-46
-45
-44
-42
-41
-43
-42
-43
-44
-45
-43
-41
-45
-46
-44
-43
-42
-47
-48
-43
-38
-35
-32
-28
-27
-23
-16
-10
-6
0
6
13
16
18
22
27
36
47
61
76
90
104
118
127
136
145
155
165
174
180
185
196
205
213
220
225
231
237
245
251
253
257
262
265
268
267
264
262
260
258
251
246
240
231
223
212
199
185
170
158
143
126
108
93
78
61
44
26
14
2
-13
-30
-42
-57
-69
-80
-94
-111
-129
-142
-154
-164
-175
-186
-192
-196
-200
-208
-213
-217
-221
-220
-222
-227
-231
-234
-236
-238
-240
-238
-235
-232
-232
-232
-233
-234
-234
-232
-228
-224
-217
-208
-199
-191
-184
-176
-167
-156
-147
-135
-123
-113
-102
-97
-94
-92
-91
-91
-88
-84
-83
-79
-72
-70
-71
-72
-73
-70
-68
-65
-62
-60
-58
-58
-52
-46
-43
-38
-28
-14
0
11
20
32
44
57
69
85
103
120
138
157
173
190
205
222
241
256
268
283
301
311
321
329
336
343
347
351
351
354
360
364
365
362
360
358
353
344
335
326
316
304
293
280
265
251
239
229
216
201
183
168
150
129
106
86
62
40
18
-5
-22
-40
-60
-79
-98
-117
-139
-158
-175
-193
-209
-224
-235
-246
-261
-272
-283
-293
-303
-309
-310
-311
-313
-316
-317
-316
-316
-314
-312
-306
-301
-298
-290
-280
-272
-263
-252
-243
-232
-221
-208
-196
-186
-177
-170
-162
-156
-148
-136
-128
-117
-108
-100
-92
-87
-80
-76
-70
-65
-59
-53
-50
-44
-37
-31
-25
-21
-17
-14
-10
-6
-2
4
11
13
17
22
25
27
31
39
46
50
54
60
69
76
81
91
102
110
118
127
135
142
149
156
166
175
183
190
198
205
212
220
227
235
241
242
246
252
257
260
261
261
261
260
258
257
255
254
249
244
238
231
220
212
203
193
183
171
160
148
139
127
115
104
91
77
61
47
38
26
12
-3
-16
-30
-44
-55
-65
-76
-87
-100
-111
-122
-134
-145
-151
-156
-164
-172
-180
-185
-191
-197
-199
-202
-204
-210
-213
-215
-218
-220
-221
-219
-216
-212
-211
-209
-205
-202
-198
-193
-189
-184
-180
-175
-168
-162
-155
-150
-143
-136
-132
-126
-119
-115
-112
-107
-99
-93
-82
-75
-70
-65
-61
-59
-55
-52
-48
-42
-35
-31
-27
-23
-20
-15
-5
2
5
9
14
20
25
29
35
41
45
48
51
56
59
63
73
82
88
93
97
100
107
113
118
122
126
130
130
138
145
153
159
163
167
167
168
171
179
183
184
183
183
183
179
179
179
178
177
171
166
161
158
154
147
142
133
122
110
99
94
88
79
68
55
44
33
24
18
10
-2
-13
-23
-33
-45
-52
-58
-63
-72
-84
-95
-102
-108
-110
-114
-119
-125
-131
-138
-143
-143
-142
-146
-149
-152
-155
-159
-157
-151
-147
-144
-143
-144
-144
-145
-144
-138
-129
-127
-127
-125
-123
-121
-119
-113
-105
-99
-96
-95
-91
-81
-75
-73
-72
-68
-66
-64
-63
-58
-52
-48
-43
-39
-34
-32
-26
-18
-11
-7
-1
0
0
7
15
23
29
33
36
38
47
55
62
70
74
78
82
83
89
100
109
114
116
119
120
118
119
120
128
134
137
140
143
142
141
143
145
142
139
135
131
129
125
119
117
115
110
101
94
89
82
77
70
61
51
39
30
23
21
14
6
1
-7
-14
-20
-25
-34
-39
-44
-52
-59
-64
-72
-77
-78
-81
-87
-87
-85
-84
-83
-82
-81
-78
-78
-77
