19
21
22
23
25
25
24
21
18
15
13
8
5
3
-1
-5
-9
-13
-15
-19
-23
-25
-26
-27
-26
-28
-26
-25
-24
-20
-18
-15
-10
-6
-2
2
6
10
15
19
21
23
23
24
26
26
26
26
24
22
18
15
13
9
6
3
-3
-7
-12
-15
-17
-19
-23
-25
-26
-27
-26
-27
-27
-25
-22
-18
-16
-12
-8
-5
-3
1
6
11
14
15
19
24
26
27
27
24
23
21
18
16
12
10
7
3
-1
-4
-7
-10
-15
-17
-19
-22
-24
-22
-20
-20
-20
-20
-18
-17
-17
-15
-13
-7
-2
1
5
12
15
18
20
23
26
26
28
30
30
31
30
30
28
26
25
21
18
15
10
7
2
-2
-6
-7
-9
-11
-13
-16
-17
-19
-18
-19
-17
-14
-12
-8
-6
-2
-1
0
3
6
10
11
13
16
18
20
20
19
20
18
16
14
12
10
8
6
4
-1
-5
-6
-9
-11
-13
-16
-17
-16
-17
-16
-15
-15
-16
-16
-13
-11
-8
-7
-4
-2
1
4
6
9
10
12
13
16
17
18
19
19
18
19
18
13
9
7
4
1
-4
-6
-11
-13
-15
-16
-17
-18
-18
-18
-22
-23
-24
-24
-24
-23
-19
-17
-11
-9
-6
-5
-5
-3
-2
-1
1
2
4
6
9
11
11
10
11
10
8
9
6
3
2
0
-2
-4
-6
-9
-11
-15
-16
-19
-21
-22
-24
-25
-24
-24
-23
-22
-20
-20
-18
-14
-10
-8
-3
3
6
8
11
14
17
18
19
20
19
18
15
13
11
12
10
8
6
3
1
-1
-2
-5
-5
-5
-6
-4
-4
-5
-5
-7
-7
-6
-8
-7
-6
-7
-6
-6
-5
-2
-1
0
2
3
6
8
13
15
14
17
18
20
21
21
20
19
20
20
18
18
15
14
12
10
7
5
3
1
-1
-1
-3
-2
-2
-4
-5
-5
-5
-5
-4
-5
-4
-3
-1
0
1
1
1
2
4
4
4
5
7
8
8
9
9
9
9
8
5
4
2
2
1
-1
-3
-3
-3
-4
-5
-5
-6
-8
-10
-9
-10
-11
-11
-11
-11
-10
-9
-10
-10
-9
-8
-7
-8
-6
-5
-3
-2
-1
1
3
5
8
8
10
11
12
14
13
14
13
12
13
13
11
9
10
8
6
7
6
6
4
4
3
4
2
2
3
3
5
5
6
8
7
8
8
10
9
11
13
13
14
14
14
14
13
12
12
11
8
7
7
6
5
4
4
2
1
0
-1
-4
-3
0
0
-1
-2
-4
-4
-6
-9
-9
-10
-11
-12
-12
-14
-14
-15
-16
-17
-17
-17
-17
-18
-19
-16
-15
-13
-14
-15
-13
-13
-11
-12
-13
-13
-12
-12
-12
-13
-11
-11
-11
-10
-11
-12
-12
-13
-12
-12
-11
-13
-14
-13
-12
-12
-12
-13
-13
-14
-13
-11
-10
-6
-5
-3
-1
-1
1
1
2
5
5
6
6
7
6
3
5
4
6
7
8
9
8
8
8
10
9
8
9
10
9
7
7
5
4
4
4
2
2
1
2
3
2
3
2
3
4
5
4
5
7
8
8
9
9
8
7
8
8
9
10
11
12
12
13
12
11
10
9
10
9
7
3
2
1
1
1
1
1
1
0
-1
-1
-3
-3
-4
-6
-5
-6
-6
-7
-6
-5
-6
-5
-6
-8
-8
-7
-8
-7
-7
-6
-3
-3
-2
-1
4
4
4
5
6
5
7
7
7
10
9
10
10
10
11
11
10
8
7
6
4
6
6
7
9
9
11
10
11
10
7
5
5
5
5
4
4
4
5
4
3
3
1
-1
-2
-3
-5
-6
-6
-4
-6
-3
-3
-4
-2
-4
-5
-5
-7
-7
-8
-8
-8
-11
-10
-12
-11
-11
-12
-11
-12
-13
-12
-13
-12
-13
-10
-8
-6
-3
-1
1
2
4
5
6
9
8
10
11
13
14
15
16
16
17
16
17
15
13
12
13
12
14
13
14
13
13
13
14
13
11
10
7
6
6
5
5
4
2
0
-2
-5
-6
-10
-11
-13
-14
-15
-17
-16
-17
-15
-13
-13
-12
-12
-13
-13
-14
-13
-13
-13
-11
-12
-12
-12
-13
-13
-13
-15
-17
-19
-19
-20
-18
-18
-17
-15
-14
-12
-13
-11
-8
-9
-9
-8
-8
-6
-6
-4
-2
0
2
3
6
7
8
8
6
7
8
9
12
12
12
13
14
13
13
13
10
8
8
4
0
-1
-5
-5
-7
-8
-9
-12
-13
-13
-16
-16
-18
-20
-19
-17
-14
-13
-12
-10
-8
-5
-4
-3
-2
1
0
0
1
3
4
3
5
4
7
7
8
7
6
4
4
4
4
4
5
3
2
2
2
3
2
2
1
1
0
0
-1
1
1
1
4
5
8
10
11
11
10
11
12
15
19
20
20
20
21
22
22
18
17
16
15
15
11
8
7
4
1
-1
-4
-5
-8
-9
-9
-11
-13
-15
-15
-15
-13
-13
-12
-11
-9
-9
-8
-7
-7
-7
-6
-4
-1
1
3
6
9
9
11
11
12
11
11
9
8
9
7
7
6
5
3
3
2
1
0
-1
-1
-3
-5
-5
-6
-6
-5
-4
-3
-2
-1
2
4
4
5
6
6
9
10
8
11
13
15
17
18
18
20
19
19
18
16
14
15
12
10
7
4
2
-3
-6
-9
-10
-11
-13
-13
-14
-14
-16
-17
-17
-17
-18
-15
-14
-14
-12
-9
-8
-8
-5
-3
-1
2
4
6
8
10
10
11
11
12
14
14
15
14
15
13
11
10
10
8
7
6
4
5
2
1
-3
-4
-7
-8
-9
-10
-9
-8
-7
-9
-8
-7
-6
-6
-5
-3
-2
2
3
6
8
8
9
8
6
6
7
5
4
3
-2
-4
-7
-8
-12
-14
-17
-19
-22
-24
-26
-29
-31
-33
-33
-31
-31
-31
-30
-30
-27
-25
-23
-21
-19
-16
-12
-10
-5
-2
-1
3
6
9
11
12
15
16
18
18
18
17
16
12
11
8
2
-1
-4
-8
-11
-15
-17
-18
-20
-21
-24
-24
-25
-23
-21
-19
-18
-16
-15
-12
-10
-7
-2
0
3
8
13
16
19
21
20
21
21
23
24
26
24
22
20
17
13
11
8
6
2
-1
-4
-8
-10
-14
-16
-20
-22
-24
-22
-22
-21
-19
-17
-13
-10
-8
-4
-2
2
5
9
14
16
18
21
23
22
24
23
24
23
21
20
19
15
14
11
9
6
3
0
-3
-5
-7
-12
-13
-14
-15
-15
-14
-14
-11
-9
-9
-8
-6
-6
-4
1
3
7
10
12
14
15
17
19
24
24
25
26
26
24
24
21
19
18
14
10
8
6
1
-3
-7
-10
-12
-14
-16
-17
-17
-17
-17
-17
-16
-14
-12
-11
-10
-9
-5
-2
-1
2
7
10
14
17
17
18
20
20
19
21
20
19
18
16
12
12
7
3
0
-3
-3
-4
-7
-12
-14
-17
-17
-18
-21
-20
-20
-18
-15
-15
-13
-12
-10
-7
-5
0
4
8
11
13
12
15
17
18
18
17
19
19
16
15
14
10
7
3
0
-4
-6
-8
-12
-15
-18
-20
-21
-21
-22
-21
-20
-21
-20
-19
-15
-12
-10
-6
-4
0
3
7
10
12
15
17
17
18
18
18
19
19
18
16
15
13
11
8
6
3
1
-3
-7
-9
-12
-12
-15
-18
-20
-21
-22
-23
-23
-22
-20
-20
-17
-13
-9
-5
-1
3
4
5
10
11
13
15
17
17
17
18
18
17
16
14
12
9
7
5
1
-2
-6
-10
-13
-15
-18
-19
-18
-20
-20
-20
-20
-19
-18
-18
-16
-9
-7
-3
1
4
8
10
12
15
18
21
23
26
26
25
25
25
23
20
18
16
14
9
5
2
-1
-7
-10
-12
-16
-17
-16
-18
-18
-18
-18
-18
-17
-16
-15
-12
-9
-8
-4
1
2
4
7
11
13
16
19
20
21
21
21
20
19
19
18
17
15
12
9
6
1
-3
-7
-8
-10
-11
-13
-12
-13
-14
-14
-13
-13
-12
-10
-5
-3
0
4
7
11
13
17
20
24
27
32
31
33
33
35
34
32
30
27
25
23
18
12
6
2
-4
-7
-6
-10
-15
-21
-18
-16
-23
-25
-23
-24
-22
-20
-20
-21
-23
-22
-19
-22
-18
-7
-6
-6
-3
0
2
2
3
7
4
4
4
4
6
10
13
15
19
11
4
6
10
16
18
17
15
14
7
-6
-6
-5
-1
2
3
8
7
10
13
4
-6
-8
-15
-22
-23
-32
-33
-30
-33
-26
-36
-37
-30
-39
-39
-47
-54
-51
-52
-51
-53
-58
-59
-61
-64
-75
-70
-67
-65
-57
-59
-50
-42
-38
-43
-57
-74
-67
-56
-57
-50
-49
-38
-41
-53
-47
-35
-17
-5
-3
-5
-2
16
14
2
-2
-19
-25
-28
-24
-10
-12
-8
-6
-27
-36
-19
-7
0
-12
-16
-7
-13
-24
-15
-1
8
0
-6
3
-9
-4
7
14
17
50
85
82
66
47
57
51
41
57
76
75
76
72
64
67
68
71
68
63
62
70
56
43
37
30
22
3
-38
-46
-30
-45
-41
-41
-31
-17
-14
-5
11
12
19
6
-13
11
23
2
-11
-2
18
7
-9
10
22
20
14
12
13
5
9
4
7
-11
-26
-4
-19
-19
-7
-11
-10
-36
-61
-48
-35
-27
-39
-63
-72
-61
-76
-109
-96
-87
-76
-74
-60
-32
-23
-42
-36
3
5
5
1
-16
-8
-11
-19
-6
-10
-26
-37
-26
-11
-2
-15
-34
-40
-71
-63
-32
-29
-45
-66
-70
-74
-86
-96
-95
-68
-58
-63
-56
-68
-71
-54
-43
-63
-100
-110
-43
-17
-25
0
-3
25
27
18
20
18
29
21
0
-18
-8
27
16
17
15
-17
-13
-33
-32
2
-2
14
16
0
32
37
45
86
85
80
96
87
81
92
104
111
93
74
70
90
92
49
38
13
22
50
49
74
53
46
57
57
47
37
34
36
15
23
27
54
84
53
13
-4
9
57
74
19
19
-5
8
19
17
86
118
17
-30
-14
6
43
8
38
53
35
6
-10
5
32
56
63
2
-28
-48
4
73
115
643
920
689
229
-194
207
825
960
785
162
-201
208
762
1103
655
117
-53
95
330
396
474
231
-15
-118
-258
-228
-151
-248
-507
-932
-951
-747
-740
-907
-1155
-1201
-1170
-1048
-889
-961
-1068
-1159
-1133
-897
-713
-524
-571
-687
-684
-475
-135
-70
-45
-137
-299
-361
-390
-186
-55
-191
-394
-725
-841
-599
-622
-632
-1028
-791
646
1283
185
-1789
-1867
449
1951
1327
125
-787
-639
460
2280
2936
1022
-464
472
1838
1665
1276
2187
2499
1119
521
1516
2055
1450
1276
1438
513
-254
498
1108
19
-909
-139
17
-1486
-1978
-967
-796
-1838
-1959
-1128
-1534
-2135
-1317
-552
-1028
-1172
-54
492
-185
-269
764
1350
1207
1477
1863
1543
1475
2201
2741
2403
2032
2142
2000
1810
2020
1893
1303
1023
1135
1082
516
250
232
-189
-405
-270
-379
-924
-1247
-1206
-1202
-1390
-1350
-1273
-1591
-1699
-1576
-1389
-1338
-1228
-970
-1023
-1194
-1098
-960
-815
-627
-522
-610
-1046
-1249
-1105
-897
-705
-845
-1334
-1777
-1854
-1598
-1389
-1414
-1720
-2219
-2508
-2404
-2010
-1801
-1258
-93
611
-208
-1834
-1992
109
2264
2327
942
-262
9
1374
3089
3971
2784
961
807
2062
2750
2376
2381
2754
2023
802
784
1593
1612
903
517
106
-685
-963
-448
-517
-1518
-1850
-1421
-1816
-2779
-2622
-1601
-1662
-2547
-2327
-1536
-1492
-1669
-1028
-344
-397
-88
981
1291
803
1120
2259
2731
2269
2287
2731
2717
2625
3050
3232
2541
2007
2366
2564
2148
1750
1506
1178
949
1213
1250
572
10
2
99
85
180
149
-357
-722
-383
-3
-1
-141
-175
-178
-299
-149
130
117
87
209
70
-291
-538
-334
-13
-121
-435
-964
-1396
-1500
-1199
-926
-1277
-1806
-2269
-2262
-2096
-2064
-2159
-2420
-2557
-2344
-2243
-2494
-2672
-2856
-2302
-2239
-2518
-2808
-1721
1192
2527
420
-3075
-3122
1021
4768
4172
662
-2385
-1759
2132
6040
5970
1537
-1354
-222
2502
3588
3048
2505
1184
-106
331
1428
1753
1408
832
-186
-1697
-1479
-18
-125
-1390
-1940
-1502
-1883
-2938
-2879
-2169
-1962
-2070
-2249
-2423
-2495
-1883
-978
-879
-955
-434
274
570
551
887
1518
2096
2650
2617
2108
1901
2352
3003
3285
3230
2731
2045
1994
2601
2795
2044
1207
1156
1402
1366
1073
546
64
10
238
278
-108
-507
-710
-707
-483
-248
-280
-610
-843
-735
-480
-232
-126
-280
-445
-401
-221
-222
-420
-526
-489
-563
-675
-830
-1134
-1510
-1661
-1484
-1656
-2247
-2602
-2564
-2353
-2406
-2893
-3188
-3218
-2779
-2532
-3161
-4084
-4342
-4001
-2519
595
2934
1271
-3951
-5918
-864
5773
6322
1441
-2443
-1759
1863
5341
6802
4578
894
-22
2297
4133
3732
3478
4086
3432
1319
666
2043
3149
2590
1283
-77
-830
-417
133
-541
-1825
-1822
-1292
-2216
-3676
-3502
-2417
-2342
-3079
-2988
-2095
-2104
-2680
-2747
-1983
-710
402
773
67
-982
-503
1617
3284
3114
1770
1251
1920
2873
3399
3332
2638
1823
1798
2705
3181
2221
883
621
1316
1598
1119
415
-161
-510
-492
-160
152
-1
-518
-1050
-1196
-813
-236
113
51
-223
-617
-839
-456
473
1161
893
-127
-856
-676
179
923
755
-238
-1171
-1552
-1425
-991
-662
-1075
-2043
-2805
-2772
-2457
-2550
-2780
-2690
-2909
-3336
-3481
-3314
-3266
-3520
-3815
-3642
-3718
-2569
1306
3779
1339
-4527
-5919
665
7527
6750
862
-3339
-1804
3391
7779
8514
4149
-497
-210
3265
5620
5264
4545
3945
2249
900
1872
3764
4432
2892
556
-996
-840
746
1189
-192
-1548
-1613
-1510
-2598
-3576
-2764
-1758
-2058
-3093
-3636
-2913
-2112
-1847
-1944
-2173
-1488
-139
387
-55
-564
54
1721
2541
2321
1799
1720
2311
2685
2890
3190
2892
2488
2571
2966
2977
1880
1118
1511
2010
2024
1403
633
134
-159
209
800
645
-19
-783
-1112
-720
-189
225
144
-523
-1049
-1189
-707
142
526
242
-500
-926
-779
-471
-124
18
-255
-854
-1581
-1942
-1788
-1399
-1204
-1863
-3050
-3710
-3788
-3342
-3017
-3156
-3625
-4520
-4935
-4713
-4580
-4888
-5177
-5673
-3480
866
3012
-699
-7257
-6975
1312
7973
5645
-1048
-4404
-1123
4280
7989
7936
3804
321
538
3578
5851
6160
5793
4846
2674
1277
2338
4645
5625
3749
864
-1172
-673
1173
1600
-2
-1873
-2289
-2417
-3274
-3799
-2753
-2383
-3389
-4786
-4539
-2872
-2290
-2722
-3219
-2781
-1476
-224
72
-157
-534
430
2179
2940
2491
1537
1816
3185
4108
3984
3248
2344
2405
3267
4238
3993
2024
636
1002
2205
2315
1122
93
-194
-479
-666
-459
-134
-276
-1161
-1729
-1542
-906
-337
-236
-520
-856
-1051
-828
-179
700
1281
774
-315
-968
-365
916
1503
920
-380
-1337
-1687
-1413
-900
-585
-1347
-3029
-4272
-4228
-3232
-3102
-3921
-4776
-4931
-5064
-5251
-5900
-6261
-6585
-6228
-2065
2749
2478
-4911
-10805
-5572
6232
10350
3540
-4434
-5041
1431
7453
10173
8013
2737
-152
1633
5510
7574
7594
6704
4710
1710
1233
3619
6357
6165
2946
-399
-1726
7
2015
1579
-990
-2656
-2701
-2661
-3498
-3381
-2431
-3021
-4510
-5397
-3990
-2368
-2217
-2900
-3128
-2581
-1027
283
551
224
-335
712
2273
3049
2713
2343
2917
3741
3598
3233
3124
3077
3356
3608
3770
2676
1010
739
2039
3021
2131
15
-1290
-1132
-438
388
563
-44
-1333
-2423
-2181
-796
375
464
-388
-1256
-1370
-777
374
1243
1525
1139
322
-334
-206
914
2211
2150
612
-1030
-1788
-1156
-15
516
-455
-2611
-4193
-4015
-3033
-2751
-3688
-4763
-5472
-5859
-6378
-6763
-7285
-5954
-1419
2162
-202
-8314
-11691
-3962
6974
8181
329
-6136
-4513
2090
7466
9573
6736
1496
-739
1892
6140
8198
8108
6575
3428
629
1836
5641
7792
5471
1156
-1472
-1258
1169
2749
1567
-1458
-3551
-4044
-3864
-3596
-2237
-1510
-3454
-6390
-7256
-4600
-1880
-1449
-2916
-4056
-3640
-1531
295
850
512
329
1242
1840
1977
2317
3426
4324
4117
3389
3444
3410
2907
3069
4053
4549
2776
466
124
1660
3031
2801
895
-1251
-2313
-1747
-21
838
121
-1668
-3058
-2899
-1523
11
597
-325
-1797
-2255
-1097
878
1711
1369
745
172
-14
332
1505
2774
2470
901
-565
-1119
-528
355
775
180
-1746
-3622
-3970
-3589
-2816
-2974
-4033
-5956
-7805
-8560
-7992
-3465
2062
2833
-5375
-14188
-11507
1676
9759
4215
-5250
-8306
-2810
3901
8482
8907
4389
-597
-945
3203
7174
8992
8580
6513
2445
492
3008
7376
8869
5661
883
-1951
-563
2381
3397
1068
-1503
-2791
-3704
-4791
-4272
-1796
-1387
-3879
-6978
-6685
-4149
-2325
-2354
-2837
-3060
-2643
-1548
-483
762
1202
1688
1901
1728
1557
2474
3964
4683
4038
3192
3292
3148
3051
3340
4127
3537
1510
150
720
2020
1963
831
-550
-1389
-1889
-1379
-579
-485
-1538
-2814
-2923
-2315
-1516
-1134
-967
-1080
-1197
-1237
-725
149
1045
1611
1376
1130
943
1162
1533
2100
2568
2485
1287
-107
-501
93
851
181
-972
-2045
-2547
-3269
-3816
-4114
-4003
-4748
-6451
-8185
-7640
-2364
2348
726
-8222
-13483
-6936
4626
7207
-620
-7605
-6638
13
5489
8158
6199
1224
-1675
744
5735
8332
8407
6839
4026
1064
2021
6335
9312
7075
2145
-906
-805
1780
3281
2390
-375
-2360
-3347
-4165
-4602
-2929
-1065
-2630
-5958
-7693
-5574
-3148
-2357
-2608
-2701
-2880
-2512
-1389
10
1064
1243
1991
2513
2323
1770
2415
4022
4993
4526
3799
3345
2757
2658
3418
4298
3053
1009
344
1231
1598
671
-150
-667
-1509
-2205
-1492
-463
-610
-2426
-3499
-2766
-1394
-598
-999
-1767
-2309
-2053
-980
634
1394
1043
-109
-628
296
1709
2657
2406
1524
705
454
600
1053
1330
1010
-314
-1994
-2622
-1960
-1370
-1854
-3132
-4219
-5145
-6238
-6888
-5812
-1595
2089
504
-6867
-11945
-7109
3112
7174
1259
-5843
-6955
-2183
3446
7311
7331
2800
-1748
-1517
3319
7500
8622
7158
4477
1469
1072
4163
7629
8033
4647
774
-1280
-37
2506
3298
1280
-1305
-2958
-4125
-4673
-3581
-1243
-1481
-4577
-7347
-6755
-4182
-2440
-2304
-2865
-3332
-3278
-1927
-259
1103
1433
1475
1675
1807
2186
3028
4016
4287
3922
3549
3606
3394
3188
3400
3523
2616
1054
636
1491
1961
927
-417
-1079
-1377
-1822
-1560
-751
-839
-2050
-3302
-2908
-1765
-1115
-946
-997
-1338
-1914
-1937
-764
879
1544
1041
-30
-330
441
1627
2203
1960
1577
1352
863
192
272
956
1281
65
-1625
-2189
-2062
-2007
-2597
-3098
-3867
-5297
-6546
-5082
-272
2543
-737
-8121
-10208
-3316
4890
4961
-1661
-5954
-4450
200
3919
6104
5197
1317
-1556
-107
4022
6777
7029
5332
3075
1240
1939
4658
6548
5895
3101
439
-515
835
2257
2007
191
-1291
-2414
-3881
-4449
-3105
-1394
-2342
-4842
-6306
-5342
-3749
-2933
-2724
-2678
-2601
-2263
-1477
-696
355
1465
2413
2544
1992
1942
2946
4081
4469
4129
3718
3571
3299
3234
3418
3196
2039
956
946
1442
1217
-32
-889
-994
-1064
-1715
-2073
-1772
-1642
-2307
-3079
-2784
-1789
-1273
-1651
-2085
-2026
-1470
-762
-168
132
31
-118
-101
502
1352
1832
1474
767
504
855
1153
1061
895
427
-154
-1230
-1674
-1308
-759
-1268
-2953
-4453
-5133
-4495
-3933
-1326
1081
165
-4903
-8624
-4647
2647
5092
22
-4303
-3854
45
3296
4760
4526
2063
59
618
3540
5305
5687
5035
3675
2124
1891
3860
5318
4740
2347
866
562
1427
1778
799
-772
-1617
-1518
-2295
-3407
-3645
-2546
-2837
-4303
-4975
-4066
-3250
-3529
-3562
-2764
-1919
-1823
-1074
-189
416
526
1223
2458
3013
2692
2796
3663
4025
3948
3760
4118
4173
3776
3284
2820
2072
1473
1764
2167
1770
204
-1151
-1497
-1069
-895
-1065
-1404
-2125
-2972
-3592
-2808
-1276
-682
-1600
-2794
-2977
-1967
-770
53
496
67
-631
-1011
-361
1010
2074
1863
700
-387
-371
738
1487
1503
479
-807
-1606
-1567
-1096
-759
-1182
-2123
-3222
-4267
-4617
-4505
-3851
-3017
-911
-24
-1991
-5709
-6383
-1564
3476
3441
-1206
-3921
-2698
1196
4425
5499
4004
773
-443
1656
5074
6308
5577
3878
2376
1744
2803
5140
5610
3716
1017
-7
419
1420
1723
1022
-514
-2056
-2824
-3262
-2836
-1948
-1471
-3028
-5144
-5663
-4032
-2289
-1904
-2428
-3011
-2988
-2204
-416
821
969
608
1029
2055
2510
2542
3177
3996
3954
3505
3422
4058
4054
3413
3097
3091
2596
1800
1714
2010
1867
653
-455
-840
-686
-597
-629
-901
-1840
-2674
-2756
-1791
-961
-921
-1558
-2180
-2568
-2315
-992
333
592
-700
-1758
-1422
51
1126
1116
431
-322
-526
-299
422
861
397
-632
-1240
-1175
-1013
-793
-1019
-1601
-2742
-3433
-3233
-2726
-3538
-4385
-4169
-1964
552
163
-3222
-6335
-4068
1230
3822
583
-2949
-2724
93
2585
4023
4385
2477
239
328
3064
5176
5391
4944
3790
2282
1638
3706
5986
5877
3079
642
180
1110
2503
2631
1294
-990
-2756
-3333
-2410
-993
-501
-2305
-5409
-6497
-4705
-2107
-1532
-2795
-4387
-4590
-3718
-1963
-250
228
-471
-1081
-610
499
1781
2631
2936
2405
1912
2579
3698
3789
3290
3042
3124
2707
1973
2208
2718
2469
1447
734
504
133
-101
24
5
-627
-1517
-1752
-1141
-783
-992
-1652
-2079
-2007
-1638
-1061
-790
-907
-1297
-1333
-885
-375
-189
-221
-259
-289
-250
-44
11
-135
-380
-450
-523
-947
-851
-691
-686
-1394
-2321
-2427
-2668
-2752
-3195
-3066
-3091
-2647
-1106
-309
-1622
-4443
-4305
-973
1926
731
-2174
-2903
-1253
1028
2649
3555
2302
74
-683
1748
4516
5183
4638
3462
2610
2068
3676
6099
6696
4337
1559
896
2002
3912
4358
2826
-81
-1891
-1800
-673
234
46
-1510
-4337
-5673
-4466
-2060
-1300
-2580
-4314
-5122
-4664
-2900
-614
103
-1001
-2454
-2382
-909
744
1982
2504
1947
907
861
2199
3747
4190
3632
2790
2084
1868
2556
3624
3772
2833
1591
795
449
738
1577
1886
910
-704
-1406
-827
54
362
-84
-996
-1863
-2130
-1529
-618
-253
-717
-1559
-1923
-1297
-466
-161
-455
-701
-628
-588
-586
-513
-243
-440
-979
-1062
-723
-366
-784
-1518
-1724
-1640
-1729
-2206
-2563
-3036
-3111
-3017
-1495
359
-57
-2977
-5689
-3915
626
2768
115
-3665
-4314
-1651
1660
3623
3289
352
-2286
-1639
2272
5793
5790
3626
1385
784
2459
5806
7885
6629
2662
82
1220
4221
6430
5320
2023
-987
-1757
-415
1526
2077
522
-2508
-5167
-4903
-2697
-844
-1251
-3387
-5279
-5746
-4561
-2265
-521
-964
-2873
-4284
-3526
-1392
547
1348
858
-410
-1160
-172
2069
3924
3775
2314
1058
1101
2270
3749
4669
4133
2494
756
727
2326
3825
3647
1908
250
-275
286
1287
1829
1201
-190
-1530
-1776
-1042
-46
263
-617
-1778
-2279
-1798
-1007
-613
-642
-877
-1319
-1763
-1559
-923
-385
-646
-1244
-1402
-1132
-1007
-1022
-901
-836
-1144
-1771
-2116
-1828
-1472
-1583
-2157
-3375
-3727
-3077
-1018
518
-601
-3652
-5794
-3884
-18
1793
-352
-3262
-4001
-2377
341
2449
2752
450
-1790
-1249
1963
4475
4831
3961
2838
2032
2385
4886
7210
6991
4093
1920
2303
4269
5659
5026
3162
1183
352
308
1048
1588
1088
-1132
-3565
-3820
-2164
-972
-2048
-3647
-4379
-4169
-3949
-3317
-2479
-2545
-3596
-4177
-3211
-1886
-1354
-1456
-1183
-846
-769
-623
180
1197
1625
1667
1637
1892
2072
2470
3145
3464
3046
2373
2396
3134
3665
3303
2580
1901
1759
2016
2425
2431
1543
383
-76
419
915
789
-15
-872
-1228
-1021
-434
-147
-554
-1272
-1661
-1406
-865
-565
-709
-1157
-1456
-1309
-815
-567
-650
-1062
-1259
-1440
-1455
-1223
-877
-1037
-1990
-2702
-2719
-2336
-2642
-3152
-2912
-1534
-955
-2389
-4633
-5050
-2308
239
-158
-2853
-4358
-3350
-1203
838
2053
1462
-1276
-2555
-216
3818
5184
3702
2249
2114
2606
3873
6350
7629
5834
2527
1801
4157
6572
6628
4530
2400
1089
1238
2067
2907
2517
653
-1982
-3350
-2225
-108
372
-1771
-4214
-5194
-4479
-3188
-2009
-1938
-3610
-5699
-5789
-3737
-1640
-1283
-2185
-3324
-3838
-3055
-933
1092
1191
-74
-898
-319
988
2195
3240
3598
2802
1700
1507
2833
4348
4705
4024
2988
2211
2163
2855
3910
4093
2845
1184
451
907
1709
2132
1707
484
-896
-1370
-601
485
649
-357
-1751
-2407
-1915
-919
-289
-536
-1392
-2257
-2465
-1844
-869
-573
-1271
-2298
-2561
-2128
-1619
-1707
-2015
-2226
-2475
-2923
-3507
-3505
-3399
-3218
-3403
-2572
-1448
-1686
-3850
-5624
-3574
101
1092
-1882
-4465
-3966
-1403
796
2313
2526
14
-2499
-1459
3138
6015
5005
2746
1742
1867
3004
6014
8387
7116
2747
497
2637
6176
7426
5688
2950
795
385
1538
3420
3872
1913
-1503
-3630
-2698
-188
699
-1302
-4040
-5579
-5549
-4696
-3099
-2040
-3289
-6180
-7456
-5594
-2850
-1961
-2828
-3761
-4297
-4117
-2642
-245
1149
473
-771
-700
694
1921
2803
3642
3966
3222
2330
2744
4467
5622
5352
4537
3756
3365
3480
4417
5323
4766
2903
1628
1809
2618
2939
2417
1497
378
-295
-123
612
783
-90
-1234
-1668
-1183
-649
-747
-1544
-2167
-2244
-1834
-1692
-2069
-2476
-2699
-2468
-2279
-2309
-2532
-2774
-3027
-3020
-2833
-2575
-2680
-3244
-3659
-3452
-3039
-2777
-3193
-3673
-2654
-1179
-885
-3136
-5002
-3115
445
1259
-1132
-3067
-2346
-436
1084
2946
3234
758
-1410
204
4479
6199
4693
3170
3157
2968
3594
5975
8026
6579
2696
1615
3928
6328
6391
4877
2789
856
246
1484
3176
2596
72
-2704
-3907
-3271
-1599
-969
-2475
-5020
-6832
-6596
-5068
-3197
-2761
-4542
-6962
-7046
-4766
-2639
-2234
-2794
-3154
-3487
-3171
-1212
1170
1605
340
-332
752
2298
3170
3959
4499
3954
3100
3466
5098
6162
5645
4735
4503
4571
4643
4986
5369
4889
3593
2746
3019
3528
3205
2374
1741
1206
739
499
583
485
-410
-1383
-1733
-1498
-1360
-1576
-2071
-2593
-3081
-3294
-2979
-2737
-2784
-3186
-3550
-3821
-3692
-3278
-2749
-2613
-3130
-3513
-3503
-3008
-2697
-2722
-2959
-2770
-2506
-2448
-2995
-3291
-3049
-1897
-223
438
-772
-3521
-4087
-1059
2636
2707
-239
-2365
-1733
319
2757
4895
4360
999
-1449
460
4854
6812
5494
3335
1888
1224
2768
5860
7371
4656
458
-473
1692
3734
3788
2482
373
-1751
-2584
-1140
690
423
-2006
-4591
-5273
-3902
-2061
-1790
-3386
-5328
-6032
-5368
-3912
-2348
-1936
-3351
-5167
-4773
-2473
-454
-161
-801
-1339
-1804
-1289
863
3203
3221
1479
507
1686
3267
4143
4727
4826
3879
2691
3317
5365
6466
5408
4041
3806
4151
4307
4637
4926
4267
2681
1766
2365
3072
2669
1485
544
78
-113
-103
-56
-556
-1530
-2150
-2091
-1933
-2154
-2510
-2985
-3521
-3892
-3650
-3059
-3165
-4017
-4661
-4390
-3677
-3204
-3195
-3394
-3714
-3962
-3508
-2567
-1833
-1975
-2551
-2673
-2057
-1323
-859
-831
-993
-1286
-1408
-898
-183
1079
1761
1615
-24
-1403
-155
2817
4118
2244
-20
-367
1197
2550
4007
4291
2196
-560
-733
2236
4296
3522
1581
655
-176
-262
1557
3708
3125
-339
-2378
-1023
1337
2133
1538
140
-1630
-2539
-1450
876
1597
-13
-2240
-3103
-2425
-691
575
183
-1663
-3330
-3177
-1569
54
309
-853
-2653
-2998
-1615
265
999
390
-724
-1331
-843
713
2370
2532
1490
558
884
1941
3062
3729
3751
2970
2131
2436
3797
4882
4730
3779
3000
2996
3402
3999
4320
3670
2393
1630
1935
2564
2322
1253
301
-211
-380
-219
-140
-784
-2129
-3206
-2994
-2128
-2131
-3105
-4274
-4836
-4578
-3907
-3290
-3391
-4297
-5032
-4660
-3624
-2837
-2775
-3068
-3216
-3175
-2590
-1469
-547
-551
-1101
-1194
-509
431
923
1049
881
592
500
863
1261
1363
849
436
895
1672
1604
102
-1131
-632
891
1255
62
-1355
-1854
-1414
-344
833
614
-1180
-2647
-1853
173
1034
563
-80
-511
-926
-203
1821
3124
1842
-442
-663
1196
2826
3020
2359
1299
180
-9
1369
2847
2553
669
-993
-1293
-404
814
1201
167
-1720
-2772
-2142
-704
120
-319
-1630
-2788
-2637
-1210
261
334
-765
-1608
-1375
-242
1026
1687
1359
577
513
1620
2782
3146
2929
2922
3031
3049
3332
4006
4247
3637
3011
3085
3472
3162
2616
2407
2296
1676
895
654
666
202
-660
-1059
-1013
-1144
-1800
-2398
-2573
-2563
-2723
-2954
-3017
-3211
-3481
-3606
-3277
-2772
-2544
-2714
-2982
-2894
-2323
-1527
-1196
-1398
-1743
-1597
-935
-270
-27
-138
-368
-474
-147
316
606
359
-13
-141
-90
-54
-6
107
-120
-649
-1197
-1148
-1018
-805
-488
-82
-362
-1725
-2435
-1396
519
915
-318
-1622
-1637
-746
591
1775
1587
-15
-1409
-692
1333
2519
2249
1384
472
-65
618
2408
3470
2258
269
-262
911
2173
2539
2059
911
-362
-582
570
1638
1313
-156
-1178
-1275
-729
109
548
-136
-1623
-2447
-1559
108
752
162
-844
-1225
-816
65
1006
1321
827
98
121
873
1773
2152
2028
1595
1235
1353
1949
2571
2494
1955
1535
1599
1886
2008
1912
1683
1275
880
803
895
927
669
294
-16
-291
-331
-217
-279
-693
-960
-825
-612
-880
-1293
-1304
-1152
-1178
-1380
-1357
-1414
-1752
-2002
-1692
-1336
-1547
-2154
-2410
-2141
-1849
-1632
-1605
-1755
-2041
-1955
-1373
-800
-867
-1168
-1159
-900
-594
-315
130
348
67
-308
-78
564
934
616
170
81
214
291
297
329
181
-7
50
505
559
-257
-1129
-951
33
384
-329
-1298
-1569
-1312
-830
-282
-168
-954
-2099
-2212
-1080
155
361
-233
-1031
-1411
-899
525
1797
1662
330
-559
38
1477
2526
2609
1910
840
357
1047
2450
3151
2308
794
-24
440
1554
2236
1859
705
-384
-444
459
1422
1518
575
-578
-983
-422
543
1070
642
-298
-970
-734
105
805
821
330
-177
-276
144
821
1344
1346
1002
747
816
1097
1360
1507
1485
1213
780
557
719
911
768
433
105
-187
-462
-629
-488
-355
-589
-1032
-1278
-1280
-1273
-1263
-1114
-1050
-1384
-1788
-1717
-1273
-956
-996
-1088
-1164
-1296
-1210
-689
-106
-28
-385
-592
-320
121
509
734
772
467
114
231
702
994
767
314
13
-39
19
154
145
-201
-672
-1046
-1125
-1133
-1170
-1303
-1595
-1932
-1892
-1471
-1334
-1714
-2318
-2366
-1876
-1364
-1200
-1425
-1772
-1877
-1417
-610
-51
-207
-667
-779
-222
640
1267
1438
1203
917
1004
1682
2530
2894
2448
1778
1678
2222
2853
3015
2630
1939
1364
1339
1811
2146
1758
866
257
262
492
569
390
0
-517
-820
-554
-65
-36
-542
-939
-913
-667
-483
-342
-274
-398
-537
-397
-79
22
-47
-27
192
312
270
321
450
506
498
665
906
927
631
432
598
937
1132
1031
756
549
484
561
748
866
752
389
7
-20
279
561
488
43
-430
-572
-278
97
142
-256
-698
-849
-695
-452
-313
-372
-680
-1075
-1199
-854
-402
-374
-800
-1186
-1241
-1039
-801
-712
-851
-1154
-1392
-1409
-1236
-988
-876
-1034
-1395
-1622
-1403
-959
-810
-1000
-1204
-1263
-1220
-1100
-789
-585
-761
-1108
-1114
-704
-323
-165
-208
-297
-492
-499
-139
257
327
98
3
81
184
243
377
530
525
386
324
428
547
578
562
610
683
705
684
671
722
829
880
886
872
813
710
626
662
711
600
468
414
414
334
185
201
298
247
30
-50
144
340
242
163
271
318
224
207
490
788
728
570
667
847
949
1009
1207
1405
1326
1183
1256
1388
1342
1218
1226
1356
1267
1018
954
1055
1086
867
602
531
607
548
367
204
116
38
-124
-245
-309
-385
-509
-630
-699
-795
-881
-887
-873
-1012
-1232
-1316
-1235
-1198
-1281
-1274
-1223
-1221
-1299
-1300
-1177
-1113
-1069
-965
-875
-970
-1166
-1097
-771
-505
-463
-534
-582
-587
-446
-105
269
342
121
-125
-127
155
475
626
501
188
-34
15
216
337
213
-50
-294
-435
-410
-361
-421
-612
-866
-996
-1006
-925
-895
-1004
-1164
-1253
-1181
-1126
-1138
-1202
-1241
-1246
-1289
-1213
-1060
-944
-938
-929
-753
-533
-366
-215
-44
79
166
352
669
870
869
862
1011
1261
1449
1552
1630
1622
1578
1691
1959
2091
1943
1710
1671
1775
1847
1847
1771
1614
1390
1258
1292
1382
1350
1128
831
656
649
689
646
475
255
73
-34
-57
-36
-7
-94
-314
-529
-594
-455
-342
-439
-676
-816
-719
-579
-547
-601
-698
-802
-866
-741
-490
-375
-557
-815
-801
-511
-209
-138
-224
-353
-361
-190
96
301
304
239
218
352
531
643
693
680
662
668
662
642
647
657
589
451
300
219
144
49
-23
-121
-270
-466
-600
-690
-780
-877
-903
-949
-1098
-1278
-1338
-1269
-1231
-1237
-1269
-1246
-1328
-1440
-1415
-1223
-1023
-957
-987
-1041
-1061
-972
-706
-435
-318
-375
-450
-430
-314
-132
111
267
210
3
-50
209
557
691
540
354
300
420
634
809
821
627
426
457
681
854
846
733
577
468
488
636
725
620
430
297
289
290
303
324
291
138
-64
-115
2
102
21
-144
-292
-348
-293
-173
-112
-213
-368
-404
-280
-138
-1
65
-4
-132
-118
155
455
516
417
397
473
610
761
938
995
874
776
853
1019
1085
1034
977
945
864
880
987
1025
862
663
613
654
634
527
433
335
262
220
215
149
8
-108
-127
-121
-185
-301
-394
-390
-400
-421
-435
-456
-533
-667
-682
-584
-488
-510
-620
-704
-735
-704
-600
-501
-530
-647
-718
-667
-629
-589
-505
-433
-454
-566
-582
-453
-274
-218
-256
-294
-267
-222
-193
-118
-26
-1
-91
-156
-89
52
125
96
37
3
-31
-48
-29
-3
-23
-121
-202
-262
-306
-357
-408
-469
-573
-684
-748
-787
-862
-935
-975
-1003
-1069
-1125
-1153
-1165
-1151
-1128
-1074
-1041
-1055
-1033
-920
-768
-631
-539
-474
-413
-302
-79
143
267
320
409
561
734
918
1083
1138
1107
1119
1219
1392
1440
1378
1322
1300
1307
1281
1242
1211
1190
1089
925
771
721
723
681
582
471
389
302
241
253
276
194
74
17
70
107
79
52
45
89
135
174
141
72
95
223
290
206
121
163
235
200
150
165
187
131
84
102
134
86
39
59
58
31
-18
-47
-19
26
31
-23
-88
-91
-24
82
125
97
43
30
107
232
314
298
232
207
271
379
455
416
342
329
349
343
260
175
43
-72
-99
-82
-151
-397
-654
-754
-744
-767
-844
-1005
-1238
-1469
-1525
-1368
-1238
-1350
-1601
-1743
-1697
-1552
-1404
-1304
-1346
-1475
-1537
-1375
-1074
-894
-874
-894
-835
-707
-572
-407
-245
-185
-209
-172
-6
164
243
273
322
398
458
514
577
622
616
603
644
717
780
819
823
799
776
798
852
875
861
827
813
809
788
762
754
765
784
804
782
732
710
730
724
693
654
587
524
489
477
449
388
331
276
182
105
108
149
123
21
-20
8
52
81
103
140
140
100
117
222
315
318
268
297
386
422
413
438
524
579
568
566
625
680
672
639
617
590
539
498
486
454
355
232
157
103
48
38
9
-153
-381
-507
-459
-425
-500
-630
-770
-912
-1012
-958
-844
-838
-977
-1128
-1184
-1131
-1038
-968
-980
-1090
-1207
-1202
-1079
-971
-926
-953
-1018
-1112
-1137
-1024
-878
-865
-974
-1024
-975
-919
-893
-805
-684
-630
-674
-645
-501
-370
-336
-290
-161
-68
-38
-3
110
253
343
441
516
523
556
665
825
904
881
890
921
942
970
1020
1036
939
782
695
684
681
615
471
305
156
70
37
26
1
-100
-235
-315
-326
-283
-245
-294
-378
-411
-389
-338
-252
-122
-49
-81
-102
6
200
356
405
414
445
504
625
779
888
894
832
824
919
1047
1164
1213
1172
1094
1047
1097
1196
1237
1174
1036
935
912
916
873
779
688
570
403
281
251
249
200
44
-111
-185
-209
-253
-327
-438
-576
-722
-833
-887
-889
-879
-980
-1164
-1286
-1259
-1185
-1203
-1292
-1373
-1410
-1447
-1438
-1353
-1260
-1262
-1295
-1273
-1215
-1175
-1130
-1013
-924
-915
-899
-805
-674
-555
-434
-282
-177
-138
-75
73
225
276
292
367
454
498
514
550
614
655
656
646
635
609
601
662
676
560
402
302
266
239
205
154
29
-143
-255
-235
-185
-230
-342
-427
-485
-525
-503
-432
-409
-510
-610
-588
-507
-456
-411
-317
-246
-266
-310
-228
-60
50
84
90
90
108
232
441
577
593
565
604
747
924
1060
1135
1115
1070
1120
1273
1412
1429
1399
1396
1451
1486
1491
1489
1481
1420
1322
1248
1217
1188
1084
930
772
646
535
479
434
297
90
-99
-232
-330
-451
-576
-698
-860
-1026
-1141
-1189
-1222
-1305
-1375
-1392
-1409
-1455
-1468
-1383
-1280
-1259
-1288
-1272
-1195
-1102
-1013
-898
-822
-798
-783
-648
-434
-304
-273
-246
-148
-1
158
266
328
321
311
372
507
597
572
500
411
350
339
376
375
250
81
5
7
-3
-77
-140
-179
-245
-331
-370
-326
-297
-328
-387
-433
-469
-482
-449
-410
-423
-470
-497
-487
-446
-402
-348
-318
-348
-389
-381
-316
-247
-229
-277
-324
-331
-267
-171
-87
-37
-57
-112
-107
19
192
261
210
180
239
354
486
629
718
733
738
805
960
1128
1208
1182
1075
1013
1043
1106
1116
1051
946
828
719
722
788
789
644
417
302
295
331
310
179
-27
-222
-308
-287
-265
-353
-532
-683
-701
-639
-606
-620
-673
-742
-772
-679
-528
-452
-504
-569
-521
-398
-319
-272
-195
-161
-189
-199
-105
41
106
82
60
86
138
163
183
183
110
3
-56
-44
-43
-107
-193
-269
-333
-372
-363
-342
-361
-417
-452
-484
-466
-422
-370
-332
-367
-406
-452
-412
-336
-294
-325
-389
-400
-406
-382
-349
-290
-247
-264
-284
-249
-189
-176
-168
-154
-108
-59
-8
43
90
130
189
256
311
355
364
379
390
427
503
582
625
630
630
663
698
761
839
912
941
890
854
853
882
908
892
810
687
591
533
468
379
278
151
-8
-147
-218
-248
-312
-441
-562
-624
-681
-719
-747
-753
-781
-841
-848
-780
-679
-624
-597
-560
-477
-370
-260
-147
-82
-44
-8
79
218
328
421
464
462
486
575
714
795
783
735
712
706
690
689
673
612
486
378
343
337
320
235
119
-3
-118
-161
-162
-199
-299
-417
-476
-504
-507
-516
-522
-566
-632
-630
-585
-528
-521
-529
-510
-457
-434
-407
-353
-338
-392
-450
-423
-395
-385
-405
-394
-374
-383
-406
-416
-374
-316
-296
-290
-284
-263
-164
-39
45
73
111
212
355
477
547
597
644
714
795
880
952
972
969
1010
1075
1133
1149
1143
1118
1056
996
949
937
874
722
566
469
405
328
226
122
12
-104
-186
-263
-342
-452
-554
-622
-678
-735
-802
-866
-944
-960
-914
-877
-884
-931
-944
-876
-777
-679
-621
-585
-540
-453
-319
-218
-168
-131
-110
-51
47
144
223
252
269
299
336
353
393
451
456
414
382
392
390
362
359
374
356
305
250
231
247
222
165
115
76
38
-14
-48
-78
-97
-126
-176
-209
-240
-283
-336
-363
-395
-436
-497
-535
-544
-573
-601
-633
-635
-648
-663
-663
-666
-685
-705
-682
-631
-593
-582
-531
-466
-423
-354
-238
-98
-4
54
128
209
289
356
431
501
541
548
599
677
702
704
737
816
854
863
836
818
826
822
793
757
733
635
550
496
446
408
326
222
168
131
73
48
42
13
-45
-99
-121
-129
-176
-237
-258
-273
-345
-426
-460
-452
-473
-508
-522
-536
-550
-595
-559
-482
-453
-470
-483
-461
-427
-386
-325
-278
-270
-275
-258
-164
-73
-22
23
76
107
155
278
407
491
513
521
573
657
729
759
755
729
719
730
771
801
784
719
619
565
565
581
534
403
257
136
52
23
-12
-110
-245
-380
-486
-528
-532
-555
-611
-715
-805
-851
-810
-748
-745
-772
-791
-762
-674
-566
-493
-433
-396
-357
-308
-212
-101
-18
6
1
37
105
183
240
286
288
272
267
324
391
400
369
349
352
354
391
447
465
415
356
332
347
357
346
308
267
194
167
213
279
277
206
140
118
182
212
206
153
53
-43
-75
-49
-45
-95
-210
-327
-381
-362
-349
-359
-430
-546
-627
-655
-656
-669
-704
-771
-791
-756
-704
-660
-652
-625
-580
-521
-440
-339
-257
-235
-187
-116
-40
37
135
206
241
280
327
440
542
587
606
588
582
621
692
731
708
667
613
570
551
566
543
435
312
238
216
179
113
39
-22
-70
-99
-114
-115
-154
-205
-246
-278
-290
-313
-324
-357
-396
-413
-415
-429
-450
-471
-465
-431
-423
-434
-453
-461
-440
-406
-361
-317
-287
-307
-309
-254
-197
-162
-173
-197
-228
-194
-109
-57
-58
-88
-81
-21
80
166
229
243
245
281
345
417
455
439
400
369
384
434
467
459
402
357
331
313
307
300
263
158
46
-24
-44
-63
-104
-165
-266
-335
-350
-354
-369
-396
-434
-475
-490
-469
-442
-409
-405
-409
-386
-379
-341
-265
-174
-139
-152
-146
-79
36
112
154
179
196
218
265
343
412
413
395
385
400
434
458
470
440
404
392
418
421
422
422
407
406
397
416
429
418
392
389
409
419
408
362
336
333
358
366
318
268
235
236
251
218
159
113
59
22
8
-1
-34
-94
-166
-214
-227
-265
-328
-389
-456
-514
-550
-569
-540
-533
-558
-536
-460
-378
-328
-299
-290
-244
-174
-122
-94
-99
-116
-118
-86
-26
0
18
34
44
91
132
181
202
190
190
168
147
124
117
106
62
3
-30
-4
5
5
-45
-96
-91
-59
-29
-34
-44
-68
-52
-7
41
63
72
82
77
69
79
102
97
75
11
-25
-8
4
14
10
10
-3
-18
-6
20
31
5
-46
-111
-151
-151
-161
-183
-216
-243
-257
-234
-184
-151
-157
-152
-122
-82
-39
-9
23
44
60
70
106
137
137
132
164
200
218
205
184
191
199
185
184
182
177
163
130
131
157
168
157
146
156
157
137
133
90
28
-3
-10
-62
-114
-171
-208
-203
-189
-156
-162
-196
-202
-200
-201
-172
-175
-202
-249
-273
-244
-216
-204
-226
-235
-251
-241
-226
-247
-273
-302
-321
-326
-290
-267
-260
-255
-248
-216
-176
-123
-95
-81
-86
-81
-29
42
91
92
101
124
155
202
266
299
303
278
275
314
357
385
368
344
328
327
310
304
291
241
186
146
95
46
41
32
12
-7
-67
-123
-131
-131
-156
-196
-252
-275
-245
-210
-168
-151
-137
-126
-114
-72
-16
-2
-16
-36
-26
33
67
93
128
135
139
176
212
243
247
217
189
178
198
209
217
201
167
159
193
225
226
217
217
211
218
243
269
296
279
265
267
301
323
308
275
260
271
274
266
243
198
145
131
123
120
82
11
-60
-105
-122
-135
-141
-181
-243
-272
-245
-226
-227
-267
-291
-305
-328
-318
-298
-252
-221
-201
-186
-151
-66
0
12
-4
11
27
54
110
150
151
130
158
225
279
303
287
266
262
269
262
245
217
163
124
93
70
72
61
32
-9
-50
-80
-81
-117
-173
-220
-262
-263
-277
-292
-306
-320
-327
-311
-261
-242
-242
-232
-217
-221
-246
-227
-206
-199
-205
-240
-240
-212
-167
-149
-144
-141
-152
-139
-102
-71
-88
-115
-104
-85
-65
-58
-42
-15
-5
-5
1
34
79
107
86
79
88
101
154
201
214
177
161
204
230
214
194
160
109
106
118
119
125
98
75
73
76
71
52
14
-60
-107
-131
-127
-125
-162
-209
-244
-238
-217
-205
-212
-236
-264
-271
-228
-172
-132
-135
-136
-96
-47
4
60
77
56
33
54
86
107
138
151
168
177
187
201
272
320
294
270
243
227
211
208
205
201
168
131
112
123
165
162
134
109
80
59
48
63
63
33
-1
-36
-44
-56
-46
-43
-96
-146
-193
-216
-184
-147
-150
-186
-235
-275
-277
-260
-252
-289
-369
-420
-432
-398
-354
-341
-355
-358
-354
-322
-276
-247
-226
-228
-221
-202
-155
-79
-22
-4
8
47
113
176
227
264
268
243
252
295
330
349
342
363
377
390
398
404
408
380
339
294
276
259
224
180
159
158
155
127
109
114
103
83
74
48
5
-11
6
37
22
-4
2
32
59
63
51
40
36
17
18
17
6
-13
-46
-15
35
43
39
45
52
51
53
79
108
107
90
71
67
96
137
164
162
152
155
190
247
277
277
259
247
259
266
288
317
309
284
249
241
248
247
222
168
103
56
34
15
3
-28
-63
-106
-124
-124
-145
-175
-226
-263
-298
-329
-358
-388
-425
-461
-473
-469
-474
-469
-465
-487
-475
-444
-434
-443
-447
-433
-412
-384
-348
-330
-338
-317
-298
-264
-224
-197
-176
-187
-166
-132
-123
-118
-120
-121
-129
-126
-122
-131
-132
-128
-117
-86
-67
-69
-60
-33
0
27
46
47
40
23
22
35
46
44
35
37
47
73
89
101
99
60
32
32
44
31
21
7
-13
-5
27
33
4
-23
-50
-64
-72
-65
-66
-85
-86
-78
-44
15
57
68
59
85
138
170
202
215
243
273
294
328
358
395
422
449
478
506
498
490
503
492
484
464
434
415
385
373
336
304
265
218
180
124
88
62
54
38
-15
-40
-34
-37
-56
-71
-83
-118
-147
-148
-145
-144
-124
-105
-95
-86
-78
-63
-57
-35
-42
-78
-95
-100
-101
-89
-74
-66
-67
-47
-24
-17
-2
-4
-21
-41
-49
-62
-83
-106
-114
-125
-145
-143
-144
-125
-131
-166
-166
-155
-144
-152
-143
-152
-159
-136
-103
-93
-111
-118
-123
-129
-137
-143
-159
-188
-195
-188
-199
-213
-222
-219
-212
-195
-211
-235
-234
-227
-217
-209
-187
-170
-167
-149
-118
-92
-65
-44
-28
-10
2
19
40
56
73
84
104
122
129
160
184
203
219
224
229
230
233
240
257
278
282
269
264
274
281
259
240
209
158
123
119
111
104
86
65
71
88
98
94
73
70
68
53
48
44
36
21
16
39
51
62
66
74
85
79
90
95
89
76
61
58
73
92
106
110
109
114
120
119
133
143
136
123
127
136
128
124
105
112
113
106
86
56
57
36
3
-10
-20
-46
-64
-79
-80
-87
-104
-111
-127
-156
-163
-165
-186
-227
-274
-289
-285
-274
-291
-319
-337
-349
-338
-319
-321
-348
-374
-372
-354
-334
-336
-341
-322
-279
-243
-227
-183
-143
-116
-72
-41
-10
18
42
61
81
91
92
100
93
91
93
90
80
75
87
97
106
112
107
103
97
85
88
87
69
29
18
13
10
29
44
30
8
-1
7
11
6
-4
-30
-50
-56
-55
-40
0
16
24
42
70
116
160
175
155
137
151
137
136
159
145
128
132
172
209
214
215
220
222
211
206
211
215
202
178
196
222
241
239
237
251
267
266
244
223
155
101
73
44
15
-30
-67
-70
-83
-127
-173
-205
-211
-197
-205
-247
-274
-299
-326
-356
-359
-336
-338
-339
-340
-329
-339
-344
-335
-318
-293
-294
-285
-270
-271
-237
-200
-183
-151
-96
-77
-80
-46
-9
50
130
173
171
177
198
206
233
231
204
199
195
185
186
198
195
152
95
64
35
34
11
-19
-33
-27
-27
-29
-60
-87
-76
-70
-83
-99
-103
-111
-144
-172
-175
-212
-238
-254
-210
-190
-151
-132
-119
-86
-103
-115
-125
-104
-98
-72
-60
-40
-57
8
74
342
853
860
296
-163
-17
563
887
1242
1827
1811
1296
565
333
36
-344
-54
460
709
375
683
787
57
-449
-401
186
297
201
291
48
-507
-574
-701
-1434
-1772
-1421
-1086
-937
-857
-852
-1013
-1260
-1383
-1589
-1530
-1210
-901
-421
-62
18
130
242
153
-85
108
566
784
943
1076
1137
1016
873
750
499
397
483
656
869
969
1016
825
517
375
386
429
370
297
326
256
-51
-155
-195
-451
-624
-498
-366
-363
-321
-172
-191
-399
-383
-177
-101
-202
-112
98
115
131
209
152
25
158
335
391
364
170
161
197
43
-13
-21
-89
-270
-382
-364
-348
-380
-469
-495
-485
-504
-505
-474
-561
-646
-530
-396
-432
-443
-336
-349
-341
-265
-165
-91
-110
-30
37
105
215
240
235
183
123
117
166
174
135
131
175
117
-23
-79
-146
-179
-162
-86
-13
-36
-93
-178
-179
-140
-112
-88
-83
-4
63
151
222
134
40
-30
-78
-62
21
122
98
35
87
64
-57
-88
-37
9
35
172
285
259
163
96
115
41
-79
-110
-87
-95
-130
-38
72
62
33
64
106
99
132
222
309
369
401
444
391
281
234
235
272
289
320
314
271
237
183
122
28
-31
-12
7
0
22
66
78
33
10
9
-16
-51
-52
-1
36
103
141
98
15
-55
-75
-62
2
114
224
250
220
204
162
109
69
84
132
160
180
166
128
52
-61
-99
-122
-128
-125
-169
-195
-211
-227
-254
-308
-316
-283
-237
-220
-181
-138
-165
-199
-216
-228
-231
-238
-226
-212
-205
-215
-218
-181
-162
-133
-65
-2
-12
-25
-30
-44
-34
-33
-37
-45
-56
-65
-59
-74
-73
-54
-40
40
165
228
221
229
212
190
188
206
237
230
212
191
158
148
153
113
125
136
105
83
88
89
98
101
82
70
43
29
9
-30
-17
13
10
10
-11
-48
-70
-67
-65
-56
-42
-41
-65
-107
-148
-159
-176
-205
-168
-103
-102
-98
-87
-92
-107
-144
-115
-28
40
77
109
136
131
113
104
111
128
161
178
179
191
229
262
240
190
165
173
156
172
191
204
193
175
166
142
146
156
138
133
111
69
28
-77
-172
-214
-230
-267
-290
-276
-303
-338
-367
-370
-387
-396
-343
-296
-296
-325
-308
-308
-298
-282
-313
-342
-360
-347
-331
-332
-305
-282
-270
-244
-209
-173
-129
-100
-89
-60
-8
41
86
125
151
138
129
144
153
201
253
298
316
311
318
304
299
302
317
368
431
474
482
478
441
381
337
331
331
292
230
200
163
81
-4
-59
-73
-94
-114
-83
-69
-88
-95
-98
-130
-163
-184
-202
-238
-243
-202
-205
-259
-308
-320
-296
-263
-222
-152
-89
-76
-57
12
72
100
92
112
149
183
225
250
259
222
205
205
201
184
157
137
135
108
78
92
93
88
88
107
155
158
119
62
17
-14
-46
-53
-73
-120
-160
-189
-213
-235
-258
-262
-240
-221
-203
-183
-189
-205
-199
-188
-156
-113
-71
-32
-23
-22
-19
-28
-72
-116
-94
-49
-14
-23
-46
-76
-130
-134
-129
-103
-47
7
38
47
50
79
87
57
36
42
57
65
46
45
73
78
70
64
63
49
25
15
26
12
-6
-20
-73
-118
-144
-140
-105
-90
-82
-57
-59
-70
-79
-72
-89
-124
-103
-68
-75
-82
-53
-24
-32
-67
-69
-43
-32
-24
1
22
55
47
0
-42
-29
25
64
71
102
159
157
127
130
141
155
136
149
210
241
257
253
247
224
203
196
183
215
256
271
272
224
183
148
111
93
88
96
83
83
99
77
16
-47
-68
-64
-56
-47
-47
-67
-97
-121
-139
-151
-159
-185
-163
-120
-85
-93
-122
-138
-170
-197
-196
-177
-151
-120
-89
-70
-68
-72
-75
-66
-64
-15
35
81
116
106
102
101
107
115
126
160
200
243
266
256
226
175
148
162
192
205
221
219
175
143
111
88
60
41
18
-12
-18
-20
-56
-122
-176
-191
-198
-219
-230
-213
-213
-228
-247
-271
-276
-278
-290
-272
-220
-189
-188
-194
-194
-207
-210
-209
-191
-151
-125
-88
-58
-58
-79
-106
-104
-90
-61
-27
8
47
50
52
48
42
12
-12
3
30
58
69
64
35
11
27
56
84
115
153
201
218
193
158
120
104
79
49
58
72
61
53
65
65
35
9
2
10
20
45
47
20
7
-10
-49
-81
-82
-85
-92
-82
-54
-51
-60
-68
-75
-80
-81
-33
29
62
71
91
114
126
130
132
154
159
165
190
182
162
124
77
49
14
-11
-5
19
40
49
60
88
100
82
65
61
65
54
27
7
-7
-42
-82
-109
-116
-118
-128
-115
-110
-115
-120
-134
-138
-144
-139
-112
-79
-63
-76
-95
-91
-86
-99
-100
-102
-119
-122
-108
-102
-112
-122
-130
-129
-112
-88
-54
-52
-61
-45
-12
28
42
47
59
74
93
105
94
60
30
17
23
47
80
78
60
80
115
130
134
135
137
132
120
135
135
97
60
46
44
39
23
-3
-23
-32
-32
-8
-10
-28
-35
-21
6
20
35
29
14
14
10
9
5
-2
2
8
9
-8
-7
6
-4
-16
-7
25
36
25
17
17
28
23
10
0
-31
-47
-73
-97
-95
-116
-140
-151
-141
-118
-91
-61
-31
-10
4
25
62
71
62
71
81
73
72
87
88
77
64
56
56
62
59
51
40
44
56
67
68
67
65
70
84
98
87
66
47
37
26
4
-13
-20
-32
-48
-47
-15
-4
-27
-37
-35
-21
-12
-11
-4
2
-4
-22
-42
-72
-109
-138
-145
-143
-144
-142
-152
-170
-184
-182
-153
-138
-141
-135
-137
-141
-141
-134
-119
-109
-83
-40
3
28
34
47
57
57
58
69
90
95
93
81
77
87
65
42
56
88
103
92
88
78
58
37
23
30
36
42
52
55
35
16
13
5
-4
-2
6
13
15
9
16
10
-12
-14
-7
-6
-15
-14
1
6
-3
-15
-25
-46
-69
-56
-41
-40
-49
-58
-58
-60
-62
-60
-47
-19
16
51
73
70
62
57
52
63
88
114
129
132
139
144
140
123
111
117
121
118
109
82
47
21
-1
-16
-17
-20
-43
-66
-82
-86
-92
-113
-126
-121
-105
-99
-95
-93
-98
-90
-84
-77
-56
-58
-70
-72
-49
-19
-17
-17
-2
11
10
8
20
28
22
18
29
47
49
45
47
48
52
58
71
75
63
47
44
43
41
39
39
37
41
52
54
52
37
8
-10
-21
-33
-51
-68
-84
-99
-109
-120
-123
-131
-142
-141
-127
-107
-108
-115
-107
-97
-89
-76
-55
-35
-26
-20
-4
17
25
33
46
65
88
100
111
118
107
105
110
105
97
92
86
65
49
47
40
23
2
-13
-23
-25
-33
-53
-64
-59
-53
-55
-49
-31
-25
-28
-18
4
16
11
0
1
12
12
3
7
15
8
6
17
23
16
6
4
12
14
3
-5
-9
-10
-4
12
22
20
11
4
14
29
44
59
68
75
89
94
91
84
75
78
100
113
109
95
80
57
35
31
24
12
3
-2
-5
-21
-56
-98
-115
-110
-102
-89
-73
-64
-70
-80
-86
-92
-90
-76
-53
-33
-7
7
-6
-24
-20
-8
0
12
22
24
18
1
-22
-36
-43
-53
-57
-54
-46
-45
-51
-54
-59
-65
-70
-68
-62
-55
-50
-46
-38
-27
-22
-19
-9
8
22
35
61
81
83
73
67
71
67
56
55
57
48
38
32
20
-3
-20
-29
-26
-18
-19
-28
-35
-40
-46
-40
-19
-9
-6
2
19
29
26
19
24
40
47
45
45
48
44
30
30
52
58
40
34
41
41
22
5
0
-4
-19
-31
-31
-26
-34
-43
-41
-34
-34
-36
-29
-14
-7
-11
-13
-8
-5
-5
2
16
23
18
13
13
17
13
5
-2
-13
-26
-31
-32
-25
-27
-31
-30
-20
-17
-26
-21
-11
-9
2
17
20
16
12
16
30
51
61
55
57
68
75
77
78
74
60
47
49
52
43
31
21
15
8
-6
-27
-45
-48
-45
-37
-32
-44
-69
-83
-80
-69
-56
-46
-44
-44
-36
-25
-26
-40
-48
-40
-27
-16
-6
-5
-17
-27
-25
-15
-9
-3
3
11
15
15
13
5
3
11
26
40
45
41
33
35
45
51
58
66
67
67
72
70
59
50
50
53
55
48
33
17
8
0
-7
-16
-32
-54
-69
-65
-59
-65
-80
-90
-94
-93
-84
-71
-65
-64
-62
-58
-56
-52
-49
-45
-31
-10
10
20
23
26
28
35
45
49
46
50
62
69
65
59
50
37
31
36
50
61
57
45
37
29
11
-9
-7
11
25
31
37
32
6
-16
-11
3
7
5
-1
-1
-3
-15
-29
-33
-37
-49
-51
-39
-30
-40
-51
-58
-63
-71
-75
-68
-49
-35
-30
-27
-23
-17
-17
-13
3
13
12
17
35
42
35
25
28
33
32
34
40
42
38
41
48
46
30
7
-4
4
17
26
29
24
9
-10
-19
-13
-6
-3
1
8
8
-5
-22
-28
-22
-17
-16
-9
-2
-3
-10
-14
-21
-34
-50
-53
-41
-32
-27
-31
-41
-53
-59
-60
-53
-36
-26
-24
-20
-16
-16
-23
-26
-17
-2
4
10
20
29
28
21
21
20
21
23
32
42
48
49
45
40
34
26
20
26
34
46
55
50
33
14
3
7
21
37
44
44
37
24
14
11
13
12
14
19
24
22
10
-7
-26
-40
-46
-39
-23
-18
-29
-46
-63
-75
-81
-83
-78
-60
-45
-37
-40
-46
-51
-50
-41
-25
-7
8
18
20
18
11
10
17
31
44
57
69
74
69
60
55
54
54
55
58
63
62
64
59
38
18
12
17
23
22
22
17
0
-21
-36
-45
-42
-32
-27
-26
-34
-43
-54
-61
-61
-59
-61
-64
-60
-54
-60
-67
-71
-73
-71
-64
-46
-31
-25
-32
-34
-31
-23
-15
-7
7
22
34
42
43
41
46
58
73
82
91
92
87
77
65
62
72
78
73
68
62
51
35
23
22
23
14
1
-10
-20
-27
-36
-42
-48
-53
-55
-53
-52
-48
-51
-64
-72
-69
-67
-67
-62
-52
-47
-48
-51
-48
-36
-30
-26
-18
-9
-5
-2
1
2
7
11
17
21
28
37
46
53
55
53
51
49
51
51
51
56
56
52
44
40
36
36
38
41
39
34
27
15
2
-7
-8
-5
-2
-5
-13
-23
-25
-22
-26
-34
-36
-32
-32
-34
-35
-35
-35
-35
-31
-20
-15
-14
-10
-3
0
-1
-6
-6
-2
0
2
1
1
1
2
3
5
10
12
12
9
13
14
11
9
12
17
19
15
10
9
9
9
12
17
13
4
-2
-2
-2
-1
1
8
11
9
8
9
9
8
8
9
6
-2
-4
-1
-1
-9
-17
-18
-13
-3
2
2
-2
-7
-11
-10
-10
-8
-12
-14
-15
-17
-25
-31
-30
-25
-20
-22
-21
-16
-17
-26
-34
-32
-25
-21
-20
-17
-12
-13
-17
-13
-8
-5
-7
-5
-2
-1
-2
-1
3
4
3
7
15
24
30
28
25
20
17
14
10
9
8
10
6
2
-2
-3
0
6
9
7
6
6
5
0
-5
-6
-9
-14
-15
-11
-8
-10
-15
-14
-12
-11
-12
-10
-9
-9
-13
-14
-11
-6
-3
1
8
12
15
14
16
18
18
14
18
23
23
22
20
19
21
25
32
36
36
33
28
24
23
22
17
14
7
6
5
4
1
-7
-13
-14
-13
-13
-17
-17
-19
-26
-32
-35
-35
-34
-33
-30
-31
-36
-40
-38
-34
-30
-29
-27
-18
-11
-12
-16
-18
-12
-6
-4
3
7
5
0
1
5
7
7
9
14
17
18
20
23
25
24
24
24
27
29
25
24
22
15
10
5
8
11
11
6
1
-3
-4
-1
2
-3
-10
-9
-8
-7
-8
-9
-8
-9
-13
-18
-18
-14
-10
-10
-12
-15
-21
-23
-20
-11
-3
-2
-5
-4
1
2
0
-1
3
8
11
17
22
21
16
14
17
24
26
26
27
27
22
20
20
19
14
13
16
15
15
12
11
10
6
-1
-5
-2
0
-3
-8
-12
-15
-12
-9
-7
-11
-17
-23
-27
-25
-25
-29
-31
-27
-27
-28
-31
-31
-23
-16
-11
-6
-5
-5
-5
-1
8
11
12
15
17
18
15
13
15
20
23
24
24
22
16
14
13
15
15
14
18
20
21
19
18
15
15
13
12
10
7
0
-6
-9
-12
-13
-14
-12
-10
-10
-17
-22
-24
-23
-18
-15
-16
-21
-25
-24
-22
-15
-9
-7
-4
0
1
-3
-6
-5
-3
0
2
0
-3
-4
-1
2
4
5
8
11
16
16
13
13
16
22
26
27
22
21
22
20
19
19
16
11
8
8
2
-3
-8
-14
-12
-10
-6
-2
-3
-7
-10
-10
-7
-3
0
2
-3
-7
-10
-13
-12
-8
-6
-6
-9
-16
-16
-10
-8
-7
-6
-4
-2
2
5
8
14
18
27
30
31
32
31
31
30
31
31
30
27
23
20
12
6
6
5
4
6
6
2
-2
-4
-6
-1
3
5
6
5
4
3
-1
-3
-2
-2
-1
-3
-9
-19
-27
-34
-33
-32
-33
-35
-37
-41
-40
-38
-34
-26
-23
-18
-13
-9
-8
-4
1
6
12
16
21
23
18
14
10
9
10
9
7
2
-4
-9
-9
-6
-3
1
2
1
3
4
5
10
12
13
8
5
3
5
6
4
2
1
-3
-6
-10
-17
-22
-25
-30
-28
-26
-24
-21
-23
-24
-22
-21
-13
0
6
13
15
11
10
10
13
17
17
15
14
9
2
1
0
0
2
-1
-4
-6
-11
-13
-6
1
8
15
14
13
12
15
22
26
28
31
31
31
31
29
22
13
6
5
7
10
8
4
0
-8
-14
-13
-11
-4
0
0
-1
-2
-4
3
7
6
8
6
1
1
1
1
0
-6
-12
-16
-22
-26
-26
-31
-32
-30
-30
-28
-26
-28
-24
-21
-19
-12
-8
-5
3
8
10
12
13
15
21
20
20
18
17
17
15
14
11
6
1
-4
-6
-8
-9
-6
-3
-1
0
-4
-6
-9
-9
-3
6
14
15
13
8
1
1
-2
-3
-4
-12
-18
-21
-27
-29
-33
-37
-34
-31
-32
-25
-24
-23
-20
-17
-8
6
13
17
21
19
24
29
35
45
48
44
39
30
24
19
15
13
10
8
1
-4
-6
-11
-11
-11
-9
-2
3
5
7
8
12
14
18
22
24
26
18
11
7
2
-2
-6
-16
-24
-33
-44
-46
-47
-48
-44
-42
-38
-33
-28
-21
-13
-6
8
20
28
37
39
37
36
37
37
38
38
30
16
3
-8
-15
-19
-23
-27
-34
-42
-42
-38
-33
-25
-20
-8
3
11
18
20
27
33
38
42
42
39
31
18
8
-2
-10
-15
-20
-26
-34
-44
-48
-50
-48
-41
-33
-25
-13
0
9
16
27
36
45
51
52
52
48
40
31
27
22
16
7
-7
-21
-31
-40
-41
-41
-38
-35
-33
-28
-19
-10
3
14
25
36
45
53
56
56
56
50
48
45
37
25
8
-9
-18
-27
-35
-41
-48
-50
-51
-51
-45
-35
-22
-9
3
13
23
28
29
33
38
43
44
40
33
20
6
-10
-19
-27
-37
-46
-56
-63
-66
-67
-64
-56
-45
-31
-20
-10
5
15
27
37
48
59
64
65
60
50
36
23
12
8
2
-7
-20
-36
-44
-46
-44
-37
-33
-31
-27
-23
-15
-1
14
26
38
46
53
58
56
52
46
37
28
19
7
-5
-19
-33
-44
-48
-49
-48
-47
-47
-44
-39
-34
-23
-9
7
22
27
31
33
30
30
30
33
34
27
18
4
-9
-19
-30
-34
-41
-47
-52
-59
-63
-57
-45
-29
-12
5
16
21
23
25
33
37
39
35
28
26
16
7
-3
-14
-20
-24
-25
-26
-33
-41
-51
-52
-46
-32
-15
-8
-6
-6
-6
