210
195
181
174
159
133
110
91
75
55
30
2
-19
-34
-56
-82
-109
-129
-142
-160
-177
-199
-219
-232
-242
-255
-272
-279
-283
-285
-288
-290
-290
-289
-284
-281
-275
-268
-260
-252
-246
-236
-224
-207
-191
-179
-164
-150
-131
-115
-104
-92
-79
-61
-46
-38
-31
-24
-14
-5
1
3
8
16
24
26
22
23
26
31
35
33
33
31
34
38
31
27
26
32
34
32
31
36
44
45
48
50
62
67
66
63
66
75
79
75
71
72
81
88
88
84
86
96
103
104
100
102
104
99
93
86
84
83
80
71
66
67
66
64
56
57
63
64
65
60
64
70
73
73
72
78
84
88
95
99
105
108
111
115
121
128
130
135
137
136
138
130
115
100
82
63
43
20
0
-28
-58
-84
-108
-128
-157
-183
-202
-224
-243
-275
-310
-334
-354
-380
-407
-427
-454
-468
-480
-494
-504
-511
-510
-508
-511
-507
-501
-495
-480
-471
-467
-466
-460
-445
-420
-377
-312
-244
-179
-115
-45
58
184
281
345
406
487
568
620
645
653
663
672
683
687
701
722
726
722
713
737
765
775
759
721
703
683
649
595
532
475
406
334
257
197
154
115
87
50
24
22
23
19
0
-24
-56
-77
-73
-103
-139
-175
-210
-215
-206
-198
-228
-253
-242
-225
-202
-188
-177
-142
-118
-98
-91
-107
-115
-119
-131
-150
-166
-172
-187
-218
-250
-263
-280
-324
-373
-414
-462
-507
-561
-611
-647
-681
-702
-742
-772
-787
-814
-829
-855
-886
-889
-904
-947
-1009
-1053
-1080
-1134
-1198
-1255
-1316
-1387
-1465
-1466
-1318
-1100
-919
-868
-800
-627
-392
-136
-1
117
257
436
593
663
745
815
810
789
757
831
965
1057
1132
1135
1192
1305
1418
1491
1470
1424
1385
1355
1333
1244
1150
1053
933
771
624
569
532
481
373
276
249
276
327
288
196
108
81
90
52
-24
-106
-153
-162
-175
-208
-214
-185
-156
-131
-101
-61
-9
53
95
133
186
245
306
347
346
347
370
407
432
451
469
485
501
497
486
468
428
363
275
200
158
124
88
7
-80
-113
-138
-167
-218
-272
-291
-290
-287
-299
-337
-381
-434
-484
-545
-647
-751
-828
-868
-910
-953
-986
-1009
-1030
-1061
-1084
-1099
-1115
-1140
-1192
-1272
-1335
-1410
-1470
-1520
-1462
-1280
-1130
-1069
-1089
-990
-749
-467
-201
-29
140
369
609
761
820
873
914
902
871
886
976
1069
1127
1170
1204
1324
1503
1643
1673
1630
1580
1558
1549
1504
1400
1282
1178
1061
876
687
557
428
303
200
136
163
240
284
292
255
210
197
128
23
-70
-107
-102
-130
-179
-215
-211
-175
-154
-179
-211
-177
-66
52
171
263
304
311
320
342
369
411
394
337
284
285
326
349
354
316
263
222
192
186
163
119
50
-55
-114
-160
-220
-266
-305
-365
-437
-495
-571
-645
-669
-648
-673
-736
-767
-864
-1026
-1189
-1349
-1492
-1642
-1731
-1787
-1826
-1835
-1813
-1872
-2013
-2074
-2095
-2140
-2079
-1916
-1748
-1661
-1660
-1530
-1259
-924
-648
-408
-108
171
415
517
579
695
774
847
847
932
1076
1158
1186
1126
1207
1392
1524
1567
1488
1498
1660
1829
1972
2051
2060
1976
1807
1594
1280
986
832
817
787
696
617
535
483
477
465
470
517
542
503
373
234
90
-8
-51
-90
-114
-93
-71
-131
-244
-374
-473
-479
-460
-425
-333
-224
-120
-47
1
-4
8
64
84
63
38
20
-32
-114
-180
-182
-138
-82
-81
-147
-212
-246
-238
-223
-258
-330
-364
-329
-260
-230
-251
-275
-310
-383
-463
-532
-572
-606
-635
-693
-805
-864
-894
-1025
-1230
-1390
-1481
-1545
-1573
-1585
-1642
-1712
-1765
-1826
-1942
-2051
-2104
-2074
-1962
-1810
-1696
-1625
-1460
-1208
-949
-776
-603
-315
47
410
684
951
1195
1393
1438
1354
1317
1394
1505
1530
1527
1533
1611
1752
1859
1906
2007
2212
2446
2608
2660
2641
2605
2567
2446
2209
1948
1706
1518
1336
1143
1002
922
878
786
656
562
512
486
418
316
216
135
42
-104
-297
-517
-663
-725
-796
-910
-976
-987
-1003
-999
-951
-856
-762
-668
-603
-601
-584
-517
-455
-436
-417
-390
-364
-339
-323
-354
-368
-367
-371
-339
-314
-269
-262
-261
-229
-237
-263
-277
-287
-281
-301
-334
-394
-441
-473
-531
-550
-525
-508
-531
-563
-624
-727
-841
-958
-1068
-1174
-1248
-1349
-1467
-1538
-1567
-1584
-1658
-1771
-1859
-1920
-1992
-1979
-1914
-1854
-1799
-1690
-1502
-1269
-969
-709
-437
-130
237
641
955
1226
1410
1537
1567
1551
1530
1500
1504
1434
1340
1300
1370
1494
1607
1718
1863
2035
2197
2360
2392
2350
2318
2268
2215
2114
1984
1763
1500
1255
1052
857
708
633
548
461
419
442
452
419
355
261
145
4
-123
-234
-360
-478
-574
-682
-759
-802
-839
-830
-780
-715
-667
-639
-602
-577
-541
-467
-414
-401
-424
-451
-434
-308
-193
-158
-150
-167
-161
-178
-225
-289
-293
-250
-226
-216
-190
-193
-246
-311
-394
-444
-467
-459
-470
-490
-506
-505
-500
-539
-608
-652
-639
-684
-775
-881
-1015
-1158
-1293
-1416
-1558
-1647
-1703
-1805
-1900
-1955
-2001
-2048
-2028
-1955
-1874
-1777
-1626
-1435
-1233
-987
-773
-540
-227
182
626
986
1307
1526
1663
1700
1682
1675
1633
1628
1606
1574
1552
1575
1657
1732
1767
1792
1901
2116
2340
2436
2432
2386
2334
2263
2163
2030
1828
1606
1342
1085
843
634
500
391
298
181
98
11
-39
-60
-81
-87
-126
-208
-312
-385
-475
-561
-673
-798
-887
-935
-968
-1002
-963
-882
-809
-742
-692
-641
-529
-366
-239
-167
-101
-31
-18
-43
-50
-75
-122
-187
-265
-328
-395
-435
-448
-464
-501
-538
-478
-375
-332
-324
-329
-325
-317
-357
-404
-444
-463
-478
-485
-469
-479
-534
-635
-737
-830
-904
-982
-1041
-1108
-1215
-1326
-1406
-1458
-1527
-1599
-1692
-1792
-1850
-1898
-1950
-1938
-1874
-1787
-1728
-1584
-1398
-1172
-896
-653
-387
-88
285
606
869
1132
1378
1591
1723
1830
1913
2011
2146
2250
2287
2273
2321
2425
2515
2572
2631
2752
2872
2935
2919
2878
2839
2760
2648
2483
2262
2012
1798
1598
1355
1095
886
699
507
328
200
151
126
84
-8
-130
-258
-368
-474
-587
-736
-883
-994
-1092
-1157
-1204
-1183
-1130
-1075
-1024
-1013
-982
-872
-716
-554
-441
-389
-355
-345
-353
-364
-405
-454
-521
-585
-631
-682
-692
-702
-726
-744
-773
-811
-873
-964
-1063
-1131
-1144
-1133
-1122
-1103
-1073
-1026
-983
-923
-827
-756
-732
-755
-778
-803
-833
-925
-1034
-1131
-1228
-1319
-1457
-1590
-1737
-1829
-1899
-1951
-1942
-1942
-1946
-1978
-1973
-1908
-1777
-1649
-1619
-1496
-1303
-1014
-680
-393
-70
260
680
1033
1319
1564
1796
2010
2149
2263
2369
2550
2672
2714
2731
2764
2874
2978
3038
3041
3039
3112
3207
3233
3166
3019
2899
2785
2606
2330
2011
1734
1459
1242
1029
758
541
384
255
124
6
-84
-176
-277
-374
-453
-537
-602
-671
-768
-854
-944
-1009
-1075
-1162
-1244
-1272
-1230
-1143
-1019
-914
-809
-690
-560
-441
-323
-224
-156
-96
-66
-24
-26
-42
-54
-71
-46
-43
-49
-92
-176
-284
-430
-557
-689
-827
-947
-1027
-1087
-1129
-1156
-1166
-1122
-1043
-903
-775
-713
-686
-684
-639
-617
-647
-677
-724
-736
-798
-950
-1081
-1188
-1243
-1328
-1438
-1536
-1646
-1740
-1853
-1987
-2073
-2076
-2024
-1889
-1798
-1732
-1560
-1288
-896
-551
-234
119
512
957
1271
1527
1765
2010
2225
2349
2443
2516
2633
2691
2673
2641
2682
2806
2895
2923
2907
2979
3114
3201
3138
2994
2913
2878
2771
2517
2162
1772
1452
1156
813
414
78
-142
-314
-421
-562
-694
-773
-818
-830
-872
-891
-888
-874
-898
-887
-819
-757
-729
-789
-837
-861
-803
-705
-642
-587
-531
-386
-189
-5
126
210
293
362
378
302
163
8
-120
-270
-415
-543
-679
-791
-955
-1150
-1305
-1415
-1519
-1653
-1761
-1840
-1879
-1866
-1871
-1895
-1866
-1742
-1594
-1459
-1357
-1298
-1236
-1153
-1064
-1036
-1046
-1070
-1083
-1096
-1183
-1340
-1482
-1633
-1778
-1859
-1930
-1995
-2092
-2252
-2334
-2267
-2126
-1923
-1823
-1574
-1105
-556
4
405
815
1284
1858
2343
2633
2831
3005
3178
3226
3186
3130
3140
3186
3154
3072
3028
3150
3297
3336
3301
3314
3472
3622
3609
3374
3062
2799
2579
2257
1755
1181
707
343
-24
-422
-830
-1071
-1180
-1225
-1285
-1344
-1274
-1192
-1085
-1032
-999
-907
-836
-791
-818
-860
-853
-809
-814
-860
-896
-795
-543
-322
-174
-74
105
325
501
588
599
631
649
627
489
295
108
-101
-296
-464
-599
-738
-878
-1022
-1189
-1338
-1407
-1436
-1552
-1672
-1747
-1758
-1732
-1747
-1758
-1737
-1625
-1475
-1343
-1246
-1165
-1041
-924
-853
-846
-900
-942
-983
-1076
-1206
-1361
-1522
-1675
-1845
-2057
-2325
-2546
-2781
-3055
-3094
-2924
-2656
-2445
-2258
-1742
-945
-129
521
998
1608
2398
3145
3559
3674
3827
4021
4094
3976
3735
3585
3572
3489
3298
3077
3089
3315
3427
3342
3202
3278
3469
3458
3088
2544
2131
1865
1476
764
-46
-626
-899
-1120
-1459
-1801
-1911
-1705
-1451
-1284
-1118
-829
-375
37
274
441
632
874
964
833
663
514
453
317
72
-141
-268
-256
-271
-386
-509
-528
-438
-373
-447
-648
-832
-953
-1060
-1250
-1514
-1758
-1906
-1972
-2039
-2050
-1998
-1922
-1836
-1792
-1738
-1620
-1444
-1309
-1242
-1200
-1084
-876
-724
-648
-655
-614
-534
-475
-501
-625
-725
-816
-895
-1048
-1308
-1582
-1823
-2065
-2358
-2678
-2942
-3183
-3434
-3725
-4108
-4478
-4373
-3834
-3345
-2948
-2620
-1720
-318
901
1769
2346
3260
4528
5546
5790
5606
5631
5811
5687
4990
4104
3456
3175
2755
2017
1346
1161
1404
1393
1069
844
1117
1661
1813
1348
739
567
720
612
-92
-809
-1076
-832
-536
-587
-631
-321
485
1271
1758
2160
2657
3329
3733
3789
3693
3599
3504
3076
2302
1484
867
319
-372
-1251
-1997
-2342
-2426
-2515
-2772
-2984
-2920
-2592
-2275
-2130
-2028
-1823
-1440
-1074
-855
-738
-554
-263
-39
79
131
206
265
186
-70
-372
-596
-777
-1045
-1443
-1799
-1984
-2048
-2217
-2559
-2917
-3120
-3104
-3115
-3261
-3430
-3466
-3373
-3340
-3324
-3357
-3222
-2949
-2786
-2704
-2697
-2710
-2756
-3033
-3321
-2688
-1762
-1046
-653
-503
887
2665
4008
4654
4843
5865
7131
7648
6830
5589
4866
4362
3313
1597
-63
-1066
-1446
-2160
-2936
-3180
-2443
-1243
-615
-209
534
2045
3508
4067
3855
3685
4134
4682
4525
3575
2866
2789
3174
3250
2813
2506
2582
3060
3173
2882
2427
2101
1893
1242
337
-534
-1151
-1664
-2319
-3081
-3491
-3362
-2968
-2593
-2404
-1937
-1023
90
998
1465
1808
2300
2891
3230
3086
2705
2431
2198
1824
1147
299
-441
-1138
-1884
-2723
-3543
-4187
-4711
-5225
-5686
-5878
-5702
-5306
-4864
-4371
-3653
-2608
-1459
-555
56
577
1162
1646
1760
1499
1003
514
39
-550
-1354
-2255
-3044
-3650
-4237
-4843
-5369
-5830
-6269
-6737
-7411
-7670
-6581
-5052
-3700
-2883
-1801
828
3830
5997
6912
7631
9199
10860
11110
9478
7415
6075
4929
2952
273
-2194
-3522
-4192
-5114
-5806
-5689
-4343
-2724
-1887
-1211
200
2295
3930
4286
3950
4038
4713
5305
4983
4143
3740
3930
4461
4615
4337
3958
3660
3417
2866
1972
763
-506
-1811
-3125
-4205
-4993
-5476
-5564
-5346
-4799
-3615
-2111
-263
1426
2785
4039
5258
6645
7305
7165
6465
5806
5359
4536
3188
1503
160
-830
-1670
-2815
-4053
-4830
-5302
-5617
-6030
-6283
-6122
-5649
-5091
-4566
-3742
-2498
-1133
-51
769
1682
2677
3388
3518
3089
2502
1862
987
-220
-1708
-2945
-3986
-4919
-5688
-6532
-7009
-7252
-7348
-7397
-7454
-7548
-7739
-8227
-7427
-4693
-2545
-746
44
2385
6513
9418
10704
9958
10237
11447
11497
8738
4404
1257
-543
-2865
-6225
-8904
-9962
-9008
-8336
-7878
-6049
-2576
1637
4143
5274
7082
9869
11720
11479
9580
8039
7601
6983
5540
3178
1675
1148
770
427
-160
-477
-1160
-2109
-2894
-3345
-3667
-4385
-5230
-5545
-4721
-3187
-1538
23
2064
4751
7440
9598
11100
12210
12586
11800
10032
7976
5756
2977
-552
-4124
-6640
-7948
-8669
-9536
-9903
-8986
-6909
-4480
-2696
-1138
690
2629
4187
4856
4887
4747
4344
3442
2282
1249
445
-437
-1613
-2723
-3298
-3351
-3448
-3952
-4457
-4564
-4192
-3817
-3852
-3952
-3911
-3727
-3561
-3410
-3544
-3665
-3925
-4313
-4454
-4680
-5173
-5927
-7146
-7004
-3954
-1364
324
646
1916
5646
8051
8124
5848
4525
4713
4167
1126
-3324
-5685
-5920
-6422
-7721
-7818
-5799
-2092
362
1631
4130
7759
11189
11665
9809
8900
9493
9214
6681
3052
802
582
281
-794
-2216
-2335
-1455
-1415
-1836
-2170
-1673
-1580
-2800
-3872
-3769
-2433
-1146
-805
-142
1927
4919
7654
8939
9716
10801
11327
10781
8997
6732
4435
1629
-1714
-4594
-6231
-7037
-7812
-8485
-8118
-6370
-3864
-1921
-617
788
2661
4577
5369
5119
4686
4241
3698
2723
1375
197
-904
-1911
-2790
-3408
-3531
-3436
-3475
-3638
-3390
-2552
-1748
-1472
-1554
-1541
-1240
-1084
-1453
-2110
-2637
-3182
-3727
-4136
-4754
-5257
-5723
-6501
-7110
-7453
-7945
-8837
-10474
-8680
-4300
-1411
201
326
3989
8648
10455
8968
6202
6526
7270
5365
-272
-4795
-5591
-5296
-7391
-9975
-9481
-5968
-2298
-1788
-1178
2117
7140
9758
8122
6183
7760
10316
9308
5523
2153
2476
3507
2029
-931
-3080
-2134
-1496
-2921
-4700
-4665
-2765
-2237
-3297
-3360
-1076
2066
3649
3561
4472
7010
9560
9988
8283
7233
7101
6269
3595
386
-1472
-2418
-3857
-5736
-6388
-5355
-3777
-3129
-2826
-1555
766
2798
3067
2683
2928
3934
4471
3465
2130
1523
1385
1034
13
-973
-1307
-1495
-1946
-2511
-2601
-2183
-1897
-2223
-2560
-2215
-1357
-928
-1508
-2192
-2207
-1847
-1967
-2564
-3218
-3301
-3117
-3192
-3482
-3922
-4126
-4709
-5707
-6769
-7721
-8625
-10127
-11939
-9297
-3951
-55
2208
2934
7530
12693
14118
11208
7231
6366
5778
2334
-4583
-9552
-10155
-9454
-10783
-11668
-9208
-3725
1143
2387
3770
7599
12090
13258
10073
6846
7355
8381
5983
1505
-1771
-1265
-322
-1639
-3876
-4899
-3177
-2228
-3146
-3793
-2564
54
1037
718
1631
4323
7366
8663
8317
8645
9534
9974
8626
5635
3401
1602
-730
-3529
-5799
-6461
-6240
-6260
-6087
-4339
-1496
918
2120
2812
4004
5400
6084
5318
4275
3868
3773
3383
2030
882
513
146
-220
-787
-1203
-1115
-1308
-1559
-1629
-1562
-1171
-1103
-1600
-2013
-2002
-1670
-1817
-2565
-3088
-3055
-2630
-2618
-2766
-2593
-2438
-2319
-2549
-3061
-3628
-4598
-5923
-7288
-8820
-9765
-10682
-11924
-13305
-11332
-4270
1977
5842
6880
9764
15236
17224
13590
7123
3501
1893
-688
-7292
-13071
-13822
-11875
-10859
-10913
-8238
-2432
3025
4492
4652
6644
10446
11813
8888
4892
4221
6531
6304
3391
414
164
1509
874
-1199
-3050
-3057
-2527
-3291
-4060
-2893
165
2218
2463
3043
5471
8642
9818
8710
7179
6116
5563
4241
1408
-1051
-2484
-3493
-4387
-4835
-4083
-2725
-1976
-1448
33
2183
4183
4922
4707
4813
5310
5662
5070
3849
2791
2156
1498
420
-669
-1243
-1436
-1345
-1179
-954
-305
240
474
562
375
293
223
-486
-1595
-2471
-2551
-2250
-2409
-2707
-2507
-1971
-1626
-1615
-1921
-2342
-2784
-3712
-4591
-5520
-6598
-7586
-8883
-10200
-10646
-10841
-11403
-12239
-10346
-2717
4325
8170
8780
10335
14882
15873
11147
3973
-256
-2029
-4043
-9879
-14429
-14010
-11246
-9446
-9141
-5908
-334
4357
5154
4556
6021
9358
10524
8164
4804
4409
6828
6739
4155
1238
54
-73
-1460
-3502
-4984
-5029
-4348
-4192
-3644
-1070
2800
5386
5816
6009
7550
9147
8982
6924
4392
2449
1380
667
-657
-1623
-1942
-2348
-2680
-2490
-1586
-591
-779
-1153
42
2052
4185
5317
5707
6275
6883
7065
6128
4696
3003
1334
-427
-2175
-3297
-3548
-3461
-3195
-2399
-1441
-185
578
704
772
626
515
387
-79
-610
-936
-674
1
143
-35
-29
-98
-561
-1461
-2346
-3280
-4576
-5886
-6979
-7884
-8462
-9192
-10347
-10991
-11075
-10276
-9439
-9735
-9586
-4868
3493
9591
11792
10887
12524
15320
13071
6281
-642
-4186
-5738
-8593
-13140
-14408
-11960
-9011
-7694
-6132
-1971
3021
5416
4530
4028
5912
8465
9048
7171
5290
5981
7359
6744
4315
1465
-352
-2095
-4085
-5414
-5832
-5110
-4335
-3642
-1641
2042
5497
6765
5879
5071
5439
5694
4635
2664
765
-297
149
925
1261
1490
1178
429
-197
-348
418
766
-45
-471
416
2466
4518
5429
5303
5046
4882
4233
2688
674
-893
-1894
-2682
-2938
-1935
-136
1674
2994
3604
4181
4669
4349
3090
1170
-421
-845
-1128
-1687
-1994
-1497
-30
1028
1170
747
224
-652
-2144
-3918
-5299
-6452
-7666
-8336
-8544
-7995
-7507
-7313
-7244
-6953
-5927
-5214
-5588
-6686
-7652
-3381
4834
9376
10145
7358
7866
10270
7143
-339
-7742
-11034
-11213
-11812
-14067
-13147
-9639
-5169
-2869
-373
4203
8375
9846
7557
6255
7310
8958
8632
5672
2228
1931
2832
2348
-379
-3608
-4657
-4699
-4679
-4332
-3524
-1681
428
2198
4608
7052
8356
7356
4618
2361
1516
610
-1035
-2769
-3481
-2601
-166
2149
3024
3322
3026
2898
2921
2488
2208
1742
810
736
1561
2992
4103
3368
1976
956
631
257
-908
-1701
-1261
-163
1214
2634
4259
5845
6299
5712
4247
2531
856
-1295
-3438
-4699
-4454
-2897
-1498
-491
876
2798
4347
4127
2514
673
-1053
-2889
-4909
-6540
-7423
-7869
-7831
-7049
-5730
-4809
-4563
-4988
-5142
-5108
-5432
-6091
-7751
-9407
-10379
-6144
2207
7647
8684
6098
6572
8658
6081
-1071
-8496
-11716
-10810
-9689
-10251
-9050
-6083
-1833
193
2128
5301
7685
8077
5498
4243
5237
6651
6874
4533
1517
1241
2084
1897
-771
-3955
-5076
-4585
-3333
-2144
-1028
843
3360
5933
7877
8637
8226
5992
2748
15
-1516
-2637
-3697
-4467
-4124
-2272
915
3847
4814
4637
4194
4308
4318
3375
2637
2219
1694
1665
1921
2541
2907
1779
-203
-1563
-1841
-1528
-1351
-936
577
2699
4871
6404
7320
7348
6244
4639
2459
234
-1543
-2901
-3456
-3031
-1684
293
1816
2617
3251
3704
3472
1992
-181
-2139
-3567
-4519
-5027
-5120
-4857
-4561
-4528
-3835
-3162
-3688
-4932
-6302
-6835
-6708
-7104
-7688
-8516
-9415
-9260
-5077
2995
8654
9760
6509
5559
7081
4759
-1701
-9278
-12062
-10149
-7907
-7930
-7320
-5305
-1507
349
1274
3212
4908
5867
3948
3229
4627
6361
6918
4813
1804
1018
1064
444
-2286
-5507
-6256
-4964
-2887
-1231
80
2250
5001
7396
8507
7946
6522
4016
1028
-1599
-3041
-3850
-4176
-3808
-2677
-525
2338
4710
5616
5272
4388
4023
3383
2085
909
133
-348
-306
-28
318
465
-441
-1494
-1895
-1504
-703
66
1509
3676
5675
6888
6984
6602
5651
3799
1888
-211
-1863
-2672
-2978
-2487
-1459
27
1574
2334
2370
2200
1990
1429
26
-1566
-2520
-2892
-3012
-3120
-3112
-3063
-3222
-3374
-3613
-4059
-5030
-6289
-6749
-6542
-6097
-5827
-5809
-5738
-6122
-6991
-6949
-2683
4156
7695
6586
3244
4068
5313
2372
-3990
-9338
-9109
-6341
-5009
-6153
-6157
-3906
-215
558
1444
3016
5080
5875
4638
5378
6194
6838
6009
3543
1251
209
-264
-1039
-3313
-4463
-3416
-1529
671
1936
3207
4826
6142
7320
7066
5544
3510
698
-1477
-2742
-3280
-3549
-3392
-2027
112
2075
3799
5113
5341
4642
3474
2280
924
-219
-565
-681
-1016
-899
245
1624
2115
1685
1386
1632
2121
2306
2582
3642
4700
5026
4304
3290
2605
1552
-41
-1430
-2326
-2338
-1606
-665
440
1529
2855
3900
3771
3034
2369
1736
733
-826
-2014
-2752
-3416
-4083
-4520
-4704
-4853
-4868
-4645
-4439
-4609
-4893
-4881
-4081
-3355
-3269
-3880
-4831
-5509
-6327
-7249
-8486
-8491
-3977
2005
5447
4757
2791
3879
3689
854
-4586
-8391
-8031
-6405
-5681
-6000
-5382
-2379
974
1831
2874
3293
4798
4825
3871
3975
3533
4005
3941
2821
2034
1561
1298
588
-1252
-1761
-1542
-1208
-601
-241
637
1756
2792
3913
4077
3488
2364
513
-587
-848
-664
-385
-112
968
2687
4272
5481
5093
3368
1612
286
-820
-2599
-3612
-2841
-1509
136
1778
3685
5469
5917
5524
4237
2973
2326
1943
1604
1174
891
947
917
636
299
-35
51
162
373
793
1858
3095
3740
3804
3429
2726
1598
400
-774
-2150
-3348
-4069
-4772
-5277
-5262
-4598
-3895
-3497
-2756
-1683
-1060
-1050
-1167
-1199
-1567
-2305
-3287
-4871
-6471
-7914
-8565
-9159
-10135
-10823
-10596
-5543
1880
7160
7414
5285
5809
6121
4210
-1529
-5928
-6557
-4834
-3575
-4182
-4072
-1729
1240
1335
807
672
2528
2946
2698
3191
3801
5211
5799
5905
5077
3338
1423
-537
-2495
-3151
-3725
-4197
-4117
-2784
296
3020
4685
5816
6242
6682
6094
3708
1185
-813
-1232
-790
-568
-4
679
1026
1618
1497
698
-873
-2714
-3143
-2932
-1543
603
2496
4507
6286
7853
8389
6861
4528
2131
203
-1326
-2786
-3206
-2732
-1393
45
803
1595
2411
3169
3470
2949
2338
2140
2576
3205
2947
2054
1206
599
-43
-1278
-2581
-3614
-4426
-4748
-4518
-3860
-3132
-2289
-1121
80
901
997
533
-133
-925
-1925
-3553
-5344
-6722
-7812
-8387
-8630
-8591
-8584
-8690
-8377
-7887
-6240
-1480
4277
7816
7408
5758
6202
5455
2519
-3141
-6637
-6231
-4258
-2887
-4228
-4909
-3076
-432
331
371
509
2537
3480
4463
5758
6343
6994
6289
5250
3535
1504
-173
-1619
-2982
-2996
-2691
-2272
-1763
-567
1721
3798
4890
5169
4749
3920
2768
979
-234
-710
-273
162
314
858
1451
1507
1160
255
-932
-2154
-2717
-1655
-338
1436
3440
5241
6722
7127
7110
6199
3670
746
-1909
-3232
-3457
-3503
-2626
-1454
342
2290
3230
3730
3496
3083
2806
2239
2057
1814
1705
1980
1914
1905
1242
-58
-1367
-2857
-3947
-4648
-5054
-4633
-3787
-2637
-1165
36
1220
1776
1714
984
-499
-1989
-3524
-5198
-6721
-7772
-8197
-7851
-7359
-6946
-6972
-6889
-6176
-5172
-4251
-4372
-4400
-1742
3178
7274
7574
5297
4628
4173
2407
-2512
-7020
-7643
-5626
-3090
-2823
-3042
-2049
423
1793
2241
2388
3817
4934
5477
5484
4568
3745
3419
4169
4165
2961
1043
-148
-1035
-1470
-1745
-1910
-2404
-2434
-934
1504
3402
4096
4243
4566
5252
5021
3794
1660
116
-207
-404
-1220
-1994
-2388
-1925
-1267
-819
-481
-525
181
1611
3277
4294
4813
5145
5205
5080
4818
4008
2295
96
-1406
-1962
-2134
-1870
-1348
-554
5
469
1072
1703
2451
3288
3927
4113
3838
3601
3474
2539
669
-1635
-3069
-3531
-3747
-3979
-4043
-3536
-2600
-1456
-311
532
782
558
96
-415
-1311
-2589
-3906
-5011
-5694
-5900
-5745
-5700
-5815
-5815
-5271
-4119
-3118
-2938
-3075
-3054
-2645
-2762
-3905
-3942
-1619
1373
2301
579
-462
438
1382
618
-2221
-4042
-3128
-321
1403
1235
715
1621
2294
1736
968
859
1820
2772
4059
4472
3586
2473
2488
2673
2165
1063
474
386
722
1631
2108
1209
-194
259
2148
3600
3705
3564
3314
3034
2263
1277
-79
-1581
-1986
-1531
-1208
-1754
-1840
-753
838
1808
1996
1976
2280
2857
3640
4039
3727
3050
2415
2022
1362
314
-1023
-2166
-2748
-2655
-2189
-1747
-970
374
1965
2972
3142
3439
4148
4513
3896
2320
608
-693
-1649
-2362
-3159
-3817
-3971
-3539
-2742
-2000
-1378
-769
-278
-7
34
-42
-129
-109
-78
-308
-1034
-2246
-3183
-3566
-3702
-4174
-4990
-5363
-4821
-3711
-2862
-2331
-2016
-1885
-1877
-2007
-2116
-2327
-2883
-3619
-4462
-5120
-5080
-3707
-1789
-1192
-1770
-2065
-925
839
2052
2145
1672
1838
3249
4458
4014
2168
744
444
-147
-771
-590
473
1501
2529
3515
3768
3204
2943
3346
3504
2898
2521
2760
3001
3038
3020
2830
1960
1424
1639
1926
1475
755
511
491
356
376
866
1493
1954
2594
3072
2803
2317
2021
1969
1342
115
-815
-1168
-1320
-1271
-853
-345
-230
-354
44
795
1422
1665
1751
1837
1763
1700
1550
1101
436
-232
-747
-1410
-2198
-2481
-2429
-2303
-2122
-1662
-850
-303
-68
262
649
773
419
-23
73
230
200
-52
-565
-1168
-1839
-2483
-3025
-3639
-4049
-3674
-3006
-2353
-1813
-1164
-545
-468
-681
-1048
-1884
-3164
-4342
-5021
-5318
-5664
-5564
-4836
-3973
-3409
-3179
-2926
-2247
-840
701
1101
19
-1286
-1471
-768
-422
-955
-1754
-1666
-348
1002
1039
357
502
1718
2517
2669
2972
3859
4896
5541
5813
5023
3430
2595
2888
2810
1635
692
1266
2712
3685
3881
3597
3075
3034
3564
3820
3397
2900
3258
3714
3310
2549
1853
1280
600
-63
-527
-1151
-1604
-1127
76
912
902
708
991
1311
1053
276
-730
-1544
-1892
-1751
-1566
-1757
-1871
-1502
-925
-791
-1078
-1181
-949
-711
-712
-950
-1231
-1231
-858
-304
-4
80
279
715
861
427
-330
-884
-1030
-1095
-1209
-1354
-1414
-1459
-1392
-1191
-993
-822
-411
172
413
144
-118
92
210
-325
-1260
-2053
-2592
-3194
-3628
-3633
-3377
-3064
-2742
-2269
-1908
-1838
-1882
-1968
-2153
-2599
-3095
-3518
-3795
-3478
-2183
-935
-1112
-2442
-3225
-2654
-1884
-1634
-1616
-1040
394
2253
3450
3433
2744
2604
2712
2239
1527
1451
2026
2324
2560
2895
2885
2661
3235
4278
4657
3980
3649
4371
5224
5364
4845
4015
3228
3087
3329
3117
2234
1729
1899
1912
1288
786
1079
1707
2033
2091
1917
1521
1210
1018
588
-458
-1717
-2385
-2430
-2330
-2304
-2075
-1534
-999
-636
-502
-565
-742
-830
-932
-1264
-1661
-1715
-1190
-591
-416
-473
-533
-581
-884
-1375
-1636
-1655
-1539
-1289
-1022
-679
-338
96
495
561
376
194
355
454
294
144
147
194
68
-125
-285
-604
-992
-1283
-1404
-1505
-1661
-1565
-1243
-950
-818
-896
-1124
-1492
-1853
-2029
-2296
-2660
-3010
-3153
-3102
-3119
-3212
-3413
-3854
-4375
-4242
-3008
-1785
-1970
-3124
-3613
-2663
-1493
-969
-863
-612
293
1589
2491
2421
1931
2209
2862
2855
2310
2221
2855
3380
3735
3889
3595
3232
3584
4543
4802
4185
4008
4610
5281
5284
4856
4186
3337
2919
2817
2467
1858
1806
2453
2712
2047
1195
715
386
-104
-690
-1235
-1626
-1627
-1090
-581
-554
-718
-766
-906
-1435
-2136
-2516
-2664
-2890
-2986
-2927
-2705
-2531
-2422
-2310
-2367
-2481
-2396
-2048
-1623
-1386
-1120
-623
-88
317
415
310
105
-81
-159
-228
-443
-659
-622
-312
-50
84
314
748
1278
1578
1553
1301
1054
967
826
455
-11
-268
-181
-52
-110
-287
-366
-365
-513
-880
-1290
-1466
-1486
-1529
-1756
-2098
-2339
-2516
-2809
-3422
-4127
-4600
-4816
-4862
-4844
-4796
-4671
-4115
-2436
-265
737
95
-1119
-1157
-341
124
-303
-1067
-872
618
2058
2175
1451
1765
3227
3943
3604
3400
4378
5467
6048
6126
5551
4731
4591
5264
5187
3809
2808
3089
3829
3874
3483
3241
2742
2376
2327
2250
1906
1879
2687
3228
2639
1540
983
965
588
-174
-1033
-1882
-2423
-2465
-2271
-2618
-3370
-3588
-3306
-3067
-3195
-3062
-2403
-1939
-1868
-1982
-1964
-1884
-1847
-1859
-2097
-2420
-2429
-2106
-1907
-2138
-2377
-2175
-1594
-983
-532
-134
331
877
1288
1397
1142
643
293
176
160
-19
-211
3
520
977
1245
1511
1799
1787
1502
1249
1044
812
615
513
309
-86
-435
-604
-922
-1553
-2153
-2361
-2326
-2462
-2662
-2738
-2657
-2459
-2241
-2032
-1954
-1939
-1810
-1619
-1719
-2117
-2491
-2692
-2814
-2943
-2942
-2854
-2744
-2229
-685
1089
1584
818
283
927
1688
1734
1311
1137
1741
2915
3661
3413
2793
3150
3885
3483
2425
2185
3173
3770
3796
3702
3431
3253
3716
4508
4275
3142
2683
2985
2967
2112
1239
566
-322
-708
-584
-472
-559
-240
688
828
-29
-688
-636
-432
-919
-1521
-1923
-2282
-2320
-2188
-2272
-2952
-3682
-3701
-3427
-3414
-3412
-2891
-2059
-1615
-1543
-1427
-1129
-820
-578
-563
-929
-1313
-1333
-984
-783
-923
-936
-613
-143
240
404
578
820
1146
1516
1733
1821
1830
1936
2034
1893
1435
966
660
503
340
201
305
448
449
313
244
360
576
721
661
384
116
121
99
-303
-878
-1183
-1173
-1259
-1587
-1820
-1870
-1776
-1475
-1110
-789
-659
-525
-258
-98
-225
-472
-570
-585
-784
-1145
-1408
-1531
-1598
-1609
-1359
-755
100
1033
1683
1648
1160
899
1277
1788
1913
1867
2112
2727
3348
3536
3233
2724
2323
2048
1672
1376
1344
1729
2194
2481
2617
2602
2603
2668
2615
2205
1598
1248
1225
1246
874
105
-707
-1327
-1529
-1558
-1645
-1712
-1605
-1318
-1245
-1313
-1218
-1023
-964
-1283
-1756
-2150
-2477
-2549
-2490
-2582
-2925
-3214
-3050
-2718
-2544
-2418
-2098
-1586
-1178
-893
-654
-517
-511
-571
-627
-797
-939
-827
-604
-506
-565
-536
-320
-155
-25
224
608
1042
1447
1888
2175
2246
2207
2096
1798
1179
545
236
203
191
243
425
640
772
893
1084
1204
1171
1042
926
767
547
418
341
101
-337
-790
-1065
-1235
-1398
-1484
-1440
-1256
-914
-447
-89
-55
-238
-396
-450
-601
-839
-1036
-1166
-1210
-1124
-981
-1016
-1235
-1338
-1236
-1083
-935
-708
-383
-95
236
598
877
1020
1132
1331
1464
1419
1335
1254
1116
945
850
876
891
918
1099
1368
1532
1532
1446
1335
1171
976
742
555
440
421
374
209
-42
-328
-624
-953
-1254
-1611
-1905
-1921
-1643
-1254
-940
-653
-393
-321
-450
-762
-1114
-1405
-1575
-1589
-1729
-1975
-2072
-1944
-1739
-1633
-1573
-1498
-1437
-1329
-1102
-768
-444
-190
62
265
353
396
352
168
-55
-201
-245
-301
-251
120
695
1218
1603
2010
2429
2654
2649
2560
2412
2129
1739
1356
1047
845
776
772
721
648
708
952
1166
1240
1205
1151
1176
1215
1177
995
680
317
54
-112
-268
-457
-698
-897
-1032
-1092
-1060
-938
-738
-593
-503
-398
-276
-147
-120
-260
-530
-837
-1032
-1057
-1059
-1120
-1169
-1141
-1046
-891
-664
-334
4
260
460
547
497
401
341
309
144
-83
-170
-95
13
13
-49
-169
-291
-344
-297
-278
-357
-360
-274
-170
-68
118
333
348
172
6
-63
-170
-398
-670
-921
-1144
-1275
-1267
-1121
-941
-739
-550
-426
-323
-227
-189
-262
-345
-310
-184
-114
-150
-221
-230
-228
-315
-447
-588
-653
-540
-256
127
518
889
1244
1556
1809
1935
1794
1400
977
676
505
407
322
326
436
614
875
1265
1655
1842
1846
1817
1835
1841
1789
1601
1264
1001
871
783
608
365
215
113
47
87
270
458
559
600
592
491
369
333
301
137
-16
-52
-92
-207
-418
-659
-847
-868
-742
-553
-389
-221
-24
149
223
141
-22
-206
-412
-667
-946
-1191
-1278
-1270
-1307
-1399
-1488
-1431
-1201
-855
-552
-448
-473
-429
-319
-268
-363
-536
-621
-586
-596
-727
-901
-990
-936
-908
-1016
-1133
-1015
-699
-423
-293
-282
-251
-112
3
-28
-241
-383
-356
-290
-306
-450
-525
-555
-592
-684
-832
-904
-830
-544
-192
33
166
390
717
904
897
769
595
438
279
143
10
-129
-154
-56
117
301
530
852
1111
1259
1311
1291
1287
1314
1356
1286
1101
965
949
964
911
816
744
727
740
719
698
750
840
992
1091
1120
1130
1060
934
740
497
231
-83
-345
-495
-577
-583
-540
-435
-273
-58
153
313
449
540
525
359
121
-1
8
-36
-226
-461
-581
-599
-602
-603
-591
-512
-353
-151
29
175
351
501
538
428
339
385
374
243
12
-274
-520
-641
-609
-554
-560
-545
-460
-319
-174
-102
-67
-29
4
-34
-148
-322
-480
-604
-787
-1025
-1190
-1226
-1211
-1216
-1242
-1233
-1193
-1128
-1072
-984
-833
-670
-546
-479
-457
-467
-495
-559
-717
-900
-1024
-1036
-986
-886
-708
-510
-301
-79
122
290
419
537
651
682
628
552
478
414
393
439
526
591
694
798
840
852
863
870
805
709
736
864
996
1046
1020
974
896
833
741
547
293
109
68
105
183
291
420
529
607
713
777
802
796
736
612
392
178
7
-163
-301
-375
-327
-257
-235
-213
-153
-58
-2
28
73
146
218
259
310
363
343
254
82
-83
-223
-357
-419
-445
-402
-332
-237
-77
69
155
176
147
89
20
-4
16
-5
-129
-284
-385
-463
-578
-720
-794
-820
-772
-654
-542
-427
-319
-216
-204
-350
-526
-623
-675
-772
-923
-1075
-1207
-1320
-1375
-1349
-1328
-1340
-1318
-1238
-1085
-960
-895
-867
-911
-927
-861
-806
-860
-983
-1076
-1093
-1079
-949
-634
-294
-140
-138
-60
182
406
518
574
628
787
1012
1179
1186
1128
1199
1360
1390
1329
1394
1616
1805
1867
1861
1785
1671
1667
1770
1777
1631
1528
1551
1571
1442
1241
1046
783
513
329
212
76
-13
32
46
-87
-270
-346
-373
-500
-647
-773
-865
-953
-1008
-1044
-1200
-1397
-1518
-1568
-1644
-1771
-1794
-1646
-1446
-1263
-1108
-968
-850
-763
-679
-617
-588
-585
-558
-516
-476
-411
-284
-121
11
102
216
353
518
669
761
822
853
940
1039
1076
1070
1032
1018
980
842
693
626
619
636
654
668
707
773
836
867
806
700
584
451
304
168
94
14
-106
-243
-410
-566
-671
-728
-760
-807
-848
-823
-711
-605
-593
-634
-671
-644
-562
-543
-598
-656
-675
-641
-597
-574
-538
-460
-317
-139
7
120
226
356
433
430
417
399
399
408
416
417
410
412
411
367
279
203
191
224
275
378
486
571
611
589
507
376
255
189
139
42
-93
-208
-285
-363
-475
-606
-750
-834
-793
-649
-500
-460
-507
-588
-665
-715
-764
-835
-886
-907
-897
-874
-852
-789
-700
-566
-434
-333
-219
-83
73
203
247
247
271
329
424
482
488
477
501
550
589
610
664
843
1095
1349
1562
1734
1870
1954
1961
1859
1689
1516
1409
1357
1271
1182
1157
1192
1217
1185
1099
991
886
783
692
586
454
348
330
292
182
46
-99
-265
-491
-714
-903
-1047
-1133
-1147
-1105
-1043
-940
-825
-739
-707
-699
-682
-703
-765
-843
-905
-969
-1027
-1048
-1013
-918
-839
-806
-766
-672
-540
-420
-306
-184
-73
8
58
113
144
96
24
-23
-47
-27
34
106
165
213
275
348
381
377
376
359
333
302
277
232
169
124
77
-11
-130
-249
-339
-401
-487
-577
-652
-670
-636
-589
-533
-504
-509
-532
-569
-613
-677
-729
-732
-712
-703
-718
-714
-697
-647
-528
-409
-330
-288
-179
-3
152
248
319
385
427
452
493
510
493
454
431
422
411
487
621
735
810
892
997
1052
1044
1037
1003
911
806
741
699
608
492
401
313
211
116
58
55
96
162
224
269
314
377
437
455
403
314
208
84
-22
-121
-224
-323
-375
-334
-254
-201
-172
-128
-71
-16
29
71
102
108
100
90
72
27
-37
-131
-232
-309
-348
-379
-400
-395
-332
-248
-214
-194
-175
-158
-141
-142
-180
-242
-316
-366
-392
-460
-556
-642
-703
-739
-787
-832
-868
-898
-893
-871
-850
-856
-877
-871
-863
-859
-864
-905
-972
-1044
-1107
-1139
-1150
-1131
-1059
-933
-773
-590
-417
-284
-188
-100
-55
-74
-83
-72
-61
-60
-54
-15
64
146
215
288
363
446
545
650
773
917
1042
1139
1210
1268
1313
1344
1346
1313
1273
1222
1198
1185
1155
1144
1149
1173
1229
1292
1356
1392
1381
1351
1340
1322
1236
1103
975
881
797
711
628
568
516
451
386
308
227
172
132
82
14
-52
-97
-123
-154
-226
-322
-440
-553
-645
-702
-707
-694
-689
-705
-726
-723
-711
-735
-802
-887
-940
-953
-935
-876
-838
-809
-774
-735
-681
-637
-613
-600
-599
-619
-667
-698
-702
-694
-676
-665
-637
-578
-534
-518
-516
-537
-582
-638
-695
-755
-809
-854
-885
-899
-898
-843
-758
-654
-548
-473
-415
-398
-374
-328
-297
-308
-354
-386
-369
-307
-235
-162
-59
53
142
230
335
452
554
614
666
712
756
811
876
935
975
1004
1055
1112
1138
1185
1259
1344
1418
1454
1457
1439
1416
1417
1428
1412
1361
1283
1229
1185
1128
1047
940
827
740
694
641
568
520
495
451
378
296
235
180
87
-19
-108
-196
-296
-402
-508
-584
-637
-687
-702
-687
-696
-713
-704
-708
-748
-823
-879
-917
-966
-1002
-1014
-976
-897
-791
-672
-609
-594
-591
-578
-569
-591
-619
-631
-618
-590
-525
-429
-346
-277
-206
-147
-111
-84
-76
-84
-144
-228
-275
-273
-249
-237
-238
-214
-173
-113
-62
-33
-31
-59
-63
-77
-102
-154
-220
-278
-337
-374
-414
-464
-494
-498
-458
-402
-358
-307
-259
-211
-189
-175
-177
-238
-309
-333
-327
-301
-271
-232
-132
1
114
220
305
390
469
513
567
638
712
775
824
863
907
954
985
993
999
1034
1054
1070
1076
1055
1067
1107
1141
1158
1170
1174
1138
1048
945
837
706
597
499
409
370
355
355
337
291
233
167
94
-14
-151
-267
-356
-439
-512
-573
-607
-625
-645
-642
-628
-628
-645
-670
-680
-688
-715
-762
-800
-792
-749
-688
-623
-551
-494
-441
-378
-339
-305
-295
-306
-287
-252
-223
-171
-119
-65
-30
-5
39
84
139
172
185
208
229
240
230
213
224
237
196
133
85
70
69
46
-1
-52
-103
-141
-164
-169
-160
-157
-167
-198
-251
-292
-325
-377
-442
-509
-515
-497
-486
-449
-414
-378
-336
-291
-234
-183
-145
-112
-73
-26
18
47
56
66
93
143
202
278
376
459
550
653
739
806
871
924
935
914
880
861
856
844
830
820
799
798
807
790
769
749
704
642
580
536
498
429
336
261
218
172
120
71
14
-40
-102
-179
-275
-366
-453
-535
-620
-715
-804
-884
-915
-922
-926
-934
-945
-953
-962
-981
-1012
-1017
-1003
-981
-943
-908
-901
-914
-905
-840
-762
-695
-626
-555
-480
-406
-317
-238
-199
-169
-120
-47
20
60
79
99
139
207
275
325
391
483
567
621
665
702
731
734
702
657
614
598
611
602
572
534
493
471
445
414
387
350
302
264
212
169
134
93
37
-61
-131
-165
-195
-238
-288
-323
-333
-309
-260
-212
-181
-174
-175
-167
-177
-212
-253
-289
-326
-342
-313
-255
-179
-102
-29
33
75
101
114
132
142
105
92
129
189
254
280
289
278
264
265
276
283
260
203
153
119
80
60
42
24
-13
-50
-82
-103
-96
-111
-130
-147
-168
-174
-193
-217
-239
-282
-328
-357
-383
-413
-448
-464
