197
190
226
304
300
262
343
414
388
395
428
432
412
375
376
426
459
511
561
583
591
501
467
483
472
452
435
392
311
373
423
412
452
424
415
479
439
389
340
258
231
148
153
206
213
260
310
305
303
322
292
215
116
44
-38
-116
-78
-16
-19
-13
-32
-77
-24
22
-60
-132
-180
-211
-223
-228
-238
-232
-232
-237
-200
-153
-124
-176
-207
-229
-246
-289
-379
-382
-386
-433
-400
-312
-289
-294
-302
-260
-302
-407
-404
-371
-369
-376
-328
-263
-208
-211
-256
-263
-278
-307
-280
-300
-313
-299
-274
-227
-228
-218
-221
-263
-183
-63
-129
-173
-241
-410
-443
-401
-372
-321
-258
-196
-185
-211
-161
-177
-178
-196
-268
-291
-308
-343
-383
-269
-189
-223
-244
-148
-39
-52
-96
-161
-200
-218
-257
-323
-354
-353
-383
-294
-79
-39
-146
-180
-72
-53
-306
-360
-148
-177
-219
-295
-56
312
-168
-373
-85
-153
-346
-259
124
339
-52
-241
97
109
-105
19
105
-90
-29
161
353
211
-121
-43
-102
-350
-157
266
559
381
166
243
332
274
177
314
267
47
29
106
-78
-122
80
256
175
39
193
371
189
38
211
-25
403
1198
569
-1220
187
1330
-1038
-29
2120
1251
-776
-1072
1089
708
-1529
136
1536
-613
-815
951
339
-1052
-135
629
-331
-299
9
105
-12
-366
30
421
320
284
556
622
179
-249
-213
-112
-93
16
175
-31
-527
-437
-225
-206
-15
248
282
271
126
-42
-55
-601
-409
51
12
59
-285
-233
-378
-630
29
384
290
149
137
-232
-272
238
137
122
318
244
-76
-32
299
-16
-422
-178
-309
-459
-165
130
107
-87
25
218
336
182
17
21
-94
-294
-427
-491
-360
-598
-450
76
3
148
396
317
-30
-206
-153
1293
85
-1223
416
18
-481
132
1064
1035
-517
-1093
-47
-345
-886
-182
181
-639
-165
702
135
14
503
565
417
215
132
371
-125
-345
-325
124
368
74
238
71
-407
-414
93
-29
-177
261
-64
-499
70
581
389
399
583
330
-135
80
567
94
-293
3
143
-139
400
920
156
192
704
345
417
491
201
13
-46
5
274
258
-65
-269
-242
-24
220
804
211
-75
-138
-75
69
66
109
279
576
141
437
421
256
437
804
814
560
552
-135
239
1036
86
441
-492
-1451
20
1671
1037
-95
-889
-1781
-630
501
545
-1056
-1210
-1066
-1501
-1462
-665
-369
-1587
-1040
847
979
-1565
-680
-3
-258
1749
1251
2797
1810
-1471
-2110
-1235
-1437
-920
-335
1477
1457
-2338
-2310
-2270
-2078
-680
1415
2759
624
-309
322
-1137
-1784
-1486
-151
955
714
1308
1550
293
-1294
-2141
-236
1647
1241
2100
2292
1365
409
-582
1117
1674
10
562
1798
902
-100
652
1740
91
-555
1064
1424
528
-507
-92
761
-768
-1240
679
-1
-919
-1071
-427
463
-559
-498
820
1163
-390
-580
-349
-946
-1693
-1279
-187
301
-1110
-1885
-1364
-2026
-2848
-2153
-751
-1015
-713
104
438
-91
-282
-210
392
103
46
356
444
178
-679
165
278
592
297
1319
2138
651
650
1133
956
-127
-265
391
387
393
1171
1660
1508
1034
-397
-494
600
-161
516
1369
983
992
179
1392
1287
1960
2260
1663
1297
151
164
-531
-99
-452
-109
199
-564
-510
-1006
-1088
-993
-1936
-2417
-2123
-2411
-3470
-3064
-2926
-3692
-4317
-5281
-5142
-4901
-5704
-6649
-5075
-3230
-919
442
30
-1247
-2475
-769
833
3043
4067
2423
1107
873
1959
3202
2977
2601
1860
2434
4237
4968
4512
2724
1553
1390
2405
3782
4685
5147
4607
3651
3522
3289
2639
1117
598
919
786
1924
1394
581
184
-602
27
-89
-152
1390
1399
1465
2601
1583
882
508
-93
-548
-431
-351
-1050
-1404
-1557
-1237
-1382
-1649
-1476
-1736
-1257
-1103
-1945
-2391
-3486
-3806
-4015
-5030
-5630
-6578
-8093
-8435
-9617
-9719
-12091
-8573
-2943
-520
2433
-3426
-5761
-5760
-4148
5071
6622
5171
4745
-597
3749
6810
7192
6195
364
639
5509
10128
11511
6478
1518
-195
1201
3241
4402
4928
1379
-163
-645
897
3222
473
-3235
-5550
-4267
1385
3052
1158
-1887
-3704
-2338
-863
-169
-222
1151
1545
1966
3902
5277
6071
3681
520
711
1549
1460
598
-1324
-463
506
593
1537
-718
-242
844
639
1535
104
1835
2359
2034
3509
530
9
-271
-1077
-71
-2352
-2702
-1872
-4279
-3616
-1630
-3267
-4588
-8037
-6787
-4196
-5758
-5709
-7125
-8185
-7969
-5584
-1160
790
-937
-2984
-3234
-2273
730
2905
1087
-601
-3418
-3247
-563
350
101
-1944
-3120
-1778
1420
4691
3860
1194
-472
-225
2725
3327
3198
3873
4393
4716
4493
4403
4395
3237
1279
533
1654
4147
5303
4093
2164
1956
1997
1251
557
461
1931
3008
2756
1888
1748
2325
2410
1398
454
964
2325
3078
2531
1577
730
575
766
824
1005
1555
1916
1457
768
264
-89
-723
-1359
-1808
-1490
-1229
-1772
-2261
-2557
-2610
-2703
-2938
-3311
-3284
-2928
-2586
-2685
-2868
-2713
-2319
-2056
-1808
-1607
-1772
-1935
-2350
-2581
-2427
-1890
-1825
-1902
-2144
-1982
-1782
-2076
-2381
-2587
-2282
-1823
-1188
-1188
-1401
-1719
-1764
-2060
-1994
-1771
-1521
-1118
-1135
-1179
-1067
-513
-9
470
729
1042
1474
1954
1906
1270
1136
1366
1491
1688
2025
2705
3359
3422
3122
3063
3449
3831
4412
4777
4318
3582
3224
3076
2827
2338
2553
2750
2473
2267
2700
3730
3779
3170
2971
3164
3000
2564
1879
1767
2030
1437
1413
1504
1313
495
-492
-838
-1163
-1644
-1520
-1552
-2275
-2589
-3207
-3593
-4320
-4418
-3783
-3408
-3004
-3405
-4318
-4887
-4904
-4543
-3911
-3647
-3601
-3775
-3945
-4024
-4703
-5144
-4730
-4944
-5480
-4943
-2893
-1275
-1486
-3020
-3860
-3311
-2234
-1659
-1799
-1628
-2175
-2299
-1215
982
2654
2530
1009
348
2201
5177
6351
5086
3595
3715
5668
6876
6818
5972
5166
4744
4603
4757
5396
5068
3065
926
693
2870
4847
4644
2552
1462
2483
5146
5825
3076
1559
1361
1483
1607
1744
2618
1909
-693
-1686
-144
2096
2074
-920
-3088
-1668
-267
-1368
-2903
-3572
-3084
-3530
-4015
-3662
-3974
-4120
-3638
-2029
-794
-1372
-2025
-2208
-2132
-2441
-2276
-1509
-1844
-2284
-1466
-939
-1756
-3406
-3190
-1808
-1174
-1207
-1301
-762
-1712
-1663
-345
-945
-1899
-2584
-1997
-1123
-1244
-1218
-2392
-4165
-3825
-1709
32
410
117
-899
-1625
-1058
91
1795
1729
307
-960
-857
624
2016
2363
1248
519
1410
3538
4731
3761
2209
1502
1956
3651
4762
5203
4624
2781
2038
2608
4136
5106
3647
885
-346
807
2744
3137
1460
-135
-213
1069
1990
1417
210
-553
-836
-312
81
968
1117
-1382
-3341
-2528
262
164
-2148
-2980
-2542
-1896
-1556
-58
182
-1082
-1910
-2412
-2199
-2245
-2023
-2575
-2866
-2175
-2365
-2386
-2545
-2795
-3883
-3700
-694
853
187
-1122
-2116
-1421
-1301
-1761
-296
1023
1670
1431
898
1023
1471
1840
1969
2510
2452
2463
2297
1460
2668
3236
1120
68
161
294
-426
-1847
-2051
-1014
960
3047
3034
1001
-1565
-3343
-2942
-404
1215
1191
581
-1193
-1512
315
1931
1295
-318
-879
548
2938
3641
2663
1188
252
404
1199
2007
2598
1772
85
-384
761
2500
2059
-1234
-4159
-3943
-1405
1048
778
-1327
-2692
-2387
-1102
-1513
-2075
-1924
-2615
-3138
-2507
-58
1395
-1132
-4260
-4950
-2982
-435
-392
-1766
-1524
971
2446
1549
480
-68
-350
-1033
-123
2460
3295
1391
-653
214
1721
1406
255
382
1691
3194
3577
3538
2692
-95
-939
-236
1425
1869
-606
659
2505
756
-928
-314
599
-452
-971
921
2227
-526
-1850
-1107
-1422
-2154
-3609
-5267
-5352
-5177
-5067
-3745
-1416
1014
-253
-3412
-4333
-4417
-2433
794
1750
598
-1366
-2695
-2220
374
1960
962
-444
-227
2397
5277
5330
3849
1939
1239
2115
2805
4105
5121
4754
3334
2295
2844
3808
3183
-96
-2285
-1119
1911
3966
2668
781
-74
-867
-1096
-599
666
1177
215
-416
218
1852
1871
-492
-3393
-4069
-1076
1142
-8
-1786
-2164
-1102
-1485
-2387
-986
273
396
-443
27
2451
3106
1366
-640
-1223
-313
381
1471
1179
838
1972
1861
2018
1049
963
1136
135
1087
1881
1559
1047
921
796
-375
-1484
-646
-253
-1289
-900
-93
-209
-1616
-1989
-1250
-2556
-5317
-6181
-5909
-7049
-7164
-4304
-559
789
-3225
-7951
-8967
-7977
-4640
380
2682
-239
-5549
-7829
-4453
67
841
-935
-2696
-1778
3223
6722
5790
2010
-2024
-2080
1255
5283
8997
9032
4732
400
-316
2874
5311
2916
-1379
-1403
2817
7060
6586
1336
-2545
-3563
-2130
758
3339
5170
3513
-412
-1710
613
2940
1629
-2155
-3131
767
4799
5184
1932
-1849
-2173
-489
1071
2988
3994
2885
1507
1680
3745
4810
1927
-712
-210
2049
4221
3625
1291
-339
-108
1816
2381
1067
437
255
349
1468
465
-2132
-3901
-3809
-985
-502
-2199
-3463
-5288
-5384
-4882
-5858
-7836
-9376
-9715
-8885
-8116
-6250
-3213
-2159
-2963
-7590
-11201
-10165
-5779
1794
7001
5694
-541
-7162
-7533
-245
6650
7112
4419
2085
4431
8935
8402
4348
306
-465
4486
10955
14519
13028
5333
-2515
-3895
822
6500
7245
2746
8
1006
2082
967
-2900
-5923
-4908
-2028
2089
4760
2542
-2738
-7749
-7499
-1510
3596
3878
1367
-140
1039
2117
206
-1579
-2091
-745
3398
7727
9674
6399
-491
-3789
-1189
3329
6598
6208
3387
917
-967
-1589
-2284
-3434
-2268
1326
4883
4935
1027
-3616
-5828
-4910
-1308
584
-913
-1794
-3330
-4902
-5739
-8722
-10574
-10248
-6581
-3221
-5687
-11262
-16611
-18716
-14230
-3398
2176
-387
-8113
-16245
-15396
-6623
4798
11589
7770
-1711
-8178
-6086
4862
13100
9864
4246
2737
7886
15638
13715
5510
-142
1106
10709
20105
21199
14714
3133
-3871
932
10563
15514
10650
530
-2082
2098
4352
1958
-3632
-6005
-2833
939
3598
1823
-5789
-11849
-11667
-4452
4582
5262
-1275
-7414
-7484
-1796
2041
428
-1023
1158
4582
7461
6026
1243
-2550
-2515
5521
13386
11783
3902
-4083
-5321
294
5595
6473
2546
-1653
-63
3400
1818
-4189
-8456
-4969
2005
3662
-1150
-9487
-15256
-13656
-7183
-2875
-5796
-12788
-14992
-12348
-10460
-13039
-16454
-18497
-12360
-325
4602
-1920
-17914
-24132
-12695
5810
20458
18612
546
-16376
-17118
620
22760
26731
12650
-754
-3785
7017
16847
15156
8005
3591
8181
18251
19900
10845
-1528
-8673
-288
15448
22037
13808
-5683
-16686
-9378
4366
12288
8165
-3443
-10276
-8944
-3538
772
-2972
-9469
-8856
-2900
4018
2701
-6543
-12731
-9807
1183
11732
12229
3564
-4142
-5354
3187
12705
14302
10369
3281
739
3758
5864
7126
5566
3862
5636
6432
3643
-1435
-4784
-64
7274
8475
2666
-6803
-11229
-7532
-2477
-998
-6190
-13523
-14798
-11488
-8915
-11026
-16612
-19123
-16728
-13507
-11791
-14876
-14637
-10927
-7704
-7746
-14003
-15528
-8294
3886
12643
8160
-7274
-17751
-11513
9200
28490
25113
6170
-7935
-5723
11557
24047
23934
15648
7193
5896
12232
17190
16291
9980
3674
6419
12044
12544
5852
-4332
-5284
2410
8609
6794
-3031
-12542
-12767
-5770
2165
4279
-3839
-13321
-15178
-9374
-434
951
-3753
-7458
-6226
-899
3388
3302
1110
1364
4386
9432
10883
7023
3684
2550
6948
11881
11802
7043
1543
1769
7885
11825
7983
714
-2481
2088
7082
5840
360
-5390
-5600
-2621
-2352
-6391
-12902
-15097
-11474
-8317
-10680
-16787
-21885
-21481
-16741
-13910
-14287
-18894
-16728
-11317
-9288
-12685
-19946
-16087
-3528
8493
10508
-1355
-16909
-19961
-4195
19539
32078
16448
-8201
-15404
15
25138
32391
20386
4083
-2250
5011
18455
26028
23033
11951
1357
3655
11580
15370
11355
3271
2776
6317
6409
1346
-4480
-5106
-184
2838
418
-4928
-11335
-10466
-3021
2347
895
-8565
-14313
-10199
-673
5723
4197
-2383
-6473
-4587
2534
9545
8749
3571
722
3104
7702
7431
4405
2462
3304
6842
8043
5201
763
-1165
3496
8381
6128
-855
-5778
-4238
187
701
-3998
-10620
-14576
-12322
-7780
-6415
-10722
-17171
-18978
-15974
-13603
-12716
-15582
-16508
-10994
-8561
-10277
-17320
-19589
-9582
2450
7301
125
-12639
-17876
-8424
9598
23887
18218
-5419
-16642
-4921
19902
32612
20298
1844
-4765
3585
17527
26083
23218
12391
273
-569
11286
19683
17802
7164
-62
1829
4465
4489
4061
3435
2280
-418
-5251
-6419
-4725
-2898
101
-1243
-5995
-11239
-11629
-4506
2247
811
-5829
-9634
-7935
-171
4865
5067
966
-6379
-5312
2642
9690
9594
3391
-159
1341
4309
7218
8373
5683
2894
2139
5047
6961
3864
1710
2060
2407
197
-2391
-2714
-2273
-3725
-5723
-7139
-8910
-9663
-9303
-8162
-9432
-13758
-15533
-13425
-10437
-5624
-5686
-11053
-17598
-19341
-8688
2671
3559
-5479
-15336
-16217
-7293
5546
14221
11878
-4601
-15483
-4886
16250
27439
13985
-4125
-4925
7198
17643
20543
17792
11480
3185
-653
8798
19773
18166
7329
-1472
708
5940
6784
6745
6980
2751
-3751
-6768
-3219
3475
2885
-2019
-6039
-9212
-8567
-4279
2216
3791
-4283
-11970
-9290
143
6332
4134
-1284
-4424
-5015
-2122
4662
8914
5094
-1881
-2871
2850
7544
7516
5524
2680
-538
-1157
3763
8782
6393
-651
-3110
-425
1327
-141
-1936
-3069
-5867
-7566
-6189
-3481
-4562
-9236
-11758
-10544
-9624
-9819
-10115
-8971
-6297
-8323
-12176
-15451
-13521
-4733
940
-496
-8207
-14055
-12027
-3181
6857
10237
3401
-10649
-11675
4558
21882
21374
2411
-8078
1195
16147
20499
15621
10516
7759
4591
5053
14498
20763
15217
3564
-776
5726
10187
8088
5884
5507
1732
-3546
-3707
2992
7262
366
-7493
-9388
-6019
-2105
-717
107
-3273
-10009
-12017
-3936
3813
2245
-4907
-9251
-5120
-1128
1078
3569
2656
-1741
-5195
-2277
4619
6980
2665
-407
-514
-172
2073
4945
6185
1589
-4363
-3168
2277
4195
771
-3542
-5238
-5224
-4426
-1868
-1206
-5563
-9682
-9864
-6248
-4448
-6811
-9984
-10089
-5242
-3644
-6344
-11523
-12383
-5310
209
181
-5634
-9929
-8732
-3594
3681
7432
4302
-6468
-9049
2838
17019
17810
2512
-5604
3292
15791
17035
11226
9322
10149
7745
4800
10699
18104
15512
4704
-939
4976
10915
10060
6960
5541
1420
-3392
-2317
4228
7950
378
-8110
-8491
-3915
-827
-1819
-2754
-4842
-8797
-9994
-4733
-159
-2058
-6662
-8168
-4258
-1965
-1572
460
1034
-2408
-6560
-4732
2157
5921
3072
-904
-2856
-2118
1605
5458
6522
1717
-4026
-2547
3492
6297
3311
-1468
-3406
-2810
-1379
643
504
-3392
-7681
-7695
-3919
-1875
-4612
-8549
-9616
-9175
-4592
-1156
-3672
-9514
-13862
-7799
1138
2668
-3583
-10842
-10340
-4101
3270
7018
5092
-3983
-9817
-440
13407
17384
5424
-5104
1811
13975
15662
9266
8196
12188
11284
4626
5576
14743
16543
8207
141
3094
9436
9321
6452
5808
3010
-3243
-4009
2748
8832
2871
-7906
-9424
-4733
-911
-1863
-3396
-5351
-9732
-11638
-6257
971
-607
-7418
-11217
-8951
-3575
-1298
-18
-1213
-6423
-8945
-4587
3364
6385
1012
-4402
-3662
590
5123
7053
4409
-556
-3090
626
7076
7646
2358
-2030
-2005
679
1924
1293
-448
-3967
-6304
-5073
-2274
-1663
-4337
-8301
-9223
-8246
-6581
-1610
-864
-5884
-12814
-13560
-3005
5130
2026
-6809
-10706
-6613
-112
4110
5531
4320
-3339
-6369
2769
14576
17086
6020
-1122
5697
14059
13408
10156
12029
13578
7649
1224
8201
19271
17245
5165
-2155
2878
9625
9445
6597
3630
-2793
-6838
-2381
4952
5204
-4528
-9862
-6105
-2980
-4088
-6196
-5611
-6816
-11381
-12201
-6131
-1971
-5664
-10302
-11134
-8211
-5495
-4510
-1813
-2091
-5964
-7567
-3812
2345
3710
-156
-2898
-2197
21
3474
5621
4864
2120
-272
2061
6507
7875
5536
2289
543
580
1869
3298
3084
-633
-3801
-3807
-1794
-109
-2115
-4825
-6478
-6817
-5788
-3946
-230
-1569
-7786
-11997
-8945
705
4081
-866
-7002
-7800
-4021
-567
3570
7146
6025
-4143
-9028
2160
16514
17744
2367
-6471
3081
15237
14575
7185
7344
10751
7818
2078
6418
15825
14519
4089
-2529
2216
7966
7337
4881
2975
-1927
-6241
-2755
3645
3787
-4719
-10474
-8034
-5427
-4776
-5155
-5043
-8053
-13094
-12165
-4930
-1225
-5544
-9184
-8676
-6156
-5410
-4234
70
-755
-5234
-6908
-2775
3500
4231
1720
1200
1758
1781
4193
7675
8662
4996
952
3169
6701
7673
6420
3519
2059
2482
3558
4485
3141
-650
-2548
-1754
-586
-958
-2951
-3742
-4801
-5515
-5275
-5635
-6251
-3525
-2253
-6738
-10932
-11812
-4453
3554
1483
-6441
-11809
-7890
-305
4008
5363
3723
-3236
-7771
1032
13057
16098
5358
-4533
2647
13749
13566
6961
7043
11668
9032
1681
4327
14671
14961
4857
-2728
1155
8373
7469
3990
2486
-1242
-5551
-3729
1772
2154
-5135
-10546
-7619
-5656
-6600
-7017
-5932
-6795
-12240
-14064
-7918
-2744
-6146
-10562
-10026
-7841
-6875
-6715
-2892
-832
-4548
-6332
-3043
2411
3987
1025
1108
4286
4629
3510
5014
7875
8505
5548
4250
6315
7792
8183
7297
5646
4960
4528
4686
5653
4332
1485
326
544
1228
485
-1376
-2408
-3842
-4592
-5504
-5392
-4812
-2776
-1717
-5654
-9336
-11037
-4737
3250
1587
-4591
-8245
-5604
-1332
1630
4792
6403
339
-8833
-3290
11033
17957
7165
-7465
-2383
11665
14110
5424
2564
7934
7914
-176
-1182
9694
13148
4106
-5224
-3542
4102
4787
1633
-517
-4343
-8508
-6318
-566
42
-6526
-11823
-8583
-6656
-8130
-7605
-5691
-6165
-11549
-13522
-7591
-2414
-5142
-8669
-8035
-6428
-5233
-4150
567
2591
-925
-2065
710
4836
6107
4695
5575
7340
5701
4599
7588
10738
10364
6374
4936
7178
9153
10154
8144
4763
3518
3836
5052
6080
3951
616
-856
-910
-796
-1220
-1740
-2331
-3900
-5250
-6034
-5685
-4391
-4340
-3015
-4031
-7544
-10975
-9118
-81
3807
-598
-7723
-10565
-5974
741
5804
6475
821
-9316
-8460
6243
17098
10612
-6687
-8463
6327
14621
8192
1322
4918
7883
1070
-3917
5593
14857
8095
-5175
-8489
400
5996
3709
-142
-4528
-9322
-8822
-1728
1816
-3731
-11962
-11109
-5601
-5006
-5809
-5583
-4816
-8121
-11085
-6907
-670
76
-4379
-6213
-4538
-1776
560
3191
5185
2418
-879
370
5679
9185
7892
5378
5397
6249
6712
8678
10196
9374
6235
4008
6140
9509
10775
8110
3869
1970
3373
5810
6326
3092
-1275
-1828
-614
-173
-1352
-3153
-3636
-4539
-6748
-7761
-6860
-4416
-6428
-8417
-4998
-4087
-7155
-12416
-9672
362
3146
-2707
-10186
-10499
-4192
2136
5840
5362
-2480
-12172
-4754
11927
17193
4065
-10278
-2864
12187
12451
2334
1006
8267
7094
-3827
-4591
9186
13748
3076
-7308
-6101
1559
3611
2270
794
-4399
-10207
-7546
-131
1159
-5550
-11425
-7485
-4691
-6232
-4936
-1981
-2412
-8247
-10135
-3517
2951
1185
-2398
-3007
-2673
-881
1608
6368
7076
1342
-1389
2150
8441
10631
8319
6414
5216
3638
6151
11787
13429
8608
2087
2707
8314
11623
9767
4352
1239
1427
3325
5438
5044
485
-3831
-4301
-2751
-1526
-2517
-4262
-6129
-8383
-9279
-9311
-6408
-6462
-7584
-6673
-7786
-9410
-12743
-8983
-747
421
-4506
-10354
-10048
-4825
1424
5703
5015
-3681
-13243
-4781
12465
17835
2598
-13297
-4282
12942
13539
1790
-480
8161
8741
-1933
-3451
9482
13804
3023
-7918
-5413
3852
5594
2576
-537
-5074
-8631
-4348
2948
3107
-4812
-10438
-5799
-2668
-3792
-3794
-2208
-2390
-6855
-7307
-1242
3413
1149
-1727
-1369
-45
1387
3096
7196
7075
2222
170
3524
9404
10351
7401
5559
5563
5522
7298
10544
11127
7524
2373
3004
7489
9658
7125
1546
-570
675
2523
2224
-124
-2614
-3919
-3230
-2912
-3632
-5226
-6198
-6349
-7155
-8660
-9793
-8896
-8032
-9386
-6928
-5512
-8360
-12935
-13382
-4125
1654
-1651
-7942
-11071
-7980
-2506
3295
7241
2870
-10516
-12662
4547
18774
12292
-7868
-10315
7525
16158
6533
-1841
5147
11602
2907
-6232
3021
15345
10404
-2656
-7082
873
6428
4765
2163
-1793
-6766
-6220
916
4953
511
-6882
-6158
-1295
-1927
-1705
738
1735
-2857
-7168
-3192
3755
3836
-177
-940
-42
1392
2428
5317
7161
3909
395
1091
5834
8303
7061
4984
4570
3776
3159
6901
9928
8354
2809
505
3935
7344
7332
2679
-685
-328
1498
2024
473
-2002
-4010
-3487
-2808
-3591
-4805
-5186
-5561
-6903
-8632
-9850
-9798
-8662
-9318
-11223
-6469
-4061
-9133
-16045
-15479
-2653
3910
-1315
-10070
-13956
-8173
-268
5225
6362
434
-11557
-10166
7372
18139
10094
-8073
-7779
8417
14377
6797
1667
7637
10139
707
-4100
8174
17627
9364
-3351
-5599
3296
8134
6788
4831
-2
-5061
-3030
4463
7140
1439
-6211
-4601
-611
-2338
-1662
728
1356
-3902
-8237
-2699
4624
3748
-2025
-3801
-1619
1224
1203
1561
4306
2559
-104
481
4151
7359
5787
3646
3939
4055
4303
6104
7815
7363
3100
82
2802
6448
6874
2942
-790
-836
1361
2618
1095
-1928
-3469
-2775
-2787
-4240
-5755
-5260
-4310
-6565
-9805
-10278
-7328
-6428
-10428
-14167
-13064
-3364
-1331
-11357
-19564
-16514
-389
5582
-3180
-12385
-13143
-5499
86
2485
5036
4244
-6431
-11430
2326
17425
16988
-1935
-10140
4577
16641
13523
5250
6379
10501
4822
-999
8385
19211
13083
-389
-5268
3998
12028
10118
5279
-609
-4489
-1823
4635
6678
1979
-5069
-5634
-2427
-3354
-1079
2376
873
-6486
-11654
-5332
3700
3169
-4339
-7503
-5876
-2619
770
2678
2841
-908
-4458
-1378
4753
8046
5295
-733
-1517
2509
6428
8821
6372
1723
1182
4018
6601
5974
3971
2760
1099
333
1395
2456
2304
-291
-4010
-4223
-2489
-2408
-2907
-4745
-7696
-9113
-8291
-5932
-6335
-9884
-12358
-12999
-10781
-9013
-5765
-6354
-12461
-15725
-13613
-3010
2305
-2097
-7248
-10540
-8135
-2823
4528
11012
7536
-7412
-12518
6036
24201
20610
-1992
-9687
8462
21923
15947
5195
7828
13953
7828
41
8598
20865
15444
611
-5120
4493
13089
10631
4176
-2357
-5007
-1715
4941
6577
457
-7216
-7116
-1540
-1034
-1048
-700
-2638
-7945
-11203
-4233
3760
1584
-6879
-9877
-5434
-704
507
398
-220
-3024
-4409
-301
5672
6647
2059
-1921
-42
4656
6489
6761
6075
3614
354
1093
6541
8646
4627
-1212
-2762
1174
4896
3451
-1098
-4159
-4865
-3958
-2771
-2697
-4492
-7192
-8839
-8940
-6606
-4519
-6848
-11590
-13293
-11170
-8787
-8727
-10291
-5939
-4723
-9854
-14360
-11675
1881
6584
-1365
-9178
-9161
-1073
5134
7039
7522
3931
-5357
-4312
12005
22674
15025
-3789
-4828
12984
20636
11873
3719
7874
12713
6070
968
10588
18083
9468
-2921
-4086
6205
11018
5769
-21
-3726
-4710
-1213
3061
2119
-3688
-8879
-5801
-1147
-2882
-3161
-1945
-2421
-6430
-8666
-2740
3032
230
-6027
-6286
-2655
-67
398
574
1087
-2338
-3693
1587
6515
6383
1153
-1887
1863
5959
6160
4376
3149
2418
1430
2524
5984
6154
1623
-1770
-1259
1807
3031
292
-2786
-3886
-3832
-3615
-3158
-3136
-5058
-7307
-7357
-5573
-3966
-4978
-8432
-9887
-7864
-5031
-6109
-8510
-8880
-5062
467
-3370
-10022
-11360
-2877
6749
3073
-3534
-5186
-1804
2006
3337
6713
9070
3017
-6531
67
15658
19076
5123
-8264
2109
18122
16069
3537
503
9024
10366
1055
-548
9997
12746
2611
-5791
-1649
8151
7781
1159
-3426
-4578
-2260
1221
2062
-1198
-5173
-5661
-1638
-1125
-3267
-2048
-992
-1875
-5225
-4240
937
1418
-2627
-4988
-2873
-1202
-612
6
1316
-123
-5025
-3547
2406
5213
1923
-3037
-1780
2189
2968
1905
2138
2609
924
-1808
319
5578
4885
-475
-3967
-1622
2868
3507
38
-3631
-3901
-1694
332
-281
-2593
-4499
-4222
-2411
-2526
-3297
-3178
-3099
-3946
-4941
-4841
-3751
-3732
-5135
-6468
-2471
2044
-1954
-8101
-9086
-634
6475
2852
-2952
-6212
-4699
142
4939
8489
5362
-5264
-9487
3481
16824
13643
-3040
-9761
3889
14498
9111
85
1802
8350
4809
-2707
2168
12306
9928
-1619
-6247
1930
9626
7117
1253
-2880
-3207
479
5057
5079
-249
-4798
-3224
1793
2011
1194
1479
-281
-3262
-4989
476
5831
2021
-5289
-6718
-1366
2528
1402
-1309
-2429
-3375
-3118
-151
1447
410
-2686
-3873
-1237
392
87
-936
-873
-171
-1076
-1018
997
1498
-291
-1663
-1479
147
882
155
-577
-1728
-1483
58
979
145
-1679
-1415
1101
1237
-1085
-1791
-206
1118
-852
-4035
-3372
-666
129
-3357
-6897
-6007
1005
5009
-2686
-10488
-10483
-207
6619
512
-6034
-7995
-4878
-1626
-38
3859
4412
-4609
-12882
-3296
12248
13801
-2577
-14130
-1301
13294
10576
-594
-1820
6563
6273
-1488
1971
13262
12116
332
-5278
3788
14170
10617
2771
88
2036
5579
7277
6634
4342
1035
-198
2311
2987
3283
3440
250
-2648
-3497
633
4888
1165
-5310
-6446
-3069
-994
-2165
-4246
-4449
-5626
-7804
-5051
-1953
-2228
-5886
-8118
-4898
-1328
-890
-3070
-4106
-2982
-1122
-733
-161
362
-1468
-1994
486
3451
2662
-314
-661
2078
5183
4193
1431
533
2356
3963
3252
1836
650
1522
2844
2004
-240
-487
1009
1047
-1182
-3725
-3394
-2591
-3618
-6049
-3215
-1022
-5055
-10455
-11194
-2463
1767
-2708
-8784
-11666
-7930
-3290
1164
3301
-2097
-11621
-10873
4033
13436
6220
-9530
-9253
7415
14393
6955
-34
4583
10011
5087
1662
9931
16562
9178
-649
1196
12606
15897
8138
2957
3357
6212
7732
7268
5924
3614
1354
1483
2281
1227
1610
692
-2283
-5017
-5077
-678
6
-4705
-8648
-7787
-4707
-4201
-5495
-7242
-8051
-9732
-9340
-5956
-4453
-5911
-9389
-8227
-4026
-1478
-2110
-4258
-3434
-2696
-1731
-6
2097
2295
-431
-875
2505
6230
5486
2785
1998
3824
6213
5880
4912
3773
3343
3724
4556
5018
3441
1186
317
1396
2559
1790
-1205
-3127
-2581
-1548
-2163
-4733
-6422
-6283
-5763
-2198
-3138
-8571
-11309
-9393
-2072
-1101
-5008
-7640
-8506
-6605
-3582
1592
4458
-217
-8990
-7661
6618
13888
6574
-5870
-3299
11497
15573
7476
2303
8337
13544
8602
4799
11975
17732
10666
2196
4352
14115
15486
7345
2658
3761
6208
6267
4971
2836
263
-1839
-1283
163
-1861
-3614
-5257
-6713
-7571
-8020
-6155
-6455
-10152
-12539
-11015
-8167
-7561
-8855
-10299
-10619
-11149
-9284
-5624
-5458
-7860
-9409
-6265
-1447
-356
-1914
-3444
-1523
1681
3184
3752
4543
5276
4387
4117
6359
9046
9093
7067
5310
5934
8854
9790
7530
4214
3615
5756
7091
5273
1527
-40
936
1639
718
-1302
-3129
-3888
-3631
-3931
-5094
-5786
-6669
-7427
-8284
-4573
-2635
-6826
-10962
-10585
-1942
1572
-2724
-6951
-8165
-3892
-7
2426
3495
923
-4107
-3756
6575
13234
9203
-1463
-2059
10034
15229
9690
3669
6593
11250
7685
3774
9009
14541
8509
-416
-482
8295
11463
3936
-1847
-1929
938
1760
-248
-2290
-3930
-5364
-6007
-5138
-5450
-5425
-7002
-10011
-10240
-8795
-6101
-6587
-10246
-11338
-8992
-6584
-6870
-7816
-7596
-6423
-6630
-6263
-3392
-2098
-3099
-4655
-3040
1327
3586
2094
-258
1232
4896
6935
5861
5172
6477
6624
6573
7270
8930
9201
6959
5059
5944
8697
9155
6408
3206
3357
5432
6228
4384
1037
26
1163
1846
713
-1437
-3101
-3196
-2430
-2598
-3204
-3944
-4679
-5730
-6220
-5207
-749
-607
-6588
-10032
-7270
1690
2969
-3113
-6087
-5254
-1112
293
921
3447
2359
-3474
-5558
3393
11764
9014
-2568
-5533
4860
10864
6751
606
2161
5461
1935
-642
4746
9557
3518
-5128
-4598
3582
6223
-11
-4881
-4752
-2225
-1143
-1550
-2203
-3956
-6021
-6316
-4485
-3205
-2954
-5164
-7545
-7260
-5125
-2197
-2844
-5797
-6788
-4789
-2437
-2338
-2384
-2387
-2569
-3312
-2063
1577
2212
-90
-1987
162
3865
4147
2761
2951
4386
4896
4668
4943
6722
7282
5878
4842
4987
7079
7476
6182
5355
4723
4815
5264
5430
4563
3102
2380
3126
3347
2217
1505
1308
1318
-100
-1235
-570
-176
-1463
-3515
-3868
-2766
-2398
-3583
-5116
-5009
-4569
-3647
-1930
-3793
-6409
-8170
-5649
-732
-2287
-5052
-6480
-5809
-3361
-2529
-456
198
-3479
-6970
-3290
4325
5825
-767
-6706
-1438
5981
5055
36
-1059
3002
3279
-644
518
5472
5015
-966
-3034
2087
6727
3355
-1347
-1055
1268
2302
1187
568
397
-809
-1478
-576
99
-499
-1699
-3135
-2855
-1795
-914
-1112
-3018
-3641
-2184
-763
-1100
-2018
-1721
-1186
-1450
-1614
20
925
-535
-1697
-437
2585
3484
1575
1114
2380
4818
5359
3573
4226
4640
4735
4833
5296
7267
5516
3248
4203
6482
8055
5570
2433
3029
5328
5789
4160
1825
1959
2640
1900
1398
411
108
-880
-2848
-2948
-2153
-2558
-4273
-6428
-6880
-5678
-5493
-6171
-7783
-9210
-7859
-5194
-6154
-9105
-11370
-9226
-4684
-5561
-6962
-7511
-7568
-5501
-4058
-1363
-363
-3929
-6344
-2356
3688
4845
124
-3758
553
5434
4823
2180
1841
4538
4587
2289
3926
7573
6773
2799
1577
5250
8818
5997
2237
2074
3589
4917
3475
1846
1998
2183
1918
1070
324
1171
1972
-306
-2290
-1829
64
711
-2003
-3055
-1366
-409
-1096
-1961
-1125
-350
-1330
-2079
-409
935
382
-486
-160
1710
2315
1609
1782
1957
2074
2274
2562
2705
2242
2060
2497
3255
2902
2262
2338
2869
2911
1570
1044
1614
1282
17
-1033
-659
-59
-784
-2069
-2348
-1930
-1673
-2504
-4054
-4241
-3574
-2965
-3862
-5462
-5400
-4690
-4282
-4833
-5121
-4958
-5123
-5226
-3711
-2380
-3793
-5519
-5394
-1610
797
-1175
-2854
-3267
-1458
337
1084
2024
930
-1154
-799
3014
5751
4591
828
28
3698
5629
5030
3551
2981
3324
2611
3189
5030
5304
3051
1160
1830
3499
3775
1993
951
556
805
1883
1858
1354
296
-193
162
-180
-210
233
63
-997
-1548
-927
79
-41
-942
-949
-655
-627
-504
-214
-139
-777
-1362
-798
67
-194
-919
-1261
-1083
-707
-598
-580
-814
-1243
-693
8
76
13
-331
-160
39
-50
312
643
949
663
-385
-399
701
1282
384
-1316
-1590
342
2067
1652
-371
-1583
-231
1582
1589
172
-812
-146
470
147
-5
-280
-817
-1521
-1866
-918
-477
-1555
-2654
-2071
-933
-1168
-2542
-2958
-1111
-484
-1421
-1831
-1398
-362
-672
-1032
111
356
-823
-1404
99
2196
2066
-233
-489
1689
2983
2589
1319
1351
2118
1975
2282
2966
2959
2165
1332
1620
3012
3461
2576
1591
804
1350
2579
2540
1791
736
423
993
899
621
231
-484
-770
-680
-610
-807
-1686
-2019
-1566
-2038
-2799
-2669
-1870
-1508
-2823
-3811
-3072
-2484
-2906
-3548
-3394
-2493
-2225
-2792
-2658
-2328
-2055
-1753
-1709
-1484
-1578
-1523
-187
1420
835
40
63
1591
3373
2645
2283
1948
1892
2999
3296
3664
3461
2077
1664
2560
3346
3592
2090
565
1152
1935
2662
1939
409
23
-221
73
564
22
-1002
-2193
-2748
-1650
-930
-2038
-3117
-3569
-2863
-1811
-2596
-2793
-2600
-2842
-2280
-2547
-2481
-1855
-1623
-1011
-883
-1229
-649
154
-53
-281
-327
488
1840
1464
1149
1657
2524
3147
2330
1683
2418
3006
2933
2586
2285
2664
2567
1724
1544
1674
1784
1319
89
-23
758
874
34
-1128
-957
57
-64
-1034
-1705
-1846
-1747
-1788
-1738
-1601
-2127
-2737
-2372
-1807
-1563
-1999
-2337
-1844
-1320
-1012
-934
-978
-869
-417
67
268
341
520
1103
1356
1344
1795
2162
1995
1381
1230
1993
2418
1978
1434
1664
2094
2280
1830
745
778
742
864
944
156
295
-105
-462
195
228
244
-228
-1172
-877
250
676
244
-1228
-1782
-713
-189
-220
-874
-1141
-369
-282
-437
-548
-605
-366
-552
-949
-519
4
-331
-1297
-1404
-26
218
-914
-1733
-1181
97
-62
-789
-1270
-1604
-1607
-1431
-575
-241
-1466
-2649
-1725
148
729
-658
-2193
-1885
-801
-188
-104
-596
-1133
-1341
-707
495
826
13
-726
-522
587
1583
1465
826
367
390
1347
2188
2194
1596
978
1413
2428
2937
2596
1674
1243
1783
2456
2700
2431
1714
1266
1350
1597
1792
1195
451
307
310
325
144
-77
-89
-387
-592
-272
-146
-722
-1538
-1887
-1289
-801
-1253
-1995
-2453
-2315
-1692
-1304
-1494
-2193
-2494
-1749
-855
-816
-1236
-1223
-816
-653
-733
-48
1015
1117
472
187
1135
2236
1914
753
322
1046
1879
1943
1451
1338
1513
1571
1711
1744
1657
1436
941
754
813
879
563
-174
-793
-704
-221
-168
-579
-1230
-1280
-997
-1014
-1335
-1824
-2039
-2121
-1882
-1518
-1603
-1993
-2322
-2056
-1067
-941
-1399
-1767
-1759
-907
-873
-1055
-993
-1260
-922
-458
80
632
375
75
604
1226
1482
1350
978
1575
1873
1879
2121
1916
1820
1606
1785
2499
2232
1286
763
1088
1692
1517
468
54
291
338
325
-47
-272
-479
-1168
-1117
-783
-741
-1348
-2223
-2012
-1130
-784
-1238
-1787
-1671
-1035
-665
-697
-792
-1081
-1044
-814
-725
-535
-600
-576
-304
-82
218
670
983
863
551
549
1204
1801
1620
1160
992
1425
1954
2034
1836
1592
1437
1321
1192
1106
1082
794
222
-189
-239
217
480
65
-673
-1046
-699
-376
-641
-1324
-1954
-1941
-1443
-1166
-1400
-1951
-2295
-1988
-1418
-1130
-1266
-1516
-1466
-1204
-928
-816
-940
-988
-939
-710
-311
-230
-314
-220
122
660
931
915
1035
1176
1161
1203
1410
1611
1504
1250
1392
1690
1987
2002
1761
1569
1475
1596
1755
1759
1389
854
506
636
941
777
355
-8
106
338
33
-509
-790
-655
-612
-993
-1310
-1007
-584
-693
-1150
-1344
-893
-593
-900
-1138
-905
-502
-657
-1181
-1297
-837
-376
-275
-271
-81
475
837
878
879
853
1191
1481
1383
1027
602
557
606
531
379
288
300
80
-236
-374
-321
-454
-888
-1129
-900
-592
-610
-766
-983
-1383
-1881
-2090
-1709
-1418
-1750
-2174
-2050
-1629
-1759
-2248
-2291
-1637
-1162
-1354
-1423
-1080
-760
-897
-1059
-719
-132
227
290
577
977
1305
1540
1798
2048
2113
2398
2846
2966
2686
2443
2693
3051
2963
2676
2507
2457
2286
1929
1696
1591
1448
1199
1037
982
1053
1178
1008
560
-9
-192
53
54
-440
-1022
-1193
-1060
-1077
-1416
-1597
-1565
-1594
-1627
-1529
-1204
-1050
-1268
-1479
-1438
-1136
-884
-719
-577
-615
-688
-550
-158
127
-59
-406
-319
97
288
149
92
286
441
284
86
249
532
444
-62
-430
-188
154
146
-173
-342
-88
31
-162
-587
-1034
-1269
-1504
-1600
-1550
-1408
-1447
-1718
-1777
-1574
-1271
-1193
-1324
-1236
-1005
-731
-461
-283
-132
-133
-255
-104
390
772
814
715
967
1502
1726
1613
1571
1790
1919
1682
1424
1623
2051
2084
1822
1785
2141
2410
2100
1670
1580
1651
1574
1160
752
658
543
386
278
127
114
40
-130
-273
-526
-732
-878
-994
-1147
-1275
-1335
-1420
-1525
-1665
-1710
-1731
-1856
-1917
-1812
-1685
-1777
-1888
-1694
-1337
-1232
-1368
-1243
-701
-281
-437
-675
-525
-189
-79
-304
-324
11
347
451
295
227
297
392
515
575
548
572
730
872
896
949
1151
1292
1076
758
737
938
977
644
255
104
121
74
-24
-121
-296
-486
-488
-275
-232
-422
-549
-376
-205
-337
-517
-540
-256
-97
-100
25
216
426
551
734
948
957
827
898
1229
1395
1196
967
1113
1465
1520
1255
1080
1156
1178
1035
858
778
692
572
539
503
426
170
-116
-232
-354
-427
-379
-308
-409
-734
-913
-811
-763
-1044
-1518
-1803
-1848
-1788
-1751
-1716
-1607
-1630
-1797
-1943
-2040
-2134
-2349
-2502
-2325
-1996
-1857
-1937
-1828
-1433
-1138
-1129
-1036
-619
-334
-383
-456
-130
413
620
529
581
1014
1488
1609
1472
1398
1432
1591
1768
1737
1658
1748
2022
2278
2272
2223
2296
2307
2260
2298
2448
2487
2234
1921
1919
2034
2022
1848
1565
1359
1047
775
693
462
-63
-640
-987
-983
-984
-1238
-1448
-1617
-1748
-1779
-1721
-1552
-1604
-1974
-2195
-2071
-1740
-1615
-1902
-2119
-1851
-1434
-1293
-1434
-1467
-1175
-1039
-1153
-1212
-994
-628
-602
-751
-561
23
502
544
394
485
920
1254
1198
967
906
990
952
796
788
970
1074
872
629
703
793
532
66
-160
89
343
235
18
15
139
74
-148
-242
-198
-297
-507
-557
-365
-165
-204
-335
-291
-97
62
85
61
108
234
271
282
326
434
574
623
638
744
873
913
886
823
879
909
794
629
524
595
766
748
554
421
437
454
282
28
-29
18
-116
-364
-521
-450
-462
-757
-1055
-1091
-979
-1008
-1253
-1476
-1491
-1479
-1483
-1567
-1695
-1692
-1606
-1483
-1417
-1433
-1359
-1104
-866
-774
-874
-921
-783
-725
-788
-858
-701
-310
-134
-204
-201
81
438
468
267
236
499
662
648
664
931
1245
1268
1243
1397
1565
1438
1168
1152
1330
1378
1174
1050
1204
1355
1267
1089
1100
1133
878
482
405
630
786
655
444
441
530
468
255
120
132
131
93
113
169
173
157
213
300
332
188
63
71
132
170
155
118
47
-23
-76
-160
-281
-310
-309
-415
-591
-770
-850
-909
-1063
-1135
-1053
-941
-1007
-1228
-1283
-1120
-1014
-1181
-1423
-1503
-1362
-1270
-1388
-1388
-1226
-1028
-1012
-1106
-1040
-824
-701
-783
-838
-679
-370
-222
-278
-244
-104
95
282
388
506
552
595
708
891
1042
1053
971
876
843
815
737
645
582
586
639
698
704
651
561
427
378
439
489
407
302
420
667
775
627
454
483
542
469
389
487
654
662
589
661
836
898
796
690
731
818
774
669
617
586
536
462
450
507
448
291
129
61
129
88
-100
-288
-427
-536
-696
-936
-1064
-1073
-1122
-1255
-1393
-1425
-1472
-1638
-1800
-1827
-1781
-1802
-1886
-1860
-1692
-1576
-1607
-1571
-1349
-1057
-949
-1002
-956
-736
-465
-322
-200
13
238
385
492
705
959
1124
1177
1215
1347
1489
1624
1710
1729
1703
1707
1783
1834
1759
1571
1463
1429
1392
1227
975
823
709
567
430
336
270
137
-60
-165
-198
-291
-515
-775
-922
-982
-1027
-984
-895
-925
-1029
-1080
-978
-902
-1017
-1171
-1110
-869
-633
-500
-454
-328
-230
-136
12
142
273
346
401
550
708
790
749
622
625
779
905
954
939
938
962
884
763
667
518
276
-29
-225
-295
-456
-711
-873
-883
-887
-1003
-1189
-1270
-1356
-1606
-1800
-1764
-1560
-1506
-1639
-1635
-1450
-1289
-1260
-1282
-1118
-767
-540
-527
-475
-258
-53
-18
22
304
667
808
729
750
1093
1464
1535
1467
1618
1965
2184
2120
2004
2030
2097
2085
1954
1874
1868
1729
1468
1272
1194
1079
848
554
379
342
216
-67
-325
-401
-459
-727
-1039
-1133
-1096
-1103
-1267
-1408
-1321
-1231
-1385
-1601
-1559
-1272
-1149
-1346
-1475
-1351
-1130
-1022
-999
-842
-592
-462
-405
-256
-74
-6
-32
76
340
562
658
713
884
1089
1103
1036
1103
1210
1144
905
749
853
990
875
622
491
572
602
335
42
-37
-60
-208
-414
-483
-440
-527
-758
-887
-856
-854
-999
-1158
-1098
-954
-966
-1048
-1085
-1042
-978
-953
-836
-638
-564
-656
-747
-612
-306
-107
-68
-17
182
487
678
705
693
755
948
1144
1220
1257
1312
1329
1233
1125
1183
1325
1262
1004
817
824
839
698
527
485
433
197
1
13
90
-55
-372
-467
-288
-275
-620
-950
-959
-809
-869
-1060
-1076
-971
-973
-1095
-1055
-815
-672
-720
-830
-843
-733
-622
-511
-331
-194
-109
16
179
338
401
450
615
784
821
761
727
779
852
885
920
961
988
968
920
865
746
630
697
863
849
668
489
385
279
140
74
111
135
28
-154
-286
-334
-447
-653
-785
-858
-944
-992
-956
-936
-977
-1047
-996
-758
-564
-579
-666
-630
-504
-458
-463
-381
-213
-84
-59
-42
81
225
236
229
289
371
421
415
409
407
367
346
345
394
463
537
586
560
502
489
466
371
267
218
216
110
-71
-158
-77
32
-56
-203
-198
-104
-108
-266
-380
-381
-409
-492
-562
-522
-433
-408
-386
-340
-309
-336
-369
-322
-197
-133
-143
-115
-60
-32
-2
92
214
302
332
348
343
364
434
478
427
308
298
438
524
458
392
471
633
660
500
359
359
397
342
201
137
114
-16
-150
-216
-225
-257
-357
-407
-418
-478
-595
-648
-628
-639
-696
-740
-699
-632
-637
-681
-658
-565
-418
-365
-390
-370
-312
-218
-162
-150
-147
-121
-59
-21
-20
12
116
264
379
427
506
579
581
547
557
654
729
702
625
577
507
410
339
354
368
282
192
180
221
138
-63
-196
-170
-112
-183
-316
-352
-325
-328
-353
-345
-268
-224
-259
-317
-355
-374
-389
-373
-323
-282
-275
-276
-243
-180
-157
-176
-186
-197
-206
-179
-115
-51
35
142
263
307
279
324
383
356
302
307
413
525
500
426
362
330
289
216
171
160
133
98
121
182
179
63
-11
44
84
-9
-143
-170
-120
-117
-204
-218
-122
-76
-140
-281
-355
-361
-380
-417
-399
-285
-166
-150
-199
-233
-252
-244
-236
-218
-141
-27
71
143
166
128
104
151
205
234
248
243
250
260
270
262
228
214
206
192
145
92
89
103
102
84
84
114
146
147
119
88
72
40
-32
-98
-101
-59
-23
-39
-111
-188
-209
-196
-171
-126
-81
-16
38
27
-33
-73
-42
10
24
14
6
12
29
20
-6
-11
6
32
40
7
-27
-17
-9
-11
-24
-68
-113
-128
-118
-105
-88
-35
22
43
50
49
85
145
145
101
104
156
200
206
195
220
258
246
191
148
146
150
103
25
-12
-43
-90
-116
-101
-67
-91
-147
-145
-98
-84
-93
-84
-61
-62
-100
-124
-107
-84
-129
-213
-257
-245
-219
-226
-233
-205
-179
-192
-234
-242
-191
-142
-115
-100
-70
-5
52
72
73
101
154
181
166
148
177
227
208
142
147
215
248
214
186
223
278
259
192
165
191
199
168
153
152
142
106
56
37
17
-37
-86
-94
-101
-163
-237
-254
-250
-282
-347
-374
-341
-321
-358
-390
-369
-330
-316
-319
-294
-234
-161
-116
-105
-89
-38
28
75
88
102
168
273
334
332
317
343
386
402
397
407
444
469
469
463
446
398
347
334
327
291
233
205
217
201
116
34
10
-16
-123
-260
-327
-324
-348
-432
-497
-491
-462
-477
-525
-553
-565
-577
-577
-569
-541
-500
-435
-346
-276
-244
-213
-159
-98
-54
-23
29
94
132
152
194
261
324
357
374
414
453
475
505
552
585
593
604
621
619
580
536
518
509
473
412
366
320
238
139
48
-26
-89
-163
-239
-299
-354
-429
-487
-517
-541
-567
-585
-599
-611
-608
-598
-588
-572
-556
-536
-502
-474
-455
-404
-331
-280
-255
-231
-179
-115
-68
-30
37
126
198
248
304
363
419
461
490
510
522
521
512
524
538
529
512
510
504
476
417
347
291
232
168
113
90
75
26
-43
-98
-138
-175
-216
-266
-307
-350
-392
-411
-421
-445
-464
-466
-461
-459
-464
-474
-474
-450
-408
-373
-339
-298
-252
-199
-156
-126
-86
-36
17
74
127
175
218
252
273
296
338
375
384
384
394
411
423
420
411
410
412
395
364
331
306
290
270
236
207
187
173
161
142
110
73
38
0
-37
-86
-132
-166
-206
-258
-312
-347
-361
-382
-415
-435
-415
-390
-383
-383
-368
-347
-340
-343
-337
-317
-290
-267
-246
-223
-201
-162
-116
-74
-40
-2
44
83
95
92
111
139
153
153
153
168
186
187
195
221
241
250
261
288
301
289
278
282
275
241
208
208
227
218
176
151
172
186
148
94
69
63
42
1
-26
-30
-37
-63
-89
-103
-119
-135
-144
-151
-152
-148
-143
-136
-144
-157
-164
-155
-151
-157
-154
-144
-136
-129
-118
-107
-102
-91
-69
-40
-33
-47
-39
-9
12
11
17
56
99
91
60
59
84
75
31
22
61
87
70
46
52
68
48
7
-4
13
11
-15
-20
0
5
-19
-38
-23
-2
-3
-11
-5
8
4
-20
-34
-32
-33
-45
-58
-52
-31
-13
-1
9
21
36
38
28
13
9
19
28
28
40
69
76
50
23
29
52
41
13
16
44
51
18
-6
16
45
34
2
10
39
34
7
8
43
54
19
-9
0
9
-19
-44
-24
12
18
-2
9
51
67
49
38
55
70
55
29
24
41
43
24
11
24
45
49
42
34
30
14
-20
-52
-66
-68
-82
-114
-135
-135
-130
-136
-152
-151
-146
-157
-175
-181
-168
-166
-196
-217
-199
-168
-154
-162
-153
-119
-97
-107
-120
-103
-76
-73
-77
-62
-23
5
14
41
97
146
159
161
180
202
210
204
214
251
282
284
279
288
305
308
294
290
300
310
300
281
267
255
230
193
167
144
111
67
24
-1
-29
-61
-100
-128
-132
-147
-180
-207
-228
-234
-248
-279
-298
-304
-304
-314
-331
