13
12
12
11
10
10
7
7
5
4
4
4
6
6
5
5
4
4
3
1
-1
-2
-2
-2
-2
-2
-2
-3
-5
-6
-7
-8
-7
-8
-8
-8
-6
-8
-6
-5
-6
-8
-9
-9
-8
-8
-7
-6
-7
-6
-8
-8
-10
-10
-10
-9
-9
-9
-10
-9
-8
-8
-9
-9
-8
-9
-9
-9
-9
-10
-11
-10
-9
-8
-10
-9
-9
-9
-10
-10
-11
-12
-11
-9
-10
-9
-9
-7
-6
-6
-7
-8
-7
-6
-6
-6
-3
-4
-3
-2
0
-1
-1
-2
-1
0
1
2
3
4
4
5
6
7
8
10
10
11
10
12
13
14
14
16
17
16
16
15
16
15
15
16
16
16
15
15
15
12
9
7
7
5
5
5
5
6
8
9
7
4
3
3
0
-1
-3
-2
-2
-2
-2
-3
-3
-4
-4
-4
-5
-4
-4
-3
-2
-3
-3
-5
-5
-5
-8
-9
-11
-13
-12
-12
-11
-11
-10
-8
-8
-9
-8
-8
-10
-9
-9
-8
-6
-8
-6
-5
-5
-6
-7
-7
-8
-10
-9
-8
-8
-8
-7
-7
-6
-8
-7
-6
-6
-5
-6
-5
-4
-3
-2
-4
-4
-4
-3
-3
-3
-2
-1
-1
-1
-1
-1
1
2
1
2
2
1
1
-2
0
0
0
0
2
3
3
3
2
1
0
0
-1
-1
-1
1
2
4
6
4
4
3
3
2
2
1
5
5
6
7
6
4
4
4
3
4
4
4
4
3
2
5
5
5
5
4
4
3
2
1
2
4
5
4
4
4
4
3
4
3
3
2
2
3
4
4
7
8
7
7
6
6
5
5
5
4
4
3
3
3
4
4
1
-1
0
0
0
1
2
1
2
2
5
5
5
5
3
1
0
1
2
2
3
4
4
3
4
4
5
4
5
4
2
2
3
2
2
1
2
3
2
2
2
1
1
1
1
0
1
2
2
3
3
3
3
2
2
3
1
3
2
1
1
1
1
0
0
1
-1
1
1
1
2
2
3
2
1
2
2
1
1
1
2
1
1
1
1
1
-1
-1
-2
-2
-4
-3
-4
-3
-2
-2
-3
-3
-2
-2
-2
-2
-1
-1
-1
0
2
3
2
4
4
4
4
3
4
4
4
2
3
3
4
5
5
6
4
6
6
5
5
5
6
6
6
6
7
5
6
5
4
2
2
2
2
1
0
-2
-2
-3
-2
-3
-2
-2
0
1
0
1
1
0
0
2
0
0
-2
-3
-3
-1
0
-1
0
0
0
-2
-3
-4
-6
-7
-8
-6
-6
-6
-5
-6
-6
-7
-8
-9
-7
-8
-7
-6
-6
-6
-7
-5
-6
-5
-4
-5
-5
-3
-1
0
-2
0
0
1
2
1
0
2
3
3
3
4
3
2
2
2
2
0
0
-2
-2
-4
-5
-6
-5
-5
-7
-6
-9
-9
-11
-11
-10
-10
-9
-9
-8
-8
-8
-7
-7
-8
-7
-6
-6
-5
-4
-4
-4
-3
-2
-2
-2
-2
0
1
1
-1
-1
0
2
2
2
1
1
1
2
2
3
3
1
0
0
-1
-2
-1
-2
-1
-1
0
-2
-3
-4
-3
-3
-4
-4
-3
-5
-3
-3
-3
-2
-2
0
-2
0
2
4
5
6
7
8
8
8
8
7
7
6
6
7
8
8
8
6
5
5
3
1
1
1
0
0
0
-1
-2
-1
0
-1
-2
-3
-2
-3
-4
-4
-3
-1
-1
-1
-1
-3
-1
-1
0
0
2
1
1
1
1
0
0
0
-1
-1
0
1
2
1
0
1
2
2
2
1
0
0
0
0
1
0
0
0
0
-1
-1
-2
-2
0
-1
-2
-2
-2
-2
-2
-2
-1
-1
-1
-1
0
0
0
0
1
1
1
1
2
2
2
2
1
1
1
-1
-2
-2
-3
-2
-2
-2
-2
-3
-3
-1
-1
-3
-3
-3
-3
-3
-3
-3
-3
-3
-3
-2
1
1
3
2
2
0
1
1
0
2
1
2
3
5
6
7
6
5
5
5
4
4
4
5
3
3
4
5
4
4
4
3
1
1
1
0
-1
0
-1
-2
0
-1
-1
-2
-4
-5
-5
-5
-5
-5
-3
-2
-1
-1
-2
-1
-3
-4
-6
-4
-4
-3
-3
-4
-4
-4
-3
-3
-4
-3
-3
-3
-1
-1
0
-2
-3
-2
-2
-1
-1
0
0
-1
-1
-1
-2
-2
-3
-1
-1
0
0
0
1
-1
-1
-2
-3
-2
-1
1
2
2
5
4
5
4
5
5
3
2
1
0
0
-1
-1
0
-1
-2
-2
-2
-1
0
-1
0
-1
-1
-1
-3
-3
-1
-1
1
3
3
2
0
1
2
4
3
5
5
6
8
7
5
5
3
2
2
3
3
4
5
5
7
6
6
7
8
8
7
7
5
5
4
3
3
3
5
6
9
9
11
11
11
9
9
8
8
7
6
6
5
4
3
4
3
3
4
3
3
2
4
2
0
-1
-1
-1
-3
-4
-3
-3
-4
-3
-3
-2
-3
-2
-2
-2
0
0
-1
-2
-3
-3
-2
-2
-1
1
2
3
2
2
1
1
2
2
2
1
0
0
1
-1
-1
0
0
1
-2
-2
-3
-2
-1
-2
-2
-3
-2
-2
-3
-4
-5
-7
-7
-8
-7
-7
-8
-7
-8
-9
-9
-8
-6
-5
-4
-6
-6
-4
-5
-7
-7
-8
-7
-8
-8
-7
-7
-6
-5
-3
-4
-3
-3
-2
-1
-1
-2
-4
-3
-4
-5
-5
-6
-6
-6
-5
-4
-4
-3
-2
-3
-3
-3
-2
-2
-4
-6
-6
-9
-8
-6
-6
-6
-3
-1
0
-2
-3
-3
-4
-6
-7
-9
-8
-6
-5
-4
-2
-1
0
3
5
5
5
4
3
2
-2
-2
-3
-2
-1
1
1
3
4
3
3
2
2
2
1
-1
0
0
0
1
1
-1
-2
0
0
-1
-1
0
0
0
0
-1
-2
-3
-3
-4
-4
-4
-5
-5
-5
-5
-5
-5
-3
-2
-2
-2
-3
-3
-2
-1
-3
-1
-1
-2
-2
-2
-2
-2
1
0
1
3
6
8
9
8
7
8
10
10
9
7
4
4
4
5
4
4
5
6
7
8
8
7
10
9
6
5
4
4
3
1
1
1
2
3
4
4
6
5
5
3
2
1
1
1
-1
-2
-4
-2
-2
-1
2
2
4
7
10
12
9
8
9
9
8
6
4
5
5
4
5
6
7
9
9
9
10
9
10
9
7
5
6
7
6
5
8
9
8
9
8
6
5
5
9
11
11
8
7
8
7
5
3
5
5
5
6
6
7
8
10
13
14
12
12
11
10
9
11
12
11
9
9
9
9
9
9
10
11
11
9
9
6
4
3
5
6
4
0
-1
-1
-1
-2
-3
-4
-5
-5
-4
-4
-3
-2
-4
-5
-6
-9
-10
-9
-9
-6
-4
-2
-3
-5
-5
-4
-2
-1
1
1
-1
-4
-4
-5
-5
-6
-6
-5
-5
-6
-8
-8
-8
-8
-8
-8
-8
-11
-13
-11
-11
-11
-14
-16
-18
-18
-16
-13
-13
-12
-12
-12
-12
-14
-15
-14
-15
-14
-15
-16
-17
-19
-21
-18
-13
-10
-10
-11
-9
-8
-8
-5
-3
-5
-5
-5
-7
-8
-8
-8
-6
-6
-5
-4
-6
-8
-9
-8
-7
-8
-7
-8
-8
-7
-7
-6
-6
-8
-8
-10
-8
-7
-7
-7
-5
-4
-3
-5
-8
-8
-9
-5
-3
-4
-5
-6
-5
-2
1
3
3
5
6
4
1
-2
-2
1
3
4
2
-1
0
1
2
1
-1
1
2
-1
0
-2
0
2
3
5
5
2
0
0
-1
-3
-3
-1
1
3
0
0
2
6
8
8
4
2
5
9
10
6
3
3
7
9
9
7
8
12
16
17
15
13
13
16
16
14
11
10
10
9
10
10
12
13
13
12
9
6
6
6
5
0
0
-1
1
2
1
0
2
3
5
3
1
-3
-3
2
4
4
1
-3
-6
-6
-4
-1
-1
1
6
8
10
8
8
8
7
5
2
-3
-3
-1
2
4
2
2
6
11
11
8
3
2
3
3
0
-3
-4
0
2
3
1
-1
1
4
2
-1
-2
0
4
7
6
3
-3
-3
1
0
0
0
1
4
4
7
10
9
5
3
1
-2
-2
-1
-1
-3
-1
1
6
9
9
7
4
3
1
0
1
0
-3
-4
-3
-2
2
4
3
0
-1
-2
-4
-5
-5
-3
-4
-2
0
2
1
-3
-7
-12
-11
-9
-5
-3
-6
-7
-8
-8
-8
-13
-12
-12
-11
-10
-12
-13
-12
-9
-5
-4
-6
-8
-9
-10
-14
-18
-16
-13
-6
-3
-3
-3
-4
-7
-9
-12
-13
-11
-5
2
-3
-7
-11
-10
-9
-13
-12
-15
-16
-16
-18
-24
-29
-34
-33
-31
-32
-30
-28
-26
-32
-46
-48
-44
-44
-41
-38
-40
-47
-43
-32
-24
-26
-27
-22
-19
-11
-5
-1
-3
-4
2
3
6
3
-1
7
18
38
40
40
37
30
27
18
13
7
6
12
20
14
8
1
-3
6
6
9
10
11
14
11
4
-10
-12
-5
7
13
14
17
16
18
15
8
-1
-3
10
25
42
57
58
51
48
39
45
51
61
64
60
70
77
72
65
61
52
42
39
49
42
31
32
30
19
18
28
30
17
6
2
-8
-8
-3
-13
-32
-37
-22
-14
-12
-9
1
5
7
13
19
24
25
27
27
27
34
45
67
70
65
65
67
70
79
150
321
449
446
315
137
103
142
272
351
295
250
283
470
551
418
256
168
183
198
233
230
178
168
214
260
118
23
43
79
16
-195
-325
-370
-345
-287
-334
-425
-513
-483
-386
-385
-495
-656
-717
-687
-655
-681
-687
-636
-585
-558
-579
-575
-564
-526
-471
-451
-463
-458
-357
-218
-140
-117
-74
22
91
92
47
28
47
123
244
332
368
375
418
468
479
454
428
427
443
438
419
380
350
319
278
250
227
205
190
181
142
80
57
79
122
76
-24
-113
-167
-120
-87
-109
-193
-271
-243
-169
-108
-125
-224
-285
-253
-174
-148
-164
-159
-119
-76
-55
-41
-50
-39
47
111
137
117
160
266
315
328
306
314
376
417
449
432
402
436
486
557
550
533
531
531
529
485
499
593
700
749
648
507
386
348
360
367
345
277
291
330
356
249
114
37
-28
-60
-82
-93
-111
-154
-189
-253
-374
-438
-423
-394
-425
-524
-644
-702
-713
-678
-675
-716
-746
-760
-710
-676
-655
-679
-731
-749
-767
-762
-738
-688
-629
-617
-630
-646
-610
-551
-503
-475
-502
-529
-524
-444
-352
-341
-359
-409
-455
-502
-549
-580
-622
-620
-475
-118
255
411
275
1
-171
-163
-29
153
187
154
250
551
830
799
563
398
406
476
531
579
627
667
786
934
955
864
909
1097
1156
951
696
613
653
715
743
651
476
423
551
661
554
318
137
77
53
-21
-66
-65
5
100
151
167
143
132
145
83
-51
-186
-191
-38
116
202
234
280
331
331
252
177
130
133
210
249
243
220
215
288
340
297
223
173
144
90
16
-26
-56
-101
-129
-177
-214
-236
-252
-248
-313
-443
-582
-650
-642
-626
-657
-727
-781
-777
-787
-783
-807
-952
-1118
-1169
-1066
-984
-1033
-1086
-1063
-973
-888
-828
-804
-908
-979
-846
-635
-593
-730
-755
-620
-533
-526
-559
-618
-660
-504
-221
-11
68
76
207
239
207
158
151
299
436
536
572
575
612
680
726
688
543
475
560
683
700
685
673
750
840
890
987
1118
1289
1285
1031
644
339
327
518
729
699
523
444
603
787
613
230
-83
-172
-70
46
109
44
-4
80
236
241
59
-17
-6
2
-139
-281
-249
-85
189
383
418
368
330
420
499
451
278
185
269
405
488
498
551
587
628
632
569
498
420
402
361
246
134
65
92
131
97
23
-67
-156
-325
-547
-722
-838
-900
-898
-862
-899
-946
-980
-1010
-1099
-1333
-1540
-1585
-1481
-1326
-1279
-1343
-1456
-1545
-1504
-1464
-1513
-1666
-1776
-1761
-1733
-1730
-1749
-1555
-1060
-513
-108
-174
-464
-612
-530
-219
-44
-26
-73
157
785
1315
1371
1106
903
952
1100
1227
1225
1139
1120
1403
1770
1825
1737
1715
1906
1925
1605
1256
1002
981
1121
1186
1039
699
549
724
843
657
242
-141
-290
-314
-329
-393
-533
-568
-491
-442
-404
-493
-527
-467
-472
-562
-722
-736
-538
-269
-34
129
278
443
570
587
542
478
496
681
883
1005
1025
1086
1260
1398
1431
1350
1265
1242
1233
1264
1215
1129
1050
1013
1007
913
730
564
468
346
175
-28
-240
-394
-507
-647
-843
-1045
-1142
-1222
-1299
-1437
-1666
-1876
-2083
-2132
-2127
-2172
-2196
-2292
-2258
-2195
-2202
-2253
-2395
-2448
-2450
-2332
-2173
-2128
-2157
-2222
-2116
-1958
-1864
-1573
-1022
-292
113
142
-31
-211
-67
294
732
849
741
945
1590
2252
2353
2078
1815
1800
1976
2137
2225
2078
1914
2117
2445
2507
2271
2164
2321
2293
1950
1507
1241
1111
1096
1088
869
489
253
382
532
307
-191
-645
-799
-866
-1016
-1188
-1352
-1397
-1345
-1205
-1093
-1147
-1176
-1159
-1134
-1263
-1510
-1537
-1280
-945
-668
-429
-187
78
286
375
381
312
320
502
790
1026
1114
1257
1524
1746
1810
1744
1685
1652
1640
1640
1622
1601
1570
1594
1625
1545
1338
1123
980
854
654
345
73
-101
-249
-390
-565
-739
-896
-1056
-1206
-1431
-1788
-2064
-2210
-2231
-2268
-2405
-2451
-2412
-2401
-2491
-2652
-2749
-2814
-2817
-2788
-2838
-2942
-2966
-2779
-2518
-2219
-1797
-1171
-551
-392
-583
-832
-861
-508
-28
365
461
534
993
1735
2181
2050
1695
1583
1772
2068
2248
2284
2202
2292
2697
2927
2808
2587
2619
2705
2502
2068
1586
1317
1303
1442
1448
1132
790
637
657
515
77
-427
-798
-899
-952
-1047
-1163
-1281
-1289
-1292
-1245
-1258
-1348
-1342
-1347
-1377
-1525
-1640
-1505
-1231
-862
-617
-376
-175
-43
50
63
131
163
310
605
865
1052
1159
1394
1676
1813
1841
1770
1743
1716
1735
1819
1818
1765
1709
1749
1764
1655
1438
1173
968
755
536
302
47
-151
-357
-526
-693
-902
-1111
-1379
-1634
-1902
-2193
-2424
-2556
-2613
-2727
-2825
-2906
-2979
-3075
-3226
-3294
-3302
-3262
-3257
-3334
-3386
-3495
-3495
-3272
-2887
-2204
-1472
-830
-578
-760
-972
-925
-553
-114
246
471
762
1317
2036
2538
2518
2304
2255
2360
2637
2806
2846
2815
2864
3190
3421
3422
3385
3400
3377
3099
2661
2245
1928
1795
1762
1641
1336
1042
911
899
743
258
-296
-757
-1024
-1171
-1401
-1584
-1771
-1846
-1746
-1678
-1660
-1735
-1832
-1884
-1990
-2116
-2230
-2153
-1839
-1436
-1043
-776
-520
-345
-241
-135
-40
108
237
527
847
1095
1347
1569
1893
2151
2259
2304
2269
2299
2363
2449
2514
2477
2424
2367
2401
2390
2239
2005
1725
1472
1139
826
548
283
63
-179
-352
-603
-918
-1234
-1583
-1883
-2267
-2564
-2744
-2888
-3001
-3200
-3315
-3386
-3467
-3545
-3670
-3824
-4025
-4185
-4230
-4250
-4223
-4061
-3519
-2655
-1792
-1255
-1315
-1550
-1699
-1486
-994
-580
-246
-1
438
1272
2062
2445
2318
2176
2314
2539
2772
2921
3070
3110
3347
3787
4065
4096
4037
4132
4081
3624
3077
2640
2467
2388
2285
2089
1695
1428
1354
1338
1086
393
-345
-870
-1139
-1328
-1583
-1806
-1992
-2059
-2047
-1938
-1888
-2043
-2249
-2462
-2643
-2773
-2801
-2556
-2199
-1821
-1471
-1183
-903
-745
-644
-562
-458
-304
-126
168
497
810
1098
1407
1744
1995
2139
2224
2280
2348
2367
2421
2513
2579
2631
2647
2719
2704
2611
2486
2298
2043
1672
1308
1003
785
600
340
85
-171
-431
-742
-1140
-1547
-2042
-2462
-2720
-2845
-2914
-3151
-3320
-3420
-3546
-3720
-3969
-4161
-4417
-4690
-4842
-4815
-4548
-3957
-3071
-2247
-1945
-2088
-2346
-2295
-2007
-1641
-1331
-1127
-732
-58
857
1604
1852
1738
1717
1940
2325
2559
2655
2743
2933
3274
3679
4018
4152
4213
4247
4138
3797
3317
2987
2852
2780
2610
2309
2038
1884
1851
1727
1309
683
43
-458
-767
-1056
-1344
-1624
-1785
-1798
-1771
-1771
-1844
-1981
-2182
-2424
-2663
-2840
-2831
-2666
-2332
-1942
-1628
-1363
-1200
-1036
-935
-832
-678
-484
-212
31
308
646
991
1330
1648
1921
2099
2225
2352
2506
2620
2662
2723
2811
2906
3011
3062
3051
2952
2766
2544
2249
1935
1610
1348
1116
868
613
338
66
-235
-530
-909
-1346
-1823
-2286
-2657
-2904
-3021
-3156
-3311
-3502
-3655
-3849
-4115
-4434
-4779
-5109
-5275
-5162
-4619
-3719
-2757
-2154
-2199
-2587
-2863
-2687
-2250
-1787
-1603
-1505
-1095
-122
1042
1679
1627
1439
1526
1924
2403
2647
2636
2532
2787
3373
3992
4284
4464
4659
4760
4632
4197
3681
3311
3166
3073
2801
2364
2052
1985
2006
1856
1332
596
12
-343
-632
-1051
-1575
-1986
-2082
-1932
-1801
-1859
-2051
-2208
-2396
-2711
-3104
-3396
-3403
-3149
-2648
-2126
-1680
-1346
-1083
-832
-687
-609
-494
-306
-37
285
592
942
1327
1726
2092
2291
2359
2352
2361
2427
2481
2452
2444
2554
2725
2941
3009
2928
2697
2370
2042
1640
1216
825
493
278
121
-48
-304
-621
-1000
-1407
-1950
-2501
-2922
-3245
-3397
-3453
-3356
-3314
-3442
-3654
-3890
-4280
-4778
-5308
-5760
-6095
-5783
-4037
-1133
1267
1971
1409
829
524
-76
-1126
-2237
-2991
-2748
-1138
1190
2727
2827
2541
2567
2480
1797
991
758
1148
1981
3351
4681
5409
5409
5071
4318
2889
1037
-406
-887
-480
371
1067
1237
1116
1004
875
195
-1227
-2596
-3109
-2478
-1302
-256
484
940
1165
1165
693
-264
-1382
-2135
-2224
-2039
-1858
-1567
-1018
-368
72
221
86
-223
-384
-55
565
1138
1630
2176
2734
2866
2402
1646
831
224
39
148
332
551
968
1623
1962
1835
1402
887
618
553
648
699
710
850
1055
1078
808
390
-72
-490
-807
-996
-1121
-1242
-1327
-1373
-1552
-1613
-1745
-1795
-1948
-2208
-2216
-2187
-1880
-1598
-1217
-1184
-1521
-2133
-2838
-3380
-4107
-4677
-5225
-3978
-357
3656
5376
3723
1526
304
-637
-1952
-3155
-3965
-3866
-1932
1502
3981
3327
1411
436
-147
-999
-1743
-1414
-171
1547
3779
5311
4935
3439
1743
26
-1331
-2213
-2307
-1618
-62
2338
3452
2700
1153
-254
-1153
-1558
-1552
-1336
-692
811
2793
3635
2937
1672
304
-585
-974
-914
-573
-223
594
1206
739
-290
-1218
-1594
-1314
-730
153
993
1682
2447
2828
2509
1791
1048
592
447
299
324
318
325
445
433
261
-84
-211
145
739
1172
1434
1498
1360
1058
723
448
125
-77
78
416
667
741
549
136
-388
-798
-1106
-1354
-1460
-1235
-937
-748
-641
-913
-1291
-1657
-1935
-2015
-2061
-1675
-1315
-1222
-1618
-2506
-3659
-4958
-5879
-6132
-3544
1325
5214
5663
2913
734
-461
-1998
-3389
-4515
-4841
-3732
-423
3571
4610
2391
-195
-1376
-1850
-2091
-1787
-771
1284
3713
5792
5987
4076
1921
-244
-1453
-1605
-1577
-1015
-47
1853
3384
2636
575
-1670
-2651
-2213
-1150
-274
183
1089
2341
3234
2735
1211
-391
-1428
-1050
-190
456
651
421
379
-256
-1511
-2747
-3381
-2480
-722
1015
2238
2414
2106
1658
1101
447
-359
-297
606
1603
2185
2008
1494
600
-117
-468
-669
-630
-148
1208
2346
2924
2705
1702
877
136
175
409
692
1339
1769
2275
2014
1310
419
-567
-985
-1211
-971
-680
-425
-294
-612
-896
-1344
-1751
-2213
-2259
-2053
-1805
-1043
-1117
-919
-1403
-2187
-2707
-3835
-4951
-6075
-6976
-5602
208
5603
7442
4568
464
-756
-1958
-2605
-3461
-4673
-4216
-1340
3746
5996
3627
-210
-1761
-1237
-517
-69
-19
1682
3975
6201
6888
4196
1671
-517
-1086
-266
-246
-108
186
1360
2719
2275
142
-2037
-3028
-2299
-553
567
752
441
465
1096
897
-181
-1486
-2372
-1814
-666
443
642
-474
-1435
-2101
-2890
-3584
-4026
-3174
-1110
828
2351
2556
1537
721
287
133
6
-77
715
1682
2277
2432
1720
664
-129
-125
486
895
1333
1997
2701
3166
3104
2421
1454
727
575
1180
1734
2098
2198
1903
1611
1030
462
-107
-635
-725
-654
-459
-436
-793
-1323
-1728
-2053
-1948
-1832
-2065
-2007
-2429
-2387
-2129
-2386
-2369
-2756
-2890
-3463
-4243
-5360
-6267
-7195
-4452
2315
6734
7223
2634
-340
-819
-1590
-1881
-3611
-4776
-3790
761
5723
6190
2582
-1084
-1114
-164
1062
1148
887
2889
4853
7248
6417
3279
1071
-794
-286
430
688
552
553
1386
2081
1119
-906
-2314
-2789
-1555
409
1125
854
-243
-474
142
-136
-837
-2056
-2677
-1674
-434
602
141
-1483
-2365
-2985
-3264
-3537
-3620
-2353
-385
1466
2477
2178
950
113
-180
-78
340
661
1533
1962
1941
1722
965
367
-14
342
1113
1581
2038
2532
2829
2655
2102
1375
883
592
796
1452
1811
1960
1653
1266
929
492
178
-236
-586
-766
-702
-450
-569
-950
-1496
-1955
-2233
-2112
-1808
-1815
-2108
-2747
-2881
-2471
-2482
-2708
-2850
-3336
-3136
-4035
-5220
-7074
-5684
1405
7439
8812
3331
-1191
-1861
-1286
-855
-2907
-4808
-5102
-293
5598
6587
3000
-2159
-2179
-484
1547
2485
1375
2672
4506
6974
6466
3150
863
-878
-522
401
1515
1502
685
757
1063
944
-803
-2204
-2618
-1660
972
2202
1811
-25
-1446
-870
-121
39
-736
-1913
-1577
-290
779
481
-1485
-2921
-3132
-2774
-2491
-2537
-1830
-237
1323
2122
1703
306
-665
-681
-154
554
943
1505
1717
1274
788
129
-526
-716
-295
805
1782
2372
2815
2814
2497
1944
1344
778
273
432
1190
1890
2070
1742
1281
842
582
401
102
-236
-419
-229
57
83
-397
-1053
-1501
-1791
-1626
-1750
-1844
-1999
-2522
-2577
-2657
-2581
-2429
-2302
-2451
-3144
-4783
-6459
-7898
-4876
3085
9013
8716
2299
-2006
-2034
-1084
-1276
-3375
-5310
-4505
1268
6588
6370
861
-3915
-3011
-687
1841
2208
1628
3245
5235
7203
5675
2306
294
-769
-207
1140
2286
1815
768
44
308
53
-1395
-1986
-2224
-542
2184
2990
1772
-1122
-2487
-1338
71
588
-368
-1626
-1219
-96
431
-473
-2575
-3409
-2898
-2248
-2027
-2354
-1753
-268
890
1434
894
-272
-562
-228
417
819
683
1125
1145
664
307
-232
-482
-382
191
1110
1710
2128
2716
2941
2860
2485
1733
1171
602
790
1488
1819
1902
1571
1257
1026
661
315
-22
-233
1
356
497
358
-170
-654
-1269
-1909
-2053
-1958
-1565
-1528
-1900
-2159
-2420
-2368
-2737
-2935
-3214
-3655
-4108
-5319
-6052
-7032
-3370
4288
9447
8009
765
-3034
-2425
-452
-560
-2751
-4617
-3911
1657
5767
4822
-1074
-5057
-2960
197
3524
3510
2598
3361
4741
6582
4977
2218
385
-288
421
2065
2996
1663
-183
-1490
-580
-37
-263
-493
-1416
-300
1630
2200
715
-2109
-2905
-1288
601
1337
240
-1630
-1644
-766
-145
-697
-2388
-2775
-2364
-1473
-1044
-1671
-1775
-1387
-488
513
832
415
3
-51
610
1510
1578
1501
668
-69
176
283
211
-376
-414
653
1725
2694
2885
2474
1993
1839
1880
1555
887
673
1329
1962
2139
1396
358
-254
-261
254
486
223
-91
-53
269
229
-537
-1654
-2563
-2819
-2251
-1833
-1654
-2285
-2933
-2661
-2482
-1981
-2485
-3059
-3392
-3702
-4101
-5384
-6747
-4227
3400
9084
8052
846
-4042
-2853
-464
663
-1037
-3599
-3310
844
5383
4775
-1030
-4882
-3382
322
4040
4566
3306
2876
3294
5103
4805
3113
2201
928
739
2135
2991
1797
-1045
-3013
-1887
-524
413
580
-669
-230
1158
1892
739
-2036
-2873
-1322
895
2286
1273
-1126
-2108
-2019
-1101
-820
-1853
-2076
-1891
-1241
-734
-1385
-1565
-1299
-758
385
924
575
192
-104
516
1268
1501
1787
966
133
-44
-25
98
-237
-114
724
1486
2405
3035
2701
2109
1465
1048
1154
1118
1564
2066
2030
1847
1045
266
-354
-775
-540
-218
-68
8
-87
-39
-191
-816
-1331
-2116
-2481
-2188
-1779
-1297
-1654
-2704
-3410
-3521
-3088
-2501
-2285
-2529
-2989
-4261
-5503
-7150
-6224
822
8443
9917
3376
-3344
-3812
-787
1175
662
-1970
-3740
-534
4508
5857
592
-4835
-4316
-681
3589
5391
4321
2733
2354
3695
4700
3904
3125
2215
777
1611
3042
2527
-131
-3257
-3068
-1243
513
1308
-166
-1416
-613
619
325
-1647
-3094
-1783
313
1932
1680
-812
-2456
-2767
-1755
-578
-558
-865
-1254
-1752
-1841
-1688
-1313
-728
-600
-64
892
1180
1110
655
480
937
1665
2760
2629
1136
26
-121
186
551
825
1129
1441
1880
2714
2796
1962
1087
746
1053
1395
1745
1752
1291
794
494
131
-382
-665
-646
-243
66
22
-259
-638
-857
-965
-1090
-1375
-1782
-2073
-1867
-1798
-2033
-2492
-3141
-3005
-2214
-1500
-1464
-2088
-2940
-3264
-3598
-4462
-5221
-6073
-3091
4427
9895
8312
912
-4272
-2983
687
2594
1733
-1555
-2637
395
3927
3689
-1551
-4706
-2843
1201
5124
5581
3284
1369
1183
3169
4645
3980
3141
1165
-242
761
1404
480
-2256
-4144
-2564
142
1991
1497
-1454
-3002
-1924
-424
-12
-1328
-1923
-946
148
960
85
-1765
-2465
-2108
-674
841
893
57
-1391
-2362
-1735
-965
-206
-74
-597
65
1317
1899
1373
308
508
1913
2994
3208
1805
-84
-526
184
1174
1496
1380
1465
1515
1806
2087
1457
598
311
900
1893
2014
1480
526
-301
-228
167
124
-302
-630
-667
-500
-688
-960
-1033
-1107
-952
-966
-1111
-1736
-2562
-2860
-2741
-2568
-2690
-2695
-2432
-2094
-1988
-1866
-2204
-2765
-3090
-3466
-3951
-4534
-5382
-3626
2683
8817
9140
2646
-3606
-3502
278
3174
3457
390
-2709
-1673
2444
4672
929
-3532
-3251
571
4642
5784
3646
1066
353
2531
5182
5531
4783
2267
-614
-961
312
976
-587
-2728
-2348
-600
978
1216
-1166
-3535
-3389
-1490
65
-294
-1256
-1447
-1166
-261
102
-827
-1683
-1761
-754
621
1069
448
-1026
-2573
-2506
-1426
-61
622
-164
-703
-138
742
1392
1409
1380
1960
2571
3149
2532
596
-306
409
1806
2738
2767
2365
1612
1082
1295
1236
787
711
1160
1951
2104
1359
285
-631
-369
580
813
402
-231
-836
-1179
-1252
-1004
-633
-800
-1211
-1581
-1856
-2118
-2812
-3172
-3077
-2855
-2592
-2775
-3029
-3039
-2892
-2340
-2293
-2622
-2844
-3101
-3591
-4335
-4865
-4735
-1298
5414
9496
6330
-1030
-4745
-1982
2315
4237
3020
-972
-2799
44
3914
3910
-434
-2775
-674
2643
5286
5342
2863
952
1200
3846
6036
6043
4470
891
-1857
-1034
987
1583
-1
-1571
-1405
-569
228
-397
-2999
-4385
-2966
-515
720
-87
-1398
-2254
-2218
-1135
-454
-773
-1169
-1167
-585
228
441
-247
-1840
-3030
-2519
-1132
69
126
-890
-1046
53
1318
1941
1601
1429
1926
2459
2549
1650
576
923
2107
3017
3388
3109
2282
1065
560
1182
1721
1723
1515
1354
1240
965
739
542
398
705
967
645
47
-572
-936
-786
-391
-68
-309
-1258
-2036
-2478
-2676
-2813
-3160
-3081
-2847
-2746
-2760
-3359
-3747
-3436
-3112
-2296
-2005
-2575
-3165
-3822
-4023
-3516
-3629
-3750
-887
4517
8106
5439
-1059
-4197
-1843
2420
4756
3276
-837
-3132
-860
3283
3696
229
-1726
-220
2821
4905
4638
2688
1040
1495
4195
5985
5865
3954
199
-2241
-1348
1322
2774
1196
-1092
-2215
-2062
-945
-927
-2717
-3598
-2263
10
624
-653
-2019
-2795
-2346
-697
209
-70
-839
-1166
-651
24
395
-179
-2005
-3089
-2342
-833
200
4
-782
-691
246
1415
1821
1425
1398
1831
2251
2440
2012
1436
1603
2398
3353
3604
3032
2031
1047
1097
1901
2218
1887
1503
1513
1636
1398
1074
623
319
716
987
694
211
-4
65
-47
-272
-398
-1046
-1830
-2105
-2131
-2269
-2684
-2991
-3039
-3195
-3606
-3954
-4045
-3704
-2994
-2749
-3020
-3096
-2925
-3146
-3590
-4674
-5082
-4930
-3659
1708
7329
7429
1432
-4978
-4825
662
4536
5111
1504
-3260
-3039
1067
4658
2831
-1636
-1661
1518
4473
5750
3614
1087
800
3036
6635
7080
5026
2091
-1494
-1724
1393
3748
3399
33
-2658
-2906
-2020
-421
-816
-2946
-2741
-872
335
-433
-2452
-3111
-2662
-1434
559
321
-1278
-1969
-1949
-920
-67
-110
-748
-2922
-3898
-2559
-1294
-323
-425
-1329
-1065
-350
728
1496
1016
1263
2013
2409
2672
1870
1395
1983
2884
4033
4116
3056
1821
674
986
1893
2189
2364
2226
2030
1758
1121
876
837
991
1536
1498
1150
1015
668
60
-612
-685
-229
-406
-1014
-1752
-2573
-2916
-2970
-2967
-3135
-3637
-3820
-3953
-4105
-3460
-2573
-2238
-2327
-3163
-3880
-3892
-3516
-3106
-3462
-4207
-4091
-998
4135
6441
2788
-3629
-5676
-1122
4488
5828
2935
-1891
-3876
-1101
3187
4566
1756
-225
1197
3571
4534
3715
1903
1381
2807
5532
6833
5176
2571
71
-815
972
3593
4054
1317
-2178
-3238
-2042
-233
554
-737
-2030
-1677
-680
-843
-2107
-2868
-2307
-1292
-102
250
-990
-2246
-2336
-1383
-368
-175
-734
-2176
-3371
-2550
-1115
-618
-974
-1680
-1382
-412
501
1086
798
692
1482
1886
1799
1527
1549
2466
3430
4032
3783
2627
1631
1142
1417
2346
3074
3250
2674
1647
823
407
697
1365
1755
1825
1603
1279
1005
657
295
165
156
147
-373
-1190
-1856
-2271
-2378
-2501
-2887
-3545
-4139
-4142
-3833
-3836
-3701
-3427
-3202
-3081
-3136
-3255
-3522
-3708
-3554
-3005
-3073
-3429
-4285
-3853
133
4598
4938
-209
-4764
-3191
2250
5134
3855
-219
-3537
-2274
2424
6223
4855
1132
149
1567
2854
3497
3333
3264
3533
4253
5185
4463
3230
1765
143
583
2943
4174
2228
-1694
-3320
-1933
229
1588
369
-2071
-2859
-2275
-1644
-1781
-2066
-1493
-1299
-1295
-1174
-1998
-2666
-2243
-1497
-1046
-1133
-1220
-1409
-2460
-2658
-1946
-1503
-1102
-795
-498
-143
31
476
873
833
1284
1708
1830
2203
2424
2864
3343
3516
3555
3009
2457
2564
2768
2988
2979
2537
2135
1527
1182
1297
1557
2111
2415
2160
1561
826
501
652
846
813
329
-485
-1258
-1849
-2143
-2294
-2569
-2967
-3583
-4347
-4656
-4262
-3480
-3142
-3455
-3847
-3990
-3691
-3339
-3176
-3274
-3227
-3115
-3084
-3438
-4144
-4636
-5354
-3320
2127
5998
3726
-2863
-5882
-1687
4449
6476
4252
-627
-3150
-266
5055
7672
4370
126
-162
1915
3890
4717
3983
3189
2678
3334
4625
4388
3315
1604
374
1407
3431
3726
1258
-2096
-2668
-669
1263
1318
-1289
-3891
-4004
-2415
-720
-437
-1352
-2366
-3421
-3294
-2368
-2232
-2275
-2184
-1876
-1402
-1472
-1842
-2716
-3690
-2736
-935
3
-87
-773
-1001
-597
-13
955
1280
825
837
1134
1802
2739
3224
3463
3279
3118
3424
3574
3493
3189
2599
2398
2580
2714
2564
1903
1543
1788
2267
2729
2641
1935
1053
433
470
875
744
137
-659
-1226
-1265
-1511
-2082
-2840
-3530
-3699
-3624
-3623
-3469
-3295
-3315
-3455
-3625
-3653
-3622
-3575
-3519
-3235
-2747
-2388
-2505
-3180
-4120
-4359
-4258
-3690
-3302
-2248
887
3598
2690
-1448
-3580
-502
4832
6446
4174
297
-2070
102
4521
7243
5080
830
-273
1572
3251
4125
3901
3329
2702
2510
3584
3875
3140
1867
760
1084
2520
2939
1331
-1502
-2594
-1327
98
431
-711
-2046
-2132
-1702
-1637
-2129
-2897
-2853
-2533
-2250
-1906
-2332
-2809
-2925
-2996
-2641
-1829
-1029
-613
-1250
-1538
-1081
-870
-378
163
315
293
130
560
1265
1378
1703
2106
2413
2966
3170
3363
3639
3815
3913
3399
2589
2330
2389
2961
3721
3752
3038
1994
1808
2464
2713
2238
1208
283
67
489
1004
820
-205
-1224
-1979
-2456
-2621
-2706
-2713
-2728
-2691
-2626
-2900
-3450
-3857
-3982
-3747
-3265
-3053
-3318
-3779
-3826
-3219
-2716
-2976
-3717
-4383
-4110
-3201
-2592
-2631
-3217
-3773
-3954
-1943
2213
4984
2908
-1780
-2888
1342
6229
6554
3342
-624
-1932
1089
5509
6893
3418
-470
-259
2430
4210
4416
3347
2207
1702
2624
4215
4033
2268
521
-122
779
2222
2231
290
-2000
-2129
-246
956
74
-1986
-3344
-2794
-1556
-988
-1559
-2718
-3397
-3376
-2947
-2726
-2997
-2874
-2005
-1102
-680
-907
-1513
-2188
-2370
-1277
427
1423
1191
5
-1119
-938
527
2222
2792
2337
1871
1691
1971
2605
3018
3116
2891
2776
2946
3181
3486
3747
3648
3435
3251
2935
2585
2289
2130
1994
1844
1783
1561
908
149
-432
-674
-780
-1147
-1620
-2014
-1963
-1474
-1296
-1753
-2659
-3374
-3505
-3082
-2471
-2183
-2585
-3528
-4183
-4236
-3748
-3276
-3271
-3578
-3593
-3394
-3310
-3477
-3648
-2871
-1973
-1954
-2961
-3854
-3683
-1292
2770
5241
3473
-1377
-3177
459
5446
6346
3303
-285
-1497
954
5175
7455
4799
266
-774
1882
4574
5086
3839
2172
991
1402
3339
3937
2336
207
-387
815
2214
2266
510
-1911
-2420
-490
1253
730
-1566
-3271
-3123
-2333
-1852
-2107
-2867
-3231
-3086
-2654
-2478
-2938
-3034
-2751
-2235
-1318
-681
-773
-1618
-2346
-1501
-71
704
853
480
330
851
1673
2341
2063
1281
1112
1408
2030
2950
3579
3736
3386
3055
3222
3605
3799
3621
3148
3042
3349
3288
2890
2409
2239
2050
1327
626
238
135
241
181
-167
-728
-1414
-1765
-1760
-1474
-1160
-1436
-2146
-2646
-2754
-2641
-2726
-3024
-3253
-3589
-3971
-4062
-4057
-3731
-3273
-3102
-3195
-3632
-3770
-3276
-2549
-1938
-1819
-2044
-2288
-2124
-1856
-1513
-1730
-1802
-42
2611
3557
890
-1877
-588
3826
6294
4413
996
-962
422
3989
6672
5731
1779
-716
459
2841
3848
3198
1762
704
527
1832
2986
2439
816
-216
155
1345
1982
1147
-811
-2146
-1317
248
237
-1506
-3069
-3062
-2189
-1670
-1699
-2336
-3241
-3601
-3123
-2166
-1873
-2206
-2577
-2651
-2041
-866
-33
-112
-684
-672
248
873
920
690
657
1157
1659
1876
1822
1755
1984
2326
2557
3031
3358
3154
2899
3011
3603
4046
3820
3333
2855
2791
3016
2947
2529
2008
1569
1240
916
843
933
553
-149
-802
-1040
-777
-575
-709
-1130
-1731
-2126
-2239
-2189
-2089
-2348
-2792
-3084
-3331
-3496
-3575
-3527
-3329
-3217
-3256
-3254
-3300
-3167
-2805
-2402
-2074
-1806
-1833
-2147
-2359
-2114
-1352
-892
-971
-1589
-2165
-2122
-1466
155
2280
3368
2191
-31
-158
2701
5181
4439
1758
-36
532
2705
4638
4651
2039
-560
-192
2060
3345
2480
942
161
165
1079
2347
2368
1028
-303
-392
496
1151
984
-79
-1369
-1597
-842
-564
-1524
-2688
-2669
-1883
-1629
-2199
-3124
-3597
-3203
-2226
-1369
-1464
-2117
-2091
-1342
-429
11
30
-66
-216
-162
306
775
1098
1565
1777
1621
1214
1297
2068
2663
2758
2543
2236
2187
2616
3283
3791
3580
3066
2723
2817
3373
3685
3373
2656
1917
1538
1548
1527
1469
1064
425
-5
-269
-415
-583
-808
-865
-941
-1231
-1536
-1800
-1737
-1672
-1883
-2232
-2556
-2653
-2641
-2711
-2852
-2920
-3033
-3108
-3143
-3008
-2718
-2558
-2637
-2736
-2636
-2194
-1688
-1372
-1387
-1669
-1758
-1492
-847
-372
-308
-540
-775
-784
-631
-314
746
2386
2918
1614
-52
346
2696
4192
3401
1602
375
767
2417
3721
3343
1198
-417
131
1450
1978
1546
856
466
345
656
1193
1070
363
-165
-355
-246
-202
-446
-908
-1504
-1457
-1076
-1326
-2181
-2764
-2364
-1443
-1046
-1243
-1796
-2363
-2298
-1742
-1078
-839
-962
-937
-841
-763
-459
146
810
1112
795
340
316
1130
2203
2477
1956
1436
1575
2147
2608
2675
2522
2319
2439
2927
3205
3086
2690
2555
2803
2961
2644
1936
1393
1352
1606
1633
1189
538
30
-178
-165
-198
-421
-810
-1285
-1430
-1111
-778
-895
-1437
-1929
-2089
-2140
-2214
-2225
-2357
-2602
-2881
-3049
-2928
-2706
-2603
-2709
-3034
-3200
-2867
-2217
-1642
-1478
-1597
-1626
-1384
-1028
-766
-662
-678
-591
-387
-157
-57
-326
-725
-959
-710
-404
-226
254
1268
2291
1749
284
-114
1313
3153
3124
1560
275
145
1268
2587
2728
1392
-475
-848
290
1038
778
94
-273
-327
-394
-218
40
-135
-420
-478
-323
7
48
-76
-226
-262
14
-78
-658
-1058
-883
-454
-497
-1034
-1338
-1314
-1075
-789
-635
-645
-833
-788
-316
243
632
911
1044
1095
1188
1480
1919
2064
1990
2097
2366
2478
2106
1638
1589
1941
2229
2066
1723
1527
1656
1904
2045
1993
1872
1832
1823
1744
1436
1142
851
788
982
938
599
103
-222
-262
-415
-706
-801
-962
-1075
-1153
-1195
-1212
-1614
-2110
-2255
-1968
-1614
-1589
-1854
-1947
-1800
-1600
-1427
-1537
-1779
-1946
-1947
-1797
-1603
-1390
-1274
-1402
-1581
-1497
-1076
-584
-329
-428
-776
-1056
-965
-596
-259
-108
-304
-549
-889
-998
-730
-421
-117
256
721
857
470
241
872
1705
1828
1099
248
114
458
1111
1332
539
-671
-1219
-682
157
354
93
-192
-453
-260
288
924
1110
783
560
680
887
935
655
252
132
169
195
-52
-538
-766
-838
-831
-756
-758
-657
-593
-583
-468
-319
15
486
878
1029
868
582
565
843
1232
1372
1193
883
762
852
1086
1218
1130
994
896
1024
1177
1355
1498
1512
1542
1702
1947
2026
1691
1314
1338
1500
1544
1187
627
224
86
185
139
-259
-706
-845
-660
-455
-468
-590
-729
-864
-850
-795
-818
-933
-1027
-878
-766
-1081
-1644
-2143
-2154
-1831
-1632
-1745
-2181
-2591
-2604
-2359
-2067
-1816
-1698
-1522
-1426
-1284
-998
-850
-853
-931
-759
-474
-327
-478
-855
-1048
-1002
-714
-600
-817
-1181
-1422
-1295
-684
337
996
715
3
-84
854
1815
1853
1188
362
108
516
1154
1431
896
120
-57
231
474
391
256
453
778
1044
1047
806
568
660
1031
1379
1373
947
465
203
348
572
462
103
-258
-282
-182
-205
-367
-617
-756
-695
-527
-410
-362
-326
-166
69
328
521
546
608
767
892
890
809
845
1057
1261
1267
1124
992
1183
1652
1979
1914
1524
1226
1337
1770
2017
1830
1330
1035
1251
1540
1494
1048
638
598
778
841
684
374
94
64
106
152
56
-210
-429
-564
-608
-691
-959
-1254
-1384
-1364
-1372
-1559
-1837
-2040
-2056
-1943
-1922
-2094
-2282
-2268
-2014
-1755
-1650
-1655
-1633
-1653
-1596
-1405
-1224
-1034
-1084
-1144
-1098
-997
-961
-1015
-987
-882
-750
-854
-948
-833
-632
-460
-535
-500
46
808
1302
1258
955
814
1005
1283
1455
1334
931
710
751
860
817
606
507
617
664
687
547
367
369
579
928
1118
989
736
521
475
586
637
535
242
-149
-339
-388
-421
-506
-654
-637
-529
-589
-715
-834
-778
-553
-351
-241
-236
-321
-311
-115
239
585
678
635
607
575
622
773
1019
1150
975
774
857
1127
1443
1642
1634
1498
1399
1543
1867
2091
2027
1778
1542
1481
1579
1529
1274
957
746
707
623
399
91
-204
-270
-158
-116
-324
-738
-1072
-1132
-969
-808
-885
-1211
-1477
-1487
-1393
-1470
-1797
-2033
-2007
-1881
-1807
-1910
-2138
-2412
-2579
-2506
-2253
-1981
-1835
-1757
-1651
-1500
-1276
-1080
-925
-771
-620
-389
-277
-330
-475
-436
-161
37
-59
-411
-619
-494
-227
-7
16
103
387
787
1094
1301
1414
1458
1446
1347
1232
1105
1031
1055
1061
896
622
305
103
79
181
229
63
-195
-230
-7
359
561
495
319
217
310
450
445
339
170
43
-39
-155
-346
-468
-469
-369
-361
-497
-562
-469
-278
-80
-30
-130
-230
-152
244
717
886
808
664
734
983
1178
1229
1174
1091
1127
1192
1254
1339
1406
1486
1513
1398
1277
1246
1368
1547
1559
1332
1068
895
858
846
681
401
4
-237
-232
-131
-131
-393
-704
-913
-925
-731
-564
-534
-648
-807
-905
-1031
-1166
-1265
-1324
-1360
-1444
-1537
-1628
-1694
-1748
-1803
-1753
-1646
-1563
-1601
-1663
-1580
-1321
-931
-588
-387
-439
-572
-501
-247
11
-2
-210
-338
-311
-164
-69
-108
-222
-368
-442
-423
-300
-180
-94
84
344
714
947
955
825
641
640
705
668
492
202
63
168
319
210
-132
-438
-457
-220
56
239
165
-23
4
193
411
467
438
483
513
613
746
748
585
309
193
269
365
373
231
16
-109
-107
51
241
288
169
-28
-31
248
571
734
655
441
372
569
917
1168
1060
758
496
421
603
797
874
736
488
366
414
558
592
528
509
598
702
679
498
255
157
260
415
403
122
-177
-323
-275
-168
-259
-483
-690
-695
-435
-256
-284
-535
-743
-698
-544
-437
-501
-690
-843
-850
-682
-496
-510
-757
-1022
-1113
-1016
-911
-894
-899
-831
-722
-642
-636
-569
-365
-128
-9
-84
-183
-226
-192
-108
-88
-115
-220
-281
-366
-481
-582
-699
-733
-788
-775
-742
-705
-489
-212
67
167
37
-71
-185
-134
-39
-25
-25
-131
-141
-155
-126
-45
-35
-60
-76
13
102
146
264
512
771
904
994
1033
1041
1102
1202
1368
1416
1328
1262
1113
981
883
809
761
627
506
465
433
439
414
361
308
275
248
191
128
89
51
-45
-141
-215
-353
-518
-655
-664
-601
-534
-503
-571
-604
-516
-308
-133
-108
-136
-157
-70
70
180
166
12
-91
-107
-39
19
46
59
28
16
30
105
248
430
625
731
692
583
529
608
728
788
737
556
398
295
259
268
246
202
123
-2
-146
-240
-272
-303
-421
-568
-603
-554
-508
-576
-739
-815
-803
-819
-868
-921
-873
-845
-937
-1087
-1258
-1336
-1350
-1308
-1248
-1270
-1365
-1480
-1564
-1546
-1424
-1227
-1031
-810
-563
-351
-227
-176
-101
7
82
63
82
201
398
596
683
670
575
583
873
1273
1544
1550
1425
1429
1522
1716
1895
1942
1889
1769
1672
1640
1603
1506
1383
1224
1089
933
730
537
359
225
105
-96
-330
-560
-768
-880
-966
-1045
-1171
-1346
-1466
-1530
-1520
-1478
-1469
-1462
-1494
-1551
-1533
-1438
-1322
-1221
-1102
-928
-730
-598
-522
-428
-331
-194
-38
195
442
635
781
814
810
787
827
973
1107
1231
1315
1387
1418
1405
1434
1517
1614
1655
1685
1690
1615
1469
1323
1256
1213
1128
997
766
518
313
186
84
-167
-452
-643
-709
-705
-803
-996
-1181
-1312
-1331
-1318
-1318
-1361
-1463
-1581
-1721
-1786
-1721
-1579
-1484
-1514
-1613
-1684
-1619
-1504
-1391
-1327
-1337
-1286
-1156
-967
-787
-714
-665
-620
-477
-188
99
394
618
707
764
796
921
1073
1143
1229
1327
1503
1633
1657
1630
1565
1569
1641
1665
1649
1627
1603
1599
1574
1487
1386
1274
1187
1078
861
620
411
303
243
115
-38
-256
-486
-663
-807
-935
-1043
-1138
-1248
-1409
-1612
-1774
-1850
-1770
-1656
-1630
-1682
-1887
-2086
-2091
-1847
-1466
-1218
-1170
-1144
-1038
-739
-365
-74
141
221
278
399
563
812
1072
1223
1269
1246
1297
1490
1659
1749
1705
1622
1655
1793
2018
2243
2300
2176
1925
1731
1672
1658
1622
1490
1327
1145
935
695
438
274
141
-8
-233
-524
-794
-1026
-1169
-1320
-1435
-1520
-1657
-1782
-1879
-1897
-1913
-1990
-2094
-2152
-2114
-2005
-1893
-1877
-1882
-1847
-1729
-1571
-1433
-1303
-1193
-1057
-915
-800
-729
-638
-475
-276
-95
3
69
120
220
432
688
906
1036
1140
1243
1338
1452
1490
1463
1418
1438
1537
1599
1601
1457
1312
1211
1115
1035
886
715
556
467
475
501
465
322
122
-32
-140
-227
-341
-484
-572
-613
-713
-856
-1024
-1140
-1211
-1291
-1355
-1426
-1512
-1570
-1580
-1557
-1539
-1566
-1553
-1452
-1276
-1039
-879
-797
-742
-659
-467
-216
21
186
315
473
701
942
1169
1375
1518
1618
1673
1749
1883
2032
2127
2148
2121
2127
2155
2141
2125
2085
2032
1965
1902
1890
1877
1815
1686
1490
1269
1051
878
780
675
500
264
-9
-255
-490
-691
-835
-956
-1070
-1219
-1371
-1482
-1565
-1631
-1681
-1740
-1752
-1725
-1661
-1598
-1594
-1646
-1679
-1636
-1529
-1372
-1244
-1167
-1137
-1066
-887
-660
-466
-344
-270
-178
-58
67
146
159
133
154
245
290
332
371
430
568
649
747
791
775
789
762
807
809
740
667
593
629
627
519
327
55
-100
-148
-156
-189
-262
-316
-358
-396
-420
-422
-447
-532
-661
-788
-852
-859
-825
-820
-878
-917
-948
-965
-983
-1023
-1026
-970
-878
-810
-862
-924
-900
-775
-584
-438
-410
-440
-387
-207
42
245
373
457
552
715
911
1101
1250
1336
1420
1501
1600
1670
1672
1639
1583
1561
1578
1609
1602
1568
1527
1442
1362
1274
1212
1141
1040
1020
972
877
764
618
516
372
227
115
-39
-152
-256
-379
-511
-646
-697
-766
-915
-1049
-1118
-1079
-1056
-1115
-1199
-1232
-1180
-1102
-1036
-996
-954
-951
-951
-934
-903
-809
-696
-581
-520
-522
-501
-445
-324
-171
-65
-40
-92
-160
-183
-140
-96
-71
-123
-221
-215
-136
-1
97
122
186
184
181
197
179
169
61
-13
14
73
102
-7
-150
-266
-354
-383
-451
-529
-544
-460
-333
-287
-346
-421
-446
-419
-391
-408
-456
-456
-409
-353
-373
-463
-479
-408
-281
-225
-344
-487
-561
-517
-406
-374
-408
-492
-529
-421
-233
-86
-18
12
24
56
102
153
250
382
529
625
644
678
753
883
990
1042
1051
1023
993
965
988
1037
1071
1086
1054
1041
1061
1048
1055
1002
945
876
802
846
877
886
833
688
589
515
480
403
264
165
100
91
26
-64
-125
-166
-196
-236
-273
-337
-449
-531
-548
-519
-480
-476
-528
-613
-652
-603
-520
-504
-558
-631
-647
-588
-483
-382
-318
-323
-362
-386
-354
-296
-272
-301
-396
-478
-518
-528
-506
-511
-499
-425
-316
-223
-215
-240
-230
-153
-76
-45
-71
-124
-83
32
170
254
221
153
86
94
155
143
74
16
24
91
140
182
176
105
99
192
289
291
222
171
174
169
160
152
123
100
50
-31
-134
-231
-344
-432
-495
-568
-636
-662
-602
-501
-429
-403
-391
-374
-333
-253
-143
-73
-39
9
140
313
442
510
501
449
407
425
495
564
566
529
516
567
663
763
851
898
918
960
1007
1077
1147
1183
1194
1153
1091
1033
1031
1069
1052
961
805
678
615
579
552
473
347
240
207
230
206
112
-70
-244
-366
-468
-513
-540
-623
-725
-790
-789
-813
-896
-934
-891
-845
-860
-918
-993
-1018
-983
-896
-836
-889
-977
-1031
-1002
-949
-954
-985
-1013
-984
-948
-914
-902
-870
-741
-554
-358
-241
-201
-169
-127
-6
119
174
159
119
155
258
376
448
403
297
198
183
245
270
253
216
237
334
439
518
536
520
486
483
466
380
259
118
38
-53
-151
-231
-339
-449
-542
-618
-691
-774
-843
-869
-888
-914
-930
-897
-826
-769
-719
-653
-589
-554
-548
-525
-466
-389
-288
-198
-121
-42
46
154
266
339
404
484
558
677
824
960
1018
1024
1084
1220
1351
1441
1473
1437
1420
1402
1432
1456
1402
1321
1249
1219
1158
1068
988
868
732
616
529
455
385
333
263
173
71
-33
-131
-234
-355
-524
-681
-792
-818
-829
-889
-974
-1064
-1122
-1158
-1166
-1133
-1078
-1024
-986
-961
-934
-893
-835
-777
-715
-669
-650
-623
-584
-539
-492
-449
-388
-322
-239
-100
82
273
411
505
561
580
608
630
640
648
655
729
766
755
729
679
662
612
598
590
519
440
410
444
435
376
333
337
322
253
165
39
-101
-189
-264
-346
-489
-619
-676
-713
-752
-831
-940
-1030
-1098
-1141
-1154
-1170
-1183
-1182
-1153
-1082
-998
-931
-841
-730
-641
-584
-543
-486
-418
-316
-160
-7
100
186
303
442
558
618
654
701
781
904
1059
1196
1269
1286
1301
1341
1383
1406
1394
1363
1323
1279
1239
1137
1021
937
888
832
719
614
494
427
384
332
245
104
-7
-91
-138
-168
-210
-305
-437
-608
-766
-873
-960
-1008
-1047
-1027
-998
-976
-972
-989
-1009
-1016
-966
-884
-774
-691
-658
-643
-619
-540
-425
-345
-304
-278
-243
-159
-69
-9
4
-40
-45
44
239
472
641
711
739
766
774
765
753
723
672
676
762
836
802
700
610
536
436
372
321
259
196
185
215
160
60
-19
-62
-126
-202
-281
-368
-446
-516
-564
-665
-766
-800
-794
-785
-807
-852
-911
-980
-1025
-1078
-1123
-1138
-1154
-1142
-1065
-949
-852
-791
-727
-640
-552
-463
-338
-215
-123
-60
24
174
330
472
557
582
582
644
769
865
897
898
957
1068
1182
1257
1274
1241
1172
1138
1165
1183
1118
1008
892
803
751
682
599
486
369
270
177
122
56
-48
-149
-260
-356
-419
-454
-503
-586
-654
-719
-748
-806
-877
-947
-1039
-1040
-987
-911
-845
-829
-799
-763
-725
-690
-653
-574
-481
-416
-360
-287
-184
-99
-20
43
73
121
198
303
375
409
398
372
369
408
529
657
764
783
746
675
601
625
660
661
566
465
469
527
582
521
372
232
128
86
47
-40
-128
-172
-151
-159
-201
-258
-290
-289
-308
-361
-467
-589
-650
-649
-653
-697
-781
-837
-847
-837
-833
-855
-868
-843
-790
-762
-729
-678
-625
-529
-414
-293
-203
-127
-34
25
71
119
199
291
385
508
624
756
876
958
977
958
952
980
1047
1116
1181
1191
1199
1189
1172
1141
1088
1059
991
925
846
770
697
608
549
480
398
316
255
215
123
-16
-143
-223
-270
-325
-399
-506
-595
-650
-672
-699
-785
-873
-933
-920
-890
-852
-806
-778
-749
-722
-675
-672
-679
-670
-633
-576
-541
-482
-413
-314
-218
-154
-72
17
103
198
257
287
337
397
470
510
529
550
575
605
626
620
542
493
488
493
482
438
410
394
361
313
238
149
87
39
-3
-65
-118
-157
-198
-259
-347
-427
-533
-605
-637
-655
-699
-769
-803
-811
-814
-827
-831
-842
-855
-842
-803
-771
-725
-691
-673
-633
-554
-458
-383
-336
-307
-262
-220
-176
-130
-69
0
64
153
282
412
493
548
619
709
781
868
933
982
1026
1077
1148
1169
1187
1174
1174
1161
1132
1108
1061
1004
911
797
690
625
551
474
366
231
91
7
-56
-139
-239
-353
-449
-569
-669
-758
-861
-961
-1035
-1106
-1171
-1235
-1301
-1323
-1349
-1366
-1360
-1346
-1334
-1295
-1228
-1165
-1087
-1013
-918
-806
-633
-459
-303
-144
10
164
304
470
624
755
879
1011
1164
1309
1408
1479
1536
1595
1652
1732
1786
1792
1789
1772
1781
1758
1713
1646
1564
1453
1319
1176
1006
847
698
544
350
136
-59
-242
-386
-568
-775
-972
-1163
-1283
-1387
-1503
-1644
-1786
-1907
-1979
-2021
-2043
-2049
-2060
-2072
-2069
-2058
-2044
-2013
-1946
-1822
-1666
-1525
-1417
-1314
-1168
-983
-797
-610
-440
-289
-139
46
245
422
567
687
846
1028
1171
1302
1433
1565
1695
1780
1828
1848
1853
1877
1937
1956
1922
1838
1725
1611
1527
1472
1384
1289
1176
1033
907
784
622
434
261
109
-50
-207
-373
-522
-686
-823
-882
-957
-1035
-1126
-1206
-1264
-1328
-1358
-1367
-1358
-1339
-1288
-1226
-1182
-1134
-1065
-968
-867
-778
-697
-563
-423
-324
-240
-175
-71
64
215
368
484
553
629
701
790
912
994
1026
1048
1084
1125
1170
1175
1155
1118
1063
1069
1050
979
905
828
709
560
431
314
209
99
7
-101
-226
-332
-388
-463
-577
-687
-827
-960
-1070
-1154
-1217
-1280
-1337
-1382
-1385
-1386
-1426
-1462
-1469
-1460
-1405
-1322
-1262
-1187
-1092
-975
-852
-741
-649
-569
-457
-343
-221
-67
99
254
406
542
651
772
896
1000
1089
1169
1251
1334
1395
1433
1479
1497
1493
1501
1483
1449
1413
1352
1280
1246
1226
1146
1024
917
803
693
592
472
337
179
12
-133
-237
-334
-468
-616
-760
-879
-985
-1052
-1101
-1173
-1251
-1321
-1374
-1413
-1432
-1413
-1409
-1434
-1444
-1414
-1369
-1318
-1242
-1183
-1136
-1094
-1017
-914
-821
-729
-621
-503
-375
-239
-107
53
202
311
409
506
564
656
773
825
845
923
1038
1153
1254
1342
1397
1423
1448
1465
1483
1459
1424
1399
1338
1259
1204
1146
1066
981
874
743
637
561
481
394
302
205
84
-40
-187
-297
-370
-476
-602
-720
-832
-939
-1014
-1086
-1166
-1227
-1289
-1328
-1317
-1316
-1328
-1349
-1362
-1366
-1327
-1263
-1231
-1191
-1112
-1014
-915
-804
-695
-601
-526
-454
-363
-258
-188
-122
-54
-6
58
135
235
354
457
554
664
723
739
747
764
784
795
813
836
835
789
760
706
626
557
485
433
437
453
459
439
395
350
312
268
202
172
135
85
16
-69
-122
-158
-171
-186
-207
-224
-239
-240
-232
-208
-181
-149
-100
-50
-15
13
65
98
106
90
94
123
153
187
204
232
257
281
335
379
383
411
430
407
391
390
388
390
388
360
289
207
167
169
168
166
180
145
80
18
-60
-143
-221
-264
-275
-317
-358
-388
-441
-486
-502
-513
-550
-571
-565
-567
-556
-565
-591
-631
-659
-657
-650
-611
-573
-530
-479
-419
-362
-309
-280
-244
-200
-174
-119
-78
-57
-21
31
59
97
152
184
234
282
323
360
374
382
375
362
365
387
405
413
403
407
415
420
397
352
323
301
302
321
322
306
275
247
230
201
159
116
63
8
-31
-45
-54
-90
-124
-148
-136
-122
-142
-172
-208
-225
-225
-234
-251
-264
-281
-292
-302
-316
-333
-361
-379
-374
-325
-286
-296
-273
-230
-179
-121
-63
-29
-51
-70
-60
-29
-18
-10
17
81
152
206
237
275
345
388
422
417
404
410
432
461
484
503
518
538
536
548
540
522
499
473
473
455
425
370
320
277
228
172
124
90
29
-13
-65
-123
-174
-194
-212
-249
-264
-288
-320
-376
-418
-455
-481
-511
-567
-627
-678
-654
-607
-577
-575
-566
-526
-519
-523
-513
-466
-406
-346
-316
-325
-346
-366
-353
-335
-284
-249
-216
-156
-131
-124
-111
-59
-9
38
90
143
185
211
242
276
294
297
289
275
280
294
316
363
386
372
341
304
261
230
242
242
237
247
257
265
258
247
254
241
224
197
131
75
29
-22
-74
-120
-156
-177
-189
-215
-254
-290
-318
-331
-327
-333
-332
-316
-281
-249
-234
-215
-223
-229
-245
-242
-216
-187
-155
-102
-41
22
105
138
172
208
237
288
346
394
424
462
500
540
553
536
551
559
578
621
671
707
716
726
713
694
674
645
585
528
497
444
391
338
275
227
196
181
138
76
0
-88
-191
-260
-314
-376
-423
-473
-506
-546
-607
-661
-698
-726
-741
-743
-736
-722
-731
-748
-753
-752
-755
-747
-735
-707
-659
-594
-549
-539
-501
-448
-402
-357
-302
-214
-119
-48
15
63
91
108
155
204
237
262
264
262
280
347
396
391
379
363
327
325
338
322
296
284
296
316
330
321
284
240
227
206
169
161
154
122
92
46
-26
-81
-136
-193
-238
-272
-291
-318
-318
-313
-313
-304
-308
-313
-309
-314
-314
-296
-283
-253
-236
-229
-184
-155
-142
-122
-79
-44
-10
64
117
171
222
267
321
350
375
404
430
448
469
504
513
520
540
574
604
630
644
642
632
597
559
510
429
366
322
287
255
193
146
104
47
-31
-112
-165
-239
-314
-390
-475
-526
-567
-613
-647
-667
-699
-726
-748
-785
-814
-808
-786
-770
-742
-712
-689
-641
-591
-562
-561
-551
-511
-461
-389
-321
-236
-142
-61
15
98
197
305
397
440
465
507
552
602
650
686
725
764
782
792
787
749
695
649
637
622
607
585
554
527
464
391
341
302
245
194
153
108
68
40
26
12
-24
-85
-177
-267
-333
-374
-406
-460
-525
-571
-588
-609
-652
-655
-649
-640
-616
-600
-584
-573
-560
-540
-524
-506
-490
-468
-438
-377
-307
-252
-199
-156
-134
-93
-20
40
99
151
220
305
368
422
460
493
503
517
563
597
622
650
673
698
724
729
721
701
673
642
595
583
594
596
576
554
537
481
435
395
343
290
235
168
99
58
29
4
-42
-108
-184
-275
-329
-357
-366
-362
-353
-351
-375
-389
-423
-455
-476
-490
-472
-455
-447
-455
-451
-447
-443
-410
-382
-372
-345
-297
-244
-169
-118
-81
-49
-33
-5
22
42
50
68
76
80
93
123
163
198
235
255
284
310
312
304
288
278
282
278
262
232
207
170
118
87
59
48
39
27
0
-53
-106
-177
-221
-255
-286
-298
-311
-330
-367
-403
-424
-415
-407
-410
-419
-434
-452
-464
-457
-455
-458
-455
-451
-441
-416
-358
-278
-213
-162
-132
-112
-74
-17
36
72
91
118
146
165
202
225
249
272
288
322
336
346
351
368
391
405
423
412
397
392
389
382
365
326
292
285
284
272
249
224
181
124
69
11
-31
-86
-130
-156
-192
-216
-249
-287
-318
-340
-366
-403
-421
-424
-415
-381
-341
-326
-317
-304
-289
-262
-252
-258
-280
-282
-253
-194
-126
-74
-44
-17
37
102
166
202
246
302
345
401
425
431
445
435
459
491
502
507
506
512
513
507
510
495
465
433
396
353
315
284
252
230
207
179
156
105
33
-23
-72
-114
-146
-188
-244
-296
-337
-373
-413
-458
-519
-545
-549
-537
-508
-479
-457
-433
-409
-410
-415
-414
-423
-424
-407
-373
-313
-257
-196
-156
-128
-88
-41
20
83
138
175
226
275
313
351
381
404
415
428
443
464
470
459
455
452
462
482
494
503
497
475
446
404
360
331
316
298
260
211
155
86
26
-25
-76
-106
-134
-159
-194
-244
-299
-366
-390
-410
-446
-479
-491
-495
-507
-511
-513
-530
-532
-523
-520
-490
-447
-421
-391
-371
-347
-310
-294
-290
-300
-291
-247
-172
-92
-25
41
91
143
192
209
222
246
280
303
331
357
367
379
385
401
429
465
492
490
477
445
440
437
422
407
395
390
375
348
302
252
192
151
119
76
37
19
-11
-70
-140
-211
-248
-282
-311
-333
-355
-370
-377
-386
-389
-405
-426
-449
-454
-439
-424
-406
-421
-445
-469
-462
-428
-396
-375
-356
-344
-332
-284
-259
-246
-226
-205
-149
-64
-13
11
46
84
116
164
206
228
257
273
273
279
291
292
297
301
312
320
309
278
255
238
214
198
196
165
154
163
143
137
106
62
35
19
-12
-66
-108
-148
-199
-248
-278
-311
-338
-352
-369
-370
-369
-371
-342
-311
-298
-289
-290
-315
-317
-308
-284
-247
-221
-195
-192
-181
-162
-143
-103
-80
-53
-7
48
98
125
140
151
164
183
212
227
246
270
294
313
331
330
336
344
334
320
287
263
243
232
215
173
146
103
62
50
20
-15
-43
-69
-78
-81
-86
-85
-77
-71
-70
-80
-108
-131
-135
-137
-136
-111
-93
-88
-89
-92
-89
-90
-89
-88
-81
-71
-56
-9
67
133
185
224
258
279
296
329
369
411
465
499
524
536
538
546
547
537
527
550
441
487
666
589
435
316
405
527
491
357
229
230
224
334
331
109
53
18
22
-49
-195
-227
-258
-272
-334
-421
-454
-454
-466
-569
-660
-670
-621
-638
-719
-738
-687
-607
-579
-626
-652
-662
-663
-634
-611
-520
-461
-466
-407
-394
-352
-289
-237
-186
-154
-91
-14
54
100
127
155
199
256
295
316
336
362
413
454
471
452
440
430
432
440
427
437
437
414
378
342
329
328
320
296
250
184
118
64
-7
-60
-96
-118
-122
-164
-224
-253
-252
-260
-277
-304
-324
-351
-375
-400
-430
-455
-481
-508
-534
-542
-525
-483
-448
-432
-404
-358
-310
-282
-256
-218
-191
-142
-99
-74
-48
-28
1
29
68
128
172
220
252
277
306
301
309
318
334
348
340
333
325
325
311
279
258
250
254
284
300
293
271
241
222
197
165
147
137
109
54
-4
-43
-56
-74
-104
-115
-112
-101
-136
-176
-183
-200
-182
-154
-132
-108
-101
-83
-59
-25
-16
-14
13
44
76
97
100
87
96
101
122
127
127
147
185
230
238
239
245
263
280
280
275
264
258
245
207
186
166
148
122
103
82
51
24
10
18
4
-21
-47
-65
-76
-113
-164
-213
-256
-294
-341
-362
-372
-394
-418
-410
-389
-383
-389
-408
-423
-416
-400
-382
-363
-360
-365
-368
-369
-356
-324
-294
-267
-233
-197
-162
-114
-62
-38
-31
7
67
117
159
187
210
251
270
279
308
341
375
397
420
439
444
441
434
443
452
442
455
477
475
467
442
413
376
336
306
271
245
212
190
166
124
92
59
48
54
32
2
-26
-45
-63
-73
-56
-69
-103
-115
-119
-143
-166
-188
-203
-214
-217
-211
-209
-222
-233
-227
-220
-210
-188
-161
-140
-122
-110
-109
-123
-118
-116
-109
-86
-41
3
27
52
38
37
48
65
101
113
126
145
161
182
187
180
185
202
207
203
193
170
171
167
150
146
135
144
144
113
92
61
42
18
-17
-53
-71
-70
-81
-113
-120
-137
-158
-182
-224
-240
-254
-258
-245
-222
-216
-221
-240
-262
-271
-251
-235
-226
-209
-190
-161
-143
-131
-123
-105
-89
-89
-83
-59
-39
-26
-35
-36
-29
-8
14
26
40
44
57
68
77
76
79
83
97
126
128
122
115
99
71
45
40
50
47
48
50
34
26
32
45
52
46
45
35
7
-18
-58
-99
-130
-143
-164
-188
-203
-204
-207
-251
-270
-275
-292
-290
-273
-255
-233
-229
-222
-196
-171
-152
-139
-118
-82
-41
-12
8
45
66
84
109
116
134
156
188
222
252
277
302
322
343
375
402
417
424
429
427
422
399
373
338
304
279
237
195
148
101
76
55
35
23
11
-2
-23
-40
-60
-86
-109
-131
-156
-185
-208
-236
-269
-318
-371
-406
-426
-429
-416
-398
-392
-383
-376
-372
-350
-320
-297
-284
-287
-285
-266
-250
-237
-228
-219
-199
-183
-152
-132
-114
-85
-62
-30
-1
23
46
68
98
118
144
168
190
198
209
237
234
233
239
240
236
229
216
197
184
179
177
175
190
182
161
142
133
130
114
90
61
42
11
-28
-61
-90
-123
-154
-166
-169
-156
-147
-148
-144
-144
-148
-143
-144
-144
-142
-142
-149
-158
-156
-142
-140
-131
-103
-72
-39
-6
27
46
72
89
114
153
187
209
218
248
279
298
315
319
324
339
363
389
415
426
432
436
435
424
412
400
375
343
309
284
269
259
247
224
198
174
134
83
38
-10
-52
-80
-116
-150
-162
-174
-192
-224
-246
-266
-273
-264
-260
-246
-228
-233
-248
-258
-265
-267
-275
-270
-264
-273
-279
-273
-251
-213
-177
-141
-107
-73
-21
20
47
67
89
108
108
104
111
128
162
187
200
217
226
235
251
265
281
295
295
300
298
281
269
236
204
176
131
94
63
25
-6
-34
-55
-68
-84
-104
-123
-157
-198
-231
-269
-292
-311
-331
-341
-363
-390
-409
-422
-429
-432
-432
-430
-430
-424
-424
-418
-407
-404
-380
-348
-308
-276
-243
-208
-165
-121
-80
-37
-11
33
74
105
138
162
183
214
252
297
337
354
368
370
391
422
443
471
484
489
472
444
417
390
358
331
307
280
256
219
165
126
100
70
35
8
-1
-12
-32
-49
-66
-82
-106
-133
-162
-194
-218
-245
-278
-309
-334
-346
-345
-345
-330
-307
-291
-270
-248
-228
-205
-185
-167
-142
-111
-78
-49
-25
2
23
32
37
54
80
109
121
118
126
135
140
152
174
192
213
231
230
228
223
217
205
199
204
205
191
172
146
111
65
30
3
-33
-57
-74
-87
-101
-125
-149
-167
-180
-182
-192
-196
-207
-220
-220
-219
-211
-214
-219
-211
-198
-193
-193
-191
-181
-174
-154
-135
-122
-94
-59
-19
2
29
50
82
115
133
180
216
252
278
294
315
335
361
374
378
374
363
363
351
332
326
310
297
288
284
268
236
214
196
171
139
107
81
67
42
9
-21
-62
-96
-136
-182
-228
-266
-296
-326
-349
-362
-380
-390
-387
-382
-367
-361
-350
-348
-344
-334
-317
-289
-271
-257
-250
-253
-263
-265
-259
-255
-243
-208
-170
-134
-102
-62
-21
21
83
124
155
192
221
248
253
260
269
272
277
267
262
255
245
236
220
203
194
189
180
165
164
180
177
174
168
156
129
94
61
27
1
-22
-38
-56
-85
-112
-142
-170
-196
-221
-238
-262
-269
-267
-261
-240
-218
-193
-179
-163
-141
-140
-126
-113
-101
-98
-97
-85
-71
-62
-61
-44
-20
1
20
46
65
88
128
158
178
204
227
251
257
260
275
271
271
272
264
256
235
218
202
183
167
144
123
102
87
63
36
3
-26
-45
-74
-107
-139
-166
-186
-202
-204
-205
-209
-202
-205
-215
-222
-223
-218
-218
-213
-206
-206
-210
-215
-204
-190
-177
-144
-130
-118
-101
-92
-78
-70
-59
-48
-32
-11
14
46
64
95
118
133
136
142
159
167
178
180
191
211
216
217
214
205
195
183
169
168
155
142
138
126
121
97
80
66
51
34
10
-7
-29
-55
-77
-91
-112
-134
-153
-172
-184
-183
-175
-170
-163
-154
-137
-128
-127
-139
-148
-146
-150
-159
-168
-174
-183
-185
-192
-191
-167
-142
-116
-94
-67
-51
-41
-26
9
53
82
118
142
162
177
179
184
182
177
175
173
170
163
156
157
163
163
161
158
166
166
154
145
140
140
139
142
147
143
133
111
92
68
34
11
-20
-38
-69
-97
-111
-118
-103
-85
-66
-56
-44
-35
-44
-54
-64
-75
-76
-53
-39
-30
-28
-34
-47
-69
-78
-88
-86
-76
-67
-53
-44
-32
-29
-38
-46
-42
-32
-22
2
18
18
18
17
23
33
37
41
33
19
18
21
29
37
57
71
68
66
56
54
56
65
71
81
95
103
99
78
59
37
9
-15
-28
-44
-63
-73
-92
-103
-105
-113
-114
-121
-128
-125
-127
-113
-99
-81
-66
-65
-68
-85
-85
-91
-95
-93
-91
-73
-72
-64
-72
-81
-89
-96
-82
-64
-38
-12
13
31
48
64
74
82
98
109
125
141
153
168
163
157
140
125
111
99
97
94
100
104
114
118
113
107
84
74
62
50
47
54
58
56
57
59
54
40
22
6
-1
-9
-11
-28
-40
-53
-67
-72
-74
-81
-88
-88
-95
-92
-88
-81
-63
-53
-52
-53
-50
-53
-59
-67
-64
-57
-59
-53
-46
-38
-29
-26
-28
-17
11
37
45
50
68
82
94
106
118
125
137
148
154
151
147
142
132
116
101
92
90
83
65
50
46
46
36
22
14
16
11
6
5
6
6
0
-16
-35
-52
-77
-87
-91
-96
-97
-102
-106
-109
-111
-109
-107
-108
-116
-120
-113
-99
-79
-69
-58
-50
-44
-38
-39
-40
-40
-42
-46
-45
-43
-45
-45
-45
-38
-25
-13
-5
2
11
22
23
27
31
38
49
55
52
47
44
41
44
45
48
55
59
53
45
39
27
23
20
17
14
13
14
12
8
8
1
-5
-13
-19
-21
-29
-41
-52
-63
-64
-60
-61
-63
-71
-82
-87
-83
-82
-66
-46
-35
-28
-19
-7
1
9
9
13
16
20
30
45
51
56
59
68
75
81
89
86
81
78
76
68
65
74
74
76
82
93
105
111
116
114
111
106
98
93
81
65
57
50
46
39
26
17
11
8
3
-2
-3
-5
-9
-13
-21
-26
-33
-36
-45
-50
-55
-63
-63
-65
-63
-59
-54
-50
-49
-48
-52
-50
-53
-57
-54
-45
-35
-27
-27
-28
-24
-22
-20
-21
-25
-25
-22
-24
-25
-29
-30
-26
-16
-5
2
10
12
18
14
10
18
28
40
41
45
44
30
21
10
10
6
0
-6
-14
-23
-35
-42
-48
-52
-55
-61
-69
-76
-81
-85
-84
-79
-75
-77
-74
-76
-81
-87
-84
-70
-62
-54
-48
-50
-51
-57
-65
-68
-68
-63
-56
-48
-36
-17
2
15
29
45
52
55
56
55
57
56
61
68
72
73
73
69
65
59
56
51
48
44
43
44
42
45
45
49
52
51
49
46
43
38
34
28
21
18
13
6
-2
-7
-15
-25
-29
-33
-38
-38
-32
-26
-20
-11
-7
-5
-6
-5
-10
-16
-18
-21
-26
-27
-26
-26
-24
-22
-20
-17
-9
-4
2
4
6
9
14
18
21
23
22
25
29
32
35
36
36
31
28
25
24
19
13
6
-2
-7
-9
-7
-5
0
9
16
23
31
34
36
36
36
34
33
25
21
12
-1
-12
-22
-32
-41
-51
-63
-74
-81
-85
-85
-81
-72
-59
-49
-41
-37
-29
-23
-20
-15
-11
-6
-1
-3
-5
-13
-21
-28
-39
-49
-57
-62
-62
-61
-57
-53
-46
-37
-26
-13
-2
9
19
28
35
42
49
52
54
52
48
41
31
18
4
-7
-14
-19
-17
-18
-15
-13
-14
-12
-7
0
9
19
27
37
46
52
54
55
53
49
41
33
19
9
-1
-13
-23
-34
-38
-42
-45
-47
-48
-47
-41
-36
-27
-15
-2
8
19
26
30
34
35
38
38
39
40
39
37
38
39
39
34
29
26
24
27
31
37
45
55
66
74
82
92
99
105
106
106
107
105
104
97
91
83
74
62
48
35
27
19
12
8
4
-2
-7
-12
-19
-25
-30
-34
-39
-43
-46
-49
-50
-52
-53
-56
-58
-64
-72
-81
-88
-94
-100
-102
-105
-107
-108
-111
-108
-103
-95
-87
-82
-74
-67
-61
-55
-51
-46
-43
-38
-34
-31
-25
-24
-24
-24
-22
-18
-13
-9
-5
0
4
6
7
8
12
16
21
26
25
25
25
21
17
13
11
9
5
-1
-5
-7
-8
-12
-12
-11
-10
-9
-9
-10
-10
-10
-8
-9
-10
-11
-10
-12
-17
-22
-27
-28
-27
-27
-23
-17
-9
-4
1
5
13
20
29
38
48
59
68
75
80
83
86
88
90
90
90
89
89
86
83
81
81
82
81
82
82
83
83
81
79
77
72
68
64
58
49
42
34
23
13
2
-8
-20
-29
-37
-47
-56
-62
-67
-72
-75
-79
-81
-82
-82
-84
-84
-82
-79
-76
-76
-74
-74
-73
-73
-72
-70
-66
-62
-58
-55
-53
-50
-47
-43
-41
-35
-27
-18
-12
-6
-1
4
11
14
16
21
24
29
30
31
32
33
35
33
30
28
26
21
17
14
12
10
7
3
-2
-6
-9
-16
-21
-24
-24
-23
-24
-26
-30
-32
-34
-36
-39
-41
-41
-41
-39
-39
-40
-40
-40
-39
-38
-36
-33
-28
-22
-17
-13
-8
-2
2
8
15
23
29
36
41
46
53
60
66
70
72
76
78
81
84
84
86
87
88
88
85
83
82
83
81
78
76
73
68
61
53
46
39
35
31
28
26
22
17
11
4
-5
-16
-21
-26
-33
-38
-42
-45
-50
-55
-62
-66
-65
-67
-65
-63
-57
-52
-49
-46
-43
-40
-36
-35
-34
-33
-31
-30
-27
-24
-20
-17
-15
-14
-14
-12
-9
-6
-1
4
9
15
18
19
19
20
22
21
21
20
19
19
15
10
5
1
-2
-5
-9
-9
-12
-15
-19
-20
-21
-23
-24
-26
-28
-29
-30
-33
-35
-37
-39
-41
-42
-43
-46
-46
-46
-46
-44
-41
-40
-35
-32
-30
-25
-21
-16
-10
-5
1
5
8
9
11
13
15
18
19
22
25
26
29
28
32
35
40
45
49
53
58
62
64
66
66
65
65
63
62
61
61
58
54
50
44
38
33
28
24
22
19
19
16
15
15
12
9
4
-1
-4
-8
-10
-12
-14
-16
-20
-24
-30
-35
-39
-42
-44
-45
-45
-45
-43
-41
-42
-41
-41
-38
-35
-32
-27
-24
-20
-17
-15
-15
-14
-13
-13
-12
-10
-7
-4
-3
-1
-1
0
2
3
5
6
6
7
7
7
5
2
0
-2
-5
-8
-12
-11
-12
-12
-13
-14
-16
-18
-19
-19
-19
-17
-16
-18
-19
-22
-23
-27
-31
-34
-35
-36
-36
-35
-34
-32
-30
-29
-26
-25
-23
-19
-17
-13
-11
-5
-1
3
5
6
8
10
11
13
16
19
23
27
28
31
33
34
37
40
45
50
54
58
62
63
66
66
67
68
67
67
66
65
61
59
56
51
47
42
38
36
34
32
30
27
25
22
19
15
12
6
1
-3
-9
-14
-20
-25
-29
-34
-37
-41
-44
-46
-48
-48
-49
-50
-49
-48
-47
-45
-43
-42
-38
-35
-34
-33
-32
-30
-28
-28
-27
-24
-22
-19
-16
-13
-10
-7
-5
-2
2
7
12
16
20
23
28
30
31
33
32
33
31
29
27
23
18
15
12
9
4
3
2
2
2
1
0
1
2
-1
-3
-5
-7
-10
-12
-14
-15
-18
-20
-23
-26
-30
-30
-31
-32
-32
-32
-29
-29
-26
-23
-18
-12
-7
-2
3
8
13
16
20
24
24
27
28
29
31
31
29
28
27
26
26
28
31
36
38
40
41
44
45
44
44
43
41
39
33
29
25
20
13
5
-2
-7
-11
-16
-18
-24
-26
-29
-30
-32
-34
-35
-37
-38
-39
-41
-42
-45
-46
-48
-53
-55
-57
-59
-64
-65
-64
-63
-61
-58
-55
-50
-44
-38
-33
-25
-17
-11
-4
2
7
11
13
13
14
15
17
18
18
21
24
26
29
32
35
40
45
50
54
57
60
61
61
60
58
55
50
46
39
31
26
20
15
9
5
-1
-6
-8
-11
-15
-16
-15
-16
-18
-18
-18
-19
-21
-25
-26
-28
-31
-32
-34
-37
-39
-40
-41
-41
-40
-40
-38
-34
-32
-26
-21
-17
-8
-1
5
10
15
20
23
24
25
26
27
28
27
27
27
27
28
30
34
38
41
44
47
48
52
53
51
48
47
46
40
34
29
21
15
7
1
-5
-12
-19
-24
-30
-35
-39
-42
-46
-47
-48
-50
-49
-49
-51
-51
-50
-50
-52
-52
-53
-54
-53
-54
-56
-56
-54
-50
-46
-41
-35
-28
-21
-17
-11
-4
5
9
16
20
26
29
31
35
37
39
42
41
42
43
44
44
44
48
50
53
58
59
61
62
64
63
61
58
56
53
47
41
36
28
21
13
6
0
-5
-11
-17
-22
-25
-28
-30
-31
-31
-32
-32
-33
-34
-33
-33
-34
-32
-32
-33
-32
-30
-30
-33
-33
-34
-33
-31
-28
-23
-18
-12
-8
-4
1
6
10
13
16
21
23
25
26
26
27
26
26
26
27
28
28
31
31
31
33
34
34
37
38
40
39
38
37
35
32
30
27
23
18
11
5
-1
-6
-12
-17
-20
-22
-24
-25
-25
-25
-27
-27
-28
-29
-28
-28
-27
-26
-27
-27
-26
-25
-24
-23
-22
-20
-16
-14
-12
-12
-8
-5
-2
3
7
12
15
17
19
21
25
24
24
20
20
19
17
14
13
11
9
7
7
7
7
5
4
4
4
5
5
3
1
-1
-1
-4
-8
-10
-12
-14
-16
-19
-22
-27
-32
-37
-43
-47
-48
-48
-50
-50
-50
-50
-50
-49
-49
-47
-45
-44
-41
-39
-37
-35
-33
-31
-29
-26
-23
-21
-18
-14
-11
-7
-2
1
5
10
12
15
17
21
22
23
24
24
24
24
24
23
23
24
26
26
25
24
27
27
26
27
27
26
27
26
27
26
26
25
23
20
18
16
16
14
15
14
12
10
8
7
5
6
5
6
8
9
9
10
12
12
13
14
15
16
16
15
15
16
16
17
17
14
12
12
13
14
15
15
14
14
12
13
12
10
9
6
2
0
-1
-4
-6
-7
-10
-11
-13
-15
-20
-22
-24
-26
-29
-32
-33
-34
-37
-38
-38
-39
-40
-41
-39
-39
-38
-38
-36
-35
-31
-29
-27
-24
-20
-17
-15
-11
-7
-3
0
3
5
7
8
9
10
10
9
8
10
9
8
6
4
4
3
2
2
2
3
4
4
3
4
6
5
5
5
6
7
7
7
7
7
5
4
2
2
1
0
0
0
2
2
5
6
6
7
9
9
11
14
17
18
21
22
23
25
27
31
32
33
35
37
39
39
40
41
41
40
40
38
36
34
33
31
30
26
21
18
16
12
9
5
4
2
0
-4
-7
-9
-11
-12
-14
-14
-18
-18
-19
-21
-22
-24
-25
-25
-27
-27
-27
-28
-28
-29
-31
-31
-31
-31
-29
-26
-26
-25
-24
-22
-20
-18
-14
-11
-10
-8
-5
-4
-4
-6
-5
-7
-8
-8
-8
-10
-11
-12
-11
-12
-12
-13
-14
-13
-12
-12
-13
-13
-14
-15
-16
-17
-17
-17
-19
-20
-20
-19
-20
-18
-16
-15
-14
-13
-13
-11
-9
-9
-9
-8
-7
-5
-4
-4
-5
-2
-1
1
0
3
4
7
11
13
13
13
16
18
19
19
18
18
18
20
21
20
19
21
21
22
20
18
19
19
19
19
19
19
20
20
18
16
14
13
13
12
9
8
7
7
9
8
7
5
5
7
6
6
8
9
10
10
13
13
15
16
18
18
17
16
17
16
17
17
16
15
14
14
15
13
13
11
8
7
6
3
-1
-3
-4
-6
-8
-10
-13
-14
-15
-17
-18
-19
-21
-24
-25
-25
-26
-27
-29
-28
-30
-30
-31
-29
-27
-26
-24
-24
-24
-24
-23
-21
-22
-22
-21
-21
-21
-19
-18
-16
-14
-10
-8
-5
-4
-2
1
3
5
8
8
10
10
12
14
15
16
16
15
16
14
15
14
15
17
15
14
13
14
17
17
16
16
15
15
14
12
10
9
11
11
10
7
4
2
2
3
2
-1
-2
-2
-3
-3
-6
-4
-5
-6
-7
-7
-5
-4
-2
-2
-4
-6
-6
-6
-3
-4
-3
-3
-3
-1
0
1
3
3
5
6
5
6
7
9
11
13
16
13
13
14
15
14
13
12
11
10
10
8
8
5
5
6
6
4
5
5
6
5
6
4
3
5
3
1
-3
-5
-8
-10
-12
-13
-13
-14
-15
-16
-17
-18
-19
-19
-18
-15
-13
-13
-13
-13
-11
-12
-11
-10
-9
-8
-9
-9
-12
-11
-10
-8
-6
-5
-6
-4
-3
-2
-1
-2
0
3
4
2
1
2
0
1
2
2
1
1
0
-5
-7
-6
-5
-5
-6
-6
-5
-6
-7
-4
-2
-4
-6
-9
-7
-8
-8
-9
-11
-14
-15
-15
-14
-14
-14
-13
-11
-12
-15
-16
-11
-9
-7
-4
-4
-3
-2
-2
0
4
5
6
7
9
8
7
10
11
12
12
13
14
14
13
14
15
16
17
20
22
23
22
23
24
22
22
24
21
19
18
17
15
12
9
9
10
9
7
9
10
10
10
10
8
5
6
7
8
7
7
7
8
6
5
4
4
3
1
0
0
1
3
5
8
10
8
6
7
8
8
9
10
10
11
10
9
7
6
4
4
3
0
-4
-7
-5
-5
-4
-4
-3
-2
-2
-3
-5
-6
-7
-6
-6
-7
-7
-7
-7
-10
-11
-13
-15
-16
-18
-18
-19
-19
-17
-16
-16
-16
-17
-15
-14
