-4
-3
-5
-5
-6
-8
-9
-7
-7
-6
-6
-7
-7
-8
-8
-9
-9
-10
-10
-11
-11
-9
-9
-7
-6
-4
-5
-4
-4
-1
0
1
2
1
3
4
4
5
4
5
5
7
7
9
8
9
8
7
6
7
8
5
5
5
5
5
4
4
5
6
7
7
6
5
6
6
7
6
7
9
9
10
11
10
11
10
11
11
10
9
8
9
8
6
5
7
6
5
5
6
7
8
8
9
9
8
7
7
6
7
9
9
10
10
11
9
11
8
8
7
7
8
8
8
10
11
10
8
8
8
7
6
5
4
5
5
5
4
3
3
4
5
6
7
7
5
4
4
5
4
4
4
2
1
0
0
-2
-2
-3
-1
-2
-3
-3
-3
-3
-2
-2
-2
-2
-4
-3
-5
-5
-5
-7
-8
-7
-6
-7
-7
-8
-9
-9
-9
-8
-7
-5
-6
-7
-5
-6
-7
-7
-6
-4
-4
-4
-4
-4
-4
-3
-3
-3
-4
-5
-6
-5
-3
-3
-4
-2
-1
1
2
2
1
1
1
2
0
1
1
1
1
0
-2
-2
-3
-4
-4
-4
-4
-3
-3
-4
-6
-5
-5
-6
-6
-7
-8
-8
-8
-8
-9
-10
-11
-11
-12
-14
-12
-12
-13
-14
-13
-14
-13
-13
-11
-11
-12
-10
-9
-10
-8
-7
-7
-7
-6
-5
-4
-2
0
1
-1
-1
3
3
1
1
1
2
1
1
3
-1
-4
-2
2
2
-1
-1
-2
-4
-3
0
-1
-3
-7
-7
-4
-4
-3
-5
-9
-10
-8
-6
-6
-8
-8
-10
-11
-8
-5
-6
-10
-10
-10
-8
-5
-3
-4
-8
-5
1
1
1
0
-2
-5
-5
2
4
-1
-5
-3
0
2
4
3
-3
-6
-4
1
3
1
-4
-5
-5
-2
2
3
-1
-5
-3
0
0
0
1
-1
-1
3
4
1
-1
-1
2
2
2
1
-2
-2
-2
-1
0
-2
-6
-6
-2
1
0
-2
-3
-3
-3
-1
2
1
0
0
3
7
5
1
3
7
9
11
14
10
6
7
13
13
9
6
5
4
5
9
11
11
9
9
10
13
8
5
7
8
6
5
6
5
3
6
6
3
-4
-5
-1
0
-2
-4
-7
-10
-9
-5
-5
-11
-16
-15
-10
-9
-9
-11
-13
-16
-10
-1
-1
-10
-15
-9
-7
-4
0
-4
-15
-16
4
21
17
7
-4
-2
5
17
28
14
-5
-4
13
27
22
14
8
-3
0
12
21
4
-12
-9
-3
1
-1
-10
-27
-42
-37
-31
-36
-51
-65
-68
-67
-61
-56
-66
-76
-75
-64
-58
-62
-68
-72
-73
-71
-67
-68
-76
-78
-69
-60
-60
-59
-56
-53
-45
-30
-22
-28
-31
-24
-12
-5
-2
-1
-6
-4
10
24
26
21
24
36
46
51
47
41
32
32
43
41
30
13
10
14
18
22
12
-1
-6
5
25
29
29
23
25
38
53
65
60
52
51
56
70
74
73
69
69
85
98
113
114
115
124
133
150
159
160
161
163
178
186
184
180
173
173
168
164
156
138
124
115
111
105
90
82
73
74
78
74
73
59
51
48
46
46
31
16
-4
-17
-26
-41
-55
-80
-99
-111
-121
-127
-145
-161
-178
-191
-200
-217
-231
-249
-259
-265
-278
-289
-311
-331
-342
-350
-350
-367
-382
-388
-384
-366
-350
-327
-321
-322
-311
-293
-265
-257
-260
-265
-275
-265
-249
-228
-215
-218
-202
-184
-147
-113
-89
-58
-45
-23
0
19
48
53
68
83
99
130
150
192
226
259
304
336
385
418
453
500
528
562
574
595
622
633
650
655
661
659
648
657
652
646
636
623
619
595
574
551
527
502
460
424
382
331
282
229
184
132
72
14
-44
-91
-139
-183
-223
-265
-307
-348
-368
-382
-403
-430
-453
-468
-488
-505
-521
-543
-575
-614
-634
-656
-683
-711
-730
-725
-727
-728
-725
-728
-724
-722
-704
-695
-715
-745
-788
-803
-797
-790
-773
-774
-749
-696
-589
-421
-269
-147
-68
31
173
309
442
518
543
534
540
622
706
764
778
785
822
864
956
1069
1151
1165
1123
1108
1108
1103
1074
992
869
696
543
458
408
355
261
162
86
38
38
64
76
28
-70
-145
-167
-159
-181
-244
-326
-411
-465
-473
-443
-423
-431
-430
-394
-329
-271
-235
-207
-202
-225
-242
-248
-240
-250
-260
-237
-185
-115
-61
-5
52
112
192
265
318
323
305
300
316
330
310
280
252
231
237
265
314
333
318
290
260
253
257
257
226
149
72
19
8
1
-38
-114
-208
-278
-308
-313
-325
-375
-454
-542
-606
-649
-693
-749
-830
-912
-974
-994
-987
-989
-1012
-1047
-1065
-1074
-1069
-1053
-1047
-1061
-1119
-1170
-1191
-1203
-1200
-1229
-1259
-1271
-1234
-1046
-788
-540
-361
-232
-32
192
423
628
735
775
743
773
893
993
1060
1056
1040
1020
1016
1129
1291
1420
1441
1395
1398
1441
1511
1548
1496
1345
1129
972
930
949
934
827
694
605
583
631
698
714
634
508
437
444
465
427
327
184
9
-143
-221
-228
-231
-290
-359
-385
-330
-193
-44
73
77
22
14
69
179
224
196
140
80
111
180
269
327
301
274
252
292
371
410
404
313
218
163
133
115
34
-80
-202
-291
-329
-351
-370
-427
-504
-582
-651
-693
-736
-787
-866
-975
-1062
-1120
-1153
-1196
-1268
-1352
-1436
-1494
-1531
-1561
-1596
-1643
-1674
-1700
-1715
-1729
-1770
-1816
-1863
-1892
-1903
-1914
-1908
-1891
-1836
-1666
-1391
-1070
-813
-626
-404
-124
211
527
740
853
875
923
1053
1202
1319
1339
1309
1272
1268
1388
1604
1816
1908
1881
1866
1950
2110
2242
2259
2129
1905
1722
1659
1674
1641
1478
1243
1044
946
940
981
1000
921
766
653
640
690
667
545
356
124
-58
-158
-183
-211
-297
-400
-479
-464
-374
-241
-126
-67
-49
-13
93
226
290
277
202
117
78
81
114
106
71
25
-17
-25
-12
23
4
-71
-151
-228
-270
-317
-402
-506
-604
-685
-738
-771
-813
-850
-875
-921
-956
-984
-1018
-1027
-1071
-1132
-1195
-1263
-1295
-1320
-1347
-1380
-1442
-1486
-1501
-1496
-1501
-1539
-1563
-1581
-1593
-1606
-1643
-1674
-1729
-1789
-1864
-1927
-1922
-1820
-1555
-1210
-896
-627
-396
-71
369
809
1180
1397
1489
1584
1733
1907
1976
1907
1793
1677
1590
1581
1702
1879
1996
2016
2013
2105
2275
2433
2520
2443
2229
2026
1923
1881
1751
1493
1193
943
789
740
759
749
678
575
495
487
548
601
564
418
166
-72
-196
-243
-295
-425
-622
-769
-797
-714
-599
-504
-454
-423
-338
-190
-21
102
155
169
150
129
138
169
221
203
109
33
7
28
61
72
28
-51
-85
-79
-72
-74
-128
-208
-269
-289
-258
-218
-207
-231
-268
-285
-272
-237
-232
-262
-342
-460
-556
-638
-717
-792
-903
-1046
-1175
-1253
-1323
-1396
-1463
-1563
-1679
-1796
-1895
-1967
-2069
-2224
-2386
-2541
-2636
-2610
-2459
-2254
-2092
-1966
-1733
-1312
-769
-216
216
521
823
1139
1396
1509
1429
1267
1094
938
832
792
823
920
1024
1097
1200
1399
1670
1962
2143
2199
2223
2249
2285
2284
2150
1882
1582
1332
1158
1020
887
778
713
696
719
778
879
962
971
897
764
621
483
341
150
-123
-405
-615
-725
-755
-737
-722
-679
-544
-325
-85
131
332
489
598
671
720
760
784
757
680
581
517
504
524
523
464
386
323
296
251
154
41
-100
-245
-397
-557
-708
-849
-943
-984
-995
-1010
-1008
-964
-921
-899
-938
-1031
-1157
-1290
-1436
-1582
-1695
-1807
-1930
-2086
-2250
-2371
-2452
-2521
-2610
-2727
-2818
-2879
-2926
-2978
-3039
-3051
-2915
-2664
-2404
-2169
-1905
-1479
-899
-268
340
800
1194
1654
2107
2427
2523
2454
2372
2277
2086
1881
1750
1791
1886
1917
1933
2004
2185
2447
2664
2767
2795
2803
2869
2894
2794
2547
2217
1860
1514
1163
829
604
442
324
240
180
209
311
367
386
311
171
71
0
-122
-355
-695
-987
-1160
-1287
-1336
-1376
-1401
-1319
-1202
-981
-674
-372
-46
195
338
485
609
718
805
754
644
562
493
480
442
354
265
175
97
46
1
-71
-172
-294
-456
-601
-723
-829
-896
-956
-1046
-1131
-1151
-1105
-1015
-951
-922
-913
-923
-952
-995
-1098
-1262
-1423
-1559
-1711
-1846
-1990
-2155
-2289
-2459
-2613
-2742
-2876
-2987
-3108
-3271
-3389
-3389
-3219
-2928
-2662
-2443
-2171
-1658
-963
-266
316
705
1068
1587
2148
2603
2819
2799
2809
2858
2811
2724
2677
2701
2733
2708
2709
2848
3150
3460
3645
3665
3586
3601
3656
3614
3428
3053
2633
2347
2060
1709
1348
1012
794
600
402
305
345
456
516
468
316
163
115
67
-95
-420
-821
-1095
-1229
-1325
-1481
-1653
-1742
-1706
-1574
-1372
-1137
-905
-633
-376
-154
47
227
375
420
347
221
126
89
51
-49
-237
-453
-589
-673
-754
-856
-1024
-1146
-1222
-1311
-1395
-1495
-1546
-1522
-1490
-1484
-1493
-1441
-1315
-1167
-1057
-1014
-985
-917
-852
-828
-875
-953
-1006
-1059
-1141
-1272
-1443
-1612
-1774
-1929
-2102
-2343
-2574
-2776
-3005
-3199
-3213
-2992
-2663
-2343
-2121
-1788
-1144
-398
303
785
1036
1456
2012
2464
2797
2859
2878
3048
3062
2962
2878
2835
2976
3073
2972
2891
2949
3148
3364
3409
3261
3097
3029
2981
2862
2577
2109
1694
1363
1037
740
450
238
118
-5
-121
-146
-34
153
299
331
251
240
346
389
315
81
-197
-318
-376
-441
-493
-561
-505
-370
-290
-132
91
351
608
723
785
867
982
1120
1124
981
766
586
492
357
121
-155
-416
-613
-778
-990
-1229
-1430
-1613
-1795
-1985
-2156
-2264
-2271
-2228
-2214
-2187
-2139
-2031
-1875
-1767
-1721
-1687
-1643
-1585
-1548
-1568
-1630
-1710
-1759
-1858
-2066
-2306
-2523
-2710
-2926
-3201
-3509
-3802
-4095
-4336
-4324
-4042
-3667
-3300
-3022
-2617
-1770
-797
34
627
897
1402
2221
2815
3172
3185
3093
3351
3454
3292
3148
3066
3228
3406
3318
3241
3400
3727
4018
4070
3900
3731
3739
3711
3461
2986
2332
1804
1440
1008
569
169
-106
-211
-273
-332
-292
-19
351
616
756
793
924
1220
1350
1277
1025
693
635
648
560
475
370
454
651
734
843
972
1167
1394
1389
1280
1205
1160
1130
918
526
136
-171
-400
-638
-943
-1268
-1496
-1644
-1812
-2008
-2221
-2339
-2369
-2462
-2593
-2713
-2758
-2651
-2538
-2497
-2464
-2399
-2197
-1960
-1833
-1772
-1743
-1681
-1644
-1714
-1828
-1973
-2104
-2216
-2444
-2739
-3037
-3324
-3570
-3908
-4359
-4793
-5173
-5311
-4952
-4367
-3808
-3304
-2922
-2057
-607
590
1529
2122
2458
3440
4420
4814
4988
4648
4505
4753
4379
3866
3572
3325
3372
3168
2667
2614
2882
3148
3241
3022
2752
2708
2753
2552
2114
1510
885
509
136
-371
-732
-939
-952
-823
-751
-529
28
810
1496
1968
2268
2545
3043
3467
3468
3190
2743
2411
2299
1926
1457
1124
892
860
711
479
483
586
688
606
319
123
66
50
-128
-496
-818
-952
-1000
-1135
-1391
-1605
-1612
-1505
-1472
-1520
-1586
-1561
-1374
-1264
-1311
-1366
-1342
-1210
-1114
-1200
-1350
-1443
-1505
-1601
-1873
-2234
-2551
-2827
-3107
-3476
-3871
-4156
-4371
-4597
-4910
-5325
-5587
-5743
-5956
-6231
-6660
-6998
-6530
-5350
-4257
-3328
-2732
-1822
344
2378
3652
4590
4736
5593
7165
7408
7224
6534
5475
5465
4776
3220
2350
1571
1091
682
-529
-1186
-836
-429
-227
-385
-685
-416
300
657
596
444
284
483
827
763
804
1252
1833
2447
2862
3202
3962
5042
5832
6079
6019
5804
5820
5934
5331
4238
3016
1856
1173
281
-1025
-1962
-2636
-2969
-3103
-3505
-3490
-2965
-2443
-1985
-1720
-1357
-470
570
1289
1683
1960
2504
3232
3625
3554
3232
2945
2801
2446
1705
774
-87
-714
-1395
-2321
-3269
-4032
-4453
-4728
-5153
-5568
-5736
-5681
-5518
-5497
-5554
-5383
-5016
-4594
-4287
-4152
-3904
-3449
-3065
-2875
-2916
-3063
-3238
-3513
-4062
-4433
-3582
-2305
-1399
-911
-924
501
3148
4536
5054
4476
3733
5073
5775
4821
3412
1173
257
127
-1688
-3265
-3939
-4128
-3493
-3685
-4188
-3207
-1436
242
1336
1773
2474
3865
5203
5726
5606
5245
5106
5365
5180
4514
4149
4127
4153
3863
3285
2986
3214
3491
3020
1918
750
-47
-290
-952
-2313
-3554
-4316
-4114
-3597
-3550
-3135
-2184
-718
927
1841
2776
4136
5350
6308
6408
6008
5976
5901
5542
4787
3539
2564
2021
1308
356
-743
-1714
-2282
-2862
-3776
-4628
-5152
-5217
-4920
-4792
-4783
-4377
-3540
-2493
-1595
-1079
-475
339
1017
1280
1074
793
615
300
-394
-1489
-2559
-3441
-4417
-5532
-6935
-8315
-9245
-10214
-11166
-10900
-9210
-6999
-4957
-3781
-2234
1328
4911
7035
7768
6960
7219
8730
8438
6748
4105
1315
396
-900
-3463
-5045
-5800
-5772
-5424
-6099
-6183
-4518
-2570
-1192
-548
-168
1035
2929
4219
4673
4970
5392
6342
7382
7653
7760
8153
8474
8373
7472
6212
5379
4693
3351
1077
-1484
-3547
-4764
-5599
-6808
-7998
-8383
-7483
-5758
-4267
-2731
-590
2122
4978
6816
7911
9119
10115
10780
10448
9072
7896
6947
5869
4604
2928
1404
445
-422
-1541
-2728
-3577
-3965
-4158
-4676
-5387
-5426
-4787
-3933
-3154
-2687
-2075
-946
115
716
865
814
993
1072
611
-184
-967
-1471
-1769
-2352
-3337
-4212
-4826
-5342
-6128
-7391
-8631
-9752
-10837
-11816
-11244
-8365
-5221
-2691
-1150
676
5539
10157
11680
11417
8964
8060
9275
7075
3067
-1498
-5900
-6873
-8363
-11674
-12548
-11773
-10001
-7925
-7508
-5824
-1595
2133
4334
5491
6321
8125
10149
10476
9918
9512
9087
9204
8836
7415
6494
5790
4741
2799
-254
-2559
-3807
-4896
-6465
-8813
-10361
-10326
-9232
-7593
-6461
-5041
-2390
983
4675
7232
9163
11472
13009
13735
12886
10786
9289
7325
4832
2271
-746
-2538
-3479
-4342
-4363
-4285
-3734
-2514
-1600
-773
-93
739
1889
2408
2260
1796
1665
2212
2431
2091
1471
855
784
545
-261
-1110
-1968
-2465
-2871
-3707
-4418
-4777
-4899
-5061
-5563
-6138
-6540
-6767
-7196
-7767
-8311
-8879
-9354
-9174
-5800
-508
3173
5391
6073
8382
13496
14844
12260
7821
1821
35
-982
-6254
-11205
-15793
-17890
-15843
-15863
-15935
-12048
-7619
-3401
-518
443
3988
8861
10513
9935
8767
8334
9866
10614
9154
8132
7672
7706
8027
6373
4166
2922
1287
-1301
-5305
-9019
-10195
-10180
-10090
-10314
-9996
-7409
-3451
804
4449
7033
9785
12357
13765
13889
12531
10708
8705
5882
2577
-651
-2753
-3703
-4416
-4884
-4854
-3654
-1646
54
1508
2641
3646
4795
5321
5068
4336
3443
2858
2243
1497
625
-295
-767
-1097
-1291
-1299
-1497
-1413
-1181
-1192
-986
-798
-837
-970
-1654
-2472
-3074
-3770
-4522
-5427
-6267
-6485
-6150
-5609
-5162
-4894
-4853
-5024
-5801
-5383
-921
4058
6703
6940
5354
7432
11389
10017
5559
-904
-6722
-6321
-6941
-10873
-13339
-15717
-14683
-11035
-11021
-9536
-4364
-656
1958
2158
1397
5044
8492
7855
6538
5396
5941
8445
8563
7483
7550
6816
6356
5043
1457
-879
-2524
-4847
-7509
-11213
-12463
-10193
-7650
-5136
-3041
-421
3854
7628
10340
11950
11973
11489
10244
7798
4992
2262
242
-1180
-2725
-4083
-4209
-2940
-1199
263
1131
2118
3548
4609
5187
5419
5266
5030
4540
3740
2814
1730
844
111
-544
-1151
-1871
-2171
-2084
-1780
-966
-263
281
981
1154
1041
784
-94
-1038
-2180
-3691
-4482
-4856
-4899
-4355
-4053
-3289
-2009
-1122
-520
-642
-1420
-2637
-4872
-7838
-7782
-2754
2391
4872
4599
3878
8224
12740
10651
5605
-1662
-6635
-5442
-7120
-11643
-14215
-16289
-14059
-10682
-11405
-8843
-3096
271
2212
1319
1176
5666
7952
6564
5546
5129
6885
9040
7968
7125
7048
5810
4662
1142
-3690
-5870
-7631
-9518
-11970
-14953
-13464
-9064
-5239
-1312
1785
5331
9350
11319
12197
11994
9973
7580
4510
1134
-1286
-2927
-3148
-2501
-2046
-1282
187
2232
4246
5407
5794
6014
5973
5600
4990
4213
3551
2871
1983
846
-471
-1414
-1668
-1729
-1710
-1966
-2246
-1646
-702
562
2006
2716
3114
3184
2420
1518
292
-1235
-2425
-3682
-4420
-4161
-3400
-2253
-1100
-480
348
951
862
-50
-1774
-4202
-7013
-10343
-11992
-6842
814
6154
8570
8471
11141
17105
16084
9554
1403
-7907
-10087
-10555
-15412
-18153
-18557
-17279
-11653
-9725
-8217
-1131
3587
4993
4502
2394
4650
7915
6066
4687
4602
5477
7953
7404
5880
5951
4046
1648
-1873
-7601
-10382
-11318
-12314
-12507
-13713
-11861
-5792
-748
3786
7680
10155
12440
12460
10818
9539
6686
3091
-223
-3200
-4428
-4622
-3957
-2128
-473
632
1628
2293
3285
4144
4094
3859
3207
2580
2908
3484
3805
3673
2920
2292
1341
-282
-1595
-2475
-2621
-2217
-1981
-1135
486
2314
4196
4879
4082
2901
1316
-382
-2070
-4077
-5327
-5378
-4878
-3550
-1537
486
2512
3459
3118
2531
1396
-594
-3092
-6125
-9548
-12196
-13953
-9462
622
9465
14428
15014
14883
18279
18923
11411
1534
-10156
-16417
-15471
-16240
-17875
-16202
-13736
-8244
-3641
-3743
401
5455
6174
4543
920
-231
3681
4717
4127
5175
5979
8082
8307
5845
4271
1317
-3090
-6982
-12431
-15692
-15027
-13044
-9841
-7758
-5543
328
6019
9570
11919
12144
11295
8869
4885
2447
674
-1568
-3115
-4266
-3991
-2883
-1913
-299
1228
1792
1594
895
798
1863
3202
4667
5493
5604
6081
6431
6345
5383
2916
483
-1960
-4879
-6342
-6052
-4459
-1558
633
1994
3900
5285
6013
5773
3419
379
-2028
-3992
-4808
-4806
-4328
-2938
-1302
233
2043
3160
3347
2450
318
-1998
-4203
-6623
-8617
-10608
-12715
-13792
-13007
-5483
6042
15031
19180
18925
18439
20556
17553
7705
-3325
-14741
-18155
-15768
-15871
-15327
-12710
-9561
-3039
-565
-1700
2664
5613
4967
2648
-2087
-1052
4129
4078
4268
4427
3577
5179
2997
-321
-1751
-5728
-8367
-9524
-12021
-10509
-6617
-2492
1881
1998
2657
6406
7656
6947
4757
1315
-402
-3364
-6195
-5040
-3982
-3069
-1931
-1527
755
2771
3360
4662
5407
5786
6342
5977
5719
5774
5589
5405
3824
1045
-894
-1658
-1876
-2658
-3723
-3270
-1576
49
1422
2684
4560
6381
6412
4946
2811
1005
18
-1076
-2692
-3914
-3869
-2789
-1386
-546
-3
699
971
619
-116
-946
-1611
-2747
-4500
-5924
-6526
-6520
-6000
-6409
-7706
-8392
-6593
1971
11950
16979
17316
14072
12624
13822
9526
1290
-7626
-16709
-16840
-12424
-10580
-8267
-6293
-4286
1341
2081
1283
6413
7383
6164
3534
-570
1848
5078
2934
1883
287
-1365
-43
-1047
-2077
-2146
-4060
-4160
-2826
-3256
-1584
814
2459
2894
-362
-1720
-363
-493
-1926
-4133
-5424
-4459
-4175
-3481
-1026
288
1183
1864
1908
2720
2814
2241
2643
2898
3235
4098
4458
4200
3378
2208
1185
-22
-1553
-2464
-2240
-1144
78
1210
2535
3482
3659
3004
2006
1563
1438
626
-792
-1978
-2300
-1446
-350
46
132
375
508
602
153
-666
-1341
-2340
-3294
-3748
-3614
-2970
-2598
-2980
-3547
-3733
-3997
-4324
-5790
-7523
-8226
-5796
3288
12815
18091
18300
14621
12829
12235
5959
-2563
-12197
-20723
-19264
-14112
-9700
-5476
-3677
-1076
4748
4960
4689
7354
5851
4675
1674
-1550
1342
3927
3520
4350
2825
1390
1829
616
11
-1774
-5216
-5431
-3748
-2965
-1539
-525
1405
2389
-28
-1159
-1192
-1501
-1965
-3373
-3756
-2559
-1795
285
2840
3120
3163
2811
2144
1533
-882
-2628
-2004
-1017
178
1428
2200
3477
4414
4226
3962
3155
2034
1628
1373
1466
2186
2945
3482
2970
1208
-617
-1580
-1772
-1862
-2510
-3046
-2482
-835
1332
3121
3826
3817
3182
1710
68
-1836
-3711
-5133
-6339
-6672
-5869
-4336
-2589
-1687
-1555
-1907
-2021
-2299
-2990
-4818
-6612
-7105
-2097
8336
16330
19305
16125
11813
10064
6918
-911
-9283
-18325
-21446
-16018
-8955
-2133
1386
2899
5629
7547
4838
4046
2972
700
-961
-3522
-2094
1814
3684
4989
6159
5137
3756
1604
509
241
-2655
-5558
-5391
-3260
-1059
-432
-466
648
-49
-1821
-2726
-3618
-3867
-3753
-2741
-485
926
1732
3967
5474
4572
2241
-335
-1552
-3084
-5849
-7090
-5711
-2484
967
3163
4170
4683
5065
5294
4895
3155
979
174
811
1919
2339
2150
1836
597
-1718
-4185
-5313
-4528
-2955
-1802
-862
565
2839
5356
6482
5377
3000
292
-2245
-4183
-5809
-6703
-6684
-6093
-4705
-2465
-332
1209
1498
577
-1115
-2660
-4109
-4923
-6193
-7719
-8410
-4335
6284
15753
19894
16439
10654
7399
4618
-1241
-8188
-16239
-19749
-14595
-6184
2227
5162
5142
5368
5590
3163
1228
-377
-2340
-3147
-3202
639
4749
6227
6859
7866
7981
5912
1411
-1456
-2171
-3507
-4694
-4789
-2780
-181
984
1200
1338
-198
-1755
-2001
-2412
-2732
-3039
-1153
2599
4337
3856
3313
3159
2397
217
-2614
-4480
-5991
-7061
-5995
-3385
-72
3295
5743
7345
7614
6540
5458
4246
2557
945
-307
-469
464
1061
1364
732
-1428
-3854
-6018
-6490
-4534
-1777
558
2561
4447
6427
7758
7072
4500
1272
-1860
-4339
-6177
-7167
-7046
-6158
-4658
-2978
-1374
-383
-470
-1486
-2624
-4134
-5152
-5787
-6464
-6860
-7170
-7089
-5175
1971
11112
17179
16211
10172
5237
2563
-913
-5928
-11309
-15657
-13828
-6941
2328
6785
5590
3085
834
-629
-3220
-4698
-5068
-4825
-3677
881
6332
9000
8711
7280
7484
6825
2904
-1454
-4171
-5570
-5316
-4423
-2021
195
46
-272
446
799
-186
-1231
-983
426
1097
2372
5198
6683
6053
3884
1908
-48
-3278
-5509
-5491
-5013
-5033
-4291
-1428
3234
6656
7998
8704
8392
7598
6678
5242
3198
558
-1417
-1574
-1023
-1248
-1814
-1972
-2009
-2841
-3782
-3785
-2297
460
3071
5439
7027
7602
7183
5505
2838
-334
-3447
-5977
-7413
-7498
-6337
-4751
-3252
-1756
-472
-93
-980
-2762
-4250
-5208
-5254
-5026
-5095
-5471
-5254
-4675
-4406
-5164
-3509
3762
11450
14635
11091
5969
2953
1400
-1296
-5097
-9874
-12921
-10396
-3273
3452
3808
1752
-688
-2104
-3706
-5007
-3168
-812
-15
1400
5688
9652
10919
8595
6248
5132
2424
-1672
-5042
-7114
-7397
-6152
-3676
-425
198
-124
884
2434
2899
1293
126
1327
2766
3563
4844
4788
3712
1920
98
-460
-2567
-5240
-5622
-4518
-2923
-1323
730
3864
6278
7091
7770
7915
7202
6366
5403
4387
2478
-231
-2077
-3535
-4436
-4003
-2987
-1956
-1676
-1511
489
3255
5180
6359
6142
5369
4592
3308
2027
512
-1499
-3335
-5110
-6364
-5991
-4798
-3098
-1364
-217
506
255
-1044
-2018
-2764
-3235
-3088
-3138
-3132
-3279
-3393
-3307
-3859
-5562
-7380
-8578
-5579
1378
7900
10824
9153
6992
5755
3973
-492
-5993
-11179
-12883
-9583
-3103
1371
1557
908
-376
-866
-2437
-2780
-777
495
774
2577
6315
8790
8435
6166
4941
3140
-780
-4912
-6940
-7104
-6241
-4673
-1941
1216
2301
2768
3672
4331
3529
1405
566
1743
2594
3183
4371
4237
2435
-653
-2429
-1857
-2417
-3811
-3886
-2502
-356
1810
4634
7751
8875
7886
6844
6055
4727
2858
1216
288
-1385
-3567
-4251
-3231
-1374
481
1774
2663
2992
2950
3794
4861
4955
3706
1440
-402
-937
-826
-553
-903
-1910
-3015
-3830
-3579
-2665
-1781
-1169
-279
670
1040
440
-463
-838
-1184
-1604
-1989
-2208
-2773
-3567
-4111
-4473
-5360
-6578
-8028
-9605
-10820
-10062
-4289
3814
9464
10255
8344
6150
3938
568
-4268
-9074
-12872
-12611
-6969
842
4241
4047
2357
185
-1778
-4611
-4728
-3288
-2618
-2114
455
4316
6421
5953
4531
3645
2388
-176
-2849
-4524
-5835
-5773
-4302
-1445
1024
1764
2155
2811
3027
2022
1017
1136
1898
1600
1265
1395
1026
42
-903
-35
1449
1695
1538
1944
2297
1917
1511
1871
2377
2173
1857
1868
1451
270
-524
-345
349
1118
1860
2709
2890
2723
3110
3471
3217
2062
514
-804
-1961
-2539
-2750
-3125
-2855
-1601
93
1350
1709
1758
1315
386
-302
-396
-252
-230
-84
597
1172
1335
1442
974
-482
-2553
-4158
-5045
-5534
-5788
-5126
-3927
-3320
-3405
-4033
-5020
-6216
-7417
-6700
-2875
1492
3991
4125
3324
3050
2712
618
-2307
-5318
-7116
-5788
-942
3593
3902
1509
-1818
-3835
-5513
-6767
-5936
-4082
-2453
-359
3101
5966
6838
6000
4895
3591
1716
-137
-1159
-1963
-2720
-2269
-806
692
1095
1231
1585
1809
1448
492
-366
-303
915
3033
5458
6401
6130
5116
3988
3392
2690
1836
801
-60
-709
-949
-859
-518
-72
641
1980
3252
4054
4082
3921
3676
3388
3400
3544
3195
2124
1563
1510
1200
52
-1447
-2414
-2962
-2969
-2114
-884
93
1187
2823
4239
4552
4236
3378
2069
690
33
193
-5
-364
15
998
1365
726
-276
-1502
-2848
-3321
-2091
-342
532
717
564
-58
-1371
-3172
-4968
-6953
-8749
-9019
-8055
-6668
-4584
-1630
736
589
-1619
-3982
-4849
-4400
-3635
-2636
-2420
-2763
-1707
971
2527
1297
-1321
-3775
-4547
-3786
-1587
1104
1889
1116
1312
2428
2612
1219
-585
-1323
-1256
-424
1478
3300
3576
3233
3690
4459
4000
2726
2330
2808
3418
3903
4401
4349
3370
2235
2128
2083
1050
20
-434
-272
256
953
2014
2409
1641
983
1060
1503
1547
1406
1440
1376
1023
648
342
-389
-1400
-2065
-2166
-2058
-2037
-1351
132
1498
2297
2488
2631
2757
2748
2775
2455
1393
41
-369
121
504
414
329
324
251
495
1097
1302
624
96
659
1637
1900
1607
1289
742
-78
-878
-1427
-2613
-4127
-4588
-4049
-3422
-3636
-4038
-4144
-4492
-5256
-5953
-6607
-7222
-6758
-4927
-3591
-4061
-5586
-6382
-5486
-4292
-3639
-3797
-5011
-5846
-4212
-528
1794
1682
500
-518
-799
-936
-497
-161
-856
-1308
47
2105
2724
2399
2589
3191
3458
3621
4104
3987
2866
2468
3487
4348
3912
3221
3526
3818
3640
3368
2783
1429
-73
7
1514
2283
1778
1699
2568
3602
4212
4563
4377
2862
716
-752
-1590
-2924
-4318
-4519
-3683
-2863
-2306
-1175
407
1478
2347
3509
4259
3839
2952
2928
3075
2202
964
410
112
-729
-1205
-707
-226
-672
-981
142
1356
1666
2088
3382
4414
4383
4130
4251
3777
2268
1122
797
232
-1166
-2105
-2035
-1701
-1608
-1138
-245
-37
-589
-1137
-1296
-1722
-2659
-3555
-4125
-4847
-5629
-5998
-6069
-6375
-6889
-6503
-4755
-3415
-4018
-5645
-7018
-7080
-5874
-4395
-3089
-3152
-3982
-3264
-689
1430
817
-965
-2159
-2321
-1593
70
2296
3078
2509
2490
3588
4205
3440
2884
2959
2645
2399
2996
3938
3855
3235
3612
3871
2536
818
856
2090
2619
2660
3344
3938
3582
3281
3937
4092
2190
61
-276
474
572
375
711
610
-543
-1460
-893
-153
-585
-1135
-569
281
369
441
1290
1814
1025
-73
-610
-1104
-1896
-2060
-1157
-390
-536
-483
658
1986
2677
3092
3460
3095
2122
1770
2411
2674
1897
1085
927
747
21
-399
-196
-108
-643
-989
-463
33
137
568
1220
1261
410
-569
-1010
-1534
-2484
-3048
-3202
-3539
-4023
-4058
-3792
-4178
-5167
-5829
-6066
-6716
-7756
-8276
-7666
-6007
-4361
-3774
-4148
-5277
-5952
-5196
-4210
-3716
-4110
-4565
-3467
-530
2655
3472
2364
725
-105
393
1270
2203
2078
1101
907
1936
3043
2773
2115
2182
2465
2840
3332
4030
4184
3701
3826
4242
3865
2747
2353
2947
3158
3005
3064
3328
3312
3008
3277
3452
2323
777
236
773
1113
871
945
1105
990
861
1020
1117
104
-1135
-1235
-623
-187
-14
479
1021
1083
1294
2097
2672
2384
2062
2338
2379
1333
24
-304
2
141
248
472
532
470
738
1683
2352
1974
1372
1149
967
792
962
1610
2059
1702
1031
414
-126
-857
-1297
-1418
-1998
-2998
-3641
-3038
-1750
-937
-1010
-1710
-2433
-2904
-2917
-2573
-2757
-3758
-5024
-5880
-6282
-6683
-7067
-7315
-7257
-6846
-5544
-3582
-2646
-3003
-3631
-3423
-2418
-1901
-1946
-2181
-2546
-2356
-794
1272
1375
91
-574
1
1025
1489
2294
3067
3004
3101
4319
5432
4677
3199
2843
3068
2818
2554
3096
3389
2779
2704
3620
3988
3183
3025
4278
4975
4352
3625
3461
3225
2622
2724
3135
2210
621
189
1086
1492
783
606
937
1031
1165
1754
2290
1670
575
540
1089
644
-337
-643
-483
-665
-943
-659
-441
-1174
-1659
-686
586
919
837
1351
1852
1494
1122
1350
1353
675
44
57
-87
-882
-1453
-1357
-1422
-2185
-2540
-2017
-1386
-773
-13
971
1520
1281
814
366
-300
-1394
-2474
-3102
-3506
-3808
-3787
-3512
-3445
-3764
-4025
-3870
-3598
-3660
-3868
-3642
-3363
-3644
-4134
-4488
-4758
-5301
-5912
-5939
-5097
-3763
-3047
-3102
-3606
-4125
-3874
-3092
-2068
-1283
-1266
-1001
400
2546
3406
2641
1854
1333
1070
789
1304
2286
2376
2333
3187
4315
4179
3390
3617
4107
3868
3541
3856
4164
3612
3497
4437
4682
3561
2818
3717
4500
4047
3779
4140
4098
3388
3299
4081
3742
2176
1507
2172
2517
1784
1489
1790
1346
332
40
622
396
-657
-823
-322
-377
-762
-255
942
1206
651
376
177
-732
-1846
-1981
-1773
-2334
-3034
-2731
-1710
-1160
-1054
-712
-463
-675
-830
-475
-139
-525
-1214
-1539
-1558
-1577
-1648
-1416
-1080
-1211
-1336
-1127
-721
-376
-389
-391
-366
-446
-629
-588
-245
-262
-623
-1033
-1250
-1341
-1639
-1914
-2318
-2965
-3679
-4126
-3884
-3533
-3369
-3273
-3334
-3619
-4179
-4475
-4311
-3772
-2645
-1463
-1247
-2029
-2921
-2696
-1546
-707
-525
-1005
-1577
-1298
513
2672
3042
2056
989
619
752
1186
2226
2719
2446
2794
4215
5330
5097
4727
4893
4497
3510
3155
3672
3654
2989
3194
3793
3316
2300
2588
3916
4321
3947
3935
3918
3170
2470
2918
3256
2032
634
617
1237
1188
957
1249
1034
-214
-1174
-1060
-1118
-2145
-2724
-1994
-1310
-1379
-1184
-224
162
-774
-1709
-2018
-2493
-3285
-3395
-2602
-2210
-2488
-2455
-1999
-1977
-2469
-2486
-2054
-1987
-2116
-1703
-1073
-1019
-1408
-1487
-1262
-1362
-1691
-1659
-1107
-521
21
577
699
444
140
170
349
192
-138
-349
-149
197
346
364
231
-20
-475
-931
-1083
-1166
-1309
-1412
-1281
-1152
-1391
-1695
-1848
-2027
-2577
-3286
-3739
-4107
-4446
-4390
-3889
-3150
-2080
-1091
-799
-1110
-1581
-1434
-585
154
610
617
360
750
2081
3073
2449
1262
529
486
935
1786
3086
3558
3460
4183
5455
5828
4961
4612
4996
4724
4066
3958
4169
3537
2822
3453
4017
3150
2035
2381
3315
3176
2763
2996
2960
2098
1653
2354
2380
804
-417
-232
81
-568
-1147
-928
-1070
-1739
-1815
-1324
-1560
-2668
-2890
-2063
-1922
-2713
-3222
-2974
-3048
-3566
-3497
-3101
-3244
-3722
-3487
-2774
-2737
-3148
-2992
-2283
-1783
-1676
-1621
-1714
-2036
-1980
-1342
-754
-894
-1317
-1173
-574
-14
280
388
422
594
1073
1616
1946
2032
1984
2094
2216
2039
1550
898
533
450
368
91
-245
-288
-187
36
455
728
471
-120
-410
-349
-500
-1027
-1495
-1737
-2109
-2382
-2280
-2066
-2003
-2082
-1910
-1687
-1928
-2268
-2142
-1718
-1339
-633
760
1686
1448
893
702
1010
1149
1080
1208
790
107
586
2585
4001
3493
2935
3126
3587
3611
3853
4576
4012
2718
2576
3317
3104
1836
1646
2134
1612
961
1462
2385
1973
1292
1898
2169
894
-310
182
839
111
-543
-323
-482
-1386
-1602
-782
-1036
-2653
-3292
-2555
-2099
-2467
-2264
-1431
-1640
-2531
-2651
-2243
-2712
-3853
-3901
-3287
-3436
-3742
-3123
-2131
-2013
-2236
-1757
-1333
-1702
-2026
-1451
-793
-942
-1127
-729
-297
-184
40
455
431
-4
42
712
1297
1486
1629
1739
1513
1227
1180
1281
1234
1109
1164
1253
1231
1298
1428
1284
848
405
99
-116
-88
157
331
271
227
542
781
664
486
533
609
569
703
859
873
759
782
938
748
470
358
500
835
1153
1539
1743
1720
1669
1530
1346
962
652
560
508
541
557
618
624
569
528
368
147
-206
-619
-941
-1107
-1115
-1101
-938
-216
409
99
-730
-1392
-1423
-1152
-1019
-762
-764
-1223
-1182
44
1179
574
-546
-1048
-1191
-1482
-1567
-775
-661
-1425
-1360
-294
146
-603
-699
-56
-419
-1362
-1258
-375
-562
-1444
-1174
-645
-1299
-1970
-1064
226
154
-216
262
623
104
-120
715
933
-215
-870
-249
393
291
425
1158
1135
547
648
1249
1169
322
100
395
124
-306
-84
536
583
293
512
803
682
600
981
1234
807
363
479
730
695
622
610
326
-25
59
428
523
357
384
513
468
510
688
712
576
639
987
1083
860
802
955
992
865
882
943
757
676
1053
1391
1161
802
854
1044
1033
1071
1270
1149
659
445
672
699
319
167
282
81
-304
-424
-381
-545
-787
-644
-397
-595
-896
-803
-595
-694
-873
-808
-755
-968
-1069
-880
-882
-1301
-1713
-1933
-2229
-2563
-2612
-2348
-2076
-1881
-1506
-967
-630
-655
-725
-836
-1170
-1372
-1364
-1313
-1410
-1406
-1056
-761
-573
-322
0
108
-24
-44
-63
-143
-224
-173
-107
-231
-215
9
250
375
407
475
427
246
143
68
44
208
629
1274
1747
1800
1575
1268
1049
711
338
98
-80
151
853
1941
2770
2776
2452
2074
1814
1476
1133
1088
997
1042
1421
2082
2606
2603
2645
2583
2135
1553
1224
1398
1490
1535
1811
1912
1701
1549
1830
2159
1986
1577
1387
1374
1357
1362
1433
1206
704
479
577
682
523
417
503
461
430
465
424
229
-60
-90
-49
-155
-268
-309
-293
-409
-530
-572
-743
-943
-1032
-999
-969
-1105
-1266
-1322
-1308
-1283
-1375
-1570
-1877
-2125
-2075
-1895
-1739
-1629
-1583
-1570
-1616
-1672
-1704
-1772
-1874
-1978
-1976
-1926
-1810
-1501
-1131
-751
-502
-422
-421
-451
-360
-183
-61
-38
5
197
458
677
861
888
764
618
504
390
247
270
442
665
839
991
1118
1196
1298
1377
1335
1071
761
665
767
922
1068
1211
1347
1423
1549
1759
1857
1701
1387
1125
975
887
919
1087
1315
1467
1607
1749
1755
1666
1574
1475
1294
1090
1001
1101
1278
1399
1504
1504
1384
1271
1183
1072
880
661
526
443
353
302
299
245
161
46
-94
-217
-288
-228
-192
-308
-533
-763
-871
-981
-1184
-1448
-1773
-2077
-2203
-2099
-1924
-1882
-1975
-2024
-1990
-1952
-1947
-1951
-2036
-2275
-2565
-2705
-2744
-2826
-2906
-2925
-2940
-2996
-2974
-2797
-2530
-2335
-2187
-2002
-1880
-1877
-1832
-1665
-1559
-1631
-1815
-1979
-2096
-2218
-2235
-2113
-1984
-1899
-1783
-1595
-1450
-1404
-1371
-1345
-1410
-1585
-1772
-1923
-2046
-2133
-2162
-2189
-2258
-2266
-2078
-1740
-1422
-1173
-960
-806
-743
-762
-804
-828
-864
-796
-636
-518
-471
-413
-287
-222
-262
-339
-417
-508
-551
-400
-109
77
90
9
-111
-238
-319
-291
-270
-347
-459
-498
-545
-708
-879
-999
-1115
-1218
-1214
-1095
-985
-967
-871
-660
-594
-687
-860
-1016
-1174
-1332
-1368
-1306
-1279
-1281
-1133
-851
-571
-287
-37
110
165
227
432
648
757
760
683
590
547
644
738
645
550
525
656
868
950
986
1003
1075
1175
1245
1246
1127
1006
917
837
738
533
370
245
117
26
-16
36
85
160
258
230
-12
-358
-663
-927
-1200
-1417
-1536
-1596
-1585
-1502
-1399
-1421
-1536
-1634
-1678
-1633
-1503
-1360
-1278
-1273
-1271
-1196
-1115
-979
-806
-671
-534
-354
-62
227
427
592
688
755
806
925
1116
1204
1303
1504
1679
1749
1781
1935
2100
2183
2262
2338
2339
2223
2170
2228
2229
2175
2166
2177
2160
2156
2200
2237
2158
1989
1832
1626
1345
1100
949
827
768
789
803
726
554
377
208
64
-34
-122
-215
-340
-452
-523
-569
-562
-538
-551
-557
-539
-399
-106
135
274
323
306
276
271
270
225
146
111
174
241
291
341
390
422
431
476
546
585
563
494
437
366
275
168
73
-39
-170
-261
-275
-163
-2
151
332
453
475
461
394
237
-27
-262
-341
-342
-301
-244
-165
-93
-63
-14
18
-3
-62
-80
15
173
296
331
305
239
147
71
40
0
-30
-9
69
176
254
375
514
601
636
662
704
712
731
783
834
841
779
695
627
542
419
260
59
-104
-176
-113
41
193
335
428
446
377
243
87
-67
-233
-396
-550
-685
-736
-741
-715
-677
-660
-651
-621
-559
-451
-342
-246
-178
-122
-82
-81
-69
-83
-149
-304
-488
-636
-740
-748
-680
-604
-577
-590
-554
-467
-388
-387
-490
-628
-774
-893
-990
-1088
-1215
-1333
-1347
-1285
-1174
-1057
-958
-895
-885
-848
-753
-668
-628
-609
-623
-638
-619
-543
-417
-329
-299
-226
-84
77
216
338
429
488
555
625
697
745
789
861
933
990
1007
976
924
873
839
813
783
742
710
700
752
848
938
961
924
859
785
704
605
511
391
269
171
112
78
26
-21
-68
-103
-123
-68
24
71
84
74
66
-1
-118
-252
-435
-650
-849
-956
-988
-995
-990
-947
-863
-826
-845
-846
-791
-714
-626
-535
-462
-449
-500
-558
-635
-743
-835
-835
-784
-737
-678
-593
-445
-286
-147
-45
-8
-7
-30
-64
-120
-209
-298
-355
-377
-389
-369
-311
-222
-134
-71
-32
-25
-48
-62
-80
-108
-105
-65
15
114
174
172
136
95
55
4
-79
-169
-213
-223
-198
-105
5
92
138
142
141
155
204
289
372
422
432
452
497
564
708
840
891
895
882
894
913
935
946
941
1005
1095
1149
1141
1063
951
837
771
746
737
746
795
890
940
886
769
692
681
666
701
761
723
649
621
670
701
647
611
619
672
739
793
826
809
759
723
733
747
746
731
674
601
564
566
588
582
544
513
487
486
524
571
610
621
618
605
551
462
409
404
380
329
259
207
180
157
121
36
-102
-280
-448
-570
-674
-777
-846
-868
-877
-879
-895
-920
-970
-1054
-1134
-1227
-1356
-1488
-1577
-1634
-1678
-1705
-1697
-1680
-1660
-1631
-1587
-1518
-1443
-1329
-1190
-1052
-924
-806
-707
-645
-567
-491
-435
-374
-321
-214
-71
42
144
232
298
347
397
465
543
611
653
709
786
870
946
989
988
921
821
744
705
676
622
581
566
553
535
529
526
481
417
372
351
331
312
303
293
281
250
229
222
225
243
239
204
148
118
124
112
69
19
-23
-35
-9
27
39
5
-57
-113
-149
-196
-272
-325
-339
-308
-250
-177
-160
-208
-250
-293
-328
-348
-378
-442
-536
-629
-684
-688
-678
-687
-706
-724
-765
-794
-788
-793
-827
-877
-904
-948
-986
-988
-968
-936
-895
-801
-723
-760
-870
-959
-984
-944
-833
-688
-622
-569
-439
-245
-111
-148
-248
-352
-368
-265
-105
44
108
189
321
436
494
471
449
429
453
546
609
646
671
722
775
731
633
546
513
537
594
652
658
668
715
765
822
821
795
767
711
661
608
610
644
687
747
752
709
672
694
726
723
716
703
709
722
735
725
661
556
451
368
298
234
197
149
73
35
13
-36
-101
-141
-162
-194
-205
-160
-112
-72
-59
-88
-166
-278
-351
-383
-393
-415
-441
-479
-538
-574
-587
-589
-598
-591
-558
-529
-503
-470
-385
-260
-172
-107
-64
-46
-33
3
9
-20
-59
-88
-82
-60
-34
3
38
56
86
108
99
43
-15
-58
-123
-212
-293
-367
-437
-484
-502
-488
-481
-449
-415
-420
-465
-517
-541
-552
-555
-559
-566
-569
-544
-486
-406
-268
-96
41
141
203
249
297
333
353
393
450
513
568
626
699
747
782
807
830
862
885
915
966
1004
1029
1074
1135
1168
1156
1114
1060
968
861
779
708
633
595
636
689
738
764
751
683
594
516
484
468
427
360
291
232
205
219
214
179
129
74
8
-90
-181
-245
-296
-349
-395
-413
-437
-439
-411
-376
-378
-411
-420
-399
-369
-351
-351
-350
-340
-344
-331
-309
-332
-378
-412
-392
-305
-197
-122
-99
-102
-139
-192
-221
-233
-245
-273
-280
-262
-241
-228
-233
-247
-281
-320
-334
-323
-312
-311
-303
-277
-245
-230
-205
-178
-179
-192
-203
-228
-274
-327
-358
-361
-351
-332
-303
-252
-217
-174
-117
-104
-132
-173
-190
-190
-190
-199
-191
-135
-62
32
121
165
172
174
191
198
177
145
128
153
214
308
426
520
584
622
639
626
589
560
548
547
555
578
619
656
669
671
665
639
609
578
537
483
413
356
322
303
283
258
213
155
111
71
19
-44
-122
-231
-347
-450
-538
-604
-651
-697
-733
-767
-814
-848
-867
-901
-960
-1027
-1069
-1079
-1078
-1061
-1031
-1027
-1047
-1031
-976
-907
-853
-814
-785
-774
-768
-749
-707
-670
-651
-565
-425
-307
-201
-98
-4
59
107
146
180
206
230
250
268
293
330
378
408
429
443
453
462
472
480
487
506
518
535
561
572
587
583
557
501
423
342
269
227
225
255
295
336
359
359
350
345
328
322
322
302
279
271
255
227
199
175
169
168
169
183
205
213
196
167
143
113
101
106
128
164
202
233
252
251
221
190
153
114
88
70
45
17
4
6
9
-4
-42
-97
-144
-170
-169
-163
-159
-166
-197
-246
-295
-354
-407
-443
-466
-479
-484
-475
-452
-423
-417
-423
-434
-459
-478
-499
-522
-535
-545
-533
-509
-474
-442
-428
-428
-434
-440
-442
-437
-418
-376
-327
-282
-249
-224
-203
-185
-155
-111
-70
-27
37
95
136
180
224
256
281
299
310
321
341
349
333
313
276
252
263
307
376
429
454
445
438
429
401
354
302
251
207
198
215
230
253
286
309
304
266
223
180
146
139
145
145
137
139
160
185
203
217
215
202
189
193
212
224
228
224
226
221
224
244
259
258
251
242
239
230
226
217
205
201
203
208
190
153
118
89
55
11
-19
-40
-75
-105
-132
-165
-218
-269
-299
-327
-362
-403
-440
-486
-547
-590
-596
-606
-636
-665
-664
-660
-667
-650
-633
-638
-672
-701
-702
-677
-640
-592
-546
-493
-451
-397
-321
-253
-188
-129
-79
-62
-56
-19
35
82
127
182
257
359
470
565
631
657
663
682
715
741
757
758
734
700
672
668
665
650
640
617
586
548
522
511
484
455
411
368
339
329
321
284
212
118
49
2
-39
-69
-89
-110
-131
-126
-98
-76
-76
-83
-101
-133
-165
-183
-189
-208
-228
-229
-228
-218
-202
-179
-166
-179
-198
-223
-243
-246
-254
-267
-283
-273
-240
-214
-199
-201
-192
-180
-188
-194
-206
-216
-233
-258
-270
-285
-291
-289
-303
-323
-345
-349
-340
-327
-311
-307
-308
-312
-311
-298
-284
-272
-262
-243
-215
-186
-151
-131
-134
-164
-197
-223
-232
-218
-210
-200
-183
-152
-95
-29
35
86
112
127
145
168
183
185
180
171
157
148
161
190
221
245
261
265
270
283
303
328
336
343
363
394
443
481
500
496
471
441
405
378
364
353
350
359
385
429
487
544
569
558
528
490
453
424
399
373
338
305
295
295
286
264
233
191
127
64
6
-45
-87
-131
-154
-160
-163
-163
-181
-203
-239
-293
-330
-359
-385
-404
-413
-414
-434
-474
-499
-521
-554
-588
-607
-612
-616
-614
-610
-593
-567
-545
-525
-508
-501
-507
-502
-489
-490
-488
-487
-473
-455
-448
-449
-441
-428
-409
-391
-363
-330
-301
-262
-221
-189
-155
-126
-106
-77
-58
-50
-53
-60
-60
-50
-29
-9
10
35
52
76
95
106
121
139
163
185
220
277
333
381
397
400
407
401
410
433
455
477
505
547
587
624
659
681
701
709
712
714
702
691
685
687
683
710
785
839
871
879
863
837
796
752
705
659
614
568
540
508
453
389
323
250
183
128
82
55
31
7
-22
-58
-102
-138
-175
-234
-298
-353
-404
-437
-449
-458
-468
-480
-491
-485
-483
-492
-505
-520
-534
-539
-531
-526
-527
-521
-521
-523
-530
-543
-555
-552
-539
-528
-511
-495
-479
-445
-408
-383
-358
-340
-335
-343
-353
-363
-368
-362
-347
-314
-282
-253
-239
-228
-211
-200
-183
-173
-161
-127
-88
-42
0
21
23
15
0
-19
-34
-32
-28
-29
-27
-9
25
60
97
132
155
153
157
169
170
171
168
171
178
201
230
254
278
285
280
280
290
300
326
356
384
405
417
429
445
463
461
448
433
405
387
362
351
343
326
302
287
291
284
269
246
209
171
141
108
82
42
-4
-35
-55
-62
-74
-91
-108
-140
-182
-225
-249
-265
-276
-275
-272
-270
-291
-274
-212
-170
-148
-150
-159
-160
-135
-114
-104
-97
-106
-115
-114
-125
-144
-159
-170
-178
-177
-173
-154
-105
-66
-30
-6
2
23
57
102
129
160
190
219
249
275
292
289
278
264
259
260
273
297
320
334
353
383
414
436
435
419
397
376
359
352
364
370
369
370
361
338
298
256
201
145
104
62
42
42
44
50
39
30
17
-3
-22
-67
-112
-160
-190
-208
-227
-235
-242
-245
-248
-258
-266
-279
-299
-303
-306
-304
-305
-303
-287
-274
-255
-246
-235
-211
-190
-165
-150
-143
-135
-140
-134
-121
-101
-86
-72
-47
-32
-10
16
39
72
96
114
130
134
135
125
114
99
71
48
31
21
20
5
-18
-40
-54
-60
-84
-109
-137
-157
-161
-175
-184
-197
-213
-222
-239
-253
-285
-327
-357
-384
-397
-407
-406
-395
-369
-326
-295
-282
-272
-271
-272
-271
-277
-277
-260
-228
-192
-154
-122
-96
-67
-26
13
44
69
91
122
150
177
211
247
276
312
348
369
377
385
399
413
425
432
435
435
441
442
429
410
389
368
348
330
313
293
270
242
209
181
154
126
97
77
53
22
-10
-40
-68
-94
-122
-160
-198
-231
-259
-277
-285
-292
-298
-297
-297
-292
-284
-273
-268
-270
-272
-270
-278
-278
-269
-269
-267
-261
-261
-253
-234
-209
-179
-157
-142
-130
-110
-86
-65
-51
-48
-43
-36
-25
-16
-14
-23
-39
-57
-76
-88
-84
-76
