4
1
2
1
4
6
5
5
2
0
1
1
1
0
2
4
5
7
6
6
5
3
5
6
8
8
6
7
4
4
5
4
5
2
6
5
7
9
7
7
4
4
5
5
6
6
4
2
1
0
-2
-1
-2
-2
-1
1
4
6
3
2
-1
0
-1
0
1
0
0
1
2
1
1
0
-1
-3
-3
1
4
5
6
5
2
1
-1
-3
-5
-9
-7
-7
-6
-6
-6
-8
-10
-8
-10
-9
-9
-9
-10
-10
-8
-7
-7
-6
-9
-9
-10
-11
-9
-9
-8
-9
-8
-7
-6
-4
0
0
-2
-4
-6
-6
-7
-7
-9
-9
-8
-4
0
2
4
2
-2
-4
-8
-10
-11
-11
-8
-6
-2
-1
1
-1
-3
-7
-11
-11
-11
-10
-9
-8
-4
-1
4
8
8
6
3
-1
-3
-5
-7
-5
-6
-4
-1
3
6
8
8
5
3
0
-4
-4
-2
-1
3
5
8
13
13
11
7
3
-2
-5
-5
-4
-1
3
9
14
16
15
10
6
0
-5
-7
-9
-7
-4
-2
3
7
11
12
12
10
5
2
-2
-4
-3
-3
-1
1
5
6
8
7
6
3
0
-3
-5
-6
-4
-2
1
3
7
8
7
4
3
-2
-6
-6
-8
-6
-4
0
2
5
5
5
5
3
-1
-3
-4
-3
-3
0
1
4
5
7
8
9
8
9
6
6
5
5
5
4
6
5
5
6
6
9
9
7
6
4
3
3
3
3
2
4
4
6
6
8
9
8
7
5
4
2
1
1
1
4
4
5
7
8
10
7
6
3
0
-3
-5
-4
-2
0
4
7
7
8
6
5
0
-5
-7
-10
-9
-8
-5
-2
0
2
2
2
-1
-4
-7
-10
-12
-12
-9
-5
-1
4
7
8
8
6
2
-3
-8
-10
-13
-12
-8
-3
2
7
9
8
5
-1
-5
-9
-14
-16
-15
-10
-4
1
6
8
8
3
-3
-10
-16
-20
-21
-19
-13
-8
-2
1
3
2
-1
-5
-11
-16
-20
-21
-19
-13
-8
-1
4
6
7
4
-1
-7
-14
-18
-22
-20
-17
-8
-1
3
6
5
2
-5
-11
-18
-22
-24
-26
-21
-14
-6
0
4
6
5
0
-3
-9
-14
-17
-16
-11
-6
3
7
11
13
12
9
3
-2
-7
-12
-13
-12
-7
0
4
10
12
14
12
10
6
0
-4
-5
-4
-2
4
9
14
17
19
14
12
8
3
0
-2
-1
1
4
8
12
17
19
17
16
9
5
0
-3
-3
-4
-1
1
4
7
9
11
10
8
4
1
-1
-5
-5
-4
-1
4
8
11
11
15
14
9
6
1
-3
-5
-4
-1
2
8
14
15
19
17
14
8
3
-1
-5
-5
-4
-1
6
11
15
17
18
16
9
5
-2
-6
-7
-7
-4
-1
7
10
12
16
13
9
5
-2
-7
-11
-12
-9
-7
-1
5
9
13
11
7
2
-2
-7
-11
-9
-7
-4
-1
4
7
7
7
6
3
-2
-8
-10
-12
-12
-9
-5
0
5
9
9
8
5
-1
-7
-9
-11
-13
-11
-7
-2
3
7
8
9
8
4
-2
-7
-8
-12
-12
-8
-4
0
6
9
7
6
5
-2
-6
-10
-13
-13
-13
-11
-9
-5
-2
-1
-1
-2
-5
-10
-15
-20
-21
-20
-15
-10
-3
2
7
8
7
6
0
-5
-9
-12
-13
-11
-8
-3
3
7
11
12
9
5
0
-6
-10
-13
-13
-10
-5
2
7
10
13
9
7
3
0
-4
-6
-6
-6
0
4
9
13
14
11
9
7
3
-2
-4
-6
-6
-1
5
10
16
16
17
12
10
7
1
-1
-2
0
0
3
7
11
16
17
15
12
5
-1
-7
-11
-13
-11
-7
-5
-1
3
4
2
-1
-1
-7
-11
-14
-16
-16
-17
-15
-12
-9
-7
-5
-6
-10
-14
-16
-16
-18
-17
-17
-13
-10
-5
-2
-1
1
-1
-3
-7
-10
-11
-11
-6
-5
-3
3
4
7
8
7
3
0
-4
-8
-12
-12
-11
-9
-7
-5
-5
-4
-2
-4
-5
-8
-11
-11
-12
-10
-7
-3
1
5
9
10
9
8
8
7
8
11
13
14
16
18
20
24
27
28
25
23
20
17
16
13
13
13
14
16
16
17
15
16
14
11
5
0
-2
-5
-3
-2
0
2
2
1
0
0
-1
0
0
1
0
0
4
6
12
16
19
19
18
17
15
15
16
17
18
18
16
15
16
15
16
17
15
12
7
2
-1
-3
-5
-4
-6
-8
-10
-9
-12
-15
-17
-17
-18
-20
-21
-24
-24
-23
-19
-14
-13
-13
-12
-10
-10
-9
-10
-11
-11
-11
-10
-12
-10
-6
-3
0
-1
-3
-6
-9
-11
-12
-14
-13
-13
-14
-16
-17
-16
-16
-11
-11
-13
-15
-20
-22
-22
-18
-14
-11
-8
-4
-1
2
5
7
11
11
7
3
1
5
14
23
28
31
33
35
38
37
32
24
19
15
15
15
15
15
19
24
22
18
7
1
-3
-7
-10
-18
-22
-22
-17
-13
-10
-12
-16
-18
-21
-22
-24
-22
-21
-16
-11
-8
-4
-1
6
9
9
7
2
3
6
13
19
24
23
24
28
31
35
33
28
21
15
10
8
6
6
7
8
10
10
7
4
6
6
5
0
-11
-19
-26
-24
-19
-17
-14
-12
-11
-11
-12
-11
-9
-6
-8
-13
-20
-20
-13
-5
0
-2
-6
-9
-11
-13
-14
-17
-15
-8
-7
-9
-13
-13
-14
-11
-13
-20
-29
-33
-30
-28
-20
-14
-9
-4
-6
-12
-19
-22
-22
-17
-16
-20
-22
-20
-10
-1
5
2
-1
-2
1
6
11
16
17
19
21
21
22
18
16
14
14
15
16
17
21
24
31
32
25
17
7
4
5
4
-1
-6
-5
0
9
13
9
3
-1
1
0
-4
-6
0
11
17
14
4
-2
3
13
18
14
6
8
18
32
40
40
35
36
35
27
12
2
4
13
19
16
9
7
15
23
27
15
-1
-12
-17
-24
-29
-32
-33
-28
-25
-27
-37
-45
-46
-42
-39
-43
-54
-65
-70
-68
-58
-53
-53
-51
-51
-53
-55
-50
-46
-41
-35
-34
-36
-38
-29
-16
-6
-3
-7
-11
-11
-5
1
6
13
24
42
58
63
59
66
108
152
168
147
105
84
94
131
166
168
159
175
223
258
241
197
163
161
174
183
167
135
121
141
168
153
120
95
85
72
29
-24
-75
-93
-79
-80
-111
-161
-192
-198
-208
-241
-298
-344
-357
-343
-341
-364
-390
-394
-373
-364
-377
-404
-421
-406
-373
-348
-347
-355
-334
-291
-257
-242
-224
-183
-133
-88
-69
-70
-68
-32
26
66
87
97
127
170
202
220
221
246
282
321
334
317
296
281
285
282
272
265
266
278
284
276
252
237
235
222
190
143
108
91
94
97
76
32
-11
-24
-21
-19
-31
-52
-76
-75
-51
-35
-51
-103
-145
-169
-154
-115
-74
-41
-37
-33
-38
-64
-98
-103
-62
-1
73
120
130
104
88
100
99
95
100
142
195
226
225
189
170
215
314
381
375
313
263
253
261
259
218
184
195
257
304
277
213
167
155
152
138
100
51
22
10
-10
-79
-134
-140
-119
-122
-193
-272
-341
-367
-369
-409
-483
-549
-535
-464
-419
-474
-599
-699
-726
-698
-681
-699
-740
-752
-698
-630
-604
-643
-697
-694
-647
-596
-564
-552
-530
-499
-453
-403
-368
-337
-302
-240
-161
-77
1
71
123
151
196
249
312
361
380
415
466
554
636
692
730
735
752
799
855
881
865
845
831
830
815
821
816
783
763
752
767
756
724
671
590
508
439
420
396
348
281
232
211
187
151
97
22
-49
-90
-92
-83
-110
-138
-138
-122
-131
-167
-217
-268
-288
-283
-256
-236
-238
-229
-212
-196
-206
-199
-148
-123
-98
-104
-112
-116
-140
-141
-191
-254
-280
-250
-184
-159
-187
-235
-260
-290
-331
-391
-478
-549
-590
-561
-530
-584
-666
-706
-707
-712
-720
-714
-687
-670
-652
-659
-731
-857
-952
-903
-830
-833
-862
-827
-748
-762
-780
-805
-841
-852
-759
-500
-228
11
246
414
359
188
120
165
300
437
546
683
837
1074
1297
1350
1254
1123
1122
1221
1350
1400
1296
1231
1276
1356
1400
1369
1334
1314
1255
1158
1023
850
730
696
631
476
275
164
185
204
144
-24
-192
-310
-394
-400
-444
-536
-577
-532
-386
-266
-248
-265
-282
-314
-362
-402
-382
-286
-167
-26
132
252
287
300
343
422
447
464
547
610
640
624
623
604
533
517
514
506
475
407
361
308
215
95
-11
-92
-155
-192
-231
-336
-458
-590
-717
-814
-940
-1077
-1170
-1217
-1259
-1329
-1425
-1478
-1525
-1618
-1678
-1688
-1692
-1756
-1842
-1898
-1936
-1927
-1921
-1885
-1948
-2091
-2154
-2079
-1658
-941
-185
185
-16
-347
-506
-387
-93
153
233
56
166
884
1674
1853
1422
1109
1166
1405
1670
1873
1856
1506
1419
1824
2072
1963
1830
2009
2144
1868
1575
1415
1265
1146
1138
1010
506
73
174
553
611
207
-279
-563
-604
-542
-562
-810
-1189
-1276
-1033
-733
-603
-690
-745
-686
-587
-577
-669
-701
-572
-355
-184
-53
42
159
250
399
558
572
617
752
952
1077
1062
1108
1217
1332
1424
1465
1478
1458
1528
1571
1548
1456
1248
1108
1028
1013
963
819
747
652
516
318
66
-105
-346
-552
-727
-900
-1018
-1189
-1278
-1440
-1712
-1967
-2112
-2070
-2083
-2183
-2294
-2441
-2524
-2585
-2596
-2651
-2792
-2825
-2756
-2651
-2640
-2700
-2725
-2731
-2230
-1203
-354
-153
-610
-943
-907
-696
-201
112
38
-205
173
1386
2163
2003
1389
1236
1501
1707
2055
2200
2027
1697
1844
2537
2602
2254
2204
2531
2652
2198
1871
1719
1560
1532
1531
1314
657
248
536
937
870
244
-302
-527
-540
-534
-797
-1112
-1421
-1461
-1184
-973
-812
-874
-870
-758
-852
-1063
-1392
-1419
-1134
-826
-582
-451
-257
-49
109
226
242
186
175
347
590
709
728
767
961
1199
1245
1267
1227
1271
1373
1312
1260
1084
903
795
784
907
818
668
579
523
454
173
-79
-319
-562
-802
-991
-1037
-1136
-1293
-1447
-1572
-1714
-1934
-2074
-2051
-2102
-2275
-2450
-2506
-2548
-2661
-2719
-2692
-2736
-2951
-3049
-2436
-1201
-218
-7
-482
-984
-1098
-830
-267
146
16
-278
142
1513
2593
2447
1696
1346
1696
2119
2542
2846
2666
2213
2210
2857
3092
2744
2604
2959
3276
2918
2493
2341
2257
2315
2190
1621
722
116
322
819
818
183
-528
-816
-729
-629
-920
-1504
-1985
-2075
-1790
-1557
-1501
-1582
-1669
-1643
-1722
-1869
-2081
-2084
-1702
-1223
-904
-859
-865
-710
-458
-173
36
113
244
437
696
892
1001
1083
1224
1442
1668
1845
1883
2022
2224
2233
2079
1780
1586
1511
1427
1442
1392
1241
1133
1088
1041
779
302
-27
-193
-360
-572
-816
-970
-1215
-1610
-1951
-2194
-2427
-2637
-2751
-2815
-2953
-3168
-3216
-3121
-3212
-3534
-3881
-4049
-4258
-4521
-4154
-2445
-47
1675
1977
1488
1171
848
364
-312
-1084
-1863
-1984
-600
1439
2397
2046
1892
2572
2910
2415
1946
1951
1759
1429
2007
3253
3986
4093
4209
4360
3662
2197
948
156
-341
-548
-360
-190
-269
-78
628
986
177
-1272
-2151
-2222
-2046
-1938
-1587
-978
-500
82
698
907
280
-754
-1504
-2162
-2860
-3201
-2779
-1752
-741
135
908
1202
1084
827
607
298
-72
8
611
1314
1767
2070
2278
2121
1665
1193
859
549
345
497
899
1269
1495
1616
1645
1357
869
398
-123
-510
-664
-507
-276
-185
-95
20
-43
-363
-874
-1363
-1861
-2373
-2590
-2770
-2882
-2827
-2437
-1968
-1861
-1842
-1745
-1655
-2056
-2632
-2986
-3122
-3159
-3216
-3168
-3169
-1815
1264
4156
4583
2684
1094
496
-158
-1205
-1895
-2351
-2333
-612
2497
4355
3237
1537
1356
1326
285
-567
25
1070
1604
2685
4370
4739
3541
2294
1463
418
-1210
-2221
-2087
-1331
139
1534
1794
904
30
-105
-341
-1356
-2378
-2439
-1509
9
1297
1817
1604
917
544
218
-473
-1269
-1848
-1631
-1026
-626
-425
-403
-347
-62
230
360
357
500
1100
1707
1913
1821
1602
1450
1183
706
271
-78
-200
33
370
743
864
704
610
624
596
371
-1
-191
-178
-43
120
127
-33
-268
-432
-530
-720
-962
-1010
-966
-1018
-1174
-1346
-1456
-1586
-1874
-1989
-2161
-2310
-2176
-1908
-1367
-1445
-1546
-1547
-1639
-1734
-2245
-2679
-3191
-4049
-4137
-1287
3142
5945
5475
2910
1483
465
-1031
-2103
-2925
-3143
-2152
1020
4688
5189
2707
864
586
67
-1055
-1235
392
2177
3227
4737
5561
4762
3038
1089
-34
-937
-1680
-1472
-521
1135
2706
2623
1155
-636
-1822
-1773
-1507
-1490
-1263
-517
1241
2679
2706
1794
391
-669
-1132
-1106
-829
-666
-508
-13
194
-292
-1160
-2153
-2428
-1784
-712
437
1016
1544
2197
2109
1640
631
-148
-151
40
450
562
551
634
722
640
116
-416
-792
-442
339
1054
1495
1259
1015
646
331
-54
-696
-881
-621
18
640
791
589
213
-276
-848
-1416
-1905
-2184
-2020
-1661
-1484
-1466
-1578
-1660
-1450
-1387
-1432
-1485
-1816
-1891
-2210
-2200
-2826
-3356
-4474
-3940
668
4654
6570
3907
1021
-153
-1697
-2310
-3373
-3330
-3240
-914
3589
5620
4261
336
-726
-820
-1270
-1223
-562
1888
3089
4153
5508
5149
3478
618
-1035
-1189
-962
-790
-196
1152
2362
2775
1286
-1053
-3058
-3303
-1659
-277
228
524
1203
2536
2741
1808
322
-1400
-1850
-1227
-181
444
258
-188
-421
-906
-1813
-2682
-2882
-1703
137
1704
2424
2190
1701
1268
562
65
-226
233
1332
2053
2516
2056
983
56
-608
-796
-928
-739
148
1352
2438
2859
2357
1215
187
-313
-233
-115
69
498
1047
1533
1392
505
-676
-1559
-1873
-1802
-1490
-1333
-1249
-1219
-1330
-1491
-2162
-2521
-2573
-2413
-1982
-1960
-1710
-1795
-2040
-2182
-3065
-3436
-4662
-4837
-5377
-3209
2350
5691
6560
2448
-524
-2187
-3557
-3514
-3498
-2395
-1895
1251
5030
5804
3006
-1456
-1821
-1605
-607
290
1591
3880
4236
4995
5055
3780
1320
-1319
-2001
-768
865
1494
1988
2185
2175
1458
-638
-2369
-3522
-2498
-145
1367
1703
1161
931
942
860
324
-563
-1568
-1560
-300
630
931
-129
-1439
-2194
-2791
-2489
-2097
-1185
227
1605
2416
2362
1592
687
241
-185
37
298
1354
2487
2828
3002
2010
852
-337
-821
-242
324
1033
1473
2184
2484
2304
1740
624
-15
-339
192
780
1273
1581
1250
930
137
-503
-1079
-1528
-1469
-1220
-934
-849
-1252
-1773
-1982
-2351
-2347
-2514
-2304
-2145
-2499
-2021
-1876
-2031
-2648
-3359
-3323
-3643
-4403
-5560
-5558
-1174
4811
7985
5903
829
-2199
-3165
-2642
-2430
-2105
-2670
-968
3594
6271
4928
-493
-2900
-1952
-362
1180
2130
3691
4577
4834
5069
4141
1816
-813
-1838
-918
1677
2918
2596
1777
791
612
-543
-2180
-3376
-3040
-528
2206
2659
1241
-318
-891
-392
-309
-578
-1136
-1526
-383
966
1375
138
-2209
-3623
-3764
-3113
-2239
-1605
-780
711
2008
2436
1758
150
-512
-404
225
923
1220
1851
1869
1704
1411
859
256
-16
415
1144
1673
1522
1365
1310
1585
1912
1599
1165
702
1014
1552
1802
1745
1169
612
345
379
333
17
-503
-751
-624
-619
-912
-1369
-1744
-1705
-1593
-1467
-1699
-1771
-1752
-1893
-1889
-2207
-2449
-2898
-3057
-3027
-3270
-4427
-5540
-6070
-2537
3584
7222
6455
1142
-2289
-2943
-2218
-1446
-1641
-2702
-1919
1948
5142
4302
-780
-3524
-1977
166
1951
2427
3395
4138
3925
3848
2935
1225
-254
-642
175
2433
3308
2478
674
-1004
-965
-1053
-1447
-1869
-1951
-409
1909
2379
735
-1506
-2507
-1558
-631
-26
-147
-1103
-872
-451
-315
-732
-2115
-2711
-2803
-2667
-1858
-1538
-1277
-590
16
709
950
711
656
374
401
740
1131
1588
1182
559
584
894
958
815
584
1096
1505
1517
1695
1697
1952
2198
2239
2046
1575
1256
1197
1344
1609
1623
1288
1065
1028
944
575
-117
-397
-525
-659
-663
-804
-795
-919
-1103
-1145
-1200
-1209
-1571
-2180
-2799
-3017
-3006
-2720
-2450
-2334
-2697
-3310
-4063
-4762
-5526
-4328
892
5839
7030
3625
-639
-2001
-1839
-1298
-1057
-2156
-2849
-450
3435
4837
1468
-2720
-2630
-376
2148
3258
3529
3510
3225
3173
3550
3087
1940
1324
937
2031
2891
2214
783
-860
-1350
-746
-192
121
-334
-797
260
1228
577
-981
-2481
-1981
-559
524
691
-863
-2106
-1953
-1338
-779
-969
-1573
-1576
-1992
-1903
-1804
-2216
-1787
-1203
-359
385
562
399
201
146
662
1183
1348
1209
765
768
964
1002
777
721
1137
1634
1848
2066
2336
1972
1731
1701
1694
1609
1323
1438
1703
1769
1592
1255
865
714
471
207
5
-173
-99
-231
-384
-783
-1236
-1640
-1876
-2317
-2604
-2515
-2627
-2616
-3180
-3403
-3053
-2799
-2338
-2564
-3023
-3628
-4414
-5241
-5301
-4946
-2372
2745
6428
6566
2287
-2300
-4024
-3331
-1404
-41
-656
-919
1115
3843
3925
-147
-3389
-2428
857
4324
5518
5102
3939
3122
3302
3899
3358
2571
1964
1746
2651
3070
2335
493
-1229
-1379
-132
1021
1428
464
-662
-419
-45
-107
-982
-1737
-1304
-493
285
160
-1281
-2373
-2285
-1352
-273
-213
-1023
-1947
-2376
-1967
-1610
-1667
-1797
-1514
-836
69
508
312
25
142
1003
1743
1818
1129
79
-201
584
1335
1535
1326
1384
1966
2343
2338
1580
687
637
1339
2169
2226
1797
1399
1130
1128
1162
636
6
-126
260
651
453
72
-429
-985
-1212
-1183
-1546
-2292
-2860
-2821
-2479
-2472
-2943
-3783
-4047
-3227
-2430
-2091
-2831
-3817
-4102
-3881
-3923
-4124
-4636
-3475
1523
6123
6920
2710
-2861
-4509
-2730
-5
1673
424
-1399
-467
2258
3656
683
-2885
-2315
1141
4758
6028
5067
3373
2154
2204
3772
4562
4252
3212
1740
1525
1860
1376
185
-1313
-1642
-184
1166
1637
213
-2144
-2636
-1735
-700
-434
-1070
-1166
-874
-487
-186
-1126
-2348
-2481
-1767
-447
305
-35
-1055
-2698
-3495
-2897
-1896
-902
-531
-707
-608
-137
679
1104
847
1086
1821
2580
2523
1329
165
68
1149
2553
3415
3395
2855
2097
1571
1394
1213
1248
1788
2692
3286
2909
1945
1006
340
376
841
1294
1421
839
181
-154
-317
-483
-1079
-1748
-2012
-1910
-1801
-2063
-2788
-3502
-3784
-3573
-3397
-3381
-3353
-2870
-2518
-2523
-3034
-3938
-4629
-4587
-4221
-3639
-3848
-2688
1959
5826
5931
1426
-3348
-3990
-1577
1479
3089
1065
-1554
-1005
2059
3548
693
-2453
-1343
2408
5600
6393
4702
2369
1218
1853
4063
5005
4446
2964
778
83
665
979
854
-240
-972
-384
229
524
-1031
-3259
-3063
-1204
488
624
-789
-1832
-2051
-1539
-633
-1038
-1457
-1006
-267
531
345
-782
-2264
-3714
-3425
-1897
-621
142
27
-467
-425
127
1089
1608
1449
1479
1652
1869
1856
1266
913
1477
2554
3577
3558
2626
1558
802
1064
1688
1985
2239
2436
2318
1760
1070
790
606
594
1050
1300
1255
777
169
-255
-631
-761
-913
-1467
-1949
-1919
-1848
-2044
-2696
-3499
-3829
-3870
-3606
-3295
-3164
-3019
-2759
-2883
-3220
-3433
-3640
-3899
-3961
-4364
-4198
-3953
-1921
3078
6310
5440
786
-3422
-3441
-690
2174
3443
936
-1767
-930
1979
3074
227
-2219
-301
3524
5888
5701
2968
684
621
2522
5399
5883
4450
2268
-192
-492
774
1518
1355
-273
-1421
-1070
-563
-294
-1704
-3409
-2693
-875
296
-10
-1629
-2627
-2497
-1297
449
484
-361
-708
-797
-420
-521
-1387
-2262
-2956
-2126
-602
-89
-148
-678
-1160
-667
420
1638
2054
1520
1314
1501
1793
1965
1610
1538
2241
3218
3911
3432
2188
1143
699
1319
2105
2191
1979
1701
1527
1267
954
898
842
907
1038
947
777
494
112
-314
-697
-766
-827
-1233
-1794
-2175
-2400
-2531
-2606
-2931
-3176
-3417
-3502
-3485
-3522
-3028
-2755
-2537
-2701
-3250
-3585
-3858
-3699
-3562
-3748
-4264
-1739
3543
7207
5631
-366
-4593
-3708
290
3999
4592
696
-2706
-1754
2414
3923
831
-1493
274
3676
5222
4359
2123
760
1269
3907
6222
5886
3850
1086
-922
-574
1473
2975
2362
-156
-1828
-2006
-1023
-342
-1606
-3081
-2686
-1020
-105
-857
-2140
-2465
-1925
-525
534
-171
-1366
-1855
-1432
-405
169
26
-1193
-2930
-2929
-1730
-641
-160
-676
-1395
-1214
-36
1581
1971
1292
1053
1403
2106
2517
2377
2270
2664
3271
3619
3185
2327
1378
709
952
1610
2232
2490
2125
1337
538
422
1036
1362
1264
1149
1008
963
693
160
-465
-882
-780
-805
-1409
-1982
-2217
-2471
-2474
-2746
-3250
-3737
-4344
-4374
-4326
-4020
-3244
-2664
-2557
-3125
-3742
-4192
-4145
-4138
-3756
-3730
-1552
3098
5969
4561
-826
-4669
-3437
885
4330
4585
420
-3219
-2426
1535
3835
1419
-1149
-25
2962
4633
4308
2554
1564
1834
3718
5970
5773
4062
1704
-51
427
2599
4012
3077
-328
-2824
-2940
-1471
272
-133
-1908
-2621
-1829
-747
-685
-1439
-1556
-1201
-401
377
-108
-988
-1312
-1036
-303
90
-66
-998
-2742
-3150
-2218
-1020
-127
-286
-1155
-1656
-1036
784
2038
1641
1106
1064
1531
2050
1958
1797
2113
2778
3602
3466
2271
939
135
660
1804
2536
2512
1736
861
291
103
422
894
1196
1336
1218
974
601
-63
-621
-891
-791
-657
-926
-1499
-1955
-2149
-2174
-2321
-2973
-3621
-4051
-4186
-3977
-3351
-2641
-2373
-2723
-3355
-3528
-3521
-3558
-3547
-3912
-3805
-3298
-500
3737
5291
2470
-2406
-4256
-1314
3033
4863
3449
-1129
-4009
-1988
2532
4398
1649
-920
606
3350
4218
3375
1730
1340
2348
4576
6410
5341
2973
962
230
1334
3182
3501
1596
-1734
-3230
-2018
23
999
-424
-2561
-2970
-1784
-654
-598
-1433
-1728
-1265
-481
100
-673
-1647
-1736
-1082
-126
431
-6
-1472
-3088
-3161
-1750
-375
220
-347
-1348
-1646
-638
1176
1927
1385
962
1119
1615
2014
1924
1954
2437
3251
3804
3123
1801
974
1079
2045
2929
3032
2250
924
46
-37
578
1553
2168
1981
1287
736
642
578
295
-7
-125
-24
-80
-517
-1379
-2155
-2343
-2255
-2558
-3158
-3846
-4250
-4098
-3608
-2961
-2604
-3027
-3667
-4090
-4030
-3197
-2718
-2564
-3145
-3746
-4201
-2466
2050
5248
3639
-1543
-4442
-2216
2449
4794
3699
-754
-4307
-2492
2750
5376
2564
-769
68
3095
4164
3591
2385
1934
2825
4651
6336
5328
3007
1155
563
1379
3227
3874
2079
-1291
-3055
-1772
537
1469
-48
-2399
-3144
-1931
-715
-668
-1488
-1838
-1409
-776
-430
-1135
-2039
-1914
-1032
-290
-350
-1307
-2548
-3347
-2639
-1194
-625
-1014
-1623
-1899
-1278
19
1315
1584
727
352
724
1252
1722
1943
2193
2526
2821
2944
2588
2016
1795
1869
2309
2705
2519
1902
1188
852
1002
1448
2035
2297
1864
1149
670
667
828
810
670
305
-178
-703
-1167
-1525
-1798
-2072
-2235
-2665
-3192
-3646
-3939
-3952
-3458
-2849
-2609
-3049
-3766
-4021
-3710
-3152
-2638
-2731
-3316
-3953
-4064
-4020
-3194
219
3383
3182
-721
-3991
-2790
1188
3818
3670
789
-2751
-2387
1698
5235
4111
574
32
2217
3356
2915
2457
2769
3713
4107
4646
3981
2689
1989
1773
1907
2654
3324
2571
136
-1744
-910
824
1214
-187
-1997
-2685
-2204
-1459
-961
-1006
-1202
-1268
-1465
-1796
-2278
-2308
-1628
-1089
-984
-1052
-1328
-1669
-2389
-2542
-2031
-1642
-1292
-997
-908
-824
-528
36
440
209
123
402
880
1638
2379
2769
2934
2860
2788
2733
2592
2842
2906
2721
2626
2522
2304
1727
1075
1044
1521
2274
2664
2210
1385
894
999
1294
1203
637
-204
-878
-1092
-931
-938
-1414
-2106
-2790
-3330
-3644
-3722
-3637
-3404
-3196
-3200
-3395
-3819
-4014
-3843
-3454
-2942
-2689
-2759
-3286
-3687
-4058
-4008
-4214
-3294
425
3786
3367
-1044
-4277
-2376
2315
5104
4788
1484
-2342
-1836
2934
7205
5643
974
-248
2067
3688
4102
4361
4282
3616
2822
3898
4391
3724
2881
2435
2255
2709
3294
2462
-63
-1941
-929
840
1119
-466
-2328
-3041
-2273
-790
-32
-793
-2312
-3334
-3375
-2478
-1642
-1259
-1462
-2125
-2417
-2218
-1974
-2004
-2502
-2451
-1828
-1476
-1264
-1020
-953
-907
-780
-186
495
494
372
562
1311
2481
3257
3067
2411
2211
2786
3600
3739
3313
2333
1629
1867
2622
3102
2812
2215
2039
2277
2575
2609
1885
1066
670
821
1126
919
224
-532
-1065
-1092
-881
-1278
-2262
-3288
-3628
-3182
-2609
-2512
-3139
-4117
-4680
-4558
-3752
-3294
-3307
-3500
-3613
-3267
-3147
-3313
-3736
-3900
-3900
-3557
-3296
-3036
-3064
-2305
343
2355
1942
-429
-1594
183
2882
3963
3354
972
-964
580
4073
6027
3807
864
1134
3040
3795
3649
3601
3595
3166
2979
4039
4306
3351
2061
1208
1079
1593
2174
1630
-359
-1755
-1052
101
198
-779
-1735
-2138
-2355
-2113
-1823
-1952
-2163
-2202
-2331
-2734
-3226
-3052
-2738
-2579
-1759
-923
-783
-1674
-2677
-2485
-1757
-833
142
345
-468
-1074
-654
670
1525
1619
1860
2104
2474
3020
3319
3458
3517
3399
3321
2922
2659
2924
3228
3611
3867
3592
2870
2165
1994
2207
2296
2142
1737
1162
796
765
796
471
-222
-860
-1323
-1663
-1845
-1884
-1986
-2248
-2547
-2946
-3464
-3885
-3895
-3486
-3139
-3233
-3584
-3891
-4094
-3897
-3596
-3265
-3197
-3539
-3610
-3491
-3166
-2642
-2304
-2633
-3141
-3523
-2733
668
3761
3817
449
-2484
-896
3226
5619
4841
1989
-1017
-775
2798
6609
5976
1832
-1
1922
3985
4125
3730
3284
2616
1754
2680
3765
2858
1085
274
759
1440
1948
1407
-472
-2352
-1665
518
1053
-735
-2756
-3184
-2566
-1805
-1527
-2059
-3116
-3597
-3135
-2524
-2434
-2481
-2176
-2170
-2198
-1581
-903
-950
-1685
-1516
-352
168
-252
-807
-864
-106
1409
2949
3139
1795
797
1060
2249
3515
4069
3700
2827
2445
3028
3980
4209
3896
3165
2542
2705
3263
3610
3215
2318
1639
1395
1413
1426
941
244
-117
-151
-257
-805
-1576
-1886
-1716
-1468
-1563
-2283
-3068
-3338
-3032
-2466
-2323
-2870
-3663
-4275
-4301
-3816
-3187
-3024
-3478
-4100
-4113
-3242
-2707
-2825
-2948
-2579
-2073
-1913
-2359
-2588
-2406
-1817
-1200
131
2216
3354
2041
-684
-951
1666
4635
5019
3293
929
-214
1782
5468
6646
3449
-92
388
3091
3799
2715
1923
1637
1241
1258
2393
2437
1137
-3
202
896
1388
1315
200
-1551
-2036
-415
728
-508
-2715
-3652
-3057
-2173
-1658
-1738
-2688
-3740
-3724
-2839
-2139
-2230
-2288
-2010
-1744
-1193
-709
-715
-1054
-973
138
1027
920
463
412
764
1468
2139
2355
1837
1368
1785
2719
3387
3402
3041
2699
2963
3688
4173
3756
2957
2713
2887
3159
3304
3138
2579
1707
1063
984
1129
1130
757
157
-393
-722
-832
-889
-985
-1189
-1557
-1933
-2085
-2001
-2029
-2376
-2837
-3001
-2888
-2987
-3372
-3801
-3892
-3574
-3237
-3005
-3213
-3479
-3413
-2942
-2240
-1904
-1999
-2263
-2271
-2014
-1535
-1402
-1440
-1665
-1735
-1433
-480
1735
3331
2821
650
-147
1753
4311
4812
3264
1354
178
1414
4101
5405
3086
-397
-654
1835
3159
2338
1526
1289
1019
522
1355
2207
1534
175
-214
482
900
671
-200
-1316
-1932
-1078
-66
-728
-2517
-3510
-2809
-1918
-1814
-2189
-2694
-3155
-2935
-2187
-1693
-2030
-2407
-1760
-849
-368
-201
44
152
-75
48
602
989
1015
1150
1388
1489
1306
1517
2191
2565
2579
2480
2492
2616
2704
3082
3534
3391
2869
2482
2567
2848
2868
2685
2314
1826
1462
1233
1147
977
637
205
-161
-376
-377
-527
-916
-1176
-1256
-1365
-1584
-1771
-1796
-1886
-2231
-2635
-2934
-3026
-2916
-2837
-2817
-2928
-3039
-3042
-2981
-2679
-2454
-2407
-2500
-2528
-2336
-2115
-1752
-1277
-1111
-1244
-1560
-1709
-1405
-951
-653
-610
-780
-624
787
2738
3554
2495
500
195
1880
3633
4026
2770
906
121
1288
3643
4341
2196
-32
50
1601
2154
1595
1222
1219
809
666
1131
1166
442
-111
333
849
543
-187
-941
-1609
-1604
-827
-218
-932
-2313
-2955
-2659
-2060
-1709
-1680
-1974
-2326
-2276
-1671
-1177
-910
-644
-367
-195
-321
-379
-250
137
834
1430
1351
789
620
1260
2062
2131
1932
1945
2013
2061
2089
2578
3042
3076
2845
2658
2694
2715
2775
2778
2705
2328
1877
1641
1537
1462
1217
844
366
-149
-368
-139
-66
-415
-971
-1427
-1445
-1395
-1325
-1409
-1740
-2031
-1998
-1830
-1911
-2305
-2688
-2813
-2864
-2841
-2834
-2934
-3019
-2809
-2451
-2337
-2698
-2958
-2764
-2371
-1961
-1659
-1297
-1042
-939
-870
-688
-488
-473
-417
-401
-346
-391
-494
-390
359
1832
2764
2268
710
239
1475
2879
3249
2356
1140
295
737
2393
3411
2211
243
-135
933
1533
1057
714
616
384
164
497
549
-168
-687
-334
278
27
-714
-1264
-1477
-1375
-847
-349
-666
-1522
-1904
-1469
-926
-854
-1149
-1439
-1619
-1463
-1024
-685
-581
-583
-211
216
346
325
308
540
866
1243
1525
1520
1364
1402
1843
2313
2329
2074
2005
2207
2485
2466
2395
2272
2096
2101
2221
2294
1942
1442
1063
1134
1429
1540
1214
429
-178
-246
60
171
-141
-596
-878
-956
-871
-769
-851
-1156
-1554
-1775
-1846
-1823
-1732
-1840
-2103
-2350
-2385
-2385
-2613
-2809
-2607
-2222
-2179
-2189
-2022
-1649
-1518
-1673
-1683
-1375
-773
-354
-375
-952
-1219
-739
-28
205
-124
-406
-423
-261
-126
55
-40
-164
413
1748
2617
2063
905
599
1500
2332
2567
2113
1144
450
928
2209
2455
1043
-472
-309
597
814
347
-278
-695
-891
-417
513
638
-280
-1003
-694
268
887
691
81
-609
-843
-419
-26
-169
-741
-1113
-997
-920
-1131
-1277
-1209
-998
-771
-636
-568
-629
-542
-42
662
1087
1156
1037
1012
1206
1596
2089
2165
1830
1426
1380
1532
1596
1622
1624
1658
1509
1395
1353
1359
1462
1687
1861
1691
1243
854
969
1274
1507
1437
1004
572
282
145
-2
-310
-626
-773
-900
-960
-1166
-1441
-1656
-1804
-1775
-1758
-1891
-2085
-2068
-1781
-1365
-1248
-1433
-1711
-1827
-1591
-1294
-1144
-1413
-1884
-2154
-1984
-1490
-1090
-980
-1107
-1187
-1147
-946
-697
-584
-590
-675
-602
-379
-210
-121
-259
-582
-869
-830
-65
1053
1759
1528
680
233
484
1123
1472
1428
1189
736
616
928
1095
577
-265
-341
326
657
332
-122
-287
-201
95
688
1113
947
422
125
248
518
766
822
659
329
67
-124
-452
-748
-736
-411
-221
-542
-1000
-1223
-1065
-698
-334
12
113
-11
-84
21
369
669
723
617
457
500
752
956
1026
909
713
595
628
791
956
941
858
973
1278
1573
1605
1457
1473
1655
1790
1614
1255
1057
1096
1244
1174
724
178
-247
-279
-94
-111
-351
-694
-872
-684
-281
-16
-108
-536
-976
-1135
-967
-614
-401
-602
-1088
-1546
-1737
-1628
-1448
-1343
-1405
-1654
-1928
-2141
-2170
-2025
-1742
-1433
-1326
-1433
-1642
-1628
-1305
-855
-520
-534
-788
-1067
-1047
-748
-513
-542
-843
-1073
-1062
-956
-771
-471
-44
293
301
230
261
451
677
799
893
908
964
1123
1191
1012
671
474
528
627
627
689
804
828
779
790
979
1058
926
829
886
1036
1136
1083
904
617
383
339
380
448
404
182
-188
-500
-486
-369
-359
-410
-415
-386
-450
-532
-497
-306
-38
226
332
168
-31
-7
267
565
641
550
399
451
783
1113
1194
956
752
875
1273
1599
1525
1141
819
805
1023
1247
1283
1110
848
770
967
1215
1200
900
626
585
686
826
852
707
433
179
163
220
88
-224
-514
-674
-757
-838
-1000
-1257
-1432
-1475
-1463
-1594
-1889
-2060
-1954
-1723
-1635
-1743
-1849
-1819
-1670
-1504
-1406
-1420
-1545
-1673
-1650
-1507
-1349
-1293
-1263
-1265
-1343
-1406
-1409
-1281
-1127
-991
-853
-758
-618
-343
68
534
893
1021
884
655
646
923
1220
1254
1127
1027
962
875
734
707
807
970
1117
1131
1083
1105
1282
1504
1490
1278
1081
988
979
977
1023
1018
740
320
2
-85
-44
-68
-184
-375
-564
-626
-572
-501
-483
-633
-855
-1023
-1041
-837
-590
-460
-501
-642
-743
-621
-289
52
179
3
-195
-133
144
483
738
848
785
705
852
1186
1434
1462
1393
1400
1481
1578
1729
1747
1615
1370
1193
1221
1238
1276
1242
1092
966
808
663
510
389
386
374
231
-114
-499
-725
-727
-562
-549
-802
-1230
-1564
-1582
-1451
-1361
-1553
-1941
-2212
-2168
-1956
-1905
-2128
-2476
-2644
-2589
-2310
-2044
-1984
-2122
-2213
-2043
-1680
-1315
-1160
-1166
-1218
-1126
-863
-604
-486
-471
-373
-285
-267
-371
-473
-317
42
525
833
862
781
689
865
1244
1575
1630
1450
1353
1420
1570
1634
1547
1258
889
749
888
1060
981
691
490
464
493
466
425
356
341
418
494
384
131
-22
6
62
-68
-237
-434
-543
-525
-412
-266
-298
-454
-644
-743
-791
-800
-698
-622
-522
-428
-287
-149
-62
1
103
312
529
712
808
865
925
1014
1091
1160
1163
1117
1214
1319
1408
1407
1377
1360
1277
1172
1099
1151
1177
1107
911
685
559
525
574
572
393
173
-11
-123
-195
-270
-295
-302
-322
-419
-615
-835
-1054
-1187
-1165
-1137
-1170
-1329
-1590
-1767
-1815
-1735
-1644
-1709
-1871
-1952
-1866
-1601
-1320
-1207
-1218
-1258
-1183
-1016
-853
-706
-633
-565
-502
-426
-357
-322
-276
-214
-117
-129
-146
-142
-89
43
237
486
713
908
1087
1283
1315
1205
1059
994
999
970
948
970
996
949
746
503
288
229
347
473
568
539
538
550
547
573
649
741
684
509
405
478
523
402
213
72
-14
-97
-149
-151
-142
-107
-39
-17
-51
-92
-72
-27
-92
-169
-206
-222
-161
-52
95
239
277
267
262
217
225
356
546
703
727
704
660
619
543
461
415
398
421
488
566
602
557
454
366
313
357
412
390
302
168
82
50
34
-89
-353
-544
-577
-451
-379
-462
-605
-766
-856
-882
-838
-851
-902
-858
-747
-699
-788
-934
-1007
-998
-1026
-1048
-1056
-1054
-1053
-1068
-1053
-987
-896
-812
-670
-494
-374
-345
-386
-404
-315
-118
54
52
-79
-187
-180
-112
-102
-199
-311
-346
-262
-78
114
268
345
346
323
374
499
591
561
480
533
616
607
493
369
372
375
330
321
299
208
105
130
350
597
676
633
552
525
552
654
802
825
742
642
568
461
318
282
306
238
43
-73
-31
45
-1
-102
-119
-104
-71
-46
22
68
-18
-124
-124
-92
-136
-239
-296
-263
-243
-191
-105
-107
-131
-102
37
149
93
10
70
242
380
359
205
72
62
195
316
291
165
24
2
103
168
182
187
228
244
218
194
182
159
147
210
258
192
34
-108
-120
-96
-124
-160
-203
-219
-226
-276
-387
-522
-635
-665
-623
-546
-500
-514
-584
-637
-607
-554
-555
-569
-529
-429
-361
-420
-541
-655
-659
-582
-535
-550
-625
-682
-688
-649
-602
-613
-643
-582
-395
-172
-13
31
-39
-110
-54
95
181
216
215
258
354
408
440
362
344
485
686
882
908
851
822
889
1096
1324
1416
1342
1189
1057
1012
1014
1046
1080
1073
1001
840
643
498
434
422
371
215
13
-155
-213
-183
-198
-306
-538
-797
-895
-901
-843
-835
-911
-976
-1033
-997
-896
-810
-780
-787
-775
-705
-591
-499
-440
-408
-384
-393
-382
-292
-98
168
297
245
110
45
159
394
620
721
699
661
626
660
725
785
865
890
915
960
997
1034
1036
1040
1047
952
778
584
463
406
347
227
33
-130
-187
-222
-322
-530
-757
-869
-910
-924
-989
-1073
-1104
-1141
-1218
-1274
-1299
-1303
-1277
-1223
-1175
-1137
-1203
-1268
-1282
-1258
-1206
-1207
-1202
-1212
-1165
-1049
-938
-878
-878
-872
-707
-414
-119
141
232
290
329
449
684
835
958
975
1026
1129
1209
1311
1271
1163
1091
1122
1263
1357
1341
1277
1232
1300
1384
1402
1317
1118
892
773
808
904
842
548
238
31
-59
-163
-278
-421
-605
-798
-952
-1008
-1035
-1073
-1186
-1279
-1355
-1421
-1429
-1484
-1523
-1557
-1544
-1422
-1260
-1148
-1082
-1047
-930
-715
-485
-278
-132
-24
32
158
291
430
562
667
820
953
1057
1113
1167
1204
1219
1283
1375
1464
1528
1585
1595
1605
1645
1594
1556
1544
1569
1561
1438
1295
1123
1000
900
746
541
247
20
-126
-286
-468
-680
-818
-929
-1021
-1057
-1109
-1179
-1308
-1426
-1497
-1528
-1508
-1493
-1494
-1550
-1624
-1703
-1727
-1637
-1548
-1479
-1464
-1428
-1320
-1174
-1037
-912
-776
-651
-528
-402
-308
-262
-241
-204
-102
127
408
638
769
806
827
880
990
1067
1160
1199
1234
1289
1281
1330
1312
1219
1083
942
895
802
748
752
743
718
608
455
289
189
155
151
94
-52
-203
-327
-423
-499
-634
-777
-897
-961
-929
-922
-1003
-1167
-1338
-1392
-1341
-1258
-1221
-1238
-1204
-1143
-1035
-951
-863
-721
-591
-456
-324
-160
65
279
459
584
696
789
851
958
1074
1184
1243
1294
1374
1481
1526
1497
1476
1449
1486
1539
1568
1582
1588
1623
1610
1528
1387
1209
1072
982
932
911
787
569
338
194
156
40
-179
-404
-517
-550
-600
-728
-886
-986
-1004
-1037
-1106
-1191
-1227
-1225
-1252
-1247
-1272
-1282
-1300
-1290
-1243
-1208
-1153
-1100
-1059
-965
-874
-743
-597
-482
-362
-287
-175
-88
7
85
107
68
6
-12
-42
-15
82
266
488
579
595
543
505
569
675
752
697
635
656
751
776
620
380
166
-28
-106
-79
-88
-177
-301
-251
-160
-174
-269
-316
-322
-359
-381
-380
-365
-387
-379
-354
-433
-592
-700
-662
-589
-597
-665
-722
-733
-693
-583
-469
-429
-470
-424
-290
-128
-44
-17
89
190
301
380
449
530
623
753
871
952
965
950
966
994
993
990
1016
1082
1156
1212
1200
1172
1138
1141
1136
1012
912
804
791
782
702
599
371
202
113
69
76
10
-92
-144
-173
-149
-145
-198
-298
-377
-353
-344
-396
-546
-710
-800
-836
-824
-822
-837
-843
-786
-690
-614
-617
-607
-536
-425
-337
-276
-217
-195
-147
-84
23
67
-5
-121
-217
-216
-143
-27
33
-16
-123
-205
-234
-257
-251
-168
-21
112
161
152
97
3
-53
-30
4
-59
-185
-248
-214
-182
-250
-405
-549
-647
-618
-445
-319
-387
-496
-447
-258
-124
-132
-122
-148
-231
-291
-287
-253
-284
-292
-245
-244
-328
-328
-181
-48
-55
-125
-130
-73
10
88
102
-10
-113
-67
111
230
179
81
37
114
194
294
383
437
500
568
704
804
851
808
721
647
607
612
659
739
751
668
588
582
574
612
647
630
572
501
548
617
649
600
521
505
462
417
383
329
322
287
260
258
233
255
240
248
234
174
158
119
91
30
-52
-95
-120
-112
-126
-161
-222
-296
-303
-265
-261
-309
-412
-464
-401
-319
-282
-341
-414
-441
-410
-392
-468
-550
-579
-535
-492
-503
-542
-565
-611
-648
-675
-717
-727
-765
-811
-779
-687
-586
-513
-496
-496
-467
-432
-379
-324
-341
-365
-326
-230
-161
-183
-217
-253
-283
-309
-264
-158
-68
-30
22
125
171
213
258
332
390
391
373
345
308
266
258
227
152
82
60
30
-27
-76
-106
-129
-187
-214
-196
-192
-181
-180
-159
-131
-130
-92
-60
-46
-53
-26
45
93
117
145
184
215
240
220
197
162
150
170
214
314
406
467
495
537
644
768
865
891
839
818
863
929
964
906
826
755
731
745
718
659
565
475
458
435
438
439
401
423
383
307
190
129
135
77
0
-123
-259
-343
-360
-348
-361
-455
-572
-647
-660
-628
-647
-704
-793
-847
-866
-858
-818
-804
-790
-803
-819
-832
-837
-843
-857
-835
-803
-753
-711
-697
-699
-711
-687
-632
-565
-528
-541
-548
-507
-368
-214
-141
-160
-220
-217
-175
-120
-44
-5
-6
-5
29
103
156
180
189
212
241
221
210
216
223
239
234
248
229
199
196
192
154
58
-21
-76
-104
-104
-93
-102
-131
-162
-177
-166
-160
-187
-191
-163
-139
-147
-160
-176
-177
-166
-159
-131
-126
-125
-72
23
109
163
202
271
352
444
539
611
661
686
708
746
770
823
887
954
984
974
915
818
740
686
718
719
691
647
619
635
633
633
582
491
434
409
439
455
405
346
253
190
117
33
-30
-125
-202
-271
-324
-366
-412
-449
-499
-536
-564
-557
-540
-549
-577
-615
-658
-652
-633
-608
-594
-593
-568
-522
-451
-409
-381
-348
-305
-264
-227
-202
-174
-130
-109
-125
-126
-153
-140
-30
125
230
221
175
174
225
285
329
326
279
250
315
397
406
324
182
88
48
30
49
-10
-74
-111
-82
-26
-53
-96
-105
-103
-121
-176
-198
-164
-137
-122
-172
-261
-330
-332
-283
-280
-342
-383
-377
-316
-300
-308
-327
-294
-198
-123
-47
-35
-41
-23
60
172
232
224
230
298
418
527
596
622
626
644
684
716
725
727
737
756
753
713
703
718
700
650
575
503
470
448
447
425
364
295
246
230
181
135
67
11
-37
-137
-236
-306
-321
-292
-258
-289
-346
-390
-403
-391
-360
-352
-369
-381
-383
-352
-338
-301
-235
-175
-99
-57
-16
3
4
20
13
18
38
75
138
188
194
185
162
130
114
89
71
24
-21
-53
-111
-151
-223
-293
-335
-386
-434
-513
-611
-699
-756
-789
-832
-870
-929
-989
-1048
-1101
-1135
-1185
-1241
-1282
-1306
-1283
-1247
-1239
-1225
-1232
-1198
-1129
-1068
-992
-934
-865
-818
-747
-644
-529
-412
-323
-215
-101
29
176
323
400
471
558
649
745
823
894
978
1055
1126
1186
1247
1297
1331
1352
1343
1333
1318
1309
1319
1315
1290
1236
1173
1128
1105
1062
1006
920
829
731
645
554
435
332
234
156
65
-38
-142
-246
-297
-334
-379
-438
-502
-564
-599
-613
-636
-660
-711
-742
-761
-787
-787
-794
-779
-759
-730
-681
-620
-567
-538
-506
-458
-396
-332
-271
-206
-141
-68
-13
52
109
195
306
455
621
712
761
779
828
909
983
1016
991
995
1053
1152
1206
1155
1076
984
917
903
909
909
852
786
754
738
676
580
472
389
283
159
56
-72
-154
-237
-317
-431
-591
-708
-794
-854
-946
-1043
-1143
-1247
-1328
-1380
-1415
-1435
-1472
-1522
-1566
-1582
-1550
-1499
-1429
-1369
-1343
-1325
-1272
-1180
-1045
-932
-809
-716
-606
-464
-356
-255
-186
-101
11
122
223
314
414
540
653
744
826
914
980
1051
1119
1204
1268
1295
1262
1216
1211
1226
1251
1228
1162
1049
930
866
813
771
679
566
472
400
342
255
161
77
-19
-114
-197
-278
-348
-411
-458
-488
-491
-544
-609
-662
-665
-637
-590
-556
-547
-528
-506
-422
-352
-314
-276
-237
-203
-140
-64
54
157
217
263
302
374
450
530
592
660
730
766
803
802
780
787
804
811
771
739
698
649
629
592
534
447
323
209
125
46
-9
-103
-198
-273
-371
-465
-555
-622
-675
-730
-800
-875
-940
-1007
-1047
-1071
-1106
-1139
-1188
-1220
-1241
-1258
-1248
-1225
-1193
-1159
-1126
-1102
-1056
-985
-905
-813
-757
-706
-629
-530
-424
-327
-229
-146
-51
39
149
261
375
475
573
678
743
816
877
961
1039
1085
1110
1111
1115
1120
1148
1187
1193
1180
1144
1144
1148
1132
1104
1030
966
900
844
764
657
536
399
287
163
87
-12
-118
-209
-316
-393
-475
-548
-642
-711
-749
-762
-772
-787
-800
-847
-857
-851
-843
-838
-825
-803
-807
-773
-741
-685
-626
-585
-522
-472
-381
-298
-203
-96
-11
99
187
266
356
447
523
586
628
663
718
770
816
860
919
936
909
916
940
958
942
920
880
817
769
707
655
574
492
427
354
299
205
135
57
-41
-143
-239
-312
-377
-445
-531
-610
-694
-753
-818
-846
-863
-901
-932
-986
-1027
-1043
-1020
-986
-958
-956
-946
-915
-882
-829
-777
-741
-698
-653
-570
-464
-363
-281
-247
-178
-118
-34
47
107
204
265
321
336
371
406
468
537
553
591
601
629
653
670
673
677
664
648
663
643
618
566
520
496
473
448
377
303
209
129
65
-19
-84
-142
-172
-202
-236
-267
-293
-306
-317
-320
-314
-297
-295
-282
-258
-210
-153
-131
-85
-48
18
80
103
118
111
131
165
217
250
284
332
359
389
438
495
552
581
615
638
654
672
690
695
661
647
612
565
509
462
417
359
292
200
133
52
5
-41
-87
-139
-224
-342
-454
-519
-587
-622
-687
-775
-868
-929
-987
-1032
-1036
-1063
-1071
-1098
-1111
-1083
-1049
-1019
-980
-946
-914
-858
-782
-698
-616
-536
-482
-427
-367
-294
-191
-90
-3
82
162
242
328
423
568
725
852
918
945
955
968
1017
1052
1067
1080
1095
1125
1135
1091
1000
896
804
760
731
692
630
535
459
376
292
185
70
-30
-129
-216
-305
-420
-546
-651
-744
-843
-948
-1019
-1055
-1077
-1110
-1163
-1203
-1227
-1227
-1238
-1217
-1175
-1143
-1064
-993
-892
-799
-710
-616
-532
-445
-357
-250
-132
-33
66
179
274
385
502
611
721
816
901
1001
1099
1160
1213
1260
1284
1293
1288
1277
1300
1330
1331
1309
1253
1192
1122
1079
1022
963
875
784
712
644
561
434
310
194
82
7
-91
-216
-332
-452
-552
-646
-730
-799
-867
-959
-1035
-1084
-1100
-1091
-1073
-1076
-1094
-1118
-1123
-1094
-1053
-1015
-1004
-972
-956
-912
-837
-772
-696
-626
-555
-457
-345
-264
-185
-110
-38
31
72
105
144
217
300
347
391
449
488
552
599
644
695
742
797
824
833
819
806
763
728
698
658
639
605
561
504
452
416
387
353
290
241
217
196
184
176
144
91
41
-22
-63
-102
-168
-202
-258
-313
-332
-372
-399
-418
-458
-478
-497
-512
-465
-439
-452
-452
-434
-389
-343
-312
-288
-277
-243
-193
-167
-116
-75
-21
36
75
110
156
214
286
362
426
479
514
549
553
554
558
567
583
600
590
574
575
548
530
498
457
443
425
390
347
281
230
156
82
29
-35
-82
-154
-203
-254
-321
-370
-444
-502
-552
-596
-609
-609
-604
-617
-640
-675
-697
-689
-682
-654
-619
-599
-573
-561
-542
-526
-507
-488
-438
-359
-308
-252
-214
-147
-80
-34
25
54
109
172
219
261
290
330
369
388
388
396
391
388
422
444
450
439
400
382
379
361
346
313
264
225
209
191
149
103
68
29
4
-20
-57
-99
-128
-151
-180
-195
-207
-231
-245
-268
-312
-348
-386
-427
-439
-450
-459
-468
-485
-494
-510
-513
-523
-528
-525
-510
-490
-459
-432
-413
-383
-347
-301
-236
-186
-147
-80
-9
55
102
136
169
193
233
299
349
386
410
427
460
505
580
639
678
709
725
729
739
757
776
791
773
756
734
718
706
684
672
650
607
568
510
445
394
339
318
274
216
140
39
-24
-87
-132
-191
-259
-327
-397
-450
-495
-536
-601
-650
-690
-705
-695
-697
-706
-730
-761
-774
-773
-769
-758
-755
-740
-713
-685
-667
-647
-647
-612
-560
-510
-430
-384
-328
-268
-218
-156
-91
-41
4
62
106
165
209
258
304
344
387
396
416
438
467
495
516
544
563
561
570
575
570
554
537
516
484
484
466
424
382
329
284
236
202
159
101
61
32
-13
-57
-113
-170
-185
-214
-220
-223
-255
-305
-339
-359
-354
-345
-347
-354
-370
-359
-356
-322
-289
-259
-239
-223
-191
-154
-103
-65
-25
20
48
76
122
169
197
226
261
297
339
361
369
392
415
437
460
464
466
476
495
493
489
449
417
393
384
369
335
282
214
183
146
123
82
46
-17
-58
-74
-110
-151
-199
-234
-279
-319
-333
-345
-363
-377
-392
-392
-411
-409
-408
-409
-391
-369
-353
-350
-324
-300
-268
-227
-192
-164
-171
-162
-142
-88
-47
-1
52
66
90
83
91
112
135
157
180
194
200
208
203
195
202
200
186
165
142
130
112
105
83
63
25
-8
-38
-69
-97
-120
-136
-172
-190
-213
-215
-239
-256
-277
-305
-305
-317
-318
-324
-326
-340
-347
-334
-340
-335
-337
-328
-321
-317
-297
-278
-243
-231
-210
-180
-162
-108
-84
-68
-36
-27
16
47
95
115
153
190
211
237
244
278
285
319
355
384
394
404
421
435
453
449
449
435
419
417
398
396
375
342
324
303
305
278
244
217
192
179
151
113
91
51
9
-16
-35
-59
-88
-126
-164
-188
-214
-212
-221
-236
-249
-257
-252
-273
-268
-268
-277
-269
-266
-260
-248
-236
-211
-179
-159
-148
-129
-132
-95
-67
-29
3
6
23
39
77
93
105
106
124
139
143
157
153
148
142
140
146
132
112
102
77
60
31
13
9
-1
-23
-43
-40
-61
-81
-134
-164
-177
-204
-212
-245
-260
-290
-302
-320
-330
-335
-347
-339
-341
-334
-339
-313
-289
-261
-226
-189
-165
-155
-140
-110
-51
-3
35
51
68
98
125
179
211
224
227
245
275
316
336
367
402
396
418
430
466
471
458
442
425
426
430
422
414
398
366
346
318
308
277
241
204
179
163
125
105
78
36
-17
-67
-103
-126
-153
-169
-182
-202
-229
-262
-266
-275
-292
-301
-315
-317
-320
-314
-313
-313
-304
-295
-276
-244
-214
-200
-177
-157
-124
-90
-52
-17
5
27
68
96
132
168
188
218
234
243
272
316
350
351
343
335
332
340
343
345
344
340
329
327
310
282
268
230
193
160
136
101
50
-5
-49
-79
-122
-151
-198
-228
-251
-270
-273
-299
-306
-336
-338
-334
-342
-338
-358
-360
-351
-356
-372
-374
-387
-383
-370
-352
-342
-336
-327
-311
-292
-268
-231
-186
-141
-100
-61
-36
1
31
54
76
91
126
155
182
201
202
192
172
170
160
172
178
173
180
198
205
204
204
194
199
208
225
231
227
214
207
180
163
135
99
84
45
17
-39
-79
-103
-141
-161
-164
-177
-202
-213
-222
-220
-219
-233
-235
-230
-226
-229
-223
-218
-213
-206
-208
-201
-207
-212
-194
-163
-141
-111
-87
-69
-41
9
35
65
78
100
149
180
227
251
274
292
314
323
325
335
345
333
319
304
312
310
298
285
250
238
234
234
218
208
183
168
150
126
104
61
33
-11
-31
-49
-76
-98
-140
-155
-170
-181
-189
-213
-236
-254
-246
-259
-261
-268
-260
-249
-227
-193
-172
-179
-186
-179
-163
-129
-111
-91
-87
-60
-46
-40
-35
-22
-6
6
34
48
76
96
98
106
113
123
130
133
137
142
146
143
155
149
140
146
145
144
129
114
100
99
94
91
96
83
74
71
62
68
56
28
-6
-18
-31
-40
-42
-58
-71
-84
-97
-113
-116
-121
-130
-148
-151
-167
-173
-177
-183
-188
-189
-174
-172
-166
-170
-165
-161
-150
-145
-121
-94
-81
-54
-50
-35
-24
-15
6
20
49
68
91
117
125
135
153
148
148
162
170
176
175
175
170
164
153
153
134
129
106
94
93
92
96
66
49
28
28
8
-10
-43
-68
-72
-90
-97
-107
-120
-142
-163
-175
-182
-188
-184
-183
-186
-189
-186
-190
-183
-171
-159
-143
-124
-103
-90
-70
-55
-37
-25
-16
3
15
22
35
36
45
33
21
26
34
55
59
64
59
55
68
74
84
89
78
74
70
90
109
107
104
95
74
68
74
66
67
57
47
53
60
47
37
38
30
33
41
48
53
58
66
78
79
61
61
51
39
44
34
34
36
34
24
17
7
-16
-40
-51
-54
-49
-45
-38
-47
-47
-27
-14
-7
-10
-1
7
29
46
54
59
64
67
75
75
71
60
41
24
14
11
5
4
-20
-23
-14
-12
-4
-18
-24
-35
-33
-18
-5
3
-8
-6
-16
-14
-18
-29
-38
-58
-64
-76
-75
-74
-80
-83
-86
-91
-101
-106
-106
-100
-85
-76
-59
-41
-41
-37
-31
-20
-9
-4
-1
-6
-4
-8
0
4
7
7
0
12
21
36
45
49
65
69
89
105
113
113
101
100
104
112
105
98
87
76
70
61
58
50
41
31
15
3
1
1
-9
-17
-30
-36
-49
-64
-81
-102
-108
-110
-108
-111
-117
-125
-120
-120
-112
-114
-113
-118
-123
-121
-116
-94
-98
-89
-87
-82
-60
-53
-40
-36
-11
10
39
66
83
103
106
126
143
164
184
195
201
195
203
202
203
207
198
190
187
177
174
170
165
159
155
155
148
138
124
113
91
81
65
39
9
-23
-43
-68
-89
-112
-135
-153
-171
-188
-198
-203
-217
-220
-217
-211
-201
-200
-194
-195
-190
-188
-191
-185
-191
-188
-189
-185
-167
-160
-151
-137
-132
-115
-95
-79
-55
-33
-13
7
32
55
78
90
100
113
124
135
149
162
174
180
194
206
218
217
214
222
224
232
228
227
212
202
179
170
156
128
106
73
54
26
13
-1
-19
-37
-59
-78
-94
-105
-123
-138
-152
-163
-171
-176
-187
-204
-214
-228
-233
-236
-233
-236
-236
-234
-225
-211
-196
-168
-147
-118
-99
-74
-48
-23
5
24
59
77
100
115
125
138
151
167
171
176
180
186
192
209
223
230
236
232
220
216
209
199
191
170
157
150
129
115
87
61
41
19
0
-11
-23
-41
-55
-76
-85
-102
-114
-134
-150
-166
-189
-198
-207
-213
-223
-228
-233
-235
-233
-229
-218
-214
-202
-184
-175
-159
-144
-120
-106
-89
-74
-60
-43
-31
-19
-14
5
24
44
62
72
85
108
126
142
154
164
184
190
214
235
255
271
279
284
278
274
268
264
251
236
222
210
202
178
164
141
118
90
72
59
41
24
4
-9
-40
-48
-70
-86
-108
-139
-155
-185
-207
-232
-251
-269
-281
-291
-293
-297
-299
-290
-280
-269
-261
-245
-225
-209
-183
-163
-139
-115
-89
-68
-43
-26
0
32
47
74
92
117
136
164
189
216
241
256
280
288
304
306
311
316
312
311
300
285
268
252
239
227
210
189
171
153
142
124
110
93
65
34
4
-9
-26
-42
-69
-92
-127
-145
-164
-190
-205
-224
-243
-257
-265
-280
-285
-297
-296
-296
-297
-285
-287
-284
-277
-271
-257
-245
-232
-223
-208
-187
-166
-142
-119
-103
-90
-74
-64
-39
-18
7
33
52
74
100
121
140
157
170
183
187
208
216
223
220
220
224
223
222
222
224
217
214
197
174
160
143
132
116
90
67
43
21
0
-15
-30
-50
-62
-78
-95
-102
-119
-136
-144
-153
-159
-168
-167
-168
-160
-163
-161
-165
-179
-172
-176
-174
-166
-155
-136
-111
-100
-84
-69
-56
-34
-15
11
24
34
51
71
95
119
129
131
132
128
134
127
123
119
103
99
88
93
97
105
106
100
100
89
78
60
59
45
34
27
2
-15
-37
-60
-70
-82
-97
-104
-115
-117
-121
-120
-116
-116
-112
-112
-111
-113
-113
-114
-112
-108
-112
-107
-105
-106
-101
-97
-90
-82
-78
-68
-54
-47
-28
-15
6
27
31
48
54
63
71
83
101
117
132
146
158
166
165
157
158
161
167
173
177
174
159
151
148
147
133
131
123
97
85
61
46
34
7
-12
-33
-47
-58
-74
-76
-82
-95
-108
-128
-147
-158
-172
-181
-184
-192
-195
-195
-197
-190
-188
-176
-167
-163
-153
-152
-144
-137
-111
-92
-75
-49
-29
-8
20
48
69
94
113
136
154
170
191
205
219
223
229
244
260
277
276
277
280
275
282
276
265
257
244
233
219
196
185
170
153
135
111
94
79
56
41
22
-1
-19
-45
-63
-78
-95
-107
-123
-130
-137
-150
-160
-176
-193
-199
-206
-197
-206
-210
-205
-217
-208
-204
-191
-173
-163
-150
-137
-111
-82
-58
-29
-9
4
18
23
26
43
60
71
89
92
98
99
103
114
111
110
108
110
109
106
91
88
76
67
63
44
38
18
6
-12
-35
-48
-74
-88
-105
-119
-130
-151
-166
-183
-196
-207
-210
-211
-214
-221
-218
-214
-218
-216
-216
-203
-195
-187
-179
-163
-139
-130
-110
-91
-74
-47
-30
-3
31
50
69
83
108
132
156
186
195
214
218
228
232
236
244
238
248
243
247
243
236
234
228
216
202
195
182
180
166
152
138
120
96
70
47
25
9
-12
-28
-50
-70
-89
-119
-149
-175
-181
-189
-188
-198
-212
-227
-232
-232
-241
-241
-241
-226
-226
-222
-212
-203
-187
-170
-147
-128
-100
-77
-55
-37
-19
-4
18
39
64
84
95
123
139
154
167
186
198
206
222
227
246
248
259
257
245
238
226
217
199
188
169
145
120
97
78
52
34
6
-17
-34
-62
-78
-101
-126
-146
-167
-196
-222
-243
-263
-282
-296
-310
-311
-322
-329
-340
-350
-348
-343
-320
-302
-283
-272
-257
-236
-223
-200
-175
-147
-119
-96
-77
-58
-23
1
31
55
78
97
117
140
157
182
203
229
248
267
283
303
320
334
340
339
339
343
340
323
317
311
306
285
257
233
203
182
162
147
114
89
67
37
11
-18
-38
-62
-79
-93
-106
-126
-142
-161
-177
-189
-195
-201
-213
-217
-232
-230
-234
-227
-215
-211
-193
-188
-169
-146
-125
-101
-80
-56
-39
-20
7
25
43
57
77
97
108
121
137
157
173
180
183
191
197
203
206
206
212
216
223
223
220
214
207
207
195
184
164
143
121
96
70
47
28
13
-10
-27
-44
-57
-74
-88
-95
-114
-129
-134
-142
-152
-157
-172
-176
-183
-182
-180
-181
-175
-183
-180
-179
-167
-160
-155
-141
-139
-123
-113
-101
-93
-82
-64
-54
-34
-17
2
18
44
51
64
63
69
76
79
84
89
102
104
115
109
102
100
94
92
104
106
93
83
71
64
55
46
41
31
22
8
0
-12
-22
-26
-30
-36
-30
-33
-45
-52
-63
-69
-77
-71
-69
-63
-69
-70
-69
-73
-72
-69
-66
-61
-46
-50
-51
-53
-53
-38
-27
-22
-24
-20
-9
1
14
24
38
44
53
56
56
50
50
49
40
40
45
50
52
54
54
54
56
52
56
47
50
54
58
60
53
52
50
50
49
46
37
36
29
27
24
10
-1
-15
-20
-25
-32
-39
-44
-40
-49
-46
-46
-50
-47
-51
-59
-71
-76
-76
-70
-65
-53
-49
-38
-28
-32
-31
-29
-30
-21
-8
-12
-12
-17
-20
-18
-22
-23
-25
-26
-19
-18
-21
-23
-30
-28
-31
-33
-33
-30
-21
-28
-35
-39
-49
-48
-43
-42
-51
-55
-55
-51
-51
-52
-51
-39
-32
-29
-26
-18
-15
-10
-1
1
8
6
8
10
11
15
14
18
18
24
30
28
27
29
25
19
22
17
20
16
10
13
9
6
10
11
11
13
10
7
0
0
-2
3
3
1
-1
-8
-6
3
7
2
0
-2
-2
1
-5
-10
-4
-3
5
7
12
12
13
23
24
20
19
21
20
25
24
30
37
42
45
53
51
50
53
53
52
49
48
32
33
33
39
45
45
48
44
40
36
42
45
49
43
39
34
26
26
18
13
9
7
1
1
1
-1
-8
-15
-18
-31
-30
-40
-38
-40
-49
-48
-53
-51
-51
-50
-53
-51
-52
-54
-61
-60
-55
-52
-48
-42
-36
-32
-20
-18
-12
-10
-8
3
1
9
8
14
17
18
23
17
19
20
20
23
21
20
22
19
19
24
24
26
27
20
20
16
12
13
11
9
3
-5
-14
-17
-20
-20
-18
-17
-15
-12
-5
-8
-11
-5
-5
1
3
6
12
12
20
23
28
36
38
42
40
40
40
41
36
38
38
38
41
39
40
34
37
38
40
42
35
35
26
22
16
9
4
2
0
-6
-9
-15
-16
-23
-24
-27
-32
-37
-41
-50
-53
-54
-57
-54
-57
-54
-55
-53
-51
-50
-47
-48
-44
-41
-37
-36
-29
-27
-22
-15
-10
-2
0
7
8
17
24
27
30
32
37
34
38
38
42
44
47
47
48
52
49
53
49
49
49
47
43
41
42
37
34
29
25
17
9
-2
-9
-18
-27
-36
-42
-48
-53
-57
-64
-68
-71
-70
-75
-77
-75
-79
-80
-82
-81
-81
-79
-77
-78
-73
-72
-68
-64
-60
-53
-47
-38
-31
-22
-17
-8
2
12
23
33
43
48
58
65
71
73
79
85
88
92
92
91
94
93
95
96
92
89
87
83
80
72
64
56
52
45
37
29
22
16
7
3
-6
-8
-15
-18
-23
-28
-32
-39
-42
-45
-49
-54
-56
-62
-64
-69
-71
-73
-75
-74
-77
-74
-72
-69
-64
-58
-54
-49
-44
-39
-32
-30
-21
-19
-14
-9
-3
3
8
15
17
22
26
33
35
38
41
42
45
45
47
50
53
52
54
53
54
54
51
50
43
41
36
32
30
24
18
15
11
4
-2
-8
-10
-13
-16
-21
-26
-29
-35
-38
-44
-47
-48
-48
-51
-50
-51
-50
-48
-44
-41
-41
-41
-38
-34
-32
-27
-25
-21
-16
-13
-9
-7
-2
1
5
9
12
14
16
19
23
24
26
31
35
39
42
45
46
48
49
49
49
49
48
46
43
40
39
37
36
34
33
28
27
25
21
17
15
14
11
10
7
2
-2
-5
-10
-14
-17
-20
-24
-29
-31
-35
-39
-42
-44
-46
-47
-48
-48
-48
-46
-45
-45
-44
-44
-40
-41
-38
-37
-36
-32
-30
-27
-26
-22
-21
-15
-12
-10
-7
-4
3
6
12
15
19
23
27
31
31
35
38
42
43
44
45
43
44
43
43
44
44
45
44
41
38
34
33
31
28
23
19
16
11
8
3
-2
-6
-10
-15
-20
-24
-30
-31
-33
-34
-36
-39
-42
-42
-41
-43
-44
-45
-45
-47
-48
-49
-49
-50
-51
-49
-46
-41
-38
-33
-30
-25
-21
-16
-12
-7
-2
1
5
10
16
21
27
31
36
39
44
48
50
52
57
59
59
63
66
70
73
75
75
77
76
75
74
71
66
63
58
52
47
41
36
30
25
20
15
12
7
4
0
-5
-11
-17
-22
-28
-33
-37
-40
-44
-47
-49
-50
-51
-53
-54
-53
-52
-53
-50
-50
-46
-44
-40
-36
-32
-29
-24
-17
-14
-8
-3
1
5
9
11
15
21
23
28
32
38
44
46
49
51
55
56
55
54
54
53
50
49
46
41
38
36
31
29
26
20
16
12
7
3
-4
-10
-15
-20
-24
-29
-34
-38
-40
-46
-49
-53
-57
-58
-63
-65
-68
-69
-72
-72
-72
-73
-67
-67
-62
-60
-57
-56
-55
-51
-49
-45
-42
-39
-35
-33
-27
-25
-21
-18
-13
-10
-5
-1
4
8
11
14
16
18
19
22
24
25
26
27
26
28
29
26
25
22
21
19
17
15
12
10
9
6
3
1
-3
-5
-7
-10
-13
-18
-21
-25
-27
-31
-32
-35
-35
-35
-35
-33
-33
-30
-31
-27
-27
-24
-23
-20
-16
-15
-11
-10
-5
-3
1
6
10
14
17
23
25
33
34
39
43
45
49
51
53
54
58
57
60
60
61
59
56
55
52
49
44
43
36
33
29
26
21
17
15
11
10
6
4
-2
-3
-9
-12
-18
-20
-24
-30
-33
-35
-35
-36
-33
-32
-32
-29
-29
-25
-26
-23
-20
-18
-14
-11
-4
-4
4
4
8
12
14
21
22
30
29
36
37
39
41
42
46
45
49
49
52
47
49
46
44
43
38
37
32
28
22
17
11
7
1
-2
-7
-9
-13
-20
-24
-30
-34
-39
-41
-44
-47
-50
-54
-55
-59
-59
-61
-63
-62
-62
-60
-58
-55
-54
-49
-45
-41
-34
-33
-24
-21
-12
-9
0
3
7
14
18
28
29
37
38
46
47
52
56
59
62
62
64
63
65
62
64
60
57
52
47
44
39
36
31
26
19
13
7
-1
-7
-15
-23
-31
-37
-44
-48
-53
-61
-63
-67
-70
-72
-74
-76
-77
-78
-80
-76
-76
-72
-71
-67
-65
-59
-54
-48
-39
-35
-23
-19
-9
-3
6
10
16
22
27
34
37
47
49
56
58
68
71
76
80
80
83
84
85
81
81
76
75
71
66
64
59
56
49
46
37
30
24
15
10
1
-6
-13
-22
-28
-36
-42
-47
-50
-58
-61
-65
-68
-71
-73
-76
-78
-76
-78
-75
-76
-71
-71
-66
-62
-55
-48
-43
-34
-33
-22
-19
-10
-4
5
13
20
29
32
40
43
49
54
59
64
70
76
80
85
86
88
89
89
89
86
84
76
76
68
63
58
49
44
34
29
22
16
8
4
-3
-9
-12
-20
-25
-32
-40
-48
-52
-62
-64
-71
-75
-79
-84
-82
-87
-82
-87
-80
-80
-75
-72
-69
-62
-61
-54
-51
-42
-39
-35
-29
-23
-17
-11
-4
0
7
12
19
25
31
36
41
48
53
58
61
66
68
68
69
69
72
69
69
65
62
58
54
53
46
46
40
36
32
28
20
17
11
5
0
-6
-11
-19
-23
-32
-34
-43
-47
-54
-58
-60
-63
-61
-62
-61
-61
-59
-55
-55
-52
-50
-50
-49
-48
-47
-46
-45
-42
-41
-38
-35
-28
-22
-16
-9
-4
4
10
14
22
27
34
37
42
45
46
47
46
51
50
52
53
52
53
53
54
54
54
51
53
51
49
45
41
36
30
24
18
15
9
6
-3
-7
-14
-21
-26
-30
-32
-37
-36
-39
-42
-42
-43
-44
-44
-45
-44
-44
-43
-45
-45
-43
-42
-40
-39
-36
-33
-32
-27
-20
-14
-9
-4
4
7
14
17
22
24
28
31
34
38
37
38
37
39
37
41
44
44
47
47
50
48
48
48
47
43
38
33
28
27
23
18
14
12
8
4
5
0
-5
-6
-7
-10
-13
-14
-18
-20
-24
-26
-29
-31
-32
-36
-36
-36
-38
-37
-35
-37
-35
-31
-26
-26
-23
-23
-20
-18
-17
-12
-11
-7
-7
-6
-4
-1
-1
1
5
7
6
12
13
14
17
18
21
21
22
20
22
22
22
22
23
24
20
18
18
16
14
12
11
10
8
11
8
9
6
4
3
1
0
-3
-4
-7
-9
-13
-13
-15
-18
-20
-22
-24
-24
-23
-24
-23
-25
-23
-20
-18
-19
-17
-16
-15
-16
-18
-16
-17
-17
-14
-11
-7
-6
-2
2
3
7
9
14
15
15
17
18
16
17
18
20
23
20
22
24
26
23
25
22
21
22
21
20
17
17
16
14
11
8
7
6
6
3
1
4
4
1
0
-1
-3
-7
-9
-12
-14
-15
-15
-15
-16
-16
-15
-14
-11
-13
-12
-9
-10
-10
-12
-8
-10
-9
-8
-8
-5
-2
0
0
3
7
8
9
10
9
9
11
12
10
11
11
9
11
10
11
11
12
14
14
14
13
14
12
10
8
5
4
1
-1
-3
-4
-8
-10
-12
-12
-12
-15
-16
-20
-21
-22
-23
-24
-24
-25
-27
-26
-30
-32
-33
-31
-32
-31
-29
-28
-23
-21
-19
-19
-17
-17
-16
-15
-11
-8
-6
-3
-1
1
3
7
7
10
11
13
14
14
13
15
17
17
20
20
21
23
21
21
22
19
20
18
15
13
13
10
9
5
2
-2
-3
-6
-10
-13
-15
-16
-20
-18
-20
-21
-22
-23
-24
-25
-24
-26
-24
-25
-23
-24
-25
-27
-26
-24
-20
-17
-13
-10
-8
-7
-5
-4
-3
2
6
10
14
18
21
21
21
21
20
21
23
25
29
34
37
42
45
44
45
42
37
33
27
27
26
28
30
31
31
28
21
15
9
4
1
-3
-3
-5
-10
-14
-17
-20
-20
-22
-23
-24
-27
-28
-29
-29
-29
-26
-28
-28
-31
-32
-32
-33
-30
-27
-24
-20
-15
-14
-9
-6
-5
-1
0
3
8
10
10
13
16
19
25
26
30
32
29
29
26
26
28
30
35
39
36
35
29
23
20
17
17
17
17
17
18
14
13
10
7
6
2
-3
-7
-11
-14
-12
-13
-14
-17
-23
-28
-31
-34
-33
-29
-27
-24
-24
-24
-25
-32
-34
-36
-37
-33
-27
-20
-15
-12
-9
-8
-10
-9
-8
-7
-2
1
4
6
6
8
11
11
15
16
14
14
14
16
20
24
24
28
28
28
27
25
24
22
20
20
19
16
14
9
7
6
3
4
1
-5
-8
-12
-15
-16
-17
-15
-11
-11
-9
-12
-17
-23
-27
-27
-23
-17
-13
-7
-7
-6
-9
-13
-15
-19
-20
-20
-20
-18
-14
-7
0
5
5
4
1
-4
-5
-5
-4
-1
0
3
6
6
8
7
9
8
10
11
13
14
12
11
7
8
9
8
10
11
8
7
5
1
1
-2
0
2
3
4
5
4
5
3
1
0
-6
-11
-12
-15
-13
-12
-9
-6
-6
-6
-9
-13
-15
-14
-13
-9
-4
-6
-4
-3
-6
-4
-3
-2
2
4
5
6
5
5
7
8
11
11
11
9
6
3
-1
-3
-4
-4
-1
4
7
12
14
15
12
7
2
-5
-11
-14
-13
-11
-9
-2
2
5
5
1
-3
-5
-9
-9
-7
-5
0
2
5
8
7
6
4
1
0
-1
1
4
8
11
14
16
14
15
14
14
13
9
6
4
0
1
2
4
7
7
9
7
4
3
0
-1
-3
-5
-4
-5
-6
-5
-7
-10
-13
-17
-19
-20
-18
-17
-16
-16
-14
-15
-17
-19
-20
-25
-28
-26
-24
-19
-16
-8
-3
-1
-2
-4
-8
-10
-11
-10
-5
-2
4
8
11
13
13
11
11
10
11
12
13
15
16
16
16
15
17
17
14
12
7
4
2
0
0
4
6
8
10
7
5
4
-2
-4
-6
-8
-7
-5
-3
-2
0
2
2
-1
-6
-7
-8
-9
-7
-3
3
9
10
11
7
4
0
-5
-8
-6
-2
4
11
16
17
16
14
9
4
-1
-5
-6
-5
-4
1
5
7
12
12
10
6
