18
13
16
19
21
21
14
14
10
8
3
-4
-4
-4
-2
0
2
3
5
11
9
7
6
5
8
11
10
8
6
11
8
2
3
2
6
-2
-6
-4
0
5
0
2
5
10
10
9
15
14
16
18
14
10
4
3
3
1
3
4
5
4
0
-3
-8
-4
1
5
12
13
18
20
18
15
8
8
7
10
8
3
2
-2
-2
-6
-12
-12
-13
-10
-7
-3
-1
-2
-2
-3
-4
0
7
15
18
17
18
16
14
6
0
-4
-4
1
-1
4
2
-4
-5
-10
-10
-10
-9
-3
1
6
6
5
2
-3
-6
-12
-12
-8
-7
-8
-13
-14
-15
-18
-17
-21
-19
-14
-9
-2
-8
-7
-9
-12
-15
-19
-15
-11
-4
-2
-6
-6
-11
-16
-21
-23
-17
-10
0
5
2
0
-7
-8
-9
-12
-10
-9
-2
-2
-2
-7
-15
-16
-18
-15
-10
-10
-5
-5
-4
-7
-11
-11
-14
-14
-12
-6
3
6
6
-1
-7
-9
-10
-7
-7
-4
1
5
9
5
-2
-9
-14
-13
-14
-9
-4
-3
-6
-12
-14
-16
-16
-15
-14
-8
-1
6
8
3
1
-4
-5
-3
-3
1
4
8
10
4
-3
-11
-15
-17
-18
-13
-10
-4
-4
-6
-9
-11
-8
-8
-4
2
10
20
22
23
13
3
-1
-4
-3
-2
-3
-1
-2
-4
-10
-18
-22
-21
-14
-8
-1
7
11
16
12
10
10
11
16
14
17
20
20
14
4
-4
-13
-17
-15
-12
-7
-6
-3
0
-2
-3
-6
-4
3
5
10
11
13
13
7
0
-6
-5
-5
-5
-3
-4
-1
-1
-2
-3
-8
-10
-4
6
13
17
23
26
27
23
20
21
21
21
17
14
12
8
5
-3
-5
-6
-2
6
9
12
15
15
17
15
12
10
14
21
23
24
18
10
3
-7
-17
-26
-25
-19
-19
-18
-21
-16
-8
-7
-5
-2
7
18
26
31
31
32
29
22
18
11
8
7
7
9
3
-5
-10
-16
-22
-28
-27
-22
-13
-7
-4
1
5
6
3
-1
1
6
12
9
3
-1
-5
-8
-8
-10
-11
-7
0
2
3
5
2
4
5
2
3
3
8
12
10
7
9
13
14
10
5
4
8
3
0
-5
-8
-8
-11
-13
-15
-11
-9
-3
-1
-7
-11
-15
-15
-16
-21
-18
-11
-3
4
5
5
8
10
12
9
11
14
17
14
9
7
0
2
5
5
7
7
9
11
9
2
3
8
10
13
9
8
11
11
7
3
-3
-4
-6
-11
-14
-20
-23
-24
-25
-24
-23
-16
-9
0
6
7
7
6
8
11
10
9
11
11
7
3
-4
-5
-5
-9
-11
-12
-11
-9
-9
-9
-9
-9
-10
-6
0
3
6
5
8
11
8
-1
-14
-22
-26
-32
-40
-44
-44
-45
-46
-40
-37
-29
-24
-15
-5
2
10
15
16
20
20
19
24
28
30
27
20
11
6
-2
-13
-18
-20
-19
-17
-17
-13
-6
2
10
15
17
21
23
20
15
9
3
7
6
-2
-11
-16
-17
-18
-22
-26
-24
-19
-16
-13
-12
-3
8
16
28
31
33
36
36
36
32
27
24
22
17
8
2
-2
-5
-6
-17
-19
-12
-9
-3
-7
-7
4
13
19
16
15
17
17
12
1
-4
-5
1
4
0
-6
-12
-18
-20
-23
-27
-25
-17
-3
9
16
22
29
32
31
22
13
13
11
4
-1
-2
1
2
-3
-8
-6
-2
-2
-6
-13
-14
-8
-4
5
10
10
16
21
24
18
12
5
1
-1
-10
-19
-24
-22
-14
-10
-9
-4
-4
-3
-10
-14
-11
-1
6
6
9
11
18
20
17
18
20
19
19
7
-2
-6
-10
-7
-7
-6
-5
-4
-5
-13
-18
-28
-28
-25
-23
-17
-13
-8
-2
-3
-8
-12
-18
-20
-19
-22
-16
-5
3
12
12
10
7
-5
-13
-20
-18
-6
7
17
19
21
19
13
9
-3
-5
0
1
8
5
4
3
2
1
-1
-3
-1
-1
2
-1
-5
-12
-17
-14
-13
-5
7
14
25
26
22
15
6
-4
-13
-17
-11
-2
5
4
5
3
0
-4
-19
-18
-13
-8
-5
0
3
9
15
14
13
12
15
16
18
12
12
7
2
-2
-9
-13
-16
-14
-11
-3
-9
-7
-6
-10
-9
-14
-6
4
13
14
10
6
4
0
-7
-6
-2
10
12
13
-1
-6
-10
-19
-17
-21
-11
2
13
18
18
18
17
16
12
4
6
9
17
22
16
8
3
-8
-9
-17
-22
-13
-1
9
4
-1
-9
-8
-13
-10
-6
12
30
47
45
31
22
4
-4
-18
-20
-16
4
12
24
15
8
4
-6
-10
-24
-20
-15
1
8
11
11
12
9
9
-2
-6
0
-1
4
-5
-8
-2
-2
3
0
1
6
12
10
-3
-9
-16
-8
-7
-3
1
14
22
29
23
3
-4
-15
-16
-22
-18
-12
8
22
24
22
9
-1
-2
-12
-16
-13
-4
16
21
23
19
23
15
15
-1
-4
-8
-8
-8
-15
-15
-15
-2
1
4
6
0
0
-11
-25
-29
-30
-22
-6
4
11
24
21
19
5
-16
-28
-33
-32
-27
-14
0
16
24
11
0
-13
-22
-23
-24
-15
-2
19
28
34
22
11
0
-13
-15
-16
-11
-4
10
3
3
-11
-15
-18
-29
-21
-27
-15
-10
0
-3
-5
-9
-13
-10
-16
-5
-4
9
2
3
-3
-19
-16
-25
-18
-17
-5
4
12
10
7
1
-17
-12
-17
-7
-9
7
11
13
18
12
5
-5
-8
-16
-12
-21
-7
-9
-2
1
4
-2
-3
-5
-1
-1
-10
-3
-8
0
-5
6
13
22
29
26
24
8
0
-10
-10
-11
-9
5
10
21
13
19
9
6
-8
-7
-10
-7
2
-17
12
-2
12
7
10
14
6
15
3
-6
-27
-16
-25
-16
-15
-2
12
13
30
8
10
-6
-20
-32
-46
-30
-19
-11
22
67
71
57
31
-4
-39
-68
-64
-53
-32
14
62
68
54
37
26
-6
-38
-51
-49
-25
-11
26
33
47
72
54
7
-22
-21
-47
-48
-53
-18
7
23
47
36
22
1
17
-7
-42
-30
-6
2
5
20
28
45
26
6
21
11
8
-7
-12
-20
-15
-3
-11
2
2
24
25
3
-13
-16
3
-13
-17
-6
-8
-13
-10
7
9
9
20
2
0
-15
-23
-31
-24
-13
17
24
10
6
18
24
-7
-12
-9
10
-12
-4
1
9
18
30
18
2
3
7
9
-31
-19
-10
15
15
-6
3
17
27
-13
-12
-22
-20
-2
-3
15
8
17
6
-1
-12
-1
-3
3
23
8
0
-2
7
7
-9
-7
37
6
-18
4
47
-49
4
91
25
-35
-39
36
-25
-31
-30
35
3
10
69
-20
-60
-29
40
-26
-41
-17
29
38
-10
9
-40
-10
-11
-22
-41
-22
23
14
11
-20
0
-3
-30
-24
-37
-24
-2
1
-13
18
20
10
15
-5
-44
-48
-18
-48
-13
24
54
23
11
34
-1
-29
-43
-18
-30
18
19
-7
-7
24
56
-12
-34
-26
19
-37
-37
-16
-17
10
10
20
-27
-17
11
12
-29
-29
22
34
22
-22
18
38
4
10
12
17
14
33
28
13
13
-19
11
14
-25
-7
-3
-7
18
7
-12
-26
6
-9
-10
-8
-58
-59
-15
21
0
-23
5
56
13
-4
-50
-31
17
9
34
20
40
64
62
3
-2
54
-21
39
-14
21
24
12
16
-17
43
-21
25
-40
-36
-66
2
-41
-40
-10
-2
51
-44
-17
-66
-19
-70
-37
1
10
47
41
62
-11
5
-1
12
-32
18
48
47
45
8
29
14
31
-13
2
-28
-11
3
-52
-23
-29
19
-18
6
-14
-43
-41
-34
-37
-41
-13
30
69
15
10
25
8
-19
8
38
80
15
84
52
28
45
-1
34
36
54
-4
48
-7
-26
-20
-42
-26
-41
-4
-31
-9
-69
-28
-13
-70
-49
-21
-20
-48
6
-32
-25
-13
56
38
-34
46
49
36
-8
5
29
9
33
54
38
6
49
12
-48
-14
4
-42
-30
-1
-51
-26
-32
-28
-70
-72
-7
-13
-67
-68
-16
-2
-2
-10
3
13
19
52
66
9
62
80
48
62
44
33
54
43
19
48
65
-9
-28
8
4
6
-45
-42
-12
-70
-95
-45
-96
-63
-23
12
-1
-46
-63
-54
-38
-71
-18
-46
33
106
79
43
53
60
35
19
-29
67
34
50
86
43
44
64
70
-61
-9
-41
-48
-109
-122
-86
-74
15
-25
15
-73
-66
-85
-162
-179
-81
-3
14
44
48
68
-22
2
12
29
60
61
50
24
100
49
35
83
67
81
71
27
-24
-34
-35
20
-57
-109
13
12
-89
-81
-36
-80
-70
-87
-55
-62
-61
-24
-62
-83
-67
54
13
24
76
53
92
32
4
32
92
80
97
122
116
70
-12
39
56
101
14
-6
6
-70
-41
-33
-62
-62
59
11
23
-39
-95
-35
-53
31
-61
20
-22
52
120
27
77
97
116
63
66
52
57
39
46
104
97
29
179
26
-55
20
1
44
-72
-32
23
30
-29
-9
-97
-146
-37
-5
1
-74
14
18
32
4
-15
-16
-29
95
135
63
39
128
50
55
28
27
25
29
17
21
27
54
23
-110
12
-58
-76
-166
-135
-100
-167
-12
-73
-44
-164
0
-10
-174
-77
-52
30
-58
29
3
95
32
17
76
36
157
57
49
90
141
67
42
17
9
20
-38
-21
-26
-60
-22
-45
-129
-95
-46
-143
-123
-86
-139
-149
-83
-104
-125
-89
-68
37
-95
-28
71
73
-10
86
84
30
108
47
163
126
98
203
199
50
115
77
-35
88
-13
18
46
-21
94
-10
-49
-81
-62
-188
-57
-68
-193
13
-122
-44
-5
-112
-8
58
33
129
25
31
31
35
55
62
145
93
199
154
207
144
130
136
28
122
72
23
-52
51
67
90
46
-11
31
-48
-20
-118
-119
-153
-48
9
23
38
-15
58
-40
-18
-140
-102
48
-10
66
51
85
88
28
30
-2
-58
17
17
-23
-48
-57
84
-13
-121
-97
-65
-60
-116
-181
-150
-78
-130
-56
-67
-79
-94
-20
-63
-81
-133
-149
-22
-53
-96
-66
44
-13
-16
-45
-40
77
-28
-59
4
-66
-36
-3
-49
-13
6
-88
4
-98
-96
-106
-91
17
-137
-53
-107
-48
-189
-152
-7
-87
12
-83
37
-15
6
-63
-67
66
-106
-7
-23
30
67
31
98
20
40
7
-87
-105
-58
-37
9
-7
-57
55
47
60
-99
-60
-71
-172
-103
-99
26
38
-50
143
97
-2
32
67
-19
85
144
181
94
14
137
119
121
87
150
13
142
45
125
-20
-74
60
47
37
62
178
43
115
51
63
-106
-50
-27
-70
-57
-26
112
26
139
159
201
148
2
49
-89
-24
-26
70
143
119
300
270
308
123
17
-94
-47
-94
-71
-141
-94
64
14
79
-110
24
-47
-68
-82
-162
-170
-229
-80
9
-83
-17
70
-8
15
-60
-76
-13
-49
-65
49
8
-20
18
59
38
-12
-28
-57
-44
-75
69
12
15
47
-8
50
-144
40
11
-80
-16
-90
15
-91
-61
-35
-34
-167
-169
-163
-63
-248
-197
20
-72
50
-77
-106
-163
-59
-37
-117
-213
-86
-34
56
-80
-50
2
-99
177
-122
-152
-32
44
13
-27
-93
-31
134
-1
0
-121
-25
52
50
-97
78
89
80
183
14
42
15
98
74
108
-31
197
233
63
47
253
180
174
212
42
307
61
238
192
22
217
198
252
49
124
110
172
210
84
22
-108
91
141
-73
-72
67
154
162
-1
113
130
107
148
171
20
10
115
93
135
6
99
182
103
0
-17
-66
-39
-95
-185
-80
68
-10
-51
-111
-48
-84
-89
-156
-230
-165
1
112
-51
12
75
59
-112
-54
-115
-198
-85
-152
-116
-82
-18
-32
-49
-26
-4
-145
-166
-30
-113
-11
42
125
88
118
60
72
16
-93
93
-30
-34
-68
42
9
-20
-19
-83
42
6
-10
-84
-230
-168
-35
-54
-135
-15
53
20
139
1
-18
-8
4
-102
-97
-115
-39
9
-137
-33
-132
-144
-145
-162
-177
-164
-224
-236
-70
-132
-176
-128
12
-26
-121
-104
-22
36
0
-216
-149
-40
57
35
-216
-163
-196
-7
-41
-149
-151
-119
125
204
24
-69
-69
-36
34
61
93
94
166
228
224
109
78
32
178
224
449
265
77
137
176
292
-14
86
96
127
181
230
117
61
3
73
73
22
84
28
21
-11
70
-1
-122
10
-9
11
65
4
-28
-178
-90
50
-46
-82
-98
167
82
-95
1
-58
175
143
171
-51
51
101
11
40
29
269
108
180
-14
-93
-121
2
26
-241
-14
-68
178
154
43
95
8
91
37
-3
-261
-198
-58
15
54
-52
17
-22
-5
47
-180
-119
-155
-96
-65
-115
-61
-95
-46
-66
-97
-215
-23
-49
-35
-26
-43
-42
-239
-154
-322
-268
-67
67
45
-59
-20
-74
22
-138
-101
-163
-166
77
-38
99
42
-2
89
124
75
-92
-49
39
143
41
118
156
82
182
169
54
-158
-32
63
129
82
-35
178
-20
81
210
60
100
112
160
115
201
65
209
113
24
189
-130
-19
-44
111
104
111
85
-20
141
96
146
-124
-169
-113
185
51
1
76
-66
226
-7
132
-10
-6
-75
-162
7
-64
148
16
-51
-35
87
86
24
-192
-226
-46
-181
-220
-251
-129
69
127
-78
-222
-332
-198
-149
-248
-342
-291
-55
0
-56
-123
-119
-118
-13
48
33
2
-73
-55
76
48
-49
-89
-29
66
71
-17
-112
-71
-7
69
145
12
10
83
68
52
-77
-27
8
175
268
179
134
57
-40
-119
-40
38
66
35
322
370
258
130
49
34
-88
-5
150
88
42
81
-22
-105
-165
-55
-109
-111
-74
-63
-4
-104
-167
-216
-169
-151
16
38
50
55
3
-21
-96
-98
-112
-85
46
30
-10
15
18
30
-99
-28
-39
21
79
122
40
-127
-5
-37
-95
-293
-257
-121
-147
-114
-115
11
15
33
40
24
70
4
-48
-149
-178
-75
71
68
101
161
165
120
141
-20
-50
60
-6
11
47
204
213
275
130
83
23
-46
4
-125
-82
15
124
76
257
213
266
251
178
220
133
105
102
209
-16
74
179
212
167
138
-28
-49
6
83
116
-150
-105
-71
-92
-70
-12
-83
-82
-58
4
-17
-18
2
11
-49
-142
-104
-114
-70
-67
-71
-23
-19
-121
-18
-24
-140
-136
-68
17
5
-39
38
116
34
62
13
-4
-71
-141
-94
-16
-14
41
187
123
123
-7
13
-72
-90
-98
-85
65
40
150
61
78
73
55
8
-16
-24
32
185
121
97
41
-21
-6
-57
5
-79
-138
-1
-12
6
-45
-15
31
19
-36
-50
-47
-58
-5
51
147
81
143
91
46
24
-79
-59
-37
-69
-83
1
26
84
61
-21
-59
-108
-154
-152
-133
-62
-30
81
102
25
-47
-67
-1
-51
-40
-77
-63
-2
6
-50
-36
-27
-61
-73
-80
-34
14
45
123
72
30
39
62
-16
-59
-31
-76
-84
-53
67
-91
-186
-203
-122
-40
-143
-159
-155
-109
-109
-84
-87
-106
-25
0
29
-15
62
69
-15
-33
-71
-40
-75
11
73
69
59
140
186
197
221
185
182
207
241
199
145
184
215
260
291
283
321
247
261
217
160
96
-41
28
13
12
73
57
85
45
19
-24
-80
-82
-72
-72
-66
12
74
118
72
22
9
-46
-156
-232
-255
-200
-250
-289
-279
-361
-440
-531
-614
-659
-674
-627
-571
-606
-594
-687
-758
-850
-903
-940
-1022
-1039
-1054
-1045
-1077
-1119
-1227
-1212
-1190
-1156
-1138
-1071
-810
-599
-321
41
487
1024
1407
1624
1685
1574
1371
1058
732
514
443
466
638
948
1317
1653
1863
2062
2170
2199
2107
1937
1811
1687
1603
1467
1393
1387
1361
1308
1176
983
671
309
-50
-320
-478
-594
-573
-504
-308
-49
115
286
377
408
342
180
42
-127
-318
-429
-498
-510
-566
-633
-648
-702
-751
-808
-890
-984
-1001
-968
-947
-958
-870
-782
-669
-648
-753
-906
-1224
-1540
-1830
-2118
-2337
-2508
-2590
-2565
-2482
-2398
-2373
-2382
-2459
-2666
-2903
-3316
-3382
-2397
-972
540
1290
1922
3150
4216
4623
3600
2210
1294
682
102
-851
-1137
-601
316
1073
1364
1913
2700
3155
2738
1951
1616
1757
1792
1358
1192
1695
2408
2656
2360
2230
2168
1648
588
-520
-1073
-1441
-2257
-3043
-3346
-2886
-2291
-2043
-1621
-947
-79
404
769
1457
2243
2749
2630
2532
2712
2775
2448
1674
1031
661
311
-30
-447
-563
-564
-554
-383
-197
163
464
686
851
1006
1152
1072
780
386
53
-274
-692
-1058
-1241
-1302
-1339
-1354
-1360
-1356
-1408
-1654
-1873
-2100
-2383
-2613
-2923
-2993
-2925
-2988
-3054
-3257
-3385
-3636
-4171
-4794
-5293
-5686
-6097
-6504
-6434
-3928
-285
3103
4924
5351
7613
9476
9649
7323
3582
1984
781
-650
-2513
-3802
-2565
-1013
-157
120
830
2647
3498
2456
983
703
1886
2722
2373
2572
4124
5932
6450
5698
5272
5239
3843
933
-1895
-3494
-4189
-6046
-8264
-8900
-7841
-5959
-5091
-3995
-1970
-147
859
935
1725
3134
3572
3003
2505
3030
3985
4014
3283
2658
2328
1771
660
-392
-1163
-1746
-2459
-2959
-2889
-2386
-1519
-824
9
937
1942
2819
3088
3142
2891
2700
2523
2351
2356
2372
2561
2532
2377
1964
1219
149
-1263
-2646
-3890
-4630
-4931
-4786
-4214
-3363
-2250
-1269
-545
-251
-371
-789
-1605
-2534
-3446
-4029
-4390
-4868
-5169
-5406
-5432
-5385
-5765
-5139
-2285
1685
5206
6562
7290
9165
10177
8990
5098
1036
-916
-2256
-3597
-4790
-4389
-1979
145
1001
1190
1923
3051
2765
772
-898
-684
1001
2355
3114
4931
7962
10448
10758
9397
7664
5274
896
-4740
-9280
-11783
-13239
-15040
-15579
-13294
-9423
-5779
-3037
154
3512
5246
5298
5060
5781
6485
5929
5118
5312
6139
6260
4992
3196
1336
-1088
-4074
-6930
-8829
-9830
-10042
-9079
-6616
-3256
250
3730
6850
9400
10780
10780
9702
7691
5488
3320
1591
675
514
1133
1864
2481
2645
2233
1070
-1093
-3486
-5370
-6246
-6297
-5580
-3886
-1425
1204
3114
4161
4403
3606
1717
-842
-3105
-4774
-5993
-6481
-6316
-5275
-3928
-3234
-2867
-3171
-3949
-5127
-7186
-8418
-8418
-5141
600
5188
8346
9593
11883
13444
10931
5564
-979
-5046
-7664
-10152
-11081
-9818
-6097
-2479
-241
1439
3327
4781
4125
1665
-387
-390
1118
2959
4939
7601
10396
11862
10979
8489
5093
519
-5367
-11443
-15033
-16000
-15611
-14657
-12511
-8189
-3412
505
3552
6326
8251
7998
6639
6337
7541
8490
8160
7661
8181
8659
7343
4342
736
-3139
-7607
-11888
-14277
-14399
-13212
-10971
-7292
-2135
3469
8326
12308
15167
16478
15722
13582
11157
8110
4492
638
-2338
-3767
-4492
-4808
-4812
-4441
-4228
-4606
-4949
-4688
-3792
-2879
-1766
115
2793
5340
6821
7396
7228
5940
3279
-70
-2921
-5090
-6817
-8003
-8362
-7414
-5812
-4603
-3703
-3297
-3385
-3870
-5161
-6177
-6573
-6765
-6225
-5722
-4394
-1734
1638
7007
10697
11688
10375
7558
6200
2903
-2062
-6696
-9498
-8619
-6898
-4705
-1549
1976
4924
5421
3877
2075
743
-779
-2435
-3391
-1995
1763
5888
9353
11771
12873
12271
9200
4350
-747
-5556
-9560
-12731
-13655
-11552
-8480
-5492
-3243
-983
1095
1475
915
583
1131
1909
2563
4360
7914
11689
13825
14084
12916
10340
5504
-1101
-7724
-13248
-16905
-18368
-17042
-12901
-7406
-1679
3784
8350
11484
12383
11195
9322
7388
5471
3721
2701
2860
3245
2854
1586
-41
-1838
-4247
-7036
-9103
-9560
-8388
-6243
-3300
376
3915
6399
7314
7096
6051
3918
1165
-1379
-2909
-3359
-3342
-2726
-1638
-550
-98
-802
-1666
-3082
-4964
-6738
-8261
-8157
-6974
-5143
-3790
-2392
-1536
-1445
-697
-152
3399
6255
6704
6593
4938
5252
3779
183
-3089
-6375
-7039
-6540
-4835
-2046
172
2007
3114
3123
2033
516
-943
-1955
-3058
-3274
-702
3637
7767
10039
10805
11336
10029
6221
1529
-2941
-6287
-9625
-11754
-10563
-7890
-5452
-4618
-3923
-2249
-1233
-786
-153
1492
3570
5316
7769
11459
14678
15256
13241
9685
5640
874
-4979
-10309
-14324
-16573
-16535
-14279
-9668
-4554
-488
2771
5495
7815
8792
8708
8461
7870
6986
6046
5783
5710
4495
1724
-1645
-4519
-6808
-8481
-9309
-8774
-7205
-4970
-1921
1527
4433
5635
5349
4490
3503
2378
1182
551
347
260
309
433
986
932
-153
-1773
-3403
-4389
-5240
-5761
-5942
-5675
-5501
-5175
-4709
-4090
-3590
-3835
-4424
-4595
-3420
244
6098
10162
11477
10266
8586
7301
3304
-2282
-7278
-10049
-9793
-8310
-5491
-1804
1208
2734
2314
630
-1202
-2568
-3437
-3452
-2360
1082
6627
11745
15000
15625
14264
11007
5421
-768
-6045
-10050
-12711
-13617
-11376
-7339
-4271
-2656
-2114
-1852
-2207
-2966
-2089
611
3938
7290
11095
15523
18537
18176
15021
10162
4113
-2522
-8732
-13034
-15383
-16157
-14652
-10965
-6184
-1986
861
3108
5227
6937
8203
9494
10737
11404
10672
8905
6935
4303
594
-3953
-7639
-9402
-9854
-9148
-7275
-4263
-1069
1189
2789
4079
4715
3915
2225
1016
650
619
367
374
674
647
-141
-1447
-2375
-3146
-4103
-4970
-5102
-4308
-3579
-3157
-3256
-2825
-2611
-3104
-3544
-3971
-3848
-4140
-4454
-4131
-2584
-672
2625
6443
8382
8688
6479
4318
2048
-1565
-4565
-6975
-7627
-6290
-4094
-1232
584
942
694
-384
-2137
-3631
-3585
-1492
1237
3666
7114
11349
14360
14365
11550
8161
4177
-767
-5170
-7776
-8266
-8378
-8375
-6918
-5025
-4009
-4474
-5262
-4688
-3148
-645
3198
8008
12564
15535
16825
16678
14675
10802
5743
250
-4658
-8226
-10141
-10636
-10523
-10060
-9026
-7731
-5980
-3868
-1657
649
2776
5523
8748
11510
13064
12620
10597
7514
3682
-298
-3855
-6657
-8440
-9170
-8691
-6634
-3839
-1651
-531
-146
168
459
392
296
487
850
1142
1403
2045
2392
1625
-114
-2109
-3358
-3941
-4096
-3882
-3267
-2529
-2057
-1756
-1695
-1557
-2042
-2617
-2982
-3363
-3223
-3106
-2661
-3350
-4420
-4329
-2518
2471
6707
8848
9089
7324
6122
3735
130
-3001
-5527
-6059
-4431
-1644
1408
2837
2366
1123
-1188
-3617
-4907
-4347
-1988
581
3561
7646
11922
14495
13736
10484
6166
1460
-2991
-6191
-7423
-7689
-7877
-7367
-5783
-4560
-4732
-5777
-6459
-5981
-4360
-914
4148
9033
12340
13889
14426
13644
11050
7378
3592
12
-3361
-5895
-7305
-8202
-9573
-11131
-11545
-10775
-8972
-6263
-2398
2496
7079
10952
13648
14551
13427
10164
5687
1249
-2413
-4776
-5670
-5580
-5034
-4443
-3977
-3417
-3119
-3342
-3440
-2867
-1536
295
2256
4007
4917
4590
3364
1956
569
-1003
-2514
-3231
-3057
-2624
-2034
-1146
-325
41
-477
-1696
-2249
-2590
-2828
-2909
-2198
-1072
-1015
-1023
-1713
-2129
-3131
-5102
-4815
-3754
-943
3536
6719
8632
7750
5518
3813
1349
-1362
-3031
-3499
-2122
177
1804
2784
1789
-447
-2734
-5367
-6424
-5754
-3304
325
3431
6466
9197
10947
10839
8677
6012
3356
841
-963
-1906
-2658
-3973
-5786
-7050
-7558
-8258
-8784
-8416
-6605
-3458
42
4079
7772
9895
10249
9344
8373
7382
6013
4568
3103
1307
-897
-3473
-6174
-8803
-11171
-12214
-11225
-8329
-4159
151
3937
6618
8025
8315
7449
6037
4485
3064
2303
2025
1962
1852
1129
-394
-2410
-4160
-4910
-4647
-4093
-3263
-1808
-60
1413
2264
2553
2367
1606
631
-14
-160
-269
-849
-1355
-1416
-1413
-1221
-1035
-508
-255
-834
-1109
-1442
-1598
-1837
-2093
-2128
-2198
-2809
-3467
-3270
-3747
-3962
-5422
-6918
-6234
-4310
845
5899
8587
9010
7475
6401
4904
2375
-1
-1258
-1262
105
1734
2118
680
-2813
-6080
-8671
-10137
-8866
-5478
-699
3441
6596
9818
11722
11742
9927
7371
5039
2783
1100
312
-524
-2699
-5657
-8078
-9106
-9597
-10118
-9415
-7719
-5094
-1851
2074
6305
8734
9208
8923
9129
9712
9740
9244
8196
6140
2601
-1181
-4537
-7649
-10372
-12040
-11176
-8446
-4757
-897
2723
5157
5691
5319
4678
4636
4664
4508
4506
4720
5058
4843
3942
1825
-930
-3696
-5833
-6221
-5683
-4873
-3808
-2594
-1352
-322
161
226
11
-564
-1030
-1051
-528
-125
-247
-441
-754
-750
-279
-216
-403
-671
-1581
-2166
-2808
-3664
-3314
-3415
-3149
-2250
-2393
-2238
-2392
-3679
-4915
-6455
-6383
-3884
-223
4812
8649
9312
7258
4563
2602
868
-1189
-2226
-1226
703
2865
3334
1566
-1718
-5551
-7703
-8608
-7578
-4263
30
4106
6393
7773
9033
9140
7994
6639
6090
6052
5408
3737
1844
-1081
-4993
-8119
-9553
-9323
-8797
-7747
-5299
-2534
-33
1961
3809
5293
5718
5952
7218
9352
10809
10744
9409
7192
3925
-167
-3881
-7149
-9805
-11268
-10906
-8616
-5817
-3091
-1083
215
1187
1618
2469
3472
4336
5015
5464
6172
6563
6091
4236
1738
-800
-3208
-4806
-5464
-5092
-4464
-3792
-3070
-2422
-1910
-1871
-1977
-1958
-1708
-1257
-456
667
1723
2289
2311
2092
1619
965
363
-454
-1185
-2164
-3128
-3273
-3772
-3873
-3679
-3201
-2608
-3114
-2904
-3081
-3430
-4198
-5664
-5405
-4084
-1334
3557
7996
9846
8599
5205
2688
1173
-870
-1734
-1009
509
2839
3884
3461
888
-3451
-6109
-6880
-5966
-3676
-696
2603
4487
4735
4932
5226
5155
5072
5330
6147
6499
5410
3504
733
-2509
-5464
-7052
-6438
-5401
-4906
-4706
-4538
-4189
-3878
-2836
-670
1742
3857
6163
8844
10855
11057
9339
7017
4467
1725
-453
-2163
-3566
-5364
-7053
-7436
-6947
-6048
-5204
-4594
-3711
-2593
-1161
746
2219
3348
4043
4794
6335
7440
7481
6067
3506
862
-1569
-3480
-4443
-4562
-4558
-4248
-3780
-3495
-3387
-3813
-3871
-3230
-2019
-160
1798
3840
5051
4985
4179
2990
2005
1187
598
327
328
-207
-932
-1370
-2425
-3030
-3692
-4181
-3725
-3638
-2846
-3119
-3554
-3515
-3780
-2982
-2230
-537
1659
4622
6791
6375
3806
554
-325
-665
-184
1260
2518
3711
3378
2353
-5
-3456
-5797
-6071
-4382
-2670
-873
1137
2416
2232
1335
1780
2815
4075
5179
6446
7390
6200
3969
1533
-394
-2021
-3221
-2806
-2234
-2523
-3939
-5274
-5842
-5985
-5138
-3208
-211
2573
4593
6011
6504
6247
5170
4556
4162
3400
2453
999
-603
-2760
-4971
-6157
-6171
-5490
-4791
-4428
-4134
-3436
-2718
-1615
-461
826
2513
4270
6268
7294
7008
5567
3456
1509
227
-56
-37
-267
-926
-1639
-2305
-3210
-4063
-4439
-3943
-2751
-1150
603
2037
2907
2962
2731
2777
3002
3110
2777
2095
1265
201
-1079
-2016
-2481
-2750
-2692
-2624
-2518
-2510
-2539
-2409
-2485
-2844
-3296
-3568
-3500
-3403
-3159
-2276
-1541
1145
4217
5250
4005
706
-475
80
698
1582
2241
2546
2533
2265
1332
-596
-3224
-4280
-3446
-2609
-1707
-1096
-682
-1175
-2249
-1182
1418
4195
5950
6650
6942
5844
3920
2240
1208
540
-109
-326
-183
-739
-2598
-4548
-5878
-6185
-5263
-3427
-557
1724
2727
2854
2484
2649
2985
3531
4040
3987
3450
2380
1042
-341
-1559
-2474
-2809
-2914
-3027
-3364
-3998
-4366
-4176
-3321
-2299
-1191
-8
1334
2242
2239
1805
1351
1468
1896
2535
3110
3163
2677
1707
801
-74
-902
-1354
-1557
-1415
-1142
-953
-735
-533
-415
-159
252
910
1703
2091
2132
1757
1232
773
251
59
86
1
168
-89
-344
-722
-1835
-2001
-2440
-3016
-3461
-4267
-4688
-5548
-5994
-5549
-3870
-2129
825
3945
4070
2333
-725
-1226
148
1125
2837
3849
4452
4290
3538
2024
-1071
-3680
-4036
-2353
-1572
-1589
-1313
-1122
-1208
-1535
456
3349
4911
5233
4551
4455
3513
2157
1659
1609
1854
1387
1156
915
-370
-2782
-5009
-5117
-3730
-1352
740
2159
2298
653
-767
-1528
-958
164
903
1749
1775
1398
500
-606
-1339
-1772
-1441
-610
375
615
71
-923
-1922
-2101
-1802
-872
-71
248
479
123
-12
-77
158
760
1348
2168
2456
2353
1851
1543
1528
1555
1753
1820
1695
1122
627
176
-102
-72
-70
412
746
947
1030
810
521
-243
-862
-1127
-944
-562
-405
-198
-374
-772
-1473
-1678
-1844
-2334
-2528
-3075
-2576
-2618
-3261
-3464
-4209
-4254
-3939
-3541
-1844
657
2061
1322
-1198
-2490
-817
1208
2645
3266
2698
2337
1560
527
-913
-2679
-2360
-648
561
945
1149
1519
937
-161
192
1893
2805
2792
2982
3188
2560
827
128
574
823
873
655
782
472
-108
-40
129
289
484
961
1090
258
-1065
-2240
-2781
-2879
-2256
-1458
-1013
-996
-1639
-2234
-2594
-2084
-806
400
1598
2191
2060
1117
-239
-935
-1089
-1197
-1375
-1509
-1236
-776
-812
-1100
-1432
-1245
-452
476
1664
2472
2598
2431
2347
2678
2947
2833
2708
2825
2998
3144
3185
3107
2806
2108
1502
1110
807
596
389
203
-204
-797
-1142
-1163
-1155
-1379
-1775
-2092
-2155
-2031
-1734
-1311
-807
-674
-620
-408
-419
-734
-1931
-2794
-3181
-3408
-3410
-3733
-3802
-3507
-2137
-399
-199
-1438
-2286
-1242
270
768
473
116
418
1214
2459
3202
3034
3084
3612
3840
2800
1647
1157
577
-239
-682
-85
250
-372
-1117
-1166
-622
-257
297
1101
1774
2050
1887
2166
2590
2513
1778
642
-110
-587
-922
-1217
-1822
-2794
-3859
-4310
-3818
-2844
-2116
-1773
-1575
-1211
-438
405
965
1040
823
852
1021
1078
824
242
-182
-422
-430
-271
-70
-151
-426
-628
-649
-229
-214
-178
-81
2
463
904
1741
2650
3311
3730
3915
4083
4082
3925
3687
3536
3343
3013
2667
2180
1586
663
-367
-1424
-2416
-3031
-3257
-3102
-3077
-3054
-2763
-2380
-1811
-1519
-1415
-868
-391
250
519
118
-178
-988
-1887
-2414
-2540
-2571
-2697
-3313
-4162
-4619
-4444
-2533
-1275
-2298
-3713
-3858
-1710
553
1597
2425
3071
3992
5203
5580
4360
2638
2133
2597
2339
1274
932
693
-440
-1366
-762
776
829
-45
363
1429
2019
1646
1593
2050
1533
786
593
861
847
149
-692
-1994
-3563
-4103
-3345
-2632
-2806
-3150
-2836
-2054
-1381
-489
222
114
-62
79
363
155
-427
-613
-760
-780
-431
-108
-93
-428
-380
97
288
226
21
-300
-572
-697
-528
89
742
1369
1794
1910
2253
2656
3129
3646
4065
4556
4974
5250
5121
4558
3990
3589
3115
2404
1637
887
9
-1029
-1784
-2029
-2036
-2186
-2668
-2992
-3176
-3177
-2833
-2216
-1432
-968
-810
-642
-338
121
176
-357
-1000
-1907
-2854
-3451
-4030
-4739
-5486
-5847
-5285
-5081
-5248
-4138
-1901
-234
-580
-1756
-1485
326
2176
3436
3863
3563
3431
3668
3840
3194
2056
2017
2579
2199
1162
737
1183
1170
688
1144
2220
2157
980
455
619
226
-713
-1008
-512
-510
-1023
-1167
-1079
-1231
-1601
-1715
-1887
-2376
-2359
-1404
-385
-388
-891
-1110
-1061
-911
-472
327
598
94
-417
-564
-400
-28
665
1208
1168
977
955
1000
685
401
482
465
246
-33
-129
-91
-29
22
239
729
1389
2067
2239
2567
3474
4442
5099
5066
4830
4582
4183
3840
3512
3332
3111
2423
1261
-84
-1060
-1570
-1951
-2306
-2608
-2877
-3014
-2872
-2321
-1626
-1279
-1241
-1230
-992
-617
-604
-890
-1023
-1246
-1706
-2456
-3515
-4248
-4760
-4779
-4254
-4215
-4266
-4149
-4046
-4088
-4619
-3927
-1102
1143
957
-956
-1782
101
2266
3051
2764
1916
1512
1911
2502
2670
2486
3056
4267
3872
2257
1733
2231
2078
851
687
1623
1191
-362
-919
-129
410
28
-358
-622
-1428
-2035
-1606
-837
-572
-926
-1289
-1557
-1830
-1746
-1587
-1609
-1765
-1982
-1976
-1865
-1397
-512
283
754
807
838
1172
1600
2084
2535
2563
2103
1469
1003
760
415
53
-144
-509
-1121
-1742
-2073
-1815
-1315
-696
120
749
1362
1805
2061
2793
3666
4348
4658
4592
4553
4321
3658
2837
2049
1334
711
86
-501
-1045
-1410
-1475
-1417
-1257
-1084
-1022
-1046
-1041
-756
-379
-242
-326
-654
-1105
-1570
-1872
-1729
-1616
-1910
-2321
-2866
-3238
-3229
-3388
-3422
-3238
-3371
-3480
-3705
-3504
-2525
-1964
-1712
-1586
-1886
-2091
-1355
328
1148
164
-706
710
3019
3748
3190
2379
1862
1792
2200
2700
2074
964
1148
2027
2005
1495
1849
2440
1968
1094
1519
2542
2112
932
883
1657
1640
512
-436
-732
-1350
-2232
-2669
-2926
-3449
-3994
-3945
-3406
-3094
-2815
-1975
-1062
-625
-536
-294
353
1008
1721
2401
2500
2241
2041
2020
1863
1376
973
537
-312
-1175
-1551
-1561
-1385
-1001
-377
107
88
188
801
1643
2427
2908
3246
3562
3768
3769
3496
3148
2919
2639
2159
1611
1190
959
693
461
297
179
176
190
245
322
439
513
503
304
47
-11
7
57
-123
-502
-832
-1153
-1372
-1755
-2274
-2663
-2965
-3035
-3089
-3090
-2974
-3002
-3165
-3340
-3504
-3626
-3661
-3503
-3038
-2308
-1508
-921
-655
-592
-534
-663
-719
85
991
620
-859
-1532
-19
1808
2058
1242
384
129
654
1766
2698
2632
2319
2835
3451
3178
2912
3476
3812
2835
1547
1361
1412
359
-892
-1079
-872
-1457
-2379
-2486
-2001
-1939
-2148
-1949
-1618
-1554
-1522
-1156
-608
-242
181
769
920
415
-312
-591
-440
-298
-263
-390
-753
-1237
-1332
-928
-429
-116
-50
-27
10
323
1067
1723
2057
2217
2421
2477
2076
1798
2001
2296
2360
2106
1742
1252
720
587
818
1108
1325
1347
1354
1416
1384
1210
771
444
470
586
643
590
478
365
199
70
-27
-234
-529
-686
-757
-841
-1123
-1711
-2195
-2349
-2212
-2131
-2204
-2104
-1885
-1752
-1760
-1644
-1560
-1777
-2015
-2110
-2053
-2280
-2693
-2908
-3037
-3207
-3287
-3356
-3469
-3295
-3126
-3029
-3123
-2963
-1458
72
286
-355
-534
1255
3517
4250
3912
3166
2985
3704
4520
4811
4048
2874
2640
2690
1866
994
967
1171
525
-554
-442
170
-287
-855
-197
1087
1369
616
371
662
529
228
284
237
-584
-1621
-1841
-1509
-1490
-1795
-2000
-2116
-2383
-2596
-2288
-1592
-950
-519
-264
-149
-217
-358
-232
102
441
774
1031
1217
1326
1391
1440
1451
1513
1794
1944
1936
2086
2382
2612
2438
2168
2046
1790
1505
1400
1441
1406
1290
1397
1639
1629
1308
883
527
288
103
-39
-191
-518
-875
-1041
-1046
-950
-1050
-1236
-1208
-1078
-1046
-1177
-1300
-1297
-1361
-1394
-1158
-834
-736
-936
-1293
-1675
-2002
-2154
-2162
-2389
-2810
-3183
-3320
-3064
-2821
-2601
-2454
-2600
-2684
-2703
-2342
-1472
-777
-342
-274
-219
693
2038
2644
1771
430
757
2487
3209
2341
1334
1255
1940
2455
2705
2570
1872
1857
2513
2695
2295
2292
3029
3077
2021
1703
2472
2519
1308
387
467
128
-1231
-1987
-1566
-1349
-1903
-2323
-2046
-1892
-2319
-2439
-2029
-1844
-2142
-2376
-2134
-2018
-2319
-2389
-1911
-1285
-955
-756
-422
-246
-323
-79
734
1452
1609
1453
1547
1887
2099
2199
2151
2107
2244
2310
2266
2253
2455
2806
2824
2576
2579
2739
2695
2465
2215
2022
1661
1189
926
661
240
-218
-643
-960
-1238
-1286
-1085
-911
-799
-610
-418
-392
-392
-295
-246
-477
-912
-1303
-1582
-1857
-2090
-2164
-2031
-1964
-2177
-2462
-2578
-2427
-2225
-2176
-2143
-1861
-1506
-1226
-959
-891
-693
-565
-581
-564
-1098
-1493
-1573
-1575
-1294
-1426
-1606
-1638
-1724
-769
707
1197
417
-771
-335
1441
2133
1818
1737
2047
2809
3381
3671
3545
2481
2102
2740
2465
1485
1096
1550
1490
55
-339
802
896
-384
-1083
-336
81
-1022
-1868
-1437
-1250
-1890
-2195
-1761
-1588
-2224
-2477
-1953
-1852
-2244
-2300
-1746
-1466
-1942
-2051
-1496
-962
-791
-694
-341
-78
-17
358
996
1252
1172
1231
1695
2249
2547
2852
3057
2938
3026
3255
3233
2781
2088
1775
1596
1146
852
755
676
584
509
614
569
421
620
853
760
572
459
498
398
139
-6
-311
-785
-1133
-1267
-1312
-1468
-1671
-1823
-2026
-2029
-1631
-1230
-1041
-880
-523
-67
109
49
34
-41
-157
-197
-226
-227
-429
-812
-1104
-1301
-1311
-1213
-1256
-1242
-1217
-1251
-1182
-1224
-1186
-999
-902
-793
-656
-409
-21
55
281
961
1145
301
-717
-310
1257
1857
1036
307
284
635
1131
1559
1465
543
84
927
1274
509
116
651
827
-187
-500
810
1407
369
-455
-78
190
-661
-1115
-269
160
-715
-1545
-1562
-1524
-2079
-2313
-1653
-1319
-1736
-1957
-1516
-985
-934
-605
351
925
694
396
747
1216
1170
944
843
642
419
662
1290
1659
1622
1619
1820
1824
1930
2480
2811
2524
2052
2239
2634
2376
2064
2067
1856
1103
458
489
427
-141
-582
-591
-594
-790
-724
-495
-548
-838
-838
-651
-709
-670
-436
-201
-308
-572
-486
-302
-129
-54
-130
-190
-196
-147
-150
-175
-25
145
145
-14
-166
-400
-689
-848
-833
-691
-749
-852
-928
-1120
-1215
-1128
-917
-756
-798
-867
-934
-1072
-1045
-921
-1048
-1379
-1549
-1303
-944
-1115
-1204
-790
-568
-783
-1118
-624
556
1006
670
278
292
780
1245
1470
1313
753
621
1130
1181
634
255
490
629
-186
-660
45
621
210
-334
56
688
426
127
609
978
558
-23
0
21
-692
-1357
-1233
-1010
-1250
-1667
-1750
-1773
-2174
-2309
-1814
-1266
-984
-806
-430
-83
63
530
1137
1255
983
932
1351
1791
1968
2237
2549
2474
2212
2232
2533
2511
2022
1699
1526
1247
1002
889
881
700
348
98
-135
-479
-672
-694
-570
-423
-455
-440
-282
-131
-92
-215
-139
177
192
-132
-358
-331
-266
-375
-501
-419
-384
-419
-431
-472
-499
-585
-689
-685
-594
-371
-234
-348
-502
-566
-529
-480
-483
-544
-747
-1140
-1432
-1471
-1409
-1338
-1384
-1501
-1533
-1344
-888
-530
-470
-547
-631
-515
-191
68
122
78
99
106
-279
-670
-343
294
507
270
138
391
597
745
1024
1177
1055
1078
1335
1358
1021
854
1149
1172
647
398
620
665
213
-118
48
83
-275
-430
-239
-271
-783
-1322
-1420
-1510
-1872
-2077
-1969
-1804
-1787
-1680
-1199
-711
-487
-365
-90
366
712
955
1220
1438
1626
1735
1733
1628
1446
1362
1401
1323
1109
873
672
672
921
1307
1521
1338
1077
1145
1381
1449
1317
1268
1284
1050
725
543
448
232
-166
-452
-577
-686
-714
-765
-967
-1136
-1174
-1079
-1001
-931
-625
-334
-330
-432
-447
-336
-241
-232
-359
-619
-836
-818
-688
-670
-687
-559
-329
-127
64
225
265
96
-99
-196
-235
-177
-104
-102
-297
-533
-617
-702
-820
-861
-792
-793
-940
-1018
-862
-678
-654
-572
-401
-253
-264
-278
-9
302
313
62
-184
37
670
1095
1070
896
989
1375
1586
1484
1281
996
744
534
131
-305
-586
-627
-523
-726
-977
-904
-702
-697
-821
-700
-313
-32
68
265
545
596
413
317
358
284
24
-263
-498
-647
-677
-634
-698
-841
-771
-470
-119
80
100
145
286
540
897
1132
1172
1116
1171
1376
1469
1320
1076
917
858
864
856
756
576
404
315
270
215
203
281
402
263
-94
-310
-413
-417
-482
-548
-565
-847
-1093
-1051
-848
-709
-781
-843
-787
-712
-521
-277
-337
-514
-469
-279
-40
78
200
272
178
143
164
244
339
455
608
710
757
810
757
524
232
-63
-252
-329
-383
-467
-685
-986
-1123
-1184
-1102
-896
-665
-345
-171
-69
61
231
563
855
873
702
531
440
337
266
341
394
139
-230
-327
-76
136
35
-26
112
237
323
445
517
448
276
286
410
426
358
235
152
16
-185
-308
-399
-541
-626
-612
-599
-658
-705
-651
-552
-525
-581
-561
-434
-288
-221
-187
-166
-219
-323
-415
-409
-352
-268
-188
-122
-131
-79
90
213
272
272
300
337
381
464
576
636
637
676
789
974
1094
1088
1001
854
744
702
683
600
396
133
-97
-256
-379
-476
-621
-854
-1150
-1303
-1236
-1103
-927
-926
-954
-797
-470
-96
81
142
167
114
146
347
434
304
174
210
257
102
85
311
338
186
195
482
777
844
904
954
820
686
660
707
769
724
600
353
35
-174
-275
-367
-452
-520
-555
-569
-577
-441
-293
-256
-285
-389
-493
-537
-528
-480
-506
-607
-706
-809
-809
-737
-698
-724
-850
-942
-922
-806
-595
-453
-463
-463
-369
-209
-61
-12
71
164
200
285
333
336
350
466
655
723
684
753
856
846
823
843
794
586
404
383
378
277
145
65
-49
-268
-381
-313
-260
-311
-315
-209
-87
-4
65
52
-38
-106
-59
9
-9
-75
-193
-336
-473
-466
-331
-256
-273
-270
-222
-191
-149
-26
138
220
193
152
101
10
-92
-103
-55
-100
-245
-421
-502
-486
-459
-469
-428
-322
-261
-301
-324
-218
-18
121
165
205
267
343
387
490
576
546
452
403
450
532
573
601
665
691
678
663
730
837
821
722
587
480
514
626
656
431
169
149
256
202
104
155
187
19
-184
-61
195
199
16
-128
-192
-280
-352
-323
-348
-451
-483
-458
-455
-494
-503
-450
-402
-326
-170
-96
-157
-246
-288
-202
-132
-94
-39
-109
-211
-234
-149
-13
97
176
219
248
281
370
469
527
549
535
453
339
215
130
50
-60
-177
-306
-432
-516
-579
-606
-585
-541
-453
-404
-390
-401
-397
-280
-220
-201
-159
-198
-217
-253
-287
-223
-205
-259
-265
-186
-17
39
-53
-103
-78
13
53
-11
-94
-170
-205
-162
-78
-16
-44
-63
19
137
295
415
485
588
724
894
1102
1267
1329
1294
1231
1164
1111
1011
847
649
376
156
22
-44
-120
-252
-337
-320
-257
-180
-118
-100
-97
-105
-76
-5
-18
-121
-209
-203
-204
-239
-233
-236
-275
-329
-369
-339
-337
-400
-405
-357
-325
-320
-316
-328
-354
-394
-439
-485
-564
-618
-611
-592
-580
-536
-434
-305
-210
-105
66
218
303
357
417
465
466
538
692
782
713
585
564
552
466
349
277
242
166
63
-41
-187
-343
-385
-315
-277
-352
-490
-555
-569
-586
-536
-470
-453
-460
-437
-319
-183
-105
-102
-91
-89
-165
-259
-362
-462
-534
-601
-681
-766
-856
-938
-987
-1014
-1015
-999
-966
-896
-772
-562
-359
-189
-1
194
412
578
676
765
829
862
816
765
740
712
701
660
590
538
507
487
484
423
313
189
128
160
197
175
70
-15
-57
-31
46
54
3
-45
-62
-80
-111
-61
45
109
109
125
213
239
131
19
-2
-8
-74
-130
-125
-82
-50
7
120
192
207
255
365
467
514
586
696
762
794
847
962
1039
1021
1060
1124
1152
1157
1116
1096
1046
933
861
840
807
737
662
521
327
136
6
-64
-146
-264
-411
-539
-685
-791
-801
-793
-808
-857
-892
-897
-879
-896
-934
-962
-1012
-1009
-966
-925
-885
-900
-962
-1048
-1102
-1090
-1049
-1041
-1085
-1143
-1151
-1034
-867
-711
-621
-595
-558
-493
-422
-327
-243
-178
-113
-35
78
170
243
329
418
504
562
586
619
644
664
675
648
593
558
520
502
434
340
276
213
178
141
135
122
104
95
128
185
204
212
215
217
226
188
101
4
-80
-141
-182
-193
-198
-151
-110
-109
-134
-139
-83
-13
74
170
245
297
297
274
289
353
423
484
497
478
447
434
445
474
567
618
577
482
437
490
557
580
544
500
439
392
353
316
283
250
248
244
181
142
126
119
115
62
0
-52
-128
-223
-249
-224
-217
-252
-273
-243
-232
-289
-371
-402
-408
-443
-527
-562
-548
-544
-578
-601
-596
-629
-692
-751
-756
-716
-669
-624
-579
-577
-594
-580
-512
-443
-398
-348
-308
-260
-204
-100
21
113
140
114
92
81
96
106
113
109
101
116
156
180
201
200
221
288
340
371
378
377
364
328
232
167
144
70
-58
-195
-270
-345
-458
-547
-574
-570
-580
-607
-585
-540
-506
-441
-346
-268
-254
-247
-172
-77
11
90
180
282
334
367
421
481
485
503
574
617
643
657
704
738
749
789
816
814
758
728
767
804
796
757
757
759
712
663
623
564
448
315
249
217
162
79
-9
-72
-99
-104
-88
-110
-141
-116
-101
-111
-109
-90
-67
-120
-263
-363
-435
-517
-607
-709
-743
-778
-872
-918
-923
-916
-954
-990
-932
-852
-759
-666
-551
-470
-433
-406
-381
-358
-356
-360
-370
-354
-329
-306
-281
-263
-271
-271
-265
-262
-261
-226
-159
-66
46
128
198
270
354
414
440
455
470
480
509
529
550
530
429
336
303
339
348
302
187
39
-79
-120
-68
-30
-31
-96
-168
-156
-119
-79
-51
-70
-121
-188
-200
-136
-107
-97
-101
-120
-121
-108
-68
0
14
-36
-59
-3
123
256
363
442
511
562
648
730
741
706
658
650
641
617
558
468
388
344
332
343
351
318
263
217
223
291
358
401
426
424
415
380
309
266
217
120
16
-120
-263
-384
-508
-556
-597
-658
-716
-751
-745
-714
-627
-519
-436
-436
-437
-381
-312
-230
-170
-107
-72
-73
-52
-21
18
22
16
18
-15
-40
-27
37
115
154
199
229
248
289
306
307
270
229
251
289
298
266
192
124
71
25
-2
-74
-205
-293
-323
-347
-313
-307
-313
-321
-338
-301
-305
-309
-303
-328
-374
-419
-412
-386
-383
-421
-432
-390
-384
-412
-424
-414
-429
-483
-472
-391
-314
-272
-244
-177
-102
-45
9
63
83
63
57
102
139
143
170
198
179
106
48
26
-5
-55
-79
-84
-99
-103
-65
13
76
112
166
234
279
306
327
356
351
330
295
249
227
220
208
168
111
66
76
81
87
92
47
4
-57
-45
31
70
52
-23
-60
-29
-9
-7
25
35
11
-22
-34
-2
-9
-22
-1
7
12
-11
-16
38
87
99
83
86
118
162
227
298
315
295
278
261
240
185
118
53
-9
-59
-82
-86
-72
-100
-122
-71
-23
2
-9
-18
24
45
47
47
19
2
-35
-61
-57
-82
-149
-214
-239
-260
-264
-265
-260
-236
-248
-234
-205
-167
-111
-78
-50
-9
64
116
153
225
302
366
407
414
446
463
443
432
397
394
415
400
365
315
278
267
246
216
174
92
18
-17
-32
-44
-101
-190
-253
-294
-324
-357
-351
-325
-328
-330
-347
-342
-328
-316
-267
-210
-175
-175
-180
-148
-107
-89
-41
-18
-35
-39
-26
29
56
25
25
46
76
108
119
130
146
154
187
233
232
201
176
204
240
270
317
325
329
330
355
396
388
334
267
249
274
300
299
262
213
194
202
244
272
265
233
204
199
213
227
179
132
88
52
57
35
13
-20
-67
-93
-109
-105
-121
-178
-216
-217
-198
-221
-275
-318
-352
-399
-457
-498
-532
-557
-571
-577
-577
-608
-646
-614
-573
-529
-507
-497
-436
-374
-302
-186
-88
-25
27
87
182
246
299
366
389
384
350
325
324
297
271
246
203
122
35
-25
-41
-64
-104
-140
-190
-243
-296
-326
-330
-355
-396
-431
-460
-465
-475
-460
-428
-427
-429
-403
-372
-343
-317
-299
-266
-249
-221
-178
-124
-60
-18
5
38
74
107
168
254
325
334
346
387
420
449
472
488
509
543
592
613
612
611
601
587
557
524
498
463
433
418
417
394
331
254
190
168
114
33
-36
-94
-135
-182
-217
-227
-261
-305
-325
-316
-306
-306
-300
-298
-288
-287
-300
-298
-289
-298
-309
-314
-328
-337
-342
-354
-358
-377
-393
-396
-415
-415
-408
-416
-413
-422
-427
-403
-385
-340
-273
-245
-203
-136
-53
38
98
162
247
310
368
429
487
546
571
595
633
686
706
666
663
671
631
589
541
485
414
348
317
273
192
122
78
65
47
-12
-59
-93
-150
-156
-142
-132
-153
-189
-218
-241
-251
-272
-273
-288
-317
-345
-347
-335
-341
-367
-399
-418
-422
-436
-404
-372
-353
-333
-327
-303
-275
-224
-152
-100
-58
-12
34
76
140
204
245
283
307
317
362
419
435
427
408
399
371
335
322
303
256
196
158
122
91
58
24
22
9
-10
-7
-5
-27
-34
-21
2
13
-21
-7
35
46
49
55
54
37
4
-12
-26
-62
-97
-129
-177
-237
-275
-295
-300
-287
-284
-283
-278
-286
-270
-246
-225
-205
-180
-141
-79
-11
32
85
144
191
220
274
336
375
417
431
423
393
397
401
346
303
281
246
205
160
123
70
9
-21
-27
-23
-28
-46
-83
-120
-150
-196
-220
-225
-241
-252
-249
-236
-258
-278
-267
-253
-248
-258
-252
-252
-275
-301
-346
-390
-430
-457
-463
-440
-427
-423
-431
-414
-393
-374
-307
-249
-180
-98
-33
10
40
80
130
188
228
257
294
342
383
420
475
502
505
494
504
525
538
538
521
502
477
449
432
443
433
399
387
366
349
332
311
312
293
245
203
176
143
113
67
31
-15
-86
-143
-179
-191
-232
-289
-331
-377
-417
-454
-483
-497
-509
-539
-533
-521
-500
-486
-490
-465
-420
-371
-322
-249
-193
-153
-92
-48
-21
-7
31
75
135
207
244
262
256
301
345
381
404
381
360
325
289
252
237
198
148
131
129
146
142
136
133
100
60
62
68
52
25
-26
-59
-87
-121
-140
-150
-157
-179
-204
-218
-213
-233
-281
-305
-326
-331
-339
-323
-301
-289
-268
-273
-260
-260
-252
-217
-206
-198
-190
-190
-188
-162
-130
-118
-122
-95
-70
-36
28
67
83
92
106
140
187
229
263
280
310
348
350
369
357
348
346
314
296
278
265
269
270
251
232
216
198
187
189
184
144
88
30
-23
-41
-49
-56
-101
-128
-133
-158
-195
-208
-226
-241
-242
-267
-244
-220
-230
-261
-255
-237
-238
-212
-170
-127
-120
-103
-96
-97
-62
-23
27
45
36
45
63
80
98
105
118
140
151
158
166
214
218
211
237
256
288
313
315
308
298
288
277
266
261
251
209
174
150
117
100
63
30
-1
-12
-2
-21
-49
-67
-100
-138
-157
-178
-202
-242
-262
-281
-294
-319
-366
-395
-399
-386
-382
-395
-401
-414
-428
-416
-388
-361
-337
-314
-284
-263
-248
-214
-199
-176
-145
-105
-61
-22
13
41
96
136
166
216
257
282
304
326
338
372
376
388
405
399
404
402
410
395
390
370
335
323
308
285
251
215
191
186
171
162
125
61
17
-29
-49
-78
-98
-123
-155
-175
-202
-223
-244
-240
-235
-252
-261
-280
-297
-319
-332
-316
-316
-335
-355
-351
-347
-339
-357
-363
-347
-325
-284
-232
-178
-152
-111
-64
-36
8
75
118
143
169
194
232
261
282
298
310
324
314
337
357
353
359
337
310
299
305
302
301
262
220
207
186
175
143
119
82
29
6
-20
-48
-94
-130
-143
-144
-148
-148
-146
-159
-181
-195
-204
-228
-232
-223
-208
-197
-201
-192
-196
-196
-192
-196
-211
-217
-215
-211
-186
-141
-101
-75
-36
3
46
96
135
165
175
184
201
222
250
267
273
273
281
288
285
274
253
217
182
160
153
143
133
103
66
23
0
-13
-34
-56
-78
-111
-145
-150
-162
-174
-198
-206
-213
-220
-223
-231
-218
-234
-254
-265
-280
-276
-254
-224
-198
-176
-159
-131
-81
-44
-19
3
15
28
47
60
82
100
126
138
159
191
194
208
205
200
199
176
186
190
185
202
212
221
219
219
228
238
228
196
168
152
144
120
108
98
76
41
23
32
21
-12
-28
-44
-68
-73
-93
-97
-105
-122
-113
-116
-128
-139
-154
-162
-175
-192
-176
-180
-194
-191
-192
-178
-182
-177
-163
-157
-151
-144
-146
-147
-137
-129
-110
-85
-60
-47
-27
3
35
52
69
76
85
93
101
125
130
132
129
130
131
132
127
118
113
109
97
87
77
42
15
7
-8
-46
-76
-106
-147
-200
-237
-258
-283
-300
-313
-316
-311
-316
-312
-300
-274
-248
-243
-239
-211
-198
-186
-147
-128
-95
-71
-39
-12
-3
40
73
92
110
139
167
185
206
234
260
272
288
311
328
344
347
354
357
350
360
366
359
374
364
348
362
355
341
326
321
306
275
263
244
232
216
179
163
144
107
89
65
43
21
-14
-46
-71
-92
-107
-117
-131
-144
-147
-153
-167
-171
-181
-178
-167
-163
-158
-162
-163
-157
-134
-115
-105
-96
-107
-116
-116
-123
-124
-132
-135
-149
-156
-147
-145
-138
-126
-121
-109
-102
-101
-87
-72
-55
-45
-32
-22
-19
-28
-20
-7
-2
-1
-17
-28
-41
-54
-53
-51
-61
-63
-61
-71
-83
-84
-89
-106
-106
-106
-100
-105
-116
-102
-90
-74
-65
-58
-40
-34
-14
9
22
25
27
40
74
111
116
123
145
164
179
196
210
228
237
238
247
254
253
257
246
235
231
221
209
189
175
162
146
127
120
125
125
132
136
139
140
128
117
106
108
104
92
79
59
37
12
-3
-20
-45
-59
-89
-129
-161
-193
-213
-244
-262
-282
-306
-304
-316
-333
-351
-346
-352
-371
-373
-365
-353
-349
-329
-306
-280
-256
-217
-177
-139
-97
-67
-28
8
45
73
105
139
167
202
216
218
234
246
264
263
250
249
237
220
209
199
192
172
140
117
96
60
32
7
-25
-44
-71
-99
-119
-142
-157
-166
-181
-199
-218
-228
-236
-239
-235
-237
-226
-215
-198
-171
-146
-110
-71
-34
5
32
62
86
117
159
186
208
235
241
239
246
242
235
222
211
200
185
170
154
137
124
102
76
56
33
23
11
-20
-49
-61
-69
-81
-93
-108
-114
-116
-109
-106
-106
-99
-98
-97
-80
-56
-41
-29
-10
18
54
87
104
128
149
163
178
192
204
205
208
204
204
198
177
169
153
137
120
98
77
43
20
-2
-22
-28
-41
-59
-69
-88
-81
-79
-101
-108
-118
-124
-129
-126
-108
-90
-72
-63
-67
-60
-47
-28
-12
2
18
26
24
29
31
26
21
20
12
1
-21
-49
-59
-75
-93
-105
-124
-146
-165
-178
-203
-222
-229
-236
-251
-266
-267
-259
-265
-258
-247
-243
-226
-214
-198
-176
-149
-135
-113
-88
-55
-16
3
29
63
92
132
168
195
232
252
273
296
315
341
334
334
331
324
311
294
289
270
247
220
181
158
137
119
100
72
54
32
4
-20
-37
-53
-76
-97
-110
-123
-139
-153
-158
-156
-148
-137
-119
-99
-83
-69
-47
-34
-17
-7
0
26
50
66
73
88
92
94
100
109
116
123
122
113
111
96
89
87
66
58
48
29
19
8
-4
-17
-34
-52
-57
-74
-92
-109
-132
-138
-150
-148
-145
-153
-157
-164
-162
-162
-153
-138
-125
-106
-96
-83
-70
-52
-37
-19
2
22
47
53
60
68
71
85
82
93
99
94
101
101
105
110
111
104
109
111
113
122
124
116
102
92
85
73
63
54
35
8
-15
-38
-57
-78
-99
-113
-127
-144
-158
-170
-188
-200
-202
-208
-214
-210
-203
-203
-202
-197
-201
-206
-207
-203
-189
-180
-176
-161
-146
-132
-109
-98
-96
-81
-66
-44
-18
-3
18
37
57
80
91
104
119
133
141
138
142
133
121
125
127
129
131
134
134
135
142
154
157
168
173
170
173
166
162
161
164
165
172
169
157
148
143
133
123
108
97
84
71
63
54
41
25
20
22
19
14
4
-2
-13
-18
-24
-30
-32
-50
-71
-83
-95
-103
-109
-113
-114
-114
-111
-110
-104
-92
-86
-74
-64
-64
-65
-63
-62
-64
-61
-59
-52
-44
-45
-39
-38
-50
-53
-52
-45
-41
-42
-40
-40
-37
-32
-29
-19
-17
-11
-4
-8
-9
-13
-18
-21
-18
-14
-14
-11
-9
-7
-5
3
2
3
3
-3
-5
-8
-12
-8
-6
-5
0
-3
-7
-12
-12
-12
-20
-23
-33
-43
-52
-61
-71
-69
-65
-62
-64
-60
-51
-46
-48
-48
-42
-37
-26
-23
-21
-16
-9
-3
-4
4
11
15
21
31
39
36
38
46
58
64
72
80
82
89
97
104
107
108
110
111
110
108
108
104
90
80
70
60
50
45
38
26
15
0
-8
-13
-21
-19
-16
-17
-18
-16
-12
-10
-5
5
7
15
21
27
34
34
41
49
55
58
63
71
77
77
79
77
74
70
65
58
49
37
24
8
-11
-26
-47
-62
-78
-92
-101
-117
-129
-139
-145
-153
-157
-158
-155
-152
-147
-137
-129
-120
-108
-94
-82
-70
-49
-32
-16
2
12
24
37
51
65
80
90
102
114
123
129
136
139
138
145
145
143
140
134
126
111
96
80
64
48
26
8
-8
-28
-48
-68
-87
-105
-120
-134
-146
-156
-163
-168
-173
-175
-177
-172
-168
-160
-148
-139
-126
-114
-96
-78
-64
-44
-24
-2
16
33
48
63
74
89
96
97
103
104
105
98
89
78
62
53
39
21
6
-12
-30
-48
-66
-85
-97
-107
-112
-115
-114
-111
-109
-101
-91
-78
-64
-50
-32
-12
4
20
37
50
69
88
100
112
122
134
140
143
145
146
144
140
139
132
125
117
107
96
80
68
55
42
29
17
8
-3
-10
-19
-25
-34
-39
-43
-44
-42
-41
-39
-39
-45
-39
-37
-34
-31
-31
-25
-18
-18
-16
-14
-11
-7
-8
-4
-5
-4
0
-1
-4
-7
-7
-5
-6
-9
-11
-10
-13
-13
-14
-15
-19
-21
-27
-38
-42
-44
-47
-56
-63
-69
-70
-74
-83
-87
-91
-91
-90
-92
-92
-87
-80
-73
-67
-63
-56
-47
-35
-24
-12
1
12
27
41
53
66
79
92
103
112
121
127
132
135
138
140
144
147
144
140
142
141
137
125
113
106
105
95
81
66
53
42
29
11
-9
-24
-32
-43
-59
-78
-89
-96
-105
-116
-125
-130
-134
-137
-143
-147
-144
-143
-138
-134
-123
-111
-100
-87
-71
-55
-34
-17
-2
19
40
62
78
89
103
119
134
146
147
148
151
155
153
146
134
121
109
97
74
51
33
12
-8
-35
-63
-84
-102
-117
-136
-152
-162
-166
-166
-172
-179
-175
-165
-155
-149
-142
-127
-105
-83
-65
-51
-32
-5
22
40
51
66
89
110
121
126
131
140
149
150
144
136
128
126
118
105
90
74
65
58
46
30
15
5
-2
-13
-21
-28
-35
-32
-34
-36
-34
-34
-30
-28
-27
-19
-13
-10
-6
-1
12
25
26
25
29
43
55
50
37
35
52
69
65
44
29
34
46
35
0
-28
-33
-28
-44
-84
-116
-128
-125
-138
-173
-201
-207
-198
-201
-225
-244
-239
-224
-212
-210
-209
-188
-156
-129
-111
-93
-61
-24
11
36
59
95
132
162
181
202
225
251
265
271
276
281
287
281
268
255
245
233
208
181
152
125
103
73
37
8
-14
-36
-61
-89
-110
-121
-132
-145
-161
-163
-160
-158
-159
-158
-151
-134
-120
-112
-105
-90
-66
-46
-35
-22
-6
18
37
44
50
59
77
91
91
87
88
95
100
93
82
74
70
68
55
38
24
14
3
-11
-30
-43
-52
-57
-68
-82
-90
-95
-95
-98
-98
-95
-89
-84
-81
-75
-63
-46
-36
-28
-14
6
28
37
46
56
71
88
93
93
96
107
110
105
88
76
73
66
49
25
8
-3
-22
-45
-72
-91
-102
-115
-132
-152
-161
-160
-160
-166
-169
-160
-143
-126
-117
-103
-84
-52
-24
-3
19
46
80
108
131
146
166
187
208
218
219
223
229
236
232
218
202
186
173
153
127
97
70
49
27
-1
-32
-60
-84
-104
-123
-145
-164
-178
-185
-192
-200
-206
-210
-204
-195
-187
-181
-175
-163
-146
-129
-115
-101
-86
-65
-46
-32
-16
-1
16
31
41
53
59
65
70
75
79
83
83
79
79
75
71
65
53
46
40
39
32
19
11
7
7
1
-6
-12
-10
-4
3
1
-1
8
18
29
35
40
52
69
81
89
97
104
116
125
128
125
126
127
123
114
101
89
77
59
39
15
-6
-23
-43
-67
-92
-112
-129
-144
-161
-178
-192
-198
-201
-207
-210
-206
-199
-190
-183
-172
-159
-136
-113
-95
-77
-58
-33
-9
12
35
57
78
92
106
118
128
139
143
145
146
146
145
137
129
116
109
102
85
68
54
45
36
20
-2
-17
-27
-35
-47
-63
-73
-77
-75
-78
-87
-93
-91
-90
-83
-82
-79
-69
-61
-52
-44
-36
-24
-13
-1
12
21
30
43
52
61
72
81
91
95
102
111
119
125
124
124
123
121
113
105
93
84
78
69
51
33
17
6
-3
-16
-32
-46
-54
-64
-72
-81
-86
-86
-85
-84
-83
-80
-73
-67
-61
-53
-46
-35
-22
-11
-1
7
19
28
36
47
53
59
61
65
68
67
63
62
58
54
49
40
33
28
21
19
14
8
0
-7
-15
-22
-28
-36
-38
-42
-45
-47
-47
-47
-46
-43
-42
-36
-35
-32
-26
-24
-22
-16
-11
-4
2
5
11
18
23
26
26
31
37
40
42
43
43
44
45
45
