-13
-36
-53
-61
-64
-61
-54
-47
-41
-36
-34
-26
-14
5
25
44
59
68
68
65
62
59
57
57
57
53
44
33
19
4
-4
-10
-13
-15
-21
-28
-36
-43
-47
-48
-40
-30
-19
-8
-3
1
0
2
6
14
27
40
50
54
49
39
25
13
3
0
4
7
11
11
8
1
-6
-9
-9
-5
5
13
16
16
10
2
-7
-14
-16
-13
-10
-3
3
8
10
11
14
20
25
32
38
36
30
20
7
-7
-22
-35
-44
-55
-66
-77
-88
-97
-100
-97
-87
-68
-46
-23
-3
15
26
35
42
52
59
68
76
80
77
67
50
29
6
-15
-30
-36
-38
-36
-38
-42
-49
-58
-64
-65
-57
-41
-25
-8
6
14
15
13
11
13
20
29
37
42
40
33
21
4
-11
-19
-24
-26
-25
-27
-32
-38
-42
-43
-34
-19
0
19
35
42
42
39
37
38
46
57
67
72
66
51
33
17
6
3
10
19
29
31
23
9
-8
-25
-34
-34
-27
-17
-8
-9
-16
-28
-43
-53
-55
-45
-31
-13
1
9
12
7
0
-1
0
7
15
23
26
25
18
11
4
1
1
3
8
10
9
6
2
1
0
4
8
15
21
22
20
16
9
4
4
8
16
26
31
31
25
12
-3
-14
-23
-25
-21
-18
-19
-22
-33
-49
-63
-75
-77
-68
-53
-35
-17
-5
-3
-6
-10
-13
-8
4
20
35
44
41
29
19
8
4
12
23
39
48
49
40
28
15
6
9
18
29
39
38
28
10
-10
-26
-34
-30
-19
-4
8
12
7
-5
-17
-24
-22
-14
-2
12
18
13
3
-12
-24
-30
-25
-14
-2
8
6
-1
-13
-21
-21
-13
-1
13
28
35
29
22
18
13
13
19
33
51
62
64
56
41
28
18
17
15
17
26
27
20
6
-8
-21
-32
-38
-46
-43
-40
-32
-24
-23
-26
-28
-25
-21
-10
2
14
32
43
42
40
33
21
18
18
22
22
13
7
1
-9
-20
-24
-16
-4
6
6
-8
-30
-41
-37
-23
4
29
42
51
48
36
21
15
21
30
52
80
108
120
108
78
38
-14
-58
-86
-104
-92
-65
-38
-28
-50
-90
-131
-158
-171
-173
-149
-115
-89
-58
-32
0
31
43
47
60
52
44
55
61
53
24
13
12
13
2
-31
-75
-102
-114
-106
-82
-55
-17
20
31
-4
-51
-103
-155
-194
-206
-159
-87
-37
-15
-18
-34
-65
-97
-127
-175
-180
-173
-152
-107
-80
-44
-23
-20
-21
-3
29
54
82
107
103
75
50
28
17
29
35
72
145
192
217
187
145
159
167
165
142
100
85
93
97
77
21
-38
-87
-128
-143
-123
-72
-20
32
55
65
70
44
19
26
30
16
6
15
55
91
135
184
237
243
205
181
143
120
94
62
31
-17
-58
-85
-80
-35
15
50
44
20
31
163
379
417
289
93
29
175
300
427
400
213
126
204
344
175
-206
-351
-321
-164
-35
-8
-93
-293
-281
-126
-135
-326
-332
-149
-91
-95
-147
-190
-215
-180
-67
-152
-266
-209
-28
193
148
-20
-173
-206
-20
74
107
69
-13
28
91
94
-68
-235
-224
-195
-242
-351
-389
-366
-272
-114
-109
-147
-200
-215
-155
-181
-183
-210
-175
-52
-27
-73
-161
-179
-145
-122
-72
-142
-299
-409
-405
-346
-410
-433
-361
-262
-175
-121
-34
-49
-91
-68
3
49
29
83
195
278
360
427
408
288
204
223
279
336
369
416
463
543
606
591
554
465
367
300
263
265
251
252
319
315
254
255
273
249
186
188
189
150
152
154
98
12
-45
-33
0
9
24
-2
-58
-107
-159
-236
-280
-313
-357
-339
-309
-337
-391
-416
-416
-427
-403
-315
-167
60
273
416
395
220
90
53
145
255
262
229
181
170
185
189
125
20
12
130
292
311
211
116
47
28
10
26
68
70
75
49
-17
-104
-143
-162
-252
-347
-469
-525
-462
-362
-227
-175
-274
-382
-406
-346
-288
-247
-200
-88
24
19
17
17
49
125
205
250
155
38
-27
-45
-7
75
188
253
301
401
474
488
443
364
262
152
123
88
91
134
186
291
362
397
342
219
158
104
114
175
265
324
263
153
-18
-142
-210
-257
-258
-299
-312
-330
-353
-325
-318
-313
-367
-447
-472
-477
-423
-341
-257
-214
-236
-256
-317
-357
-371
-432
-464
-458
-414
-354
-340
-368
-403
-401
-389
-393
-434
-524
-606
-598
-495
-353
-276
-272
-281
-289
-267
-244
-244
-304
-403
-441
-439
-419
-360
-267
-140
41
243
331
332
330
370
466
553
654
733
783
873
937
890
813
759
745
766
815
836
813
833
926
1078
1208
1210
1087
973
902
898
893
869
884
934
949
914
824
633
467
348
249
118
-42
-160
-234
-183
-91
-55
-62
-138
-177
-184
-221
-270
-356
-420
-494
-578
-622
-648
-624
-573
-521
-492
-530
-579
-575
-511
-450
-428
-390
-350
-225
-75
52
117
87
68
-35
-183
-303
-493
-624
-606
-510
-429
-426
-452
-528
-633
-746
-855
-936
-1006
-1050
-1004
-956
-1015
-1096
-1173
-1249
-1286
-1301
-1347
-1389
-1397
-1373
-1364
-1398
-1428
-1376
-1128
-690
-285
-84
-93
-199
-177
-119
-30
124
243
419
704
1118
1429
1379
1203
1139
1220
1337
1444
1558
1598
1695
1884
2104
2123
1944
1871
1852
1832
1732
1580
1447
1275
1227
1229
1131
1011
843
800
766
525
247
-27
-174
-269
-361
-402
-537
-693
-797
-705
-449
-283
-247
-235
-161
-188
-215
-146
-175
-141
22
243
440
444
375
301
212
126
76
137
212
289
420
558
622
561
448
436
422
345
334
369
403
403
449
502
452
347
294
251
151
-35
-292
-518
-720
-839
-886
-938
-1015
-1155
-1259
-1317
-1412
-1544
-1733
-1880
-1942
-1994
-2010
-1981
-2000
-2131
-2240
-2283
-2337
-2361
-2396
-2348
-2324
-2423
-2489
-2329
-1682
-930
-454
-360
-622
-808
-726
-296
184
280
236
436
1150
1933
2221
1985
1477
1245
1407
1793
2057
1967
1847
2035
2497
2744
2630
2477
2335
2243
2047
1736
1432
1165
1211
1397
1360
1028
593
420
453
393
143
-262
-606
-741
-657
-463
-438
-631
-818
-749
-602
-569
-619
-715
-706
-724
-724
-561
-450
-320
-63
263
542
527
420
417
436
499
587
726
857
1003
1253
1477
1533
1338
1154
1141
1137
1028
890
901
999
1107
1153
1088
937
696
523
464
331
99
-166
-381
-518
-676
-853
-1053
-1279
-1494
-1667
-1769
-1883
-2069
-2220
-2301
-2400
-2521
-2654
-2696
-2661
-2738
-2902
-3051
-3206
-3263
-2934
-2239
-1643
-1543
-1779
-1884
-1710
-1404
-993
-637
-471
-184
574
1518
1765
1346
917
955
1419
1886
2219
2202
1972
2041
2627
3078
2843
2468
2463
2718
2859
2652
2418
2161
2036
2225
2237
1828
1276
1109
1297
1301
921
236
-327
-552
-587
-663
-1009
-1335
-1396
-1226
-885
-768
-1074
-1363
-1289
-1060
-1048
-1201
-1306
-1213
-927
-528
-107
-67
-313
-338
-105
-10
-167
-189
103
465
775
979
1001
836
680
811
1034
1014
828
762
948
1136
1210
1211
1145
1028
923
884
703
281
-114
-223
-126
-157
-393
-704
-919
-990
-1051
-1168
-1435
-1841
-2207
-2396
-2446
-2526
-2675
-2814
-2872
-2884
-2979
-3123
-3259
-3426
-3670
-3816
-3562
-2787
-1842
-1147
-1007
-1264
-1494
-1414
-944
-480
-355
-405
-102
804
1818
2325
2284
1944
1789
1986
2347
2585
2484
2440
2826
3333
3584
3597
3483
3374
3338
3263
3080
2701
2358
2350
2425
2278
1944
1561
1380
1423
1464
1246
616
2
-377
-564
-660
-794
-1004
-1247
-1233
-981
-861
-1035
-1349
-1668
-1886
-2027
-2080
-1923
-1746
-1540
-1078
-682
-600
-681
-721
-627
-629
-691
-564
-435
-232
110
490
724
669
598
639
720
734
735
807
928
1082
1244
1341
1305
1219
1188
1109
997
801
579
463
368
216
-77
-371
-514
-597
-655
-752
-969
-1297
-1613
-1748
-1863
-2171
-2568
-2858
-2892
-2844
-2907
-3071
-3406
-3853
-4035
-3615
-2779
-1994
-1613
-1723
-1920
-1942
-1737
-1294
-973
-918
-887
-511
435
1283
1623
1500
1266
1297
1501
1908
2175
2164
2186
2506
2964
3271
3366
3329
3313
3301
3140
2936
2716
2472
2469
2528
2489
2272
1954
1844
1757
1557
1215
717
234
-146
-316
-323
-387
-529
-696
-728
-578
-436
-409
-553
-831
-1134
-1377
-1478
-1323
-1076
-848
-546
-279
-132
-106
-209
-304
-405
-477
-384
-192
63
377
699
854
845
718
626
680
674
635
609
604
710
785
792
725
597
521
455
416
278
-8
-249
-375
-442
-579
-736
-890
-1109
-1296
-1478
-1692
-1932
-2242
-2559
-2819
-3029
-3231
-3382
-3503
-3699
-3853
-3995
-3793
-3044
-2220
-1720
-1882
-2284
-2437
-2238
-1540
-948
-826
-937
-680
430
1542
1976
1771
1240
1037
1353
2013
2425
2308
2110
2341
3000
3463
3559
3452
3239
3155
3047
2928
2791
2583
2670
2858
2814
2510
2105
1896
1890
1793
1455
834
230
-18
-17
5
-261
-666
-990
-1046
-778
-555
-605
-892
-1175
-1323
-1323
-1316
-1306
-1182
-915
-518
-118
11
-89
-177
-170
-50
-34
-137
-80
209
629
957
1063
945
659
535
618
697
681
580
590
701
737
705
534
281
55
-115
-262
-512
-814
-1008
-1020
-1006
-1078
-1253
-1475
-1637
-1752
-1818
-1951
-2211
-2518
-2821
-2976
-3017
-3061
-3157
-3296
-3530
-3809
-3864
-3319
-2318
-1428
-1216
-1655
-2086
-2104
-1683
-971
-500
-633
-736
-134
1193
2272
2457
1996
1418
1234
1567
2202
2537
2501
2494
2834
3249
3395
3333
3207
3061
2938
2779
2533
2236
2094
2261
2421
2268
1828
1403
1227
1224
1090
607
-117
-721
-874
-718
-591
-728
-1089
-1386
-1360
-1014
-704
-734
-1072
-1403
-1531
-1450
-1240
-978
-640
-308
-42
197
235
134
89
147
300
366
401
590
903
1246
1512
1566
1394
1148
1075
1093
1026
821
634
585
688
830
830
635
367
110
-102
-348
-651
-938
-1249
-1467
-1661
-1883
-2120
-2306
-2420
-2603
-2940
-3373
-3818
-4109
-4213
-4161
-4176
-4320
-4638
-4974
-4481
-2818
-654
922
1171
715
499
595
806
761
282
-338
-299
931
2711
3746
3736
3274
2962
2933
2961
2840
2590
2379
2711
3661
4621
5216
5360
5037
4545
3914
2983
1791
653
130
130
207
43
-358
-675
-749
-827
-1241
-2195
-3295
-3889
-3726
-3053
-2351
-2000
-1770
-1517
-1065
-575
-528
-1017
-1684
-2218
-2366
-2147
-1648
-901
-29
871
1648
1924
1809
1601
1511
1671
1919
2219
2565
2906
3391
3918
4072
3720
3004
2277
1752
1429
1235
1082
981
977
971
899
613
171
-267
-629
-983
-1446
-1907
-2179
-2266
-2261
-2353
-2725
-3294
-3914
-4310
-4537
-4771
-5232
-5635
-5889
-5941
-5614
-5320
-5097
-5253
-5629
-6219
-6174
-4225
-523
3112
4660
4460
4041
3760
2841
1299
-409
-2002
-2540
-821
2904
6015
6802
6197
5589
4893
3657
2541
1945
1809
2350
4055
6230
7561
7540
6497
4623
2358
246
-1394
-2758
-3227
-2276
-887
-433
-1045
-1721
-2164
-3092
-4423
-5626
-6423
-6360
-4972
-2614
-679
-37
-174
-329
-551
-1053
-1690
-2236
-2572
-2446
-1770
-853
-137
297
874
1526
1988
2245
2474
2864
3420
4243
4980
5266
5098
4790
4578
4414
3988
3286
2563
2152
2212
2462
2454
2064
1509
993
658
312
-217
-847
-1330
-1509
-1620
-1854
-2176
-2582
-2913
-3257
-3788
-4385
-4922
-5289
-5490
-5691
-5931
-6243
-6464
-6475
-6242
-5999
-5937
-5812
-5745
-5750
-5871
-5921
-4289
-282
4620
7841
7882
6258
4561
2495
101
-1825
-3087
-3279
-1278
3257
8229
10047
8754
6733
4790
2695
1122
764
1642
3224
5496
8224
9480
8563
6098
2758
-469
-2443
-3136
-3129
-2699
-1162
955
1548
-136
-2556
-4532
-5858
-6409
-5947
-5012
-3847
-2090
251
2030
1928
327
-1508
-2718
-2959
-2354
-1610
-1165
-974
-578
-163
-50
-243
-356
111
1105
2605
4024
4958
5498
5629
5304
4614
3576
2628
2195
2316
2871
3196
2955
2544
2299
2155
1770
962
60
-448
-404
40
369
183
-469
-1257
-1831
-2309
-2719
-3016
-3256
-3294
-3537
-3816
-4125
-4863
-5527
-5903
-6260
-6377
-6463
-6376
-6045
-5884
-5899
-5664
-5460
-5493
-5789
-5820
-2695
3098
7755
9092
7128
4415
1872
-1432
-3640
-4376
-4735
-3568
597
6568
10597
10014
7205
4811
2573
717
295
1078
3022
5528
7903
9649
9116
6624
3044
-862
-2908
-2785
-2006
-1223
-32
2005
3023
1180
-2292
-5213
-6760
-6979
-5839
-3889
-1924
-205
1527
3316
3672
1908
-823
-2960
-3352
-2430
-1054
64
383
233
-160
-751
-1201
-1563
-1029
809
3174
5421
6581
6431
5528
4281
2966
1762
751
203
699
2023
3172
3292
2332
1238
560
294
87
-409
-763
-727
-230
498
474
-297
-1351
-2275
-2699
-2878
-2941
-2813
-2561
-2309
-2434
-3154
-4450
-5729
-6046
-6201
-6303
-6120
-6263
-5961
-5222
-4285
-3351
-2951
-3180
-3584
-3759
-5074
-3619
1716
6652
9501
8060
5269
2729
-1264
-4115
-4870
-4971
-4335
-714
5387
10354
10839
7603
5094
2557
-54
-663
-325
1652
4171
6365
8766
8660
6375
2877
-1461
-4129
-3986
-2184
-520
655
2026
2835
1250
-2459
-5460
-6899
-6708
-4984
-2593
-117
1392
2511
3682
3616
1963
-469
-2504
-3026
-2061
-372
1141
1500
876
-235
-1396
-2094
-1904
-374
1943
4479
6799
7866
7558
6133
4054
1994
381
-353
-185
627
1764
2956
3189
2198
978
-52
-555
-1008
-1524
-1501
-1056
-284
475
641
63
-1019
-2038
-2568
-2778
-2764
-2558
-2322
-2028
-2236
-3011
-4058
-5137
-5843
-6091
-6337
-6653
-6162
-5527
-4181
-2771
-2140
-1870
-2851
-3715
-4351
-4836
-5592
-2910
3911
9242
11241
8254
3904
-127
-4855
-6809
-6481
-5575
-3726
1410
8510
12326
10444
5378
1857
-919
-3029
-2464
-557
2812
5916
7881
9004
7097
3243
-1359
-5516
-6414
-3755
-66
1942
2360
2557
1908
-752
-4754
-7152
-7156
-5235
-2015
950
2964
3648
3685
3329
1937
-399
-2514
-2603
-1199
1152
3414
3574
2127
-318
-2451
-3309
-3232
-1543
1567
5205
7945
9161
8508
6492
3893
1217
-242
-591
-19
1068
2176
3288
3523
2485
462
-1325
-2212
-2045
-1169
-486
132
801
1302
1170
25
-1623
-2884
-3217
-2689
-1848
-1046
-726
-873
-1393
-2470
-3756
-4928
-5761
-5891
-5814
-5545
-4768
-4216
-3594
-3289
-3242
-3166
-3294
-3481
-3637
-3628
-4104
-5060
-1872
4771
9745
10418
6363
1819
-1856
-5320
-6229
-4880
-3806
-1964
3345
9720
12586
9277
3719
906
-1303
-2259
-1305
775
4059
6398
7964
8292
5423
1281
-2957
-5827
-5549
-2204
1483
2958
2337
1351
403
-2170
-5564
-7135
-6156
-3189
-265
1965
3312
3180
2463
1650
569
-1051
-2612
-2151
296
2706
3727
3119
1207
-1495
-3709
-4034
-2798
-700
2134
5461
8004
8447
6580
4484
2533
404
-527
-239
831
1866
2571
3050
2641
1092
-811
-1808
-2111
-1747
-792
46
783
1162
1464
1001
-707
-2415
-3405
-3142
-2198
-1440
-918
-912
-1317
-1959
-3042
-4055
-4986
-5541
-5470
-5236
-4912
-4168
-3459
-3299
-2946
-3432
-4148
-3668
-3683
-3106
-2992
-3626
-5174
-5921
-260
7353
11317
9252
3596
-240
-3316
-5550
-4935
-3130
-2545
-232
6217
11437
11033
5034
213
-1175
-2474
-1490
1036
3554
5934
7168
8374
6670
2329
-1311
-4039
-5010
-2784
2019
4689
3272
893
-304
-1540
-4617
-6656
-5855
-3601
-352
2489
4101
3350
1420
556
-64
-987
-1752
-1122
868
2731
4031
3924
1911
-1371
-4165
-4649
-3105
-566
2159
4957
7033
7241
5665
3241
1425
309
-226
510
1846
2637
2963
2483
1754
697
-908
-1752
-2039
-1740
-639
507
1466
1801
1679
1027
-272
-1911
-2898
-2844
-2303
-1580
-1152
-963
-1254
-2055
-2700
-3452
-4097
-4678
-5254
-5209
-4769
-4040
-3408
-3424
-3677
-3915
-3841
-3732
-3313
-3154
-2838
-2985
-3685
-5549
-5191
1234
7602
10021
7047
1971
-1108
-4157
-5196
-3106
-1642
-1704
888
6889
10959
9221
3145
-573
-1823
-2095
128
2319
4301
6225
6590
6514
4214
1415
-694
-3134
-3692
-445
4036
4934
2342
-281
-1577
-2638
-4271
-4401
-3261
-1609
1005
2761
2661
951
-514
-835
-914
-983
-792
413
1576
2305
2781
1895
-34
-2393
-3819
-2962
-1034
1186
3302
4897
5278
4135
2300
997
1016
1084
1318
2083
2322
2358
1678
758
457
-446
-976
-1296
-1613
-1095
-72
1217
1805
1477
858
167
-529
-1211
-1536
-1663
-1306
-650
-36
184
-638
-1626
-2715
-3799
-4275
-4623
-4363
-3670
-3238
-2364
-2231
-3063
-4069
-5285
-5262
-4604
-3345
-2584
-2127
-2499
-3512
-5464
-7182
-2197
4955
8988
8127
3517
373
-2742
-4668
-3173
-1698
-2355
-1410
4419
9616
9435
3622
-1754
-3113
-3198
-650
2625
4512
6032
6409
6399
4738
2311
195
-2122
-3086
-511
4452
5823
3168
132
-2150
-3024
-3717
-3222
-1472
-493
1365
3184
3098
1272
-547
-1142
-821
-393
212
1590
2175
2479
2736
1754
288
-1834
-3228
-2675
-1274
780
2533
3143
2934
2031
1361
1442
1894
1889
1425
1204
1739
2568
2571
1983
1052
-44
-806
-1147
-971
-667
-156
720
1497
1728
1360
533
-469
-1310
-1625
-1412
-864
-101
583
834
155
-1241
-2635
-3600
-3777
-3436
-2718
-2098
-2007
-2366
-2958
-3649
-4447
-5082
-5193
-4505
-3907
-3240
-3041
-3280
-3976
-5227
-7070
-6092
451
7433
10228
7053
1711
-1881
-4314
-4395
-2387
-1167
-1172
1156
5827
8286
5397
-1137
-4650
-4470
-1832
2668
5469
6420
6417
5523
4457
2438
751
-145
-973
-551
2689
5411
4387
1085
-2375
-3856
-3746
-2645
-407
405
328
917
1261
623
-941
-1850
-1347
-178
994
2245
2495
1570
891
148
-308
-610
-1073
-898
-706
-485
9
103
-23
-28
236
1096
2161
2735
2488
1727
1304
1700
2212
2399
2076
1136
276
144
362
334
-55
-166
294
956
1298
976
-30
-1259
-1723
-1282
-515
280
727
677
81
-1041
-2020
-2789
-3041
-2709
-2172
-1597
-1554
-2298
-3133
-3844
-4408
-4546
-4532
-4198
-3715
-3617
-3380
-3527
-3810
-4580
-5172
-6505
-7456
-2154
6217
11500
9627
3380
-1763
-5035
-5335
-1886
2224
1711
319
2704
5444
4717
-1133
-4626
-3171
123
5026
7899
7592
5697
3659
2275
1625
2012
3173
3344
1295
1677
4243
4076
1436
-2344
-4382
-3943
-1615
1979
3397
1318
-902
-1509
-2025
-2345
-1596
-69
1554
2018
2289
2048
460
-735
-1020
-409
780
1698
1398
-229
-2574
-3695
-3027
-1794
-220
662
1325
2199
2956
3075
1964
389
-449
155
1578
2967
3429
2870
1785
459
-493
-845
-465
445
1139
1326
979
362
-229
-652
-755
-585
-180
190
96
-506
-1162
-1514
-1674
-2024
-2465
-2734
-2570
-2488
-2868
-3499
-4051
-4240
-3901
-3619
-3544
-3588
-3750
-3969
-3669
-3136
-2671
-2527
-3798
-4960
-6614
-4667
2737
9327
10288
5145
-1057
-4326
-4052
-1117
3142
3496
-476
-1322
1239
4287
3696
538
-207
552
2479
5226
6290
4954
3368
2345
2534
3662
4347
4051
1484
-700
433
1825
1360
-80
-1052
-1095
-193
990
1180
-1061
-3723
-3601
-1981
-490
786
1617
1503
605
54
381
284
-367
-211
414
1224
1528
481
-1634
-3950
-4516
-2944
-837
911
1890
2019
1843
1734
1463
748
-304
-164
1296
3011
3794
3064
1833
382
-615
-877
-411
422
991
866
297
-75
-305
-140
-29
-63
119
347
825
512
-457
-1494
-2274
-2229
-1956
-1723
-1893
-2535
-3031
-3159
-3269
-3262
-3417
-3761
-4152
-4316
-3762
-2749
-2264
-2184
-2378
-2669
-2485
-2587
-3065
-3884
-5173
-5969
-1842
5576
10333
8457
1939
-3126
-4716
-3323
482
3999
2513
-536
172
3677
5694
2436
-956
-895
1213
4546
6564
5667
3435
1812
1189
2227
3333
4304
3641
736
-51
1533
2874
2826
1297
-994
-2922
-3068
-1566
-291
-1043
-910
293
674
118
-748
-1195
-1455
-1021
268
1296
1032
525
3
-793
-977
-931
-1116
-1745
-1995
-1153
80
1231
1955
1562
210
-688
-297
1019
2110
2414
2345
2054
1865
1630
928
320
97
301
505
339
-236
-917
-1014
-193
991
1624
1470
517
-656
-1261
-853
-92
-181
-620
-692
-521
-590
-1364
-2497
-3511
-3943
-3355
-2345
-1756
-2091
-2919
-3621
-3767
-3141
-2473
-2420
-2878
-3013
-2422
-1612
-1445
-2025
-2806
-3300
-3297
-3432
-4683
-3100
2416
7834
8062
3334
-1455
-3580
-2798
329
4804
5150
1462
-569
992
3289
2327
239
533
1975
3061
3850
3346
2054
1515
1685
3379
5128
6269
5367
1751
-1015
-455
1348
1901
1250
-353
-1524
-1328
26
982
-699
-2386
-2583
-2230
-1603
-370
692
329
-874
-1412
-1060
-989
-490
412
791
1093
1271
856
-1070
-3400
-4141
-2804
-670
1294
1830
586
-550
-338
1181
2026
1533
854
714
1262
2060
2281
1527
303
-404
17
888
1181
885
55
-611
-694
-223
426
597
431
271
201
-53
-649
-1028
-795
-541
-552
-816
-1047
-946
-891
-1009
-1477
-2498
-3354
-3641
-3340
-2338
-1615
-1652
-2212
-2811
-2873
-2492
-2410
-2325
-1932
-1428
-1008
-1105
-1928
-3389
-4530
-5282
-2237
4106
8312
6440
557
-3472
-3071
-160
3205
5964
3809
-1107
-2455
648
4335
3469
467
186
1595
3165
4543
3995
2366
1388
1755
4236
5809
5398
2962
-480
-1463
1016
3517
3368
912
-2313
-3497
-2104
303
1312
-433
-2118
-2269
-1698
-910
155
734
281
-111
148
360
-697
-1899
-2420
-2258
-968
251
-46
-1954
-3440
-3090
-1459
-180
541
197
-1087
-1028
629
2049
1749
524
478
1275
1666
1428
626
-213
-226
582
1539
1817
1150
129
-761
-764
266
1410
1631
864
15
-139
520
1479
1785
1312
681
191
178
321
130
-305
-962
-1603
-1941
-2189
-1938
-1522
-1598
-1809
-2002
-2181
-2243
-2303
-2192
-1941
-1552
-1033
-833
-1142
-1826
-2358
-2900
-3430
-3881
-4485
-5169
-2854
2366
5810
4155
-458
-2911
-1793
731
3473
5411
3213
-942
-1719
1492
4592
3303
558
179
1049
2171
3209
3253
2566
1901
1951
3341
4189
3725
2064
-27
109
2337
3692
2764
231
-1889
-1881
-173
1601
1678
-102
-1399
-1646
-1447
-1097
-822
-1140
-2181
-2808
-2530
-2011
-2001
-2019
-1807
-1494
-1009
-555
-1041
-2365
-2791
-1705
-149
621
556
-437
-1922
-2681
-1693
171
1134
1109
777
606
555
701
1139
1476
1536
1606
1639
1362
1194
1130
1248
1410
1604
2011
2088
1523
891
648
929
1644
2000
1750
1067
561
563
412
164
74
-117
-330
-766
-1252
-1676
-1730
-1089
-645
-767
-999
-1556
-2656
-3671
-3681
-2519
-1347
-1205
-1824
-3016
-4501
-4732
-3991
-2940
-2795
-3427
-4601
-4413
-134
5380
6834
2608
-2289
-2906
-463
2179
4148
3798
62
-2616
-869
3074
3925
823
-666
772
2577
3047
2661
2050
2209
2631
3864
5137
4942
3336
1050
-42
1221
3238
3631
1946
-450
-1498
-565
393
20
-1440
-2266
-1892
-1621
-1635
-1741
-2081
-2868
-3163
-2612
-2014
-2066
-2296
-1957
-1731
-1287
-1035
-1340
-2172
-2756
-2614
-2224
-1875
-1324
-658
-760
-1035
-670
-9
375
229
130
532
1355
2213
2639
2315
1863
1951
2411
2715
2771
2663
2400
2257
2285
2487
2564
2410
2423
2569
2871
2993
2501
1417
423
371
1131
1924
2264
2078
1443
420
-425
-986
-1336
-1602
-1566
-1178
-1388
-2305
-3161
-3616
-3670
-3569
-3485
-3624
-3581
-3338
-2986
-2646
-2960
-3084
-3214
-3621
-4053
-4406
-4392
-4238
-1734
2189
3996
1368
-2928
-3717
-1217
1841
3665
3961
931
-3102
-2929
1936
6170
5041
1827
1217
2100
2337
2550
3251
4079
3890
3539
4314
4231
2698
929
463
1728
3391
3767
2387
-204
-2099
-1576
208
1026
63
-1760
-2904
-3454
-3290
-2290
-1520
-2022
-3247
-3940
-3952
-3493
-2712
-1676
-1489
-2000
-2324
-2372
-2766
-3120
-2554
-1683
-1075
-713
-206
-369
-1455
-1948
-999
737
1779
1876
1509
1480
1886
2688
3451
3846
3971
3976
4030
3951
3659
3325
3294
3433
3438
3691
4110
4485
4335
3762
3185
2764
2463
2241
2297
2443
2553
2042
816
-574
-1270
-1081
-825
-1042
-1653
-2163
-2592
-2887
-3024
-3315
-3631
-3988
-4119
-4079
-4076
-3859
-3524
-3253
-3307
-3627
-4209
-4819
-4855
-4303
-3276
-2786
-2841
-3546
-4540
-5714
-4794
-478
4228
4902
1199
-2085
-1972
504
2798
4610
4495
1636
-54
2126
5743
5748
1966
541
2423
3901
3641
3306
3590
3665
2660
2902
3639
2783
831
-330
399
2078
2573
1362
-1140
-3441
-3299
-986
578
-105
-2502
-4258
-4825
-4588
-3433
-2299
-2217
-3200
-3931
-4070
-4158
-4309
-3718
-2524
-1684
-1361
-1585
-1958
-2285
-1671
-429
273
-44
-763
-855
-228
1057
2479
3477
3240
2062
1381
1988
3484
4989
6069
6453
6018
4808
3842
3958
4801
5495
5599
5268
4518
3780
3308
3072
2720
2273
2232
2420
2308
1670
913
176
-303
-509
-745
-1235
-1963
-2465
-2563
-2538
-2684
-3108
-3852
-4623
-5088
-5205
-5133
-5004
-4804
-4728
-4807
-4899
-5072
-5379
-5603
-5021
-3747
-2448
-2040
-2394
-3072
-3637
-3777
-3370
-2364
-1541
-1688
-1792
102
3414
4356
1695
-872
-186
3012
5477
6306
5723
2826
226
1356
5136
7126
4598
1881
2375
3609
3099
1964
1827
2280
1618
1122
1949
2172
362
-2016
-2397
-581
1042
1117
-174
-2042
-3159
-2649
-1546
-1535
-3049
-4235
-4030
-3291
-2681
-2599
-3116
-3996
-4400
-3798
-3024
-2687
-2381
-1590
-636
-208
-513
-1092
-1284
-315
1250
2385
2647
2254
1938
1962
2465
3405
4301
4709
4468
4027
4020
4524
4879
4947
4987
5096
4964
4591
4515
4658
4541
4068
3341
2794
2340
2149
2229
1880
1229
500
-38
-428
-1055
-1602
-1885
-2052
-2044
-2161
-2686
-3563
-4399
-4567
-3974
-3355
-3181
-3656
-4412
-4834
-4823
-4389
-4034
-4135
-4452
-4416
-3769
-2973
-2796
-3177
-3525
-3617
-3273
-2599
-1758
-960
-581
-634
-818
-809
-595
-160
-84
-290
-736
-402
1709
4256
4822
2868
972
771
1890
2966
3917
4289
2454
200
369
2595
3578
1542
-122
857
1924
1160
-129
-312
360
41
-112
868
1484
477
-1148
-1241
145
879
-4
-1213
-1842
-1696
-1117
-706
-665
-1520
-2507
-2722
-2273
-1570
-1214
-1097
-993
-1037
-1049
-777
-424
8
569
1379
2253
2341
1681
1098
1392
2181
2780
3130
3204
2970
2365
2129
2696
3468
3590
3217
3063
3273
3400
2990
2552
2565
2886
3320
3513
3301
2493
1417
772
727
878
656
-47
-704
-1033
-973
-806
-1026
-1597
-2245
-2432
-1937
-1231
-826
-1097
-1714
-2331
-3043
-3659
-3939
-3715
-3172
-2744
-2636
-2903
-3599
-4089
-3924
-3261
-2491
-2074
-1986
-2026
-2235
-2341
-2122
-1703
-1277
-1139
-1334
-1610
-1743
-1571
-1212
-883
-638
-702
-921
-1218
-1351
-1421
-1233
53
1982
2989
2118
261
-609
-102
1164
2445
3162
2507
929
283
1051
2121
1896
894
806
1445
1653
1198
663
790
917
780
979
1505
1600
709
-213
-33
940
1443
1050
433
217
327
246
69
-121
-268
-273
-173
100
70
-581
-1353
-1440
-785
-130
-99
-480
-633
-323
360
867
901
599
431
700
1318
1934
2005
1589
1121
915
1179
1651
2102
2166
1797
1514
1627
1860
1978
1960
1990
2045
1883
1666
1597
1589
1438
1050
616
364
237
174
89
15
-148
-414
-563
-651
-694
-755
-798
-797
-1070
-1550
-1965
-2192
-2267
-2279
-2290
-2425
-2633
-2627
-2406
-2267
-2476
-2818
-3061
-3176
-3027
-2638
-2228
-1956
-1857
-1831
-1972
-2214
-2203
-1741
-1065
-629
-613
-946
-1254
-1298
-994
-430
16
179
-75
-471
-733
-745
-439
259
1173
1646
1439
966
817
1090
1509
1949
2123
1563
732
547
1168
1807
1682
1048
498
319
643
1388
1923
1777
1092
540
430
427
595
956
1323
1436
1192
947
780
521
258
231
375
381
112
-229
-322
-297
-377
-574
-705
-634
-542
-654
-884
-834
-528
-202
48
175
207
116
223
730
1268
1211
593
34
1
461
943
1294
1398
1247
1012
974
1145
1482
1816
2065
2346
2340
2072
1746
1443
1458
1559
1519
1142
572
250
179
165
-52
-461
-788
-831
-535
-143
-145
-530
-989
-1243
-1239
-1163
-1062
-1053
-1118
-1254
-1449
-1659
-1961
-2217
-2286
-2217
-1960
-1737
-1734
-1931
-2123
-2024
-1661
-1339
-1265
-1364
-1464
-1297
-953
-689
-498
-467
-489
-620
-756
-560
-285
-103
-117
-349
-497
-541
-426
-188
-90
142
359
557
765
690
535
396
527
862
1012
874
489
-113
-460
-144
498
816
531
87
-89
-23
329
910
1130
732
217
232
716
999
992
948
946
878
703
595
526
481
537
680
800
654
232
-128
-187
-15
184
192
94
55
17
-76
-299
-524
-523
-160
342
530
279
-113
-225
7
455
855
978
701
204
-100
47
644
1074
959
550
356
773
1312
1457
1189
693
385
368
650
1061
1101
712
231
159
451
598
468
200
77
70
101
341
573
578
466
374
373
270
145
156
111
-37
-263
-419
-500
-556
-554
-545
-621
-822
-1094
-1340
-1438
-1322
-1084
-873
-856
-1054
-1289
-1515
-1630
-1665
-1632
-1483
-1376
-1316
-1331
-1372
-1474
-1648
-1686
-1569
-1381
-1302
-1342
-1486
-1783
-2081
-2130
-1905
-1644
-1366
-1013
-632
-406
-465
-507
-590
-631
-389
82
555
572
435
619
914
1015
821
598
569
657
953
1302
1437
1300
1137
1176
1190
1068
993
1112
1266
1329
1389
1445
1257
747
337
371
764
1111
1064
694
201
-208
-444
-510
-463
-427
-570
-896
-1292
-1555
-1451
-1142
-862
-762
-774
-664
-418
-71
225
382
460
515
598
687
870
1100
1196
1148
1194
1351
1335
1206
1239
1546
1912
2083
2138
2115
1915
1873
2112
2510
2719
2469
2024
1556
1330
1395
1578
1657
1484
1148
700
198
-143
-251
-302
-493
-780
-933
-992
-1086
-1236
-1415
-1628
-1824
-1944
-1916
-1943
-2243
-2651
-2889
-2770
-2534
-2448
-2554
-2719
-2790
-2755
-2605
-2371
-2195
-2225
-2390
-2482
-2311
-1934
-1632
-1518
-1545
-1471
-1267
-1083
-868
-721
-633
-574
-494
-67
520
967
1156
997
840
757
807
964
1088
1182
1224
1285
1319
1283
1186
1087
1021
1004
1173
1520
1627
1276
674
440
652
870
886
736
613
428
235
181
282
329
180
-57
-280
-376
-423
-367
-190
-11
23
-173
-436
-642
-666
-421
-4
217
1
-365
-574
-526
-385
-190
91
329
444
538
773
1187
1610
1842
1969
2133
2330
2386
2307
2338
2505
2578
2395
2066
1778
1715
1784
1837
1781
1470
1097
716
543
672
884
1041
851
495
146
-69
-69
-96
-219
-426
-700
-900
-1013
-1068
-1177
-1454
-1673
-1835
-1921
-1970
-1985
-1934
-1999
-2143
-2261
-2329
-2352
-2269
-2074
-1861
-1786
-1741
-1593
-1435
-1312
-1299
-1288
-1171
-876
-480
-185
-153
-312
-464
-582
-575
-428
-77
252
339
254
11
-65
-95
-180
-225
-338
-111
180
353
370
102
1
-139
-139
35
210
362
223
67
1
-8
13
-32
-36
-33
-40
98
263
379
416
554
802
846
696
467
496
667
918
1161
1184
1052
775
651
728
802
776
731
779
950
1057
921
628
369
354
517
616
529
293
124
126
290
517
633
547
317
143
112
286
542
726
677
442
248
148
160
54
-78
-52
54
125
64
-68
-161
-243
-295
-234
-178
-75
35
120
180
110
95
77
-29
-151
-167
-29
77
-12
-208
-344
-415
-459
-511
-465
-295
-88
39
-39
-258
-546
-722
-676
-486
-337
-393
-535
-616
-519
-318
-281
-521
-921
-1130
-972
-604
-432
-646
-988
-1161
-1073
-854
-664
-583
-616
-730
-835
-808
-636
-529
-576
-703
-852
-1005
-1188
-1287
-1240
-1073
-836
-626
-407
-278
-289
-314
-434
-386
-118
274
650
762
828
878
854
837
873
1005
1129
1222
1415
1544
1386
1026
759
746
894
1124
1292
1283
1110
981
1041
1166
1237
1165
1050
917
801
700
531
319
51
-141
-196
-249
-442
-797
-1139
-1304
-1314
-1313
-1356
-1443
-1513
-1454
-1319
-1168
-1063
-982
-832
-654
-461
-332
-329
-335
-271
-147
-72
-71
0
153
310
406
486
613
732
739
741
806
915
1113
1293
1447
1589
1670
1723
1658
1526
1522
1617
1606
1453
1244
1188
1251
1255
1147
920
761
697
640
419
130
-46
-139
-147
-175
-263
-431
-708
-952
-1051
-1035
-963
-966
-1092
-1222
-1279
-1282
-1320
-1437
-1583
-1671
-1670
-1577
-1439
-1328
-1258
-1185
-1148
-1173
-1151
-1046
-901
-782
-654
-548
-595
-702
-728
-610
-556
-648
-701
-547
-143
266
529
638
548
404
383
510
811
1000
1026
1078
1063
930
659
428
330
258
324
568
739
680
507
422
480
469
357
226
61
-36
-51
-9
18
-64
-191
-332
-525
-694
-771
-736
-613
-649
-793
-891
-927
-918
-963
-1035
-1050
-984
-858
-718
-628
-562
-496
-402
-272
-119
11
90
189
344
545
713
875
998
997
890
856
1053
1393
1732
1903
1902
1753
1622
1725
1946
2092
2031
1834
1636
1526
1519
1523
1509
1394
1148
861
695
748
866
903
837
731
600
406
226
180
235
207
35
-239
-475
-664
-802
-880
-976
-1101
-1196
-1216
-1162
-1139
-1178
-1177
-1137
-1094
-1079
-1096
-1090
-1038
-1022
-1033
-1034
-1040
-958
-822
-709
-639
-666
-709
-732
-741
-718
-601
-454
-380
-398
-457
-449
-495
-584
-659
-738
-748
-784
-738
-582
-443
-296
-180
-159
-274
-464
-523
-446
-392
-347
-300
-272
-396
-648
-795
-840
-817
-673
-425
-232
-255
-354
-347
-270
-187
-55
76
176
179
114
53
-8
-76
-70
-7
-32
-166
-311
-287
-169
-73
-3
48
91
89
86
195
368
514
579
561
565
644
693
723
776
834
899
902
962
1125
1272
1351
1323
1269
1230
1228
1257
1336
1459
1567
1573
1462
1353
1310
1333
1259
1139
1090
1060
1041
908
771
702
612
542
447
340
250
171
218
294
311
262
147
33
-90
-155
-231
-339
-417
-476
-519
-598
-729
-864
-949
-910
-768
-715
-780
-889
-966
-924
-786
-682
-703
-856
-1001
-1040
-999
-925
-847
-832
-869
-817
-630
-393
-295
-356
-489
-578
-569
-523
-447
-449
-531
-679
-867
-1015
-1187
-1327
-1309
-1059
-706
-535
-568
-726
-900
-905
-712
-417
-304
-463
-611
-554
-383
-348
-522
-777
-990
-1029
-761
-402
-247
-264
-207
-10
127
137
119
139
186
308
542
737
771
698
664
662
601
511
514
699
939
1077
1102
1050
1003
990
997
1061
1087
1044
1030
1076
1195
1282
1240
1134
1035
1023
1108
1161
1124
996
850
770
780
798
735
649
598
594
564
489
443
464
449
407
343
269
204
162
235
291
316
226
156
173
129
84
24
2
76
136
210
232
95
0
-8
126
243
210
192
210
229
198
174
194
205
204
210
207
207
190
150
166
213
193
65
-117
-215
-225
-211
-190
-214
-281
-356
-413
-470
-534
-654
-795
-869
-898
-942
-1054
-1184
-1325
-1455
-1578
-1701
-1844
-2055
-2188
-2093
-1836
-1609
-1526
-1572
-1715
-1880
-1864
-1625
-1345
-1267
-1324
-1235
-1038
-945
-1029
-1106
-1062
-962
-731
-367
-104
-107
-192
-51
275
493
554
636
761
901
1049
1173
1282
1317
1321
1334
1309
1252
1155
1086
1132
1192
1155
1015
866
817
769
704
624
473
334
268
312
394
450
443
391
284
162
113
110
163
203
178
103
-15
-131
-235
-322
-377
-436
-478
-415
-270
-119
-65
-71
-42
52
161
274
429
579
685
737
817
886
884
917
999
1155
1259
1228
1206
1208
1278
1375
1405
1423
1410
1392
1383
1307
1216
1120
1026
934
828
738
640
548
456
327
160
-23
-201
-353
-450
-476
-490
-540
-666
-841
-1019
-1166
-1243
-1271
-1287
-1317
-1402
-1570
-1756
-1924
-2019
-2022
-1993
-1974
-2029
-2100
-2129
-2140
-2158
-2163
-2148
-2109
-2112
-2103
-1855
-1464
-1149
-1116
-1254
-1312
-1296
-1124
-853
-599
-503
-539
-395
-156
-37
-50
-73
-23
48
177
403
543
563
573
729
906
918
907
981
1078
1115
1113
1107
1063
974
966
995
913
734
517
409
400
340
254
180
157
137
30
-97
-203
-232
-188
-101
-7
70
88
96
169
231
282
283
276
300
354
459
580
647
671
669
665
704
738
810
927
1068
1201
1228
1216
1263
1330
1334
1296
1276
1301
1340
1362
1370
1328
1250
1225
1224
1223
1170
1050
990
919
933
958
874
750
557
450
420
391
334
153
-6
-39
-54
-81
-200
-313
-391
-479
-520
-556
-609
-731
-835
-853
-863
-915
-982
-1034
-1062
-1106
-1159
-1166
-1109
-1064
-1128
-1237
-1292
-1259
-1177
-1118
-1096
-1117
-1190
-1238
-1215
-1143
-1120
-1180
-1257
-1327
-1359
-1386
-1449
-1534
-1597
-1633
-1595
-1463
-1287
-1119
-1077
-1098
-1173
-1264
-1238
-1114
-929
-845
-803
-619
-451
-427
-492
-520
-441
-347
-173
102
305
417
509
686
838
845
840
917
1061
1218
1359
1472
1545
1606
1691
1764
1764
1712
1666
1700
1773
1753
1641
1533
1538
1606
1614
1512
1306
1102
999
1024
1122
1135
988
792
673
645
617
539
456
405
404
383
296
169
60
-3
-12
5
21
-1
-18
13
47
22
-47
-104
-139
-135
-119
-96
-119
-181
-176
-77
29
64
42
84
188
301
407
480
519
493
505
528
520
466
396
448
498
476
348
159
65
-17
-68
-73
-121
-147
-222
-314
-389
-525
-594
-647
-689
-723
-825
-899
-995
-1071
-1127
-1256
-1381
-1479
-1521
-1519
-1537
-1596
-1685
-1773
-1855
-1918
-1932
-1904
-1866
-1819
-1772
-1740
-1736
-1730
-1704
-1651
-1566
-1531
-1548
-1559
-1523
-1427
-1375
-1350
-1298
-1225
-1124
-991
-845
-711
-583
-405
-138
119
319
423
479
567
717
946
1170
1312
1401
1479
1523
1543
1550
1627
1769
1902
2016
2081
2077
2036
1999
1995
1979
1931
1860
1772
1680
1565
1453
1354
1263
1166
1054
931
779
623
482
383
290
192
83
5
-53
-142
-265
-416
-485
-446
-386
-366
-423
-519
-582
-567
-491
-411
-385
-435
-527
-581
-550
-482
-392
-282
-170
-41
75
139
178
215
308
466
632
715
717
716
756
855
949
983
949
854
814
854
916
953
918
893
831
724
632
547
522
469
361
257
108
-20
-148
-299
-426
-549
-595
-663
-799
-956
-1128
-1192
-1209
-1221
-1269
-1374
-1481
-1551
-1565
-1526
-1472
-1447
-1440
-1397
-1320
-1275
-1279
-1319
-1356
-1321
-1239
-1137
-1050
-1020
-1009
-990
-926
-830
-731
-630
-521
-405
-295
-165
-28
76
146
202
249
292
338
410
507
546
541
517
527
570
586
614
660
704
733
740
762
787
802
797
803
819
811
787
732
660
565
465
424
428
446
410
311
177
25
-44
-11
77
161
175
124
81
50
62
122
208
283
277
241
183
170
224
302
409
472
469
456
457
492
585
678
737
761
770
816
910
994
1036
1049
1065
1144
1204
1187
1132
1073
1054
1063
1058
1003
875
734
646
623
579
471
341
200
75
-32
-143
-260
-391
-518
-609
-649
-673
-736
-877
-1043
-1179
-1263
-1325
-1382
-1444
-1548
-1670
-1762
-1803
-1827
-1871
-1902
-1885
-1867
-1857
-1815
-1700
-1501
-1267
-1071
-979
-971
-982
-917
-744
-552
-423
-380
-326
-203
-80
-48
-74
-75
-7
131
326
505
587
625
710
852
928
900
852
835
869
928
938
865
739
586
461
372
277
206
162
115
31
-113
-270
-371
-415
-458
-531
-639
-794
-949
-1031
-1019
-972
-954
-968
-986
-975
-946
-922
-904
-865
-789
-691
-614
-564
-545
-477
-344
-180
10
164
298
437
586
727
847
954
1062
1168
1281
1435
1577
1663
1681
1668
1659
1677
1737
1787
1799
1773
1745
1716
1681
1660
1624
1558
1468
1330
1175
1068
995
939
875
784
637
432
202
-20
-188
-268
-327
-413
-512
-647
-806
-962
-1070
-1157
-1260
-1366
-1434
-1450
-1435
-1404
-1404
-1447
-1487
-1502
-1485
-1446
-1382
-1292
-1176
-1056
-987
-982
-954
-863
-708
-542
-393
-260
-128
46
181
249
277
307
359
428
519
577
589
573
546
528
527
503
447
392
380
385
368
322
234
135
70
23
-48
-152
-271
-332
-342
-352
-413
-531
-650
-741
-795
-810
-797
-792
-791
-785
-764
-728
-732
-747
-786
-819
-836
-840
-801
-743
-687
-641
-606
-594
-577
-520
-417
-295
-160
-30
94
213
324
447
562
674
783
891
998
1090
1187
1285
1364
1432
1463
1471
1473
1487
1533
1582
1608
1590
1566
1562
1532
1479
1423
1368
1325
1286
1223
1144
1052
960
876
796
715
591
452
335
244
174
93
-17
-140
-234
-315
-396
-499
-622
-721
-780
-814
-853
-909
-982
-1065
-1160
-1238
-1286
-1290
-1256
-1243
-1261
-1310
-1341
-1319
-1259
-1178
-1105
-1058
-1027
-992
-950
-885
-800
-728
-680
-622
-548
-449
-325
-203
-115
-51
11
78
177
310
466
601
697
765
831
898
969
1008
994
971
925
900
871
848
856
843
837
828
785
706
621
522
437
378
312
246
183
123
46
-59
-160
-261
-324
-327
-338
-391
-487
-573
-605
-615
-664
-755
-836
-907
-923
-918
-907
-912
-963
-997
-1000
-959
-911
-877
-855
-827
-765
-694
-638
-606
-585
-547
-452
-321
-187
-57
51
134
196
258
340
435
546
647
733
790
830
877
932
959
967
975
962
973
1001
1020
1039
1054
1067
1083
1098
1097
1084
1070
1034
977
888
799
725
653
582
481
390
290
178
96
31
-34
-100
-179
-265
-349
-434
-510
-584
-627
-636
-660
-696
-742
-796
-849
-868
-859
-856
-843
-830
-824
-803
-795
-788
-760
-692
-611
-570
-540
-500
-426
-348
-252
-176
-122
-66
-19
28
71
111
151
190
223
247
261
288
330
369
413
456
471
468
457
467
494
515
510
469
418
390
379
356
318
269
224
193
181
161
113
63
4
-37
-61
-98
-147
-205
-246
-269
-274
-297
-362
-436
-508
-555
-551
-527
-509
-531
-566
-577
-588
-595
-632
-654
-634
-580
-507
-469
-455
-429
-389
-314
-235
-168
-106
-70
-27
11
75
141
200
259
295
320
351
393
410
411
431
488
555
610
627
601
553
546
577
624
642
628
605
538
482
448
401
352
320
288
248
214
171
125
83
35
-28
-84
-121
-149
-175
-224
-279
-314
-329
-340
-343
-336
-337
-336
-324
-300
-303
-311
-303
-277
-230
-188
-141
-102
-93
-90
-80
-62
-35
10
59
105
159
206
232
249
291
328
337
347
345
342
340
333
323
293
275
272
249
217
172
124
86
68
60
31
-6
-56
-111
-158
-214
-238
-250
-281
-308
-349
-402
-470
-514
-537
-527
-477
-431
-410
-420
-443
-466
-478
-459
-417
-392
-379
-359
-326
-308
-301
-299
-303
-291
-271
-233
-197
-159
-132
-122
-111
-71
-21
20
65
110
154
185
227
264
294
325
346
354
370
385
411
443
454
453
435
419
437
485
536
569
572
538
506
518
551
574
545
498
466
455
455
447
434
408
393
382
372
369
377
369
314
260
238
226
219
218
200
156
101
41
0
-37
-72
-77
-74
-71
-80
-108
-150
-198
-239
-269
-278
-268
-255
-281
-328
-367
-391
-413
-425
-408
-404
-413
-419
-434
-440
-446
-448
-434
-420
-423
-448
-456
-428
-411
-394
-392
-413
-405
-396
-383
-366
-369
-368
-383
-400
-398
-370
-365
-372
-369
-368
-372
-363
-351
-356
-351
-310
-241
-182
-142
-138
-150
-144
-108
-57
-11
38
66
72
76
98
127
162
202
231
246
252
256
263
273
286
320
371
397
419
435
430
426
428
426
421
414
403
391
385
384
352
300
264
226
220
237
261
270
246
226
192
164
148
154
150
112
87
86
88
67
29
-14
-37
-39
-31
-34
-49
-47
-45
-53
-39
-20
5
27
36
54
68
89
88
89
89
89
102
126
150
157
145
129
132
151
174
202
224
207
170
131
86
47
40
30
27
7
-47
-103
-160
-197
-216
-203
-186
-185
-201
-237
-252
-251
-251
-246
-257
-269
-295
-319
-323
-323
-320
-318
-328
-341
-352
-365
-360
-367
-361
-370
-382
-369
-361
-341
-331
-323
-306
-306
-317
-317
-319
-315
-287
-235
-203
-181
-158
-134
-126
-124
-103
-65
-12
35
76
89
96
108
126
152
182
211
226
253
292
316
314
306
289
280
282
286
307
341
364
354
336
312
299
291
286
286
295
309
311
294
279
265
268
289
302
319
325
313
309
307
307
300
295
294
275
256
236
198
159
152
169
171
154
117
78
53
61
88
101
77
35
18
-4
-15
-28
-50
-68
-76
-73
-92
-126
-156
-191
-220
-224
-229
-237
-253
-281
-295
-316
-340
-345
-355
-354
-337
-312
-292
-272
-262
-277
-282
-276
-272
-265
-251
-226
-197
-168
-151
-154
-166
-169
-132
-89
-55
-28
-16
2
21
39
51
54
35
24
45
59
70
60
52
52
60
71
73
62
32
-3
-15
-19
-11
-6
-34
-75
-109
-130
-140
-138
-114
-92
-96
-97
-115
-122
-119
-128
-131
-132
-137
-142
-138
-143
-133
-121
-118
-111
-110
-99
-78
-50
-20
-9
-9
-4
4
33
66
90
116
139
159
184
215
249
289
324
347
359
362
352
345
351
349
342
337
341
335
320
318
311
320
324
334
331
295
256
223
203
184
155
117
68
17
-18
-42
-58
-65
-52
-40
-30
-28
-40
-56
-67
-67
-59
-60
-62
-62
-65
-63
-64
-64
-51
-31
-9
11
25
40
48
52
73
107
135
141
133
108
74
63
71
85
96
111
114
100
87
53
17
-12
-38
-56
-84
-113
-141
-172
-207
-255
-298
-339
-362
-375
-386
-394
-416
-447
-478
-510
-535
-557
-578
-588
-610
-618
-602
-593
-586
-586
-593
-601
-593
-562
-533
-508
-480
-438
-402
-355
-295
-258
-225
-185
-136
-72
3
92
155
189
215
240
267
306
348
382
414
443
457
454
444
443
449
465
480
508
517
509
504
491
495
503
504
489
466
449
428
393
349
323
315
303
279
240
203
176
172
190
193
178
152
132
123
132
150
167
182
178
176
172
166
158
150
144
154
179
199
206
202
199
199
210
223
231
231
228
229
219
196
164
126
94
73
47
24
-8
-50
-85
-116
-146
-180
-224
-272
-307
-325
-339
-365
-405
-450
-489
-510
-517
-523
-542
-571
-594
-601
-605
-605
-595
-595
-592
-582
-574
-570
-565
-553
-527
-488
-443
-405
-371
-341
-312
-271
-221
-170
-124
-85
-49
-23
5
26
44
71
99
129
147
158
161
166
189
226
262
273
267
260
255
269
280
282
263
237
220
201
182
158
135
125
120
110
98
82
64
47
21
-11
-30
-42
-39
-34
-36
-41
-47
-43
-42
-37
-26
-6
19
42
65
75
86
101
110
120
144
178
212
245
281
302
305
309
320
346
365
388
403
410
424
437
443
444
442
444
454
453
439
428
414
394
372
356
326
276
229
181
136
104
77
58
25
-27
-86
-135
-160
-170
-175
-189
-225
-265
-309
-350
-384
-401
-411
-426
-432
-445
-453
-458
-460
-450
-445
-440
-427
-410
-385
-364
-334
-309
-302
-299
-298
-296
-277
-241
-210
-179
-139
-112
-92
-65
-40
-8
21
49
71
98
119
131
128
111
110
117
124
124
132
146
150
156
152
145
139
128
113
92
91
86
82
80
76
55
20
-14
-44
-62
-78
-86
-87
-103
-120
-142
-161
-161
-162
-162
-165
-162
-163
-163
-161
-172
-180
-178
-167
-155
-159
-160
-152
-127
-99
-73
-59
-40
-17
12
39
64
91
119
150
178
211
237
254
282
312
325
329
335
354
372
383
391
390
388
401
416
415
413
401
387
371
358
342
336
320
289
261
236
214
179
148
119
93
73
41
4
-26
-53
-91
-127
-155
-186
-216
-249
-290
-328
-345
-353
-367
-382
-398
-408
-417
-424
-427
-428
-423
-414
-404
-389
-385
-378
-362
-341
-326
-311
-278
-245
-214
-186
-160
-144
-132
-99
-50
-9
27
56
77
100
112
134
162
187
215
230
229
218
199
192
198
205
214
220
217
218
216
209
190
167
149
128
117
92
63
29
-5
-39
-76
-99
-118
-139
-171
-209
-241
-270
-292
-305
-308
-305
-310
-307
-319
-333
-341
-343
-345
-342
-325
-307
-302
-302
-290
-268
-252
-244
-231
-204
-178
-154
-119
-101
-88
-65
-35
-1
32
74
100
125
138
157
198
233
261
266
264
272
290
304
316
329
352
375
390
390
378
359
349
370
390
381
361
350
341
336
338
337
329
316
303
283
246
221
204
196
197
182
163
145
123
107
96
79
67
53
46
44
28
13
4
-9
-14
-23
-44
-67
-82
-96
-111
-139
-179
-205
-216
-229
-248
-261
-276
-275
-256
-229
-203
-181
-174
-186
-190
-204
-216
-212
-206
-195
-185
-181
-194
-202
-199
-182
-163
-150
-138
-122
-106
-94
-88
-85
-58
-37
-24
-20
-7
9
10
8
0
3
9
1
-29
-55
-72
-85
-92
-110
-128
-125
-101
-95
-95
-103
-119
-130
-143
-137
-134
-132
-135
-165
-207
-250
-263
-250
-227
-195
-172
-160
-159
-167
-142
-95
-52
-18
8
24
51
72
94
141
189
238
279
303
338
367
390
420
423
425
444
476
510
534
533
526
510
507
519
537
564
591
606
610
607
585
565
532
502
479
452
411
348
302
254
212
184
160
133
100
64
27
-16
-52
-77
-97
-113
-145
-181
-206
-216
-235
-240
-232
-233
-246
-264
-267
-272
-274
-273
-296
-328
-363
-386
-395
-391
-374
-372
-374
-389
-408
-373
-288
-175
-64
-22
-57
-129
-222
-306
-356
-337
-271
-205
-184
-213
-251
-263
-225
-139
-49
-22
-56
-106
-153
-187
-207
-214
-174
-100
-28
34
52
36
2
-52
-113
-184
-249
-281
-287
-303
-339
-390
-415
-398
-373
-354
-327
-306
-275
-245
-241
-234
-226
-224
-216
-225
-265
-274
-257
-224
-190
-143
-99
-56
15
76
80
44
-24
-94
-136
-142
-61
45
135
186
194
230
307
435
629
765
816
822
731
538
359
275
287
387
482
481
376
266
237
322
477
583
545
382
195
115
168
281
369
357
286
176
31
-127
-211
-228
-226
-159
-138
-244
-370
-436
-444
-359
-227
-157
-162
-175
-179
-144
-56
17
90
128
65
-68
-168
-169
-118
-15
97
114
33
-44
-84
-70
52
250
402
406
298
114
-27
-42
-11
-4
40
84
40
20
54
97
146
149
85
50
11
-68
-122
-106
-60
-40
-71
-124
-124
-81
-63
-78
-100
-77
-19
-8
-48
-179
-349
-456
-479
-409
-276
-176
-109
-29
-8
-13
-30
-63
-75
-65
-50
-65
-117
-47
74
62
10
-44
-92
-87
-59
-6
54
81
95
139
273
446
558
556
465
328
219
214
289
374
419
380
262
119
59
87
163
312
455
515
471
354
222
154
150
106
16
-65
-82
87
298
358
312
144
-110
-301
-358
-325
-306
-336
-398
-497
-579
-547
-475
-374
-220
-134
-115
-171
-309
-274
-35
215
445
441
148
-118
-205
-154
-21
101
141
174
206
170
152
158
173
246
428
508
446
375
289
277
353
438
486
536
447
209
-36
-280
-419
-372
-288
-223
-101
-66
-164
-241
-252
-263
-248
-197
-185
-197
-127
-71
-164
-315
-498
-724
-816
-690
-497
-337
-367
-581
-781
-828
-811
-770
-535
-249
-88
-107
-320
-578
-652
-575
-380
-135
-77
-240
-396
-389
-303
-130
130
331
396
384
360
369
381
386
432
478
448
420
391
296
255
330
387
447
614
709
720
680
551
435
408
396
393
422
462
447
358
251
116
28
9
32
101
115
17
-148
-229
-261
-273
-206
-143
-184
-248
-323
-472
-564
-577
-534
-408
-264
-213
-252
-340
-420
-327
-217
-219
-300
-355
-312
-230
-129
-49
-27
-35
-15
-8
57
152
239
352
368
314
250
177
225
359
470
459
320
160
73
58
186
355
434
475
455
419
401
392
397
430
468
493
426
280
178
194
196
121
28
-99
-220
-280
-268
-227
-237
-262
-220
-207
-205
-194
-160
-96
-151
-288
-398
-441
-386
-362
-417
-503
-613
-746
-812
-759
-597
-384
-213
-146
-213
-290
-324
-291
-149
24
226
376
400
389
334
304
354
456
514
465
375
304
214
161
192
264
331
414
516
489
301
119
82
133
252
392
480
489
301
75
-13
-76
-41
97
160
163
55
-155
-342
-450
-428
-314
-201
-168
-147
-148
-139
-132
-155
-146
-157
-170
-219
-360
-435
-350
-296
-277
-304
-286
-202
-167
-179
-217
-275
-317
-226
-116
-52
-53
-20
70
61
-8
-15
58
215
344
265
133
69
47
95
234
370
410
390
316
191
76
37
124
211
303
366
383
415
446
374
180
34
12
47
15
51
77
19
-13
-58
-142
-187
-201
-163
-116
-196
-385
-527
-543
-506
-459
-442
-386
-323
-361
-385
-336
-289
-216
-146
-98
-69
-115
-180
-241
-304
-325
-271
-158
-25
79
110
-14
-213
-274
-265
-156
-26
90
236
332
309
173
27
-71
-37
134
302
372
358
273
166
120
115
131
178
227
203
138
87
126
254
392
498
518
529
548
499
388
327
298
297
286
184
110
-3
-59
-15
4
-44
-65
-99
-114
-49
-45
5
-6
-119
-194
-289
-323
-240
-144
-97
-143
-290
-475
-587
-546
-340
-85
-21
-192
-415
-572
-604
-509
-304
-67
20
-36
-107
-198
-207
-78
5
25
0
-110
-262
-374
-422
-390
-280
-146
-14
66
68
42
14
13
50
67
41
14
58
80
38
52
123
232
318
321
305
274
255
288
308
257
184
197
243
327
439
464
410
297
179
155
212
297
389
399
382
337
265
220
194
148
21
-112
-179
-218
-221
-134
1
29
-30
-157
-246
-153
-64
-56
-58
-140
-257
-249
-134
-20
94
122
-39
-246
-397
-512
-530
-492
-445
-405
-377
-374
-367
-305
-275
-260
-162
-28
27
58
77
95
109
93
55
41
72
149
223
191
94
-51
-177
-206
-154
-99
-75
-95
-79
27
151
252
283
296
231
133
113
84
114
185
187
173
127
37
-27
5
102
178
208
144
35
-75
-130
-86
-8
-3
-83
-144
-98
17
85
108
109
95
-2
-133
-189
-206
-182
-124
-19
103
158
155
66
-67
-173
-256
-272
-229
-145
-89
-12
51
130
232
213
155
115
147
221
296
353
302
130
-117
-308
-325
-182
-17
129
197
155
97
28
0
20
8
53
170
224
202
139
41
-15
-3
10
53
68
64
0
-92
-26
71
137
186
152
-8
-234
-435
-477
-376
-299
-235
-204
-175
-158
-197
-192
-158
-103
-65
-98
-163
-140
-74
-59
-107
-196
-269
-265
-160
-91
-145
-267
-293
-237
-115
49
73
7
-82
-197
-258
-222
-151
-45
73
98
44
-20
-63
-48
57
164
233
258
173
77
30
87
163
225
280
295
229
128
180
283
319
328
294
233
186
156
120
54
22
52
104
68
0
49
122
175
224
185
133
38
-119
-244
-335
-303
-192
-154
-173
-138
-11
190
304
196
-15
-142
-180
-115
