17
15
13
12
11
9
9
10
10
10
11
11
10
12
10
8
4
2
1
-2
-3
-4
-6
-7
-8
-6
-5
-3
-3
-5
-6
-7
-8
-9
-9
-12
-14
-16
-18
-16
-18
-18
-18
-18
-19
-20
-20
-22
-25
-27
-30
-33
-35
-36
-37
-36
-37
-35
-32
-31
-30
-27
-26
-24
-21
-19
-15
-13
-11
-9
-8
-7
-6
-3
1
3
5
8
10
11
13
14
16
17
19
21
19
19
19
19
22
27
30
30
30
28
28
27
27
26
25
28
27
26
23
22
22
22
23
23
25
26
23
20
17
15
11
10
7
6
5
3
2
1
0
-2
-2
-4
-5
-5
-7
-10
-12
-14
-16
-17
-19
-20
-19
-20
-21
-19
-17
-17
-16
-15
-14
-12
-14
-13
-12
-14
-13
-13
-11
-9
-8
-9
-9
-7
-8
-5
-5
-5
-3
-3
-3
-1
1
-2
-2
-3
0
1
0
1
-1
0
-1
0
-1
-4
-3
-2
-4
-5
-6
-6
-7
-8
-7
-6
-8
-9
-9
-9
-9
-9
-10
-11
-10
-10
-11
-12
-12
-12
-16
-19
-21
-22
-23
-23
-22
-23
-22
-20
-19
-18
-16
-14
-13
-11
-9
-6
-5
-3
0
3
2
3
4
6
7
5
4
5
6
8
11
11
13
11
12
13
16
17
20
20
22
24
25
25
24
25
24
23
21
21
21
20
19
18
19
20
21
21
20
21
19
21
23
23
21
18
16
14
13
11
10
9
9
8
6
6
4
1
-1
-4
-5
-6
-8
-11
-14
-17
-18
-18
-16
-14
-12
-12
-12
-12
-10
-9
-7
-5
-4
-1
0
4
4
4
2
2
2
2
3
4
3
3
3
3
1
-2
-4
-7
-10
-11
-11
-10
-12
-13
-15
-17
-15
-15
-17
-20
-19
-20
-20
-18
-18
-19
-20
-19
-16
-13
-9
-6
-4
-3
-1
1
2
4
5
6
4
3
1
3
1
0
0
-3
-4
-6
-6
-9
-12
-14
-18
-17
-18
-19
-21
-23
-24
-21
-18
-17
-15
-13
-10
-6
-3
1
3
6
8
9
13
15
17
20
22
23
25
28
31
33
35
34
35
38
40
41
41
40
40
39
37
37
36
31
28
27
28
27
29
26
22
20
18
18
17
15
13
10
8
7
7
4
1
-1
-4
-5
-4
-5
-5
-6
-8
-9
-9
-9
-9
-11
-12
-13
-13
-11
-10
-12
-13
-14
-12
-8
-6
-5
-8
-9
-11
-11
-10
-9
-10
-15
-16
-18
-19
-20
-22
-26
-28
-29
-30
-31
-32
-35
-37
-39
-40
-38
-35
-34
-32
-32
-31
-27
-23
-20
-18
-17
-13
-9
-3
2
4
7
7
7
10
12
16
15
13
12
12
13
13
11
6
1
-1
-2
-3
-6
-11
-16
-19
-23
-24
-24
-24
-25
-26
-27
-27
-24
-21
-21
-20
-21
-20
-17
-12
-10
-9
-6
-6
0
5
8
11
12
14
16
19
20
21
21
21
20
22
23
23
21
18
15
12
12
13
14
13
10
8
8
9
11
10
10
8
8
10
10
11
11
12
10
11
12
14
14
13
13
14
17
18
20
19
18
17
16
17
18
20
18
16
14
17
19
18
16
12
8
4
4
2
-1
-1
-4
-7
-5
-2
-2
-3
-4
-5
-3
-2
-2
-5
-5
-5
-4
-4
-4
-5
-5
-4
-4
-3
-2
-3
-1
1
5
8
9
10
10
11
11
11
11
10
9
7
7
6
7
8
8
6
5
2
1
1
-2
-4
-5
-10
-10
-11
-10
-8
-9
-8
-7
-8
-8
-4
-4
-3
1
2
3
5
7
9
7
7
5
3
3
0
-2
-3
-4
-4
-3
-3
-4
-7
-9
-11
-10
-11
-10
-11
-13
-14
-15
-14
-13
-10
-10
-9
-9
-10
-8
-9
-8
-7
-6
-6
-5
-3
-2
-2
-3
-4
-4
-2
0
3
2
1
-2
-1
-1
0
1
1
1
1
0
0
1
2
2
0
-1
1
3
5
4
2
1
-1
0
0
-1
-3
-3
-3
-3
-2
-1
-1
1
3
6
7
8
8
7
7
7
7
6
8
9
10
11
12
13
14
14
15
13
12
12
11
12
12
12
13
13
9
8
6
6
7
8
8
7
6
5
4
2
0
0
0
-1
-3
-4
-4
-2
1
1
1
2
2
2
4
4
3
3
3
4
5
3
1
0
0
0
-1
-1
-2
-6
-10
-13
-14
-15
-15
-16
-18
-19
-19
-20
-21
-22
-24
-24
-24
-23
-24
-25
-24
-25
-24
-23
-21
-20
-19
-19
-19
-19
-18
-17
-13
-12
-11
-11
-11
-10
-9
-6
-6
-5
-5
-3
-2
-1
-2
-4
-4
-7
-5
-4
-4
-3
-2
-1
-1
0
4
5
4
3
2
3
3
2
3
5
8
11
10
10
12
12
13
12
13
15
12
10
9
7
6
6
4
3
3
3
4
5
8
7
7
7
5
4
4
4
5
3
3
2
3
0
0
1
0
0
1
1
0
2
1
2
2
2
0
0
0
0
1
2
3
4
6
9
11
11
13
15
15
16
16
16
14
13
13
13
14
15
15
14
15
14
12
12
12
12
13
13
13
14
16
14
15
14
14
11
8
7
4
3
0
0
1
1
1
0
-1
-2
-2
-1
-1
-1
-1
-2
-2
-3
-2
-3
-6
-8
-10
-13
-15
-17
-18
-19
-19
-20
-19
-19
-19
-18
-19
-19
-18
-15
-14
-15
-12
-11
-12
-12
-11
-12
-12
-12
-8
-9
-6
-6
-4
-3
-3
0
0
3
2
3
2
3
3
5
6
6
8
8
10
11
11
13
13
12
15
15
13
10
9
6
5
4
5
4
4
4
5
5
5
7
7
6
6
7
9
10
11
11
10
8
7
5
4
5
6
6
4
4
1
-2
-4
-5
-7
-7
-8
-7
-7
-6
-5
-3
-2
0
0
1
2
1
2
2
1
-1
-1
-2
0
0
1
1
4
5
10
10
10
12
12
12
10
8
7
5
4
4
3
3
2
2
1
0
0
0
0
-3
-4
-5
-6
-10
-13
-16
-18
-20
-22
-23
-24
-25
-26
-23
-24
-24
-22
-21
-21
-21
-24
-24
-25
-27
-27
-28
-31
-33
-36
-37
-38
-36
-36
-36
-34
-34
-32
-33
-31
-31
-29
-29
-28
-27
-26
-24
-22
-22
-20
-22
-22
-22
-22
-23
-22
-21
-19
-17
-14
-10
-7
-4
1
4
5
8
11
12
12
13
15
16
15
13
12
9
8
7
7
9
11
11
13
13
13
17
19
21
23
22
22
22
22
21
21
18
16
15
14
14
15
15
13
14
14
14
14
14
16
16
16
16
16
17
19
18
17
17
16
17
20
20
23
27
27
30
32
34
36
38
35
34
33
32
31
32
34
34
36
39
41
44
46
50
52
53
54
54
54
55
56
56
54
54
52
49
44
41
39
38
36
34
32
29
30
30
28
27
25
24
21
18
17
14
11
9
3
-1
-4
-8
-13
-17
-21
-26
-31
-36
-39
-42
-42
-43
-46
-49
-54
-56
-59
-60
-63
-69
-72
-74
-76
-78
-78
-78
-76
-75
-73
-72
-71
-70
-69
-70
-70
-70
-71
-72
-72
-70
-68
-66
-63
-62
-59
-56
-49
-42
-36
-31
-25
-23
-21
-21
-20
-21
-21
-22
-24
-22
-19
-16
-10
-5
1
4
7
12
15
18
21
24
28
33
39
44
49
55
58
60
64
68
71
72
75
75
77
80
83
85
86
88
89
92
92
91
91
93
95
95
97
99
100
101
101
100
97
93
90
87
82
78
76
72
68
65
62
59
57
55
54
51
49
48
47
44
44
43
39
31
25
17
9
4
-3
-9
-14
-17
-19
-22
-25
-30
-36
-41
-46
-54
-63
-70
-77
-85
-91
-96
-101
-105
-108
-111
-113
-117
-120
-122
-125
-127
-132
-135
-136
-135
-137
-138
-141
-145
-148
-150
-152
-152
-152
-149
-145
-141
-136
-131
-126
-124
-124
-123
-120
-119
-115
-110
-103
-96
-89
-84
-77
-70
-64
-59
-55
-50
-45
-37
-30
-23
-16
-7
1
7
12
15
20
23
27
32
37
43
50
58
65
73
77
80
83
84
83
84
86
89
93
98
103
106
108
108
107
106
108
109
110
112
115
116
116
115
114
114
110
106
101
94
90
87
84
83
81
81
83
86
87
85
81
76
72
69
64
60
56
52
49
45
43
40
39
37
34
31
30
28
27
27
26
24
24
21
18
15
12
8
5
3
1
-1
-1
-1
-2
-3
-3
-6
-8
-11
-13
-17
-20
-21
-23
-24
-25
-27
-29
-31
-32
-34
-36
-38
-41
-43
-45
-44
-44
-43
-44
-47
-49
-54
-58
-60
-64
-65
-66
-65
-63
-60
-58
-56
-55
-56
-56
-55
-55
-56
-56
-56
-54
-53
-51
-48
-46
-44
-43
-40
-39
-38
-35
-32
-30
-27
-25
-22
-17
-15
-11
-8
-6
-5
-5
-3
-2
-1
2
6
11
14
16
18
17
17
18
19
19
19
19
19
19
19
20
23
24
27
29
31
31
32
33
35
34
35
35
35
34
34
35
33
33
31
32
33
34
36
38
37
36
34
32
31
30
30
28
27
26
26
25
26
27
25
24
23
20
19
18
18
17
17
14
14
13
12
11
9
8
8
8
7
6
5
5
5
5
6
6
5
6
7
6
4
2
2
0
-3
-5
-6
-5
-6
-8
-10
-11
-11
-11
-13
-14
-18
-20
-20
-21
-24
-28
-28
-28
-30
-31
-33
-36
-38
-38
-38
-43
-45
-45
-42
-41
-42
-45
-48
-49
-48
-48
-50
-50
-49
-46
-45
-46
-48
-45
-41
-37
-36
-38
-40
-38
-34
-30
-30
-32
-31
-26
-21
-18
-20
-21
-21
-16
-11
-8
-8
-9
-4
2
7
7
7
7
9
10
9
9
8
11
16
18
21
21
23
25
27
29
30
31
34
36
37
37
39
39
40
41
45
48
50
52
55
56
59
61
61
60
57
60
63
66
65
62
58
60
62
61
60
57
54
55
60
60
54
45
43
46
46
41
34
30
30
31
30
25
21
17
19
18
15
9
6
6
8
7
0
-1
-2
-1
-3
-7
-11
-15
-14
-12
-15
-18
-22
-20
-18
-18
-22
-25
-25
-25
-27
-29
-32
-33
-35
-34
-36
-40
-43
-45
-44
-47
-53
-58
-59
-56
-57
-60
-66
-69
-70
-69
-71
-77
-84
-87
-85
-82
-84
-89
-90
-88
-85
-86
-90
-91
-89
-84
-80
-78
-78
-78
-73
-66
-59
-56
-53
-49
-42
-36
-32
-26
-21
-17
-11
-6
1
7
11
16
18
23
28
32
37
42
44
48
52
54
57
61
69
78
83
85
83
83
84
93
97
93
87
84
89
92
88
80
76
79
85
86
81
74
70
73
77
76
67
59
57
62
61
52
42
40
47
52
47
36
27
25
28
33
31
21
14
11
12
12
4
2
3
6
8
5
1
-3
-1
-3
-4
-5
-11
-6
-2
4
-3
-13
-18
-18
-19
-24
-25
-26
-20
-16
-20
-24
-34
-33
-28
-23
-32
-36
-35
-34
-36
-39
-28
-26
-30
-37
-41
-47
-47
-34
-28
-39
-53
-67
-73
-67
-56
-42
-46
-46
-43
-45
-50
-59
-54
-62
-66
-65
-63
-59
-61
-48
-45
-42
-42
-48
-52
-66
-72
-87
-92
-79
-59
-46
-52
-55
-59
-66
-73
-83
-96
-105
-103
-97
-96
-93
-82
-76
-75
-66
-49
-42
-33
-25
-25
-39
-50
-47
-42
-33
-29
-37
-39
15
145
230
189
83
6
5
65
164
215
180
153
236
402
448
319
219
201
268
329
337
329
286
320
384
411
335
272
368
423
390
240
105
109
164
238
197
69
-22
10
134
124
14
-116
-180
-141
-140
-171
-231
-278
-267
-255
-254
-306
-331
-320
-331
-373
-499
-568
-539
-474
-421
-430
-440
-447
-422
-379
-347
-343
-393
-390
-343
-340
-372
-411
-358
-217
-26
199
306
242
69
-36
-4
49
130
203
278
382
509
672
681
551
436
406
452
422
410
417
424
475
509
564
526
480
507
458
330
117
-5
-9
-1
15
-53
-131
-189
-167
-91
-150
-290
-463
-568
-589
-632
-672
-726
-752
-699
-615
-518
-480
-472
-470
-519
-569
-645
-634
-521
-370
-184
-63
43
131
212
274
253
228
237
335
490
598
681
732
779
847
875
879
865
886
943
962
947
882
833
795
763
723
642
579
564
584
544
425
255
108
22
-38
-106
-206
-290
-355
-402
-449
-527
-659
-814
-929
-972
-981
-1004
-1031
-1045
-1053
-1041
-1024
-1052
-1114
-1183
-1233
-1182
-1082
-1036
-998
-895
-555
-164
-82
-303
-635
-785
-662
-320
29
89
13
86
463
795
611
302
163
287
546
675
733
633
641
865
1088
996
652
695
912
987
798
452
359
375
554
724
537
217
76
317
521
349
14
-318
-374
-333
-329
-329
-480
-543
-505
-403
-351
-464
-496
-468
-442
-559
-721
-660
-500
-229
-21
31
3
-30
103
244
269
197
143
273
462
628
704
715
824
924
973
959
903
899
890
922
926
841
751
729
815
829
716
596
540
508
423
312
186
26
-85
-130
-153
-233
-376
-501
-581
-653
-794
-970
-1082
-1128
-1166
-1219
-1309
-1365
-1441
-1494
-1503
-1609
-1759
-1826
-1682
-1309
-867
-618
-718
-1014
-1207
-1215
-967
-685
-536
-519
-514
-176
323
536
342
133
79
191
452
653
798
800
818
1081
1243
1170
1224
1453
1647
1555
1242
1061
988
1017
1115
1093
822
510
526
732
769
541
207
-20
-147
-198
-217
-302
-445
-551
-500
-369
-287
-290
-335
-335
-420
-612
-724
-675
-467
-232
-42
35
29
44
147
292
287
202
229
383
627
826
884
903
941
980
1028
1047
1062
1120
1177
1234
1255
1180
1064
1020
1048
988
842
715
637
616
525
323
108
-159
-422
-584
-677
-805
-968
-1073
-1157
-1299
-1511
-1718
-1883
-2074
-2302
-2435
-2511
-2628
-2753
-2909
-3008
-2896
-2398
-1753
-1409
-1605
-2076
-2284
-2223
-1925
-1597
-1460
-1401
-1092
-421
238
360
198
52
72
248
414
681
768
911
1242
1582
1693
1706
1955
2284
2468
2309
1990
1831
1832
2000
2142
1970
1690
1529
1652
1887
1838
1478
984
672
544
448
343
138
-49
-145
-148
-35
-2
-5
-20
-89
-324
-665
-842
-809
-579
-350
-218
-194
-225
-152
-18
12
-87
-223
-200
10
324
572
694
801
902
1012
1051
1047
1071
1132
1183
1202
1219
1204
1189
1198
1213
1143
1033
990
1043
1083
1021
898
777
663
525
388
253
103
-13
-127
-239
-324
-530
-771
-1012
-1302
-1599
-1780
-1814
-1830
-1921
-2151
-2442
-2569
-2434
-1905
-1195
-967
-1164
-1596
-1989
-2083
-1789
-1432
-1380
-1433
-1415
-809
-105
-64
-184
-412
-576
-439
-254
-55
-46
-29
245
708
836
728
935
1210
1329
1218
849
545
453
568
743
571
208
-6
168
512
616
368
-187
-528
-526
-499
-524
-656
-806
-882
-857
-655
-476
-443
-474
-489
-602
-925
-1095
-1000
-741
-445
-276
-192
-142
-82
50
154
97
-70
-102
119
410
674
769
807
907
958
1056
1129
1203
1290
1349
1392
1373
1280
1158
1119
1113
1108
1073
975
974
1034
982
825
631
440
257
181
200
98
-152
-404
-493
-474
-644
-1009
-1418
-1720
-1860
-1835
-1728
-1832
-2136
-2383
-2528
-2503
-2129
-1214
-98
399
141
-398
-782
-888
-747
-571
-811
-1232
-1063
-129
819
990
711
601
768
983
1088
1176
1124
1043
1276
1624
1814
1842
2037
2381
2506
2250
1779
1325
1019
923
860
452
-83
-242
43
453
585
303
-193
-583
-565
-369
-370
-572
-602
-422
-164
171
452
465
185
-195
-561
-970
-1295
-1175
-706
-222
132
408
623
681
702
678
456
164
111
427
846
1124
1241
1307
1258
1065
907
734
406
65
-27
62
132
118
110
63
-166
-440
-651
-743
-923
-1106
-1120
-1048
-1061
-1229
-1409
-1539
-1700
-1898
-2066
-2196
-2322
-2415
-2486
-2479
-2693
-2988
-3203
-3123
-3039
-3066
-3254
-3247
-2337
-359
2001
3399
3236
2239
1258
567
69
-501
-1184
-1607
-920
805
2361
2652
2273
2036
1991
1523
796
344
306
661
1557
2527
3079
3104
3038
2797
2092
955
-137
-883
-1102
-666
-25
46
-326
-570
-508
-590
-1067
-1742
-2273
-2268
-1607
-503
420
991
1373
1651
1567
1179
765
445
153
-88
-142
56
419
976
1624
2052
2059
1811
1597
1648
1868
2116
2313
2414
2593
2885
3102
2920
2353
1638
1029
560
272
174
248
417
513
431
175
-292
-777
-1206
-1584
-1926
-2103
-1990
-1697
-1415
-1357
-1576
-1959
-2383
-2743
-3142
-3576
-3622
-3512
-3125
-2855
-2866
-2861
-3254
-3716
-4148
-4363
-4325
-3938
-3354
-2819
-1739
292
2901
4428
3907
2277
668
-153
-467
-671
-805
-835
66
1916
3264
3236
2359
1362
845
462
186
449
926
1515
2358
3057
3243
2842
1977
1030
155
-452
-789
-918
-671
-54
374
1
-1183
-2275
-2592
-2552
-2418
-2398
-2313
-1585
-503
603
1352
1355
1113
852
700
640
562
769
1036
1255
1213
948
775
665
1021
1595
2029
2276
2469
3042
3562
3832
3806
3474
3155
2875
2772
2748
2471
2182
1972
1809
1572
1085
540
94
-158
-249
-370
-596
-832
-1003
-1074
-1223
-1425
-1616
-1845
-1730
-1827
-1935
-2307
-2970
-3058
-3377
-3339
-3480
-3629
-3289
-3408
-3459
-3975
-4582
-4915
-5155
-4887
-4816
-3911
-1604
1987
5228
5897
4511
1961
-133
-1214
-1786
-1824
-1897
-1145
914
3154
4386
3833
2456
1031
-121
-628
-559
143
1151
2344
3429
3803
3273
1906
436
-718
-1385
-1642
-1768
-1553
-1040
-442
-366
-1450
-3036
-4258
-4584
-4321
-3996
-3587
-2895
-1818
-763
177
503
-32
-660
-940
-600
-195
126
457
529
385
-19
-310
-414
-187
547
1520
2266
2518
2774
3076
3411
3596
3394
3124
2864
2907
3190
3420
3388
2985
2615
2294
2029
1700
1259
942
667
511
321
95
-114
-300
-387
-596
-870
-1229
-1361
-1136
-1045
-961
-1222
-1580
-2082
-2646
-2698
-2903
-3011
-3514
-3853
-3819
-3956
-3627
-3808
-4121
-4532
-4887
-2350
1804
5610
7011
5192
3067
998
-88
-738
-1454
-2064
-1976
428
3478
5337
4801
3327
2330
1051
548
170
588
1793
2550
3914
4508
4160
3200
1608
388
-581
-998
-1171
-1009
-443
311
535
-856
-3015
-4694
-4936
-4289
-3941
-3476
-2954
-1970
-613
492
1178
657
-198
-635
-554
-263
-6
536
569
378
-269
-920
-1071
-1118
-99
978
1925
2581
2816
3380
3639
3710
3242
2512
2175
2232
2673
2915
2975
2673
2285
1892
1367
957
416
66
-112
-136
-30
-127
-346
-547
-786
-961
-1204
-1453
-1599
-1791
-1702
-1497
-1691
-2133
-2486
-2963
-3355
-3617
-4059
-3653
-4057
-4516
-4511
-5222
-4782
-5066
-4661
-4442
-4428
-1397
2527
6345
6854
4516
1951
-414
-1105
-1701
-1593
-2243
-1888
1091
3688
5424
4038
2312
1391
183
211
278
1286
2364
3165
4493
4830
4203
2420
615
-676
-1163
-887
-755
-297
-94
431
434
-1330
-3430
-5059
-4934
-3876
-3269
-2618
-2030
-1176
-5
934
1168
460
-318
-380
449
1315
1710
1563
689
-136
-852
-1314
-1337
-944
462
2163
3481
4242
3994
3648
3532
3328
3133
2711
2544
2960
3469
3841
3763
3223
2361
1529
981
648
332
28
33
260
542
363
-240
-682
-991
-906
-688
-935
-1193
-1382
-1285
-1250
-1668
-1980
-2717
-2996
-3454
-3632
-3602
-4396
-4678
-5227
-5246
-5122
-5181
-4937
-5497
-5185
-2142
2908
6754
7013
4289
1240
-646
-1483
-1420
-1593
-2455
-1981
881
4145
5103
3144
1100
10
-582
-363
314
1396
2467
3152
4338
4809
3817
1937
-81
-1218
-1302
-739
-205
62
-32
-18
-491
-2420
-4735
-6088
-5487
-3991
-3190
-2811
-2559
-2089
-1130
-155
371
-39
-870
-404
850
1973
2645
2133
1002
-280
-1143
-1500
-1712
-1312
53
2084
3701
4259
4135
3860
3662
3375
3099
2711
2759
3360
3955
4230
3938
3098
2137
1404
901
790
837
696
626
717
771
352
-521
-1288
-1511
-1028
-535
-427
-559
-756
-1006
-1354
-1792
-2374
-2735
-3136
-3498
-3568
-3657
-3942
-4457
-4897
-5381
-5629
-5698
-5654
-5757
-4456
-146
4959
7823
6491
2953
-19
-1722
-1933
-1666
-1858
-2419
-1071
2376
4886
4655
2168
413
-294
-447
235
1314
2678
3563
4360
5063
4573
2933
918
-313
-668
-241
487
916
918
398
-72
-1137
-3284
-5254
-5862
-4647
-3076
-2207
-1890
-2021
-2029
-1625
-721
-181
-388
-608
-140
962
2012
2768
2176
708
-756
-1716
-1753
-1615
-742
578
1804
2706
2894
3219
3384
3601
3724
3321
3081
2992
3419
3789
3641
3066
2044
1420
941
715
807
665
350
-95
-206
-275
-581
-1152
-1802
-1990
-1762
-1314
-855
-877
-1057
-1185
-1572
-2113
-2576
-3050
-3213
-3479
-3691
-4001
-4656
-4894
-5397
-5316
-5384
-5238
-5007
-5027
-4889
-3912
610
5470
8257
7084
2896
231
-1460
-1058
-491
-1090
-1927
-1142
2747
5442
5069
2079
-62
-390
-97
1457
2637
3832
4294
4358
5137
4641
3364
1482
-48
-536
-56
976
1291
895
-345
-1247
-2222
-4081
-5575
-5870
-4166
-2171
-1486
-1705
-2371
-2338
-1463
-248
399
92
-119
349
1373
2080
2224
1248
-611
-1771
-1961
-1231
-423
395
1510
2297
2848
2959
2971
3145
3633
4448
5028
5176
4954
4900
4710
4233
3601
2643
1944
1532
1544
1869
1820
1189
333
-45
-1
-100
-592
-1004
-888
-273
311
261
-236
-948
-1481
-1768
-2046
-2230
-2522
-2737
-3173
-3807
-4556
-5277
-5750
-5871
-5515
-5354
-5144
-5267
-5523
-5836
-4932
-760
4435
7600
6411
2623
-728
-2385
-2053
-1416
-1613
-2693
-1984
1216
3687
3424
776
-1148
-1572
-1153
347
1832
3045
3500
3722
3976
3606
2401
744
-416
-816
89
1304
1637
841
-1093
-2604
-3464
-4307
-4944
-4939
-3810
-2467
-1993
-2240
-2683
-2648
-1786
-408
578
843
738
846
1228
1446
1386
562
-523
-1154
-990
-289
204
856
1482
1965
2176
2280
2488
2860
3885
4780
5232
5105
4572
4328
3986
3721
3310
2839
2435
1961
1876
1662
1200
489
-218
-378
-222
52
50
96
166
224
271
-48
-315
-523
-640
-726
-855
-1021
-1415
-1971
-2625
-3149
-4097
-5006
-5439
-5247
-4526
-3783
-3493
-3831
-4603
-5293
-5474
-4386
70
5562
8646
7482
3038
-695
-2407
-2166
-1207
-1215
-2387
-1847
1483
4201
3940
624
-1783
-1877
-790
1244
2733
3506
3730
3683
3923
3517
2204
873
241
118
1030
1895
1678
386
-2147
-3675
-3959
-3958
-4007
-4053
-3399
-2410
-1931
-1947
-1915
-1903
-1171
234
1315
1686
1253
865
692
465
639
386
-652
-1689
-1899
-1135
-89
812
1355
1562
1609
1975
2453
2759
3120
3282
3470
3568
3552
3702
3592
3375
3195
2687
2051
1433
837
459
469
443
85
-287
-397
-158
107
233
78
-237
-328
-233
-67
-21
-130
-117
-359
-889
-1580
-2411
-3080
-3614
-4024
-4491
-4566
-4036
-3197
-2904
-2950
-3405
-4196
-4861
-5070
-5038
-3418
1539
6853
9291
6571
1135
-2811
-4113
-2788
-943
-676
-1966
-1151
2176
4407
3006
-813
-2648
-2276
-395
2046
3581
4223
3588
2728
2609
2291
1824
1436
910
470
1062
1494
1206
-465
-2829
-3446
-3032
-2495
-2566
-2896
-2390
-1448
-870
-611
-477
-352
439
1530
2239
2045
1095
580
548
999
1829
1634
424
-1011
-1552
-874
-24
875
1837
2464
2882
3364
3473
3213
2768
2202
1971
1945
2449
3437
4034
3947
2877
1225
-55
-760
-845
-515
-196
-39
37
180
331
40
-739
-1327
-1534
-1318
-739
-134
263
206
-259
-1145
-2219
-3068
-3501
-3488
-3311
-3181
-3429
-3714
-3695
-3804
-3834
-4123
-4173
-3780
-3802
-3824
-4146
-4214
-4359
-2569
2324
6724
7655
3596
-1486
-4329
-4014
-1670
55
-130
-1814
-722
2309
3583
1367
-2295
-3101
-1578
1304
3740
4289
3157
1496
1109
1793
2232
1800
1173
390
-88
533
888
588
-1064
-3025
-3407
-2516
-1408
-1179
-1564
-1667
-1210
-771
-262
-47
-254
57
854
1693
1868
1464
1202
925
1049
1516
1287
127
-1125
-1310
-446
831
2128
2979
2971
2722
2723
2646
2416
2283
2408
2763
3195
3899
4393
3856
2525
1072
399
481
710
890
890
1040
1293
1461
1351
954
283
-145
96
619
1243
1519
1366
791
-83
-859
-1342
-1435
-1221
-1034
-1209
-1500
-1891
-2259
-2532
-2971
-3058
-2841
-2752
-2525
-2241
-2066
-1921
-2539
-3768
-4744
-5166
-2199
3286
6726
5890
1122
-3322
-4671
-3451
-842
762
-565
-1930
-395
1859
2251
-318
-2417
-1995
-833
1220
2673
2344
1219
199
288
1159
1246
915
237
-1225
-1444
-553
161
249
-1152
-2564
-2845
-2496
-2018
-2034
-2202
-1833
-1283
-719
55
-16
-467
-435
120
783
550
49
-105
-5
754
1612
1392
283
-774
-989
-192
850
1793
1992
1422
1429
2044
2773
3252
3004
2204
1417
1324
1999
2495
2188
1571
1001
777
804
696
610
670
1003
1519
1707
1506
1107
636
496
442
194
-72
-246
-104
211
420
289
-381
-1266
-1945
-2202
-2223
-2139
-2016
-2197
-2260
-2417
-2663
-2772
-2959
-2662
-2383
-2400
-2660
-3289
-4328
-5299
-5852
-3511
2205
6564
6702
2185
-3092
-5024
-3346
301
2811
1614
-759
10
2176
2808
408
-2119
-1758
-151
2180
3845
3305
1660
512
654
1748
2222
2393
2119
757
242
1415
2389
2223
147
-2205
-2774
-1843
-176
496
-131
-709
-810
-1045
-938
-1201
-1496
-1108
-164
907
961
300
34
170
738
1574
1321
65
-1150
-1456
-366
876
1514
1482
541
83
789
1656
2234
2013
863
-75
125
1379
2444
2127
1310
910
1083
1559
1723
1456
1038
1020
1653
2066
1592
823
-76
-616
-311
205
720
942
701
247
-305
-868
-1316
-1498
-1373
-1019
-807
-1011
-1516
-1988
-2350
-2474
-2475
-2977
-3590
-3712
-3414
-3014
-3133
-3814
-4851
-5774
-6143
-5932
-2893
2525
6377
5615
698
-4014
-5004
-2132
2097
4268
1609
-2416
-2808
-886
456
-557
-1524
-840
132
1492
2495
2112
900
390
1068
2609
3535
3886
3142
822
-306
604
2056
2481
1224
-168
-272
196
334
-415
-1703
-2108
-1683
-859
281
659
476
359
515
524
46
-64
693
1585
2366
2936
2266
393
-1605
-2334
-1436
48
1440
2038
1411
392
-174
-157
422
833
644
494
939
2158
3042
2883
2403
1679
998
822
1061
1414
1512
1268
1058
831
620
698
543
142
-220
-394
-33
400
449
218
-92
-148
-28
-222
-458
-673
-928
-1008
-1184
-1596
-2192
-2596
-2794
-3065
-3430
-3495
-3220
-2890
-2824
-3012
-3308
-3648
-3834
-3946
-3971
-4288
-2207
2621
6444
6237
1888
-2590
-3999
-2094
1041
2563
141
-2989
-2173
934
2735
1190
-942
-1098
-56
1991
3822
3651
1976
806
1002
2487
3820
4625
4043
1520
-113
481
1808
2303
1088
-935
-2110
-2044
-987
-89
-140
-395
-1014
-1774
-1724
-1430
-1104
-505
541
1506
1612
989
141
-978
-1510
-639
136
-139
-1139
-1876
-1877
-1591
-1031
-658
-1031
-1453
-1042
-68
1104
2037
2011
1223
477
811
1750
2207
2419
2405
2176
1872
1579
1078
445
155
661
1517
2018
2197
1768
890
288
406
1033
1491
1579
1563
1477
1131
513
-292
-827
-778
-346
68
-49
-804
-1839
-2543
-2648
-2397
-2086
-2135
-2523
-2763
-2687
-2427
-2417
-2656
-2946
-2785
-2812
-3081
-4072
-4993
-2254
2555
5398
3471
-1626
-5287
-4873
-1343
2538
3130
-675
-3550
-2356
749
2288
992
-375
-686
-170
1536
2630
2004
970
860
1854
3292
3853
3768
1972
-647
-830
1000
2761
2542
344
-1838
-2423
-1446
352
1075
418
-355
-1094
-1049
-501
-389
-494
-461
50
629
530
158
-248
-815
-542
299
276
-783
-1923
-1696
-630
312
1019
957
76
-763
-572
650
2044
2447
1836
801
458
1288
1968
1745
745
-97
243
1367
2379
2459
1655
949
770
937
1306
1475
1146
601
60
-83
5
-1
97
28
-179
-230
-170
-78
-186
-587
-842
-1049
-1431
-1670
-1576
-1098
-702
-724
-1104
-1663
-2301
-2582
-2556
-2408
-2097
-1585
-1146
-1510
-2544
-3236
-3483
-3373
-3499
-3978
-1703
2519
5464
4633
511
-2847
-2542
721
4067
4241
120
-3042
-2060
821
2375
1293
312
468
947
2114
2798
2042
1216
1198
2105
3329
3781
3630
1851
-657
-651
1260
2670
2272
334
-1304
-1893
-1609
-749
-599
-1074
-1078
-1224
-1354
-1363
-1380
-993
-559
-252
-218
-785
-1162
-1181
-1393
-1002
-296
-311
-1071
-1954
-2051
-1694
-1468
-1082
-847
-1195
-1232
-771
-130
323
255
430
434
531
1091
1480
1525
1251
854
745
999
1250
1355
1093
749
687
717
914
1092
913
676
626
960
1296
1110
908
678
651
972
1030
708
228
-58
103
268
43
-266
-579
-828
-1097
-1469
-1794
-2035
-1951
-1601
-1443
-1450
-1767
-1990
-1850
-1642
-1462
-1536
-2025
-2549
-3009
-3392
-3657
-2863
282
3655
4214
1493
-1840
-2791
-638
2404
3916
2291
-1209
-2202
-132
2285
3063
2228
1632
1586
1653
2263
2610
2283
2375
2907
3504
3663
3234
2286
576
-703
314
2300
3145
2309
418
-978
-1108
51
1707
2137
1041
-497
-2057
-2677
-2199
-1291
-477
-483
-1044
-1653
-2312
-2477
-2336
-2107
-1359
-660
-668
-1189
-1808
-2092
-2038
-1851
-1306
-851
-839
-687
-421
-156
29
-44
-350
-698
-533
333
1119
1092
603
245
444
1126
1733
1936
1585
1277
1585
2204
2551
2197
1426
921
985
1472
1837
1630
1106
612
409
429
389
205
-42
-131
75
379
504
443
138
-312
-664
-958
-1156
-1281
-1251
-1228
-1742
-2361
-3066
-3415
-3120
-2781
-2217
-1933
-2262
-2784
-3066
-3265
-2983
-2842
-1599
1762
4004
3494
504
-2213
-1961
495
2857
3244
371
-2895
-2438
558
3071
2766
716
-360
-452
685
2555
3135
2690
2506
2772
3199
3062
2779
2426
1206
770
1976
2833
2241
350
-1487
-2134
-1800
-624
14
-1210
-2870
-3704
-3603
-2632
-1681
-1076
-1090
-1824
-2254
-2260
-2157
-1635
-1236
-887
-405
-714
-1821
-3036
-3484
-2658
-1499
-588
-122
-768
-1678
-1737
-991
223
1002
1070
807
656
1412
2683
3111
2764
2495
2560
2784
2821
2856
2921
2811
2898
2976
2626
2093
1722
1711
1756
1648
1759
1854
1911
2181
2298
2023
1301
533
325
533
818
902
277
-855
-1759
-2159
-2072
-1986
-2268
-2657
-2924
-2874
-2734
-2867
-3021
-2768
-2512
-2255
-1949
-1930
-1946
-2124
-2287
-2317
-2336
-2461
-2593
-3198
-3024
-584
2083
2463
-14
-2890
-3119
-538
2768
4490
2852
-441
-1441
513
3220
4099
3235
2452
2104
2229
2797
2766
2028
1587
1868
2653
2919
2433
1206
-704
-1557
-94
1975
2338
507
-1849
-2921
-2433
-786
422
-375
-2191
-3438
-3616
-3149
-2764
-2453
-2403
-2920
-3243
-3185
-3300
-3175
-2688
-2010
-1391
-1494
-2039
-2602
-2778
-1934
-534
327
278
-565
-1357
-1103
-18
1377
2236
2011
1360
973
1346
2336
3056
3284
3201
3034
3127
3483
3855
4003
3727
3445
3548
3753
3869
3634
3093
2604
2345
2539
2684
2232
1404
762
664
898
993
871
422
-303
-773
-956
-932
-750
-692
-814
-1199
-1665
-1763
-1807
-2178
-2814
-3131
-2957
-2244
-1748
-1973
-2460
-3103
-3109
-2606
-2020
-1537
-1540
-2034
-2674
-2884
-2786
-1825
311
2500
3236
1631
-421
-811
625
2751
3692
2520
306
-601
994
3329
4042
2966
1501
723
867
1628
2354
2405
1936
1465
1109
668
240
-159
-588
-671
-32
705
253
-1315
-2651
-2898
-2229
-1204
-667
-1220
-2557
-3701
-3995
-3649
-3002
-2270
-2115
-2709
-3313
-3388
-3145
-2696
-2110
-1433
-1199
-1693
-2227
-2331
-1764
-458
739
944
275
-474
-293
574
1498
2432
2823
2612
2144
1890
2256
2869
3333
3649
3626
3329
3186
3003
2825
2838
3122
3576
3537
2942
2390
2056
1878
1835
1765
1676
1449
1141
792
226
-372
-745
-710
-408
-241
-544
-1367
-2172
-2308
-1852
-1370
-1347
-1900
-2751
-3374
-3376
-2800
-2159
-1823
-2081
-2458
-2794
-2901
-2466
-2231
-1879
-1658
-1641
-1637
-1784
-1930
-2034
-1944
-1909
-1505
-558
1409
3360
3183
1302
-400
-54
2089
4024
4322
2624
33
-670
1028
2875
2974
1503
439
358
651
1040
992
329
-172
-10
421
571
381
128
-373
-780
-332
111
-471
-1619
-2212
-1951
-1613
-1692
-2137
-3019
-3774
-3507
-2789
-2289
-2167
-2304
-2617
-3114
-3240
-2696
-1934
-1208
-433
-43
-191
-527
-684
-498
-71
707
1508
1824
1671
1441
1396
1537
1924
2334
2545
2355
2142
2349
2897
3606
4024
3910
3339
2691
2420
2619
3048
3409
3416
2951
2305
1794
1568
1474
1371
1220
937
516
-18
-587
-980
-1066
-936
-791
-912
-1162
-1343
-1440
-1420
-1411
-1442
-1502
-1670
-1964
-2203
-2239
-2010
-1829
-1982
-2241
-2335
-2164
-1806
-1661
-1790
-1878
-1806
-1377
-1004
-873
-808
-788
-602
-622
-792
-1048
-1024
-747
182
2021
3468
3414
1772
372
451
1558
2593
2677
1579
261
342
1758
2695
1828
222
-449
28
816
1273
1154
528
168
300
631
617
377
107
-174
-129
278
381
-379
-1499
-2068
-1865
-1335
-870
-847
-1441
-2124
-2442
-2233
-1752
-1257
-794
-702
-835
-883
-807
-629
-184
357
768
827
508
261
184
410
826
990
787
644
917
1455
1941
2189
2344
2338
2099
1910
2123
2674
3227
3475
3323
2810
2197
1776
1680
1829
1944
1979
1740
1209
713
405
233
20
-142
-70
101
212
138
-187
-643
-953
-976
-836
-748
-839
-1052
-1359
-1619
-1746
-1884
-2058
-2179
-2272
-2337
-2413
-2434
-2312
-2158
-1917
-1762
-1737
-1825
-1788
-1653
-1486
-1199
-909
-705
-1036
-1438
-1441
-1128
-667
-564
-948
-1576
-1683
-161
2062
2794
1286
-826
-1316
156
2069
2729
1680
-366
-1241
176
2155
2755
1522
38
-212
338
1080
1422
918
291
75
375
705
527
95
-387
-645
-243
353
248
-451
-1130
-1078
-580
-357
-474
-963
-1454
-1409
-1165
-1093
-1204
-1412
-1376
-1206
-1043
-758
-702
-697
-505
-404
-282
-283
-435
-398
-87
545
1072
906
502
441
825
1435
1861
1978
1786
1371
1088
1231
1671
2114
2269
2079
1747
1429
1314
1416
1462
1424
1357
1152
953
861
908
939
819
610
327
-18
-308
-295
-127
-96
-186
-338
-573
-777
-921
-1107
-1409
-1634
-1586
-1460
-1503
-1741
-2058
-2343
-2489
-2332
-2006
-1783
-1812
-1986
-2242
-2328
-2057
-1678
-1271
-1223
-1303
-1272
-1177
-1110
-1195
-1204
-1121
-736
-603
-727
-966
-911
149
1575
2483
2083
896
217
710
1806
2649
2563
1539
695
785
1739
2390
2128
1456
1075
1044
1129
1180
1001
894
856
1062
1145
847
370
-157
-346
-135
277
373
-59
-792
-1251
-1182
-762
-362
-597
-1186
-1712
-1863
-1630
-1420
-1340
-1371
-1435
-1458
-1356
-1236
-917
-537
-291
-49
18
128
282
476
835
1246
1631
1940
1989
1702
1419
1402
1893
2529
2704
2360
1887
1735
1941
2234
2370
2398
2301
2294
2401
2422
2375
2190
2020
1882
1694
1400
957
513
259
197
212
22
-522
-1158
-1594
-1478
-1008
-832
-1192
-1842
-2321
-2393
-2203
-2020
-1974
-2096
-2254
-2327
-2450
-2534
-2443
-2172
-1883
-1800
-1884
-2074
-2204
-2086
-1647
-1152
-1034
-1162
-1312
-1150
-634
-123
136
-75
-413
-461
-218
132
317
412
771
1530
2209
2147
1476
829
920
1621
2158
2124
1432
692
686
1199
1523
1141
436
111
61
34
-5
-6
-66
-262
-486
-558
-491
-476
-458
-580
-669
-652
-631
-668
-860
-1026
-1064
-1164
-1378
-1559
-1599
-1373
-1141
-1070
-1124
-1262
-1313
-1337
-1290
-1016
-693
-424
-290
-329
-413
-336
18
561
969
1092
1053
984
1046
1315
1680
1922
1892
1715
1614
1644
1744
1797
1730
1568
1483
1504
1499
1361
1138
1034
1142
1399
1544
1300
801
370
369
701
910
696
88
-433
-501
-161
139
-8
-468
-871
-987
-822
-618
-646
-967
-1284
-1321
-1126
-889
-737
-664
-593
-621
-790
-981
-1076
-950
-645
-380
-274
-372
-563
-654
-644
-527
-351
-129
-37
-101
-239
-315
-337
-473
-574
-587
-474
-284
-78
154
357
401
313
224
259
352
262
132
-19
-94
-51
-1
-18
-260
-581
-764
-688
-552
-345
-327
-547
-728
-760
-369
3
231
223
-27
-232
-244
6
273
357
58
-356
-674
-669
-537
-582
-621
-813
-934
-967
-922
-807
-824
-767
-547
-213
-22
5
-116
-96
93
281
359
173
51
128
349
555
545
380
236
227
313
394
371
377
454
653
942
1141
1190
1062
927
918
1050
1215
1280
1180
982
821
718
714
656
525
431
378
390
429
473
504
550
555
581
623
684
747
637
493
416
424
501
514
436
281
-17
-278
-303
-218
-121
-138
-338
-588
-753
-632
-357
-255
-306
-349
-323
-218
-170
-242
-351
-524
-566
-535
-611
-717
-830
-818
-684
-573
-533
-572
-564
-332
-70
19
-60
-179
-167
-113
-10
102
188
240
177
55
-46
-56
33
144
357
592
678
594
415
393
447
545
663
700
620
425
180
-87
-280
-345
-206
-100
-222
-488
-765
-791
-720
-717
-839
-1081
-1220
-1174
-1077
-1055
-1146
-1302
-1318
-1224
-1116
-985
-953
-932
-856
-685
-443
-309
-266
-290
-290
-126
220
607
814
815
748
775
894
1076
1212
1279
1359
1439
1519
1523
1463
1440
1483
1648
1842
1876
1787
1667
1595
1657
1744
1751
1597
1403
1354
1418
1397
1111
694
329
142
168
284
293
130
-163
-469
-690
-817
-838
-859
-929
-987
-1015
-1068
-1148
-1204
-1202
-1180
-1158
-1141
-1207
-1335
-1471
-1491
-1363
-1229
-1188
-1249
-1306
-1317
-1196
-1031
-953
-947
-935
-709
-429
-202
20
226
525
816
916
811
540
396
505
666
782
815
778
582
345
202
323
573
816
1004
863
587
314
304
464
547
596
415
103
-217
-380
-381
-412
-630
-914
-1076
-1155
-1121
-1225
-1386
-1549
-1677
-1656
-1596
-1471
-1411
-1427
-1495
-1542
-1592
-1561
-1392
-1163
-868
-768
-766
-802
-821
-704
-562
-359
-237
-156
9
264
510
653
767
916
1101
1185
1292
1425
1540
1673
1708
1692
1614
1517
1430
1360
1332
1302
1304
1311
1286
1108
839
670
665
761
775
685
518
273
72
2
0
-38
-228
-468
-648
-734
-708
-754
-887
-1099
-1274
-1276
-1224
-1234
-1357
-1505
-1549
-1483
-1404
-1344
-1312
-1305
-1238
-1083
-874
-719
-713
-749
-718
-609
-427
-255
-183
-201
-275
-284
-144
65
262
322
259
319
551
892
1211
1296
1214
1090
1065
1198
1347
1371
1319
1266
1307
1302
1204
1089
1011
971
935
975
945
898
845
883
927
868
826
746
733
671
617
609
530
406
275
214
113
-5
-181
-310
-365
-308
-109
-31
-95
-294
-431
-424
-378
-336
-312
-245
-208
-219
-288
-322
-291
-221
-102
2
143
276
367
424
401
396
461
609
816
999
1059
975
788
590
539
592
639
508
204
-98
-211
-105
10
18
-65
-130
-147
-148
-150
-180
-209
-182
-129
-134
-290
-435
-436
-338
-315
-516
-751
-914
-980
-960
-983
-1080
-1236
-1320
-1305
-1252
-1255
-1288
-1339
-1378
-1289
-1144
-992
-987
-1088
-1125
-1001
-791
-622
-582
-691
-786
-844
-810
-712
-633
-606
-679
-778
-797
-727
-629
-557
-571
-503
-270
67
401
532
577
573
544
642
679
615
481
386
533
693
725
626
446
357
381
559
793
897
891
896
937
947
972
1033
1134
1161
1120
1100
1006
869
752
701
717
666
580
524
479
440
375
334
315
256
138
-27
-165
-223
-228
-139
-48
-8
2
-52
-51
-25
-46
-51
-61
-72
-64
-7
90
167
131
68
34
8
31
20
56
111
152
185
131
49
-15
1
117
243
270
144
-24
-97
-58
-2
-1
-42
-92
-91
-1
96
118
40
-88
-170
-233
-229
-216
-246
-304
-409
-452
-468
-514
-567
-642
-678
-661
-647
-652
-698
-752
-752
-684
-599
-539
-485
-433
-355
-267
-198
-122
-86
-83
-98
-134
-127
-94
-67
-24
31
73
72
-9
-88
-92
-60
5
114
241
335
387
378
289
126
-20
4
135
261
311
248
190
141
125
157
156
237
341
506
642
618
546
444
447
495
550
591
601
581
524
481
388
294
156
47
-37
-168
-246
-268
-151
8
54
-74
-283
-405
-353
-163
-55
-71
-224
-338
-309
-209
-139
-251
-398
-475
-462
-415
-408
-400
-391
-290
-73
139
159
-3
-139
-139
12
167
235
119
-111
-273
-295
-225
-188
-211
-312
-433
-467
-348
-144
7
48
35
26
34
101
148
186
277
360
405
308
170
114
161
290
366
373
303
263
275
271
278
279
303
283
281
303
306
290
247
260
276
258
162
4
-134
-224
-208
-153
-142
-183
-253
-333
-371
-406
-440
-444
-431
-336
-279
-309
-413
-544
-591
-546
-420
-278
-201
-227
-304
-398
-449
-427
-376
-308
-274
-242
-142
-20
92
145
122
99
135
272
502
668
728
698
659
682
693
707
698
664
668
716
750
701
565
424
309
212
167
168
211
271
268
177
15
-129
-199
-216
-217
-278
-428
-606
-676
-616
-538
-573
-717
-871
-965
-931
-780
-643
-605
-607
-567
-455
-304
-212
-180
-200
-211
-144
-39
99
196
266
297
263
241
243
316
455
656
857
985
1096
1158
1177
1195
1257
1375
1485
1549
1555
1512
1438
1333
1204
1065
985
942
879
783
647
562
523
435
280
87
-77
-138
-131
-159
-233
-301
-375
-467
-604
-724
-778
-835
-876
-960
-1083
-1175
-1225
-1213
-1197
-1242
-1339
-1441
-1467
-1376
-1240
-1148
-1134
-1190
-1252
-1289
-1279
-1248
-1148
-982
-786
-589
-458
-340
-244
-185
-102
47
289
541
660
668
670
760
888
946
914
826
789
830
960
1089
1112
1024
856
712
614
551
517
491
455
364
236
99
-35
-153
-263
-386
-575
-771
-859
-844
-792
-857
-1065
-1270
-1375
-1375
-1336
-1335
-1371
-1422
-1419
-1316
-1170
-1055
-1015
-967
-860
-690
-516
-407
-357
-299
-162
56
263
348
347
365
506
748
964
1072
1093
1110
1181
1304
1425
1508
1530
1528
1539
1555
1580
1641
1726
1774
1698
1510
1313
1164
1142
1216
1276
1223
994
695
466
345
291
268
224
120
-7
-123
-220
-359
-488
-567
-644
-718
-817
-906
-960
-1003
-1061
-1127
-1209
-1290
-1284
-1210
-1101
-1011
-946
-866
-798
-746
-689
-647
-588
-476
-344
-269
-274
-288
-262
-178
-53
56
80
62
63
136
345
563
705
718
597
489
464
559
738
810
698
510
389
348
306
199
76
-31
-93
-70
-1
27
-24
-77
-79
-75
-137
-233
-348
-461
-525
-562
-609
-702
-828
-926
-1009
-1099
-1218
-1282
-1201
-1042
-955
-997
-1103
-1137
-1001
-781
-632
-659
-789
-860
-738
-456
-193
-91
-158
-261
-260
-102
103
244
288
291
315
343
369
396
447
556
664
704
700
693
727
789
832
846
788
694
667
734
801
774
647
502
422
374
287
162
47
-30
-48
-24
-26
-77
-123
-125
-112
-120
-154
-130
-41
83
177
184
161
81
42
86
164
255
295
333
380
426
492
576
666
742
811
830
837
866
942
1031
1031
944
816
731
740
808
854
818
696
596
531
451
378
308
263
283
317
303
296
342
426
460
390
232
38
-108
-123
-54
-72
-227
-448
-589
-620
-632
-682
-795
-896
-890
-761
-580
-544
-681
-796
-776
-662
-607
-641
-701
-743
-756
-684
-610
-608
-630
-657
-663
-684
-746
-749
-681
-625
-606
-631
-632
-586
-496
-420
-450
-574
-693
-687
-567
-431
-391
-443
-508
-491
-375
-251
-167
-168
-225
-286
-317
-302
-302
-302
-320
-325
-302
-307
-304
-288
-240
-205
-241
-291
-332
-327
-258
-159
-128
-177
-214
-175
-57
12
21
38
90
205
325
406
428
422
437
444
473
512
544
621
730
810
834
837
871
926
1013
1140
1260
1319
1323
1353
1403
1454
1487
1476
1450
1389
1331
1335
1364
1390
1396
1370
1273
1119
982
903
891
882
823
709
609
530
462
383
296
225
149
60
-55
-200
-344
-420
-434
-446
-500
-589
-654
-668
-616
-537
-520
-600
-748
-871
-910
-870
-825
-845
-891
-883
-810
-749
-773
-896
-1013
-1003
-842
-653
-551
-580
-653
-633
-560
-489
-463
-461
-453
-455
-471
-508
-549
-588
-620
-648
-695
-752
-772
-746
-690
-643
-668
-736
-781
-760
-682
-610
-603
-655
-699
-711
-665
-607
-595
-646
-711
-716
-668
-608
-578
-552
-499
-450
-438
-438
-435
-410
-349
-249
-141
-97
-86
-50
27
100
121
122
139
220
370
535
657
706
734
769
813
841
856
882
963
1064
1095
1071
1011
970
979
1042
1127
1169
1151
1113
1121
1177
1235
1250
1233
1198
1187
1204
1202
1185
1161
1133
1094
1032
933
833
752
719
736
770
766
695
589
478
407
387
387
373
341
308
268
206
143
90
75
58
-7
-113
-221
-285
-312
-351
-422
-505
-566
-592
-598
-582
-586
-611
-647
-669
-646
-574
-466
-432
-516
-669
-796
-817
-759
-693
-689
-737
-748
-688
-628
-631
-696
-752
-739
-647
-535
-484
-513
-568
-560
-457
-360
-356
-399
-474
-551
-598
-610
-600
-601
-600
-612
-669
-754
-834
-860
-822
-784
-805
-867
-890
-839
-741
-654
-648
-705
-743
-701
-578
-447
-378
-373
-379
-334
-245
-176
-159
-165
-120
-39
52
113
120
124
157
240
330
366
369
388
483
620
718
767
794
827
885
969
1045
1075
1074
1101
1163
1172
1132
1089
1077
1093
1071
1011
942
881
850
840
858
871
863
836
801
752
712
694
689
713
715
696
672
612
563
552
568
552
465
390
359
358
375
354
292
206
175
204
231
216
180
143
86
49
47
58
41
-7
-46
-99
-173
-250
-312
-361
-406
-460
-510
-558
-614
-639
-643
-664
-706
-774
-843
-872
-876
-864
-866
-884
-902
-935
-951
-934
-896
-860
-859
-889
-943
-999
-999
-948
-902
-860
-825
-769
-702
-657
-634
-636
-610
-541
-431
-328
-259
-212
-174
-156
-176
-178
-143
-91
-42
-24
-43
-88
-109
-81
-73
-99
-143
-175
-169
-184
-221
-256
-300
-311
-296
-276
-281
-323
-383
-421
-412
-370
-315
-292
-295
-306
-294
-271
-263
-263
-258
-232
-171
-101
-41
18
72
138
193
238
273
325
393
477
591
689
755
796
849
932
1031
1136
1224
1299
1356
1396
1425
1441
1470
1515
1536
1522
1483
1446
1418
1399
1387
1350
1289
1236
1211
1174
1134
1105
1045
982
907
827
746
652
563
501
426
317
202
95
-3
-105
-191
-263
-332
-405
-473
-546
-615
-670
-689
-675
-679
-676
-657
-639
-647
-676
-695
-684
-649
-606
-565
-523
-495
-512
-530
-556
-566
-530
-499
-483
-484
-444
-375
-303
-242
-175
-110
-44
25
64
91
103
117
132
113
84
56
15
-10
-40
-82
-116
-136
-163
-235
-302
-344
-367
-387
-439
-511
-598
-676
-712
-689
-665
-667
-697
-762
-839
-898
-913
-895
-888
-890
-891
-875
-850
-838
-820
-813
-820
-816
-791
-723
-645
-588
-533
-453
-357
-256
-161
-81
-21
52
139
206
276
356
427
480
520
581
670
778
858
872
864
879
918
958
967
943
936
949
962
969
950
914
881
838
785
743
710
681
643
582
498
407
312
224
160
107
34
-61
-156
-245
-296
-297
-260
-217
-215
-252
-316
-366
-407
-410
-363
-327
-331
-362
-356
-289
-229
-225
-279
-333
-331
-268
-167
-103
-81
-57
-9
51
69
57
66
109
152
165
145
131
144
203
283
319
296
255
236
236
231
195
140
122
146
185
181
88
-39
-130
-138
-108
-102
-148
-229
-282
-301
-318
-348
-397
-432
-445
-447
-447
-463
-510
-569
-610
-626
-616
-599
-583
-563
-536
-514
-513
-529
-527
-479
-393
-311
-265
-256
-246
-205
-142
-83
-57
-45
-3
73
137
164
186
229
298
377
435
448
434
417
420
448
469
475
485
499
514
520
519
521
519
502
483
465
436
417
405
392
366
313
252
191
138
80
38
28
31
40
31
11
-15
-50
-56
-34
-22
-31
-73
-109
-124
-108
-89
-83
-76
-66
-38
-17
-4
2
6
8
15
42
84
114
125
109
62
32
42
91
139
168
172
160
146
147
183
233
261
253
203
166
171
187
194
183
172
169
181
194
192
188
181
181
172
148
122
100
90
83
79
65
34
-4
-33
-34
-28
-39
-60
-77
-82
-95
-117
-145
-176
-198
-211
-219
-233
-248
-255
-266
-282
-291
-266
-216
-161
-138
-158
-196
-217
-198
-144
-97
-69
-57
-56
-49
-31
-12
4
22
41
66
92
115
130
151
178
208
221
218
222
230
240
243
230
214
201
197
196
194
183
164
147
110
52
-11
-63
-93
-116
-134
-150
-175
-218
-264
-302
-345
-378
-395
-397
-403
-428
-464
-502
-527
-530
-516
-497
-478
-474
-486
-496
-479
-436
-389
-347
-315
-290
-269
-239
-198
-149
-91
-26
33
78
115
166
229
292
347
388
426
457
492
528
565
596
608
610
618
646
688
705
698
667
644
640
640
630
602
562
519
478
443
404
365
316
245
164
92
46
13
-21
-58
-111
-180
-257
-330
-392
-443
-485
-525
-577
-636
-677
-691
-690
-684
-687
-704
-712
-709
-694
-678
-667
-652
-621
-574
-527
-489
-458
-421
-376
-329
-292
-253
-194
-109
-23
44
87
119
162
213
263
302
343
391
434
465
483
503
517
529
547
559
552
529
501
473
445
423
406
385
349
304
259
208
150
94
43
-2
-51
-101
-150
-196
-247
-312
-383
-443
-488
-521
-552
-589
-634
-676
-703
-705
-694
-694
-702
-705
-700
-684
-667
-642
-611
-572
-522
-470
-422
-372
-313
-240
-164
-98
-36
24
81
145
224
304
369
432
494
551
602
649
694
734
778
827
867
882
883
888
904
923
929
910
876
835
795
759
717
668
609
542
490
442
378
285
171
70
-4
-54
-99
-162
-247
-341
-424
-496
-548
-588
-625
-675
-740
-804
-845
-858
-859
-855
-852
-847
-839
-831
-816
-793
-753
-696
-632
-572
-509
-445
-380
-313
-242
-167
-93
-15
67
152
234
306
373
436
509
584
642
676
701
734
778
819
845
855
846
836
831
824
811
788
750
706
660
613
561
496
429
361
293
219
136
53
-28
-106
-174
-242
-313
-387
-453
-515
-577
-628
-670
-712
-752
-787
-807
-811
-813
-819
-828
-834
-822
-785
-734
-687
-647
-615
-581
-531
-466
-399
-340
-273
-190
-100
-24
34
86
146
227
313
388
446
491
535
582
625
666
702
734
763
780
781
762
740
728
730
735
726
690
625
556
503
457
413
367
308
237
161
91
35
-7
-55
-122
-205
-286
-345
-382
-414
-460
-514
-563
-603
-634
-659
-681
-699
-710
-711
-708
-702
-693
-676
-645
-609
-576
-551
-531
-498
-447
-384
-325
-277
-230
-174
-110
-45
12
59
105
156
213
268
323
373
411
444
473
499
526
550
565
576
580
582
583
577
565
546
520
490
455
428
399
360
318
273
226
172
120
72
28
-10
-54
-111
-174
-235
-280
-308
-330
-359
-398
-441
-482
-511
-526
-532
-536
-537
-534
-534
-539
-541
-538
-527
-501
-470
-440
-407
-379
-354
-322
-285
-241
-192
-145
-100
-56
-19
15
45
81
122
166
206
226
235
245
266
289
306
320
326
323
318
310
298
286
274
261
247
227
207
189
168
141
113
82
51
22
-1
-27
-58
-90
-115
-129
-136
-151
-183
-218
-231
-225
-213
-202
-202
-206
-210
-208
-196
-182
-162
-139
-113
-89
-76
-66
-47
-16
24
61
83
89
93
108
137
169
199
217
229
239
244
247
249
252
258
263
262
256
246
237
227
213
189
160
139
126
112
91
69
46
31
19
0
-31
-60
-78
-86
-94
-108
-126
-138
-140
-135
-135
-139
-149
-156
-150
-140
-137
-132
-121
-104
-79
-57
-48
-49
-47
-35
-13
16
39
54
68
80
88
88
90
98
112
121
126
127
127
126
121
117
111
106
105
96
76
55
39
34
32
25
9
-11
-31
-50
-69
-80
-93
-104
-112
-119
-126
-141
-155
-159
-153
-147
-151
-163
-168
-160
-143
-128
-123
-125
-126
-117
-103
-86
-71
-58
-48
-34
-23
-16
-9
-2
7
26
49
67
76
85
95
102
111
124
131
133
132
129
127
129
133
135
133
126
123
121
113
97
83
80
85
99
103
95
76
58
47
46
49
43
33
24
24
24
20
12
-1
-10
-14
-13
-10
-13
-14
-13
-9
-6
-13
-19
-24
-19
-9
-2
-2
-11
-25
-30
-21
-3
4
-1
-15
-27
-28
-20
-16
-18
-21
-19
-10
-5
-13
-27
-34
-33
-24
-16
-11
-18
-25
-27
-25
-25
-29
-32
-31
-25
-20
-17
-18
-21
-21
-22
-19
-20
-18
-14
-14
-16
-18
-15
-12
-12
-9
-4
-1
0
-5
-11
-19
-16
-10
-3
-4
-12
-19
-22
-20
-21
-29
-44
-54
-52
-45
-42
-49
-66
-80
-82
-75
-73
-78
-86
-93
-95
-97
-98
-105
-112
-113
-106
-96
-95
-104
-111
-111
-104
-93
-83
-77
-77
-76
-71
-60
-51
-44
-36
-26
-13
1
13
24
31
39
52
70
85
98
109
117
127
134
143
147
148
152
161
167
168
161
156
152
151
153
154
148
136
124
114
107
95
79
59
44
34
26
13
-10
-36
-61
-75
-79
-87
-99
-115
-130
-138
-141
-144
-151
-158
-163
-157
-149
-145
-146
-145
-135
-121
-105
-93
-83
-72
-58
-36
-18
-6
6
23
46
69
88
107
123
135
148
163
175
188
200
213
223
226
226
224
220
214
209
206
200
188
168
150
133
119
110
95
73
48
25
7
-12
-35
-59
-79
-93
-104
-114
-131
-155
-174
-185
-189
-194
-201
-209
-215
-215
-215
-215
-213
-209
-200
-188
-176
-163
-151
-136
-119
-103
-88
-70
-52
-30
-12
2
19
34
47
60
73
86
99
111
125
133
134
135
141
151
160
162
162
162
159
156
149
138
127
122
123
120
108
91
76
67
59
52
41
27
16
11
2
-9
-20
-30
-35
-38
-45
-54
-59
-64
-65
-65
-66
-67
-65
-62
-59
-57
-56
-53
-50
-46
-45
-47
-45
-36
-26
-19
-14
-14
-12
-10
-4
4
12
19
26
31
31
30
33
38
46
50
52
51
48
49
52
56
58
63
69
69
67
62
56
54
55
56
55
50
46
40
36
29
24
20
19
16
12
8
-2
-6
-8
-11
-19
-31
-39
-45
-50
-57
-65
-72
-81
-86
-89
-92
-98
-102
-102
-101
-101
-103
-104
-103
-100
-96
-91
-88
-88
-87
-82
-78
-73
-65
-54
-45
-36
-31
-28
-22
-13
-4
2
7
9
13
21
25
25
26
31
40
47
51
52
50
48
51
53
50
42
37
36
33
26
18
9
2
-4
-8
-14
-21
-28
-31
-33
-38
-42
-44
-46
-47
-48
-46
-46
-45
-44
-44
-42
-38
-30
-20
-12
-9
-6
-1
10
21
32
39
45
52
59
63
67
71
78
89
97
101
100
101
102
107
111
111
106
102
100
96
90
81
71
64
58
49
38
28
19
11
5
-2
-13
-25
-36
-43
-47
-53
-59
-67
-77
-84
-88
-91
-93
-91
-89
-88
-86
-83
-78
-71
-64
-56
-47
-37
-29
-21
-16
-10
3
17
29
39
46
51
58
65
75
80
82
86
90
95
96
92
87
81
82
83
76
65
52
41
32
26
16
5
-7
-22
-33
-45
-58
-70
-83
-93
-101
-112
-124
-138
-148
-152
-155
-160
-165
-170
-173
-171
-164
-155
-148
-140
-133
-127
-118
-106
-91
-78
-65
-53
-40
-27
-16
-1
17
34
49
64
77
86
95
105
117
130
138
142
141
142
145
150
152
149
148
146
145
141
135
128
122
115
106
95
83
68
52
42
32
22
8
-6
-16
-21
-28
-36
-44
-51
-56
-61
-66
-73
-78
-81
-82
-84
-85
-85
-84
-83
-79
-71
-62
-56
-51
-44
-38
-30
-22
-13
-5
3
11
18
24
33
42
51
59
67
76
80
80
84
90
99
105
105
104
100
98
98
98
98
97
93
89
86
83
77
69
63
58
53
45
33
22
12
6
0
-9
-19
-27
-33
-42
-51
-57
-63
-70
-76
-80
-84
-89
-93
-97
-97
-98
-100
-103
-105
-104
-103
-105
-106
-106
-104
-102
-101
-98
-93
-87
-83
-81
-79
-75
-71
-67
-65
-60
-53
-47
-43
-42
-38
-34
-31
-23
-15
-7
-3
0
3
10
18
24
27
33
36
38
40
40
45
51
58
62
63
65
71
77
82
83
84
83
79
78
76
76
74
70
66
64
62
58
53
51
47
41
31
21
12
5
-1
-7
-12
-17
-24
-33
-41
-47
-51
-54
-58
-61
-62
-66
-69
-71
-72
-72
-72
-71
-70
-68
-67
-64
-60
-55
-46
-37
-29
-22
-15
-5
6
14
23
31
40
48
56
61
68
75
81
86
92
95
97
96
99
101
104
103
98
96
93
91
88
84
77
70
60
49
41
33
25
16
7
-4
-15
-27
-37
-46
-56
-65
-73
-80
-89
-98
-104
-109
-113
-119
-122
-126
-128
-129
-129
-129
-127
-124
-122
-115
-109
-105
-98
-92
-83
-76
-70
-62
-55
-44
-36
-28
-16
-5
4
15
25
36
46
55
63
72
79
84
88
91
93
96
100
101
101
100
98
96
92
90
85
82
76
69
60
53
47
39
31
22
12
3
-8
-17
-22
-30
-39
-46
-50
-56
-62
-66
-69
-73
-75
-78
-79
-78
-77
-78
-74
-71
-67
-62
-57
-52
-44
-38
-30
-20
-11
-2
6
14
24
33
42
50
55
61
67
72
79
83
86
92
97
98
100
101
100
102
102
100
99
97
93
86
81
77
69
61
54
46
39
29
19
12
5
-5
-16
-23
-31
-38
-45
-52
-59
-64
-72
-78
-83
-89
-94
-96
-97
-100
-103
-104
-103
-101
-100
-98
-94
-86
-82
-80
-75
-70
-63
-58
-51
-43
-36
-30
-25
-14
-4
6
12
20
28
36
41
48
55
61
64
67
72
76
75
74
75
76
76
75
72
69
66
63
61
57
50
42
37
32
23
17
10
3
0
-8
-17
-24
-30
-36
-41
-45
-50
-58
-64
-69
-71
-74
-79
-82
-81
-82
-82
-80
-78
-75
-71
-67
-61
-53
-46
-41
-35
-27
-23
-16
-6
1
10
17
23
32
40
44
50
58
66
69
75
80
83
86
88
90
92
93
93
93
95
91
87
84
81
79
73
63
53
46
37
27
20
12
3
-5
-12
-18
-27
-34
-43
-47
-51
-57
-65
-69
-71
-76
-80
-83
-87
-90
-92
-92
-90
-86
-82
-81
-76
-70
-65
-59
-53
-45
-37
-30
-22
-12
-3
6
15
24
29
35
38
47
56
63
65
64
67
69
69
71
73
72
70
69
66
61
58
52
47
42
34
27
18
9
-1
-10
-17
-26
-35
-45
-54
-59
-67
-77
-86
-91
-96
-102
-105
-108
-110
-109
-109
-107
-106
-105
-102
-98
-92
-87
-81
-73
-65
-57
-50
-42
-31
-22
-15
-4
8
18
25
35
45
54
60
68
74
81
88
92
99
105
106
106
108
109
110
108
105
103
101
95
90
85
80
74
65
57
50
42
34
27
20
14
5
-2
-8
-13
-21
-28
-34
-39
-46
-53
-55
-57
-60
-64
-68
-69
-70
-70
-72
-69
-68
-65
-62
-60
-56
-52
-46
-37
-31
-26
-19
-11
-4
4
12
20
28
37
45
53
59
67
73
78
84
91
97
99
102
106
108
109
111
108
105
101
99
94
88
81
72
64
57
47
37
28
18
7
-5
-16
-28
-39
-49
-60
-68
-78
-86
-92
-97
-102
-106
-109
-112
-112
-113
-115
-112
-111
-107
-105
-99
-92
-87
-80
-73
-64
-56
-47
-37
-26
-16
-5
4
15
24
33
43
54
64
73
79
85
90
95
97
101
103
102
101
100
96
92
84
75
68
61
52
42
32
22
13
2
-7
-16
-24
-33
-42
-49
-57
-66
-72
-78
-84
-89
-94
-97
-98
-100
-101
-102
-99
-95
-92
-89
-82
-75
-66
-58
-47
-38
-29
-21
-11
0
12
21
30
41
50
59
67
72
77
79
81
84
88
87
85
84
84
83
80
78
75
71
65
59
53
47
40
31
23
17
8
0
-8
-16
-25
-32
-38
-46
-52
-58
-61
-63
-64
-67
-67
-65
-63
-59
-56
-51
-46
-41
-37
-33
-25
-18
-11
-4
0
5
11
16
20
25
32
37
42
45
48
50
51
52
52
51
49
49
46
43
41
37
31
23
20
12
5
0
-6
-13
-19
-25
-30
-33
-36
-41
-46
-52
-56
-58
-60
-58
-59
-59
-58
-56
-51
-46
-40
-35
-31
-27
-22
-17
-13
-10
-7
-3
4
12
18
22
28
33
38
41
43
46
48
48
46
46
43
42
38
35
31
25
19
11
5
0
-4
-9
-15
-20
-24
-29
-35
-44
-50
-53
-55
-56
-57
-58
-61
-59
-59
-59
-56
-54
-50
-45
-41
-36
-31
-25
-19
-14
-7
0
6
13
19
24
28
31
37
42
47
49
51
52
52
54
55
57
56
55
56
55
54
50
47
43
38
33
28
23
17
10
4
-3
-9
-15
-20
-25
-29
-33
-36
-37
-38
-40
-44
-46
-49
-48
-48
-46
-45
-43
-41
-39
-37
-36
-33
-29
-24
-19
-12
-4
2
8
14
20
27
34
40
45
50
53
57
60
65
69
73
75
77
77
76
75
72
69
66
64
59
55
49
43
37
33
29
23
16
10
4
-3
-9
-15
-21
-27
-31
-37
-43
-48
-53
-56
-58
-59
-57
-57
-55
-54
-53
-50
-46
-43
-38
-34
-28
-22
-17
-12
-7
-2
3
8
16
24
31
36
39
45
50
56
60
64
65
65
65
65
63
63
62
61
58
55
51
48
43
38
34
29
23
17
11
5
-2
-10
-19
-25
-33
-40
-47
-53
-60
-65
-70
-73
-78
-82
-85
-86
-86
-87
-88
-86
-85
-82
-77
-72
-66
-61
-58
-53
-46
-39
-33
-26
-18
-12
-3
5
13
21
28
35
40
46
51
55
58
62
66
70
73
77
78
76
73
71
69
65
59
54
48
41
37
30
26
18
9
-1
-11
-21
-28
-35
-42
-49
-54
-59
-65
-69
-74
-76
-79
-82
-83
-82
-82
-81
-81
-80
-77
-75
-72
-70
-67
-62
-58
-53
-51
-46
-39
-32
-24
-16
-8
-3
1
7
12
19
24
29
33
36
38
42
46
49
51
52
52
51
51
49
48
46
45
43
40
37
34
27
20
16
11
7
2
-2
-8
-14
-20
-24
-30
-34
-39
-43
-46
-48
-50
-52
-52
-54
-52
-51
-48
-45
-44
-42
-41
-39
-33
-28
-20
-10
-3
4
13
18
23
29
36
42
48
55
60
65
71
77
81
85
88
89
90
90
89
89
87
84
81
77
74
70
64
59
55
50
43
37
30
25
19
13
9
4
1
0
-3
-5
-10
-13
-17
-18
-18
-20
-21
-21
-21
-20
-21
-23
-25
-27
-25
-22
-20
-19
-18
-15
-12
-8
-3
-1
0
0
2
4
7
9
11
12
14
16
19
20
22
23
22
24
24
23
21
20
18
16
13
11
6
2
-4
-9
-13
-15
-20
-25
-29
-34
-37
-43
-47
-53
-57
-62
-67
-72
-75
-75
-76
-77
-79
-79
-78
-75
-73
-71
-68
-63
-55
-48
-42
-37
-31
-26
-20
-17
-13
-9
-5
0
6
14
20
24
28
34
38
41
44
44
44
44
43
45
44
41
39
35
30
25
20
16
10
7
1
-3
-5
-8
-10
-13
-16
-17
-19
-19
-21
-23
-22
-21
-20
-19
-19
-17
-15
-13
-10
-6
-4
-2
0
3
6
8
13
16
20
22
24
26
31
34
35
38
42
42
43
43
47
48
47
47
48
46
45
43
41
41
40
39
37
36
34
32
28
25
21
19
14
10
5
0
-4
-6
-10
-14
-17
-21
-27
-31
-34
-40
-44
-46
-47
-49
-49
-51
-53
-56
-57
-57
-54
-51
-49
-48
-45
-44
-42
-39
-37
-32
-28
-23
-21
-17
-14
-10
-5
-1
3
6
9
12
14
17
19
19
20
20
19
17
16
13
11
11
7
7
5
3
1
0
1
1
-1
-3
-7
-8
-13
-19
-21
-23
-23
-25
-27
-28
-28
-28
-30
-30
-28
-23
-21
-20
-17
-13
-10
-6
-4
-3
-3
-3
-1
3
5
8
13
16
20
24
27
29
33
36
40
42
45
48
51
51
53
53
54
54
54
55
56
55
53
52
52
50
50
47
46
44
42
38
36
32
30
26
22
18
15
11
7
5
3
0
-4
-7
-10
-11
-10
-12
-12
-12
-13
-14
-15
-15
-16
-14
-13
-13
-12
-11
-9
-7
-6
-3
1
4
7
10
14
15
14
15
17
18
18
19
18
18
18
18
17
14
13
10
9
6
3
2
-1
-5
-10
-14
-18
-22
-25
-28
-31
-32
-34
-36
-40
-42
-46
-50
-52
-54
-55
-56
-58
-60
-60
-59
-59
-59
-56
-53
-50
-49
-45
-40
-37
-32
-25
-20
-17
-14
-10
-7
-2
2
4
8
11
15
20
22
26
29
32
34
36
38
39
38
38
38
39
37
35
32
30
28
27
26
24
21
19
14
10
5
4
0
-3
-6
-9
-12
-15
-18
-21
-23
-24
-23
-25
-25
-25
-23
-24
-25
-24
-22
-19
-16
-13
-12
-8
-3
-1
2
6
9
11
16
19
20
23
26
29
28
30
32
34
35
38
39
39
37
35
34
33
32
31
28
25
23
21
17
13
9
5
1
-3
-6
-9
-12
-17
-22
-25
-29
-33
-38
-41
-45
-48
-51
-54
-58
-59
-60
-60
-61
-62
-61
-59
-57
-55
-53
-51
-48
-44
-41
-38
-36
-33
-29
-24
-21
-15
-10
-6
-4
-2
1
5
9
13
17
19
21
23
24
23
23
23
22
23
24
25
25
23
20
17
15
14
14
14
14
10
8
5
3
3
1
-1
-2
-3
-6
-6
-8
-10
-10
-11
-9
-6
-3
-4
-3
-3
-2
0
2
5
8
10
10
12
14
16
19
21
24
28
32
36
40
44
45
46
49
53
55
58
58
58
58
57
55
54
52
51
50
50
47
45
42
38
34
30
28
25
22
17
13
10
6
3
0
-3
-6
-11
-16
-18
-20
-22
-22
-25
-24
-24
-24
-23
-23
-26
-27
-27
-26
-23
-20
-19
-18
-18
-20
-21
-20
-19
-16
-13
-9
-6
-4
-4
-4
-4
-3
-1
-2
1
1
0
-1
-2
-4
-8
-9
-10
-13
-15
-15
-19
-20
-22
-23
-25
-28
-30
-33
-35
-37
-39
-40
-41
-41
-43
-42
-43
-42
-42
-42
-43
-43
-42
-41
-39
-37
-34
-32
-31
-30
-27
-26
-23
-21
-16
-12
-7
-4
-3
-1
1
2
5
9
14
16
18
20
22
22
24
23
24
24
24
24
22
23
24
23
21
19
15
14
14
14
14
14
10
7
4
2
0
0
-3
-5
-4
-3
-3
-5
-5
-9
-10
-10
-9
-9
-6
-3
-1
3
6
9
12
13
15
17
19
21
23
22
24
27
28
28
32
31
32
33
34
36
37
37
39
41
41
43
42
42
43
44
44
43
43
41
40
37
33
29
28
25
24
22
19
16
13
10
6
3
-2
-5
-8
-10
-13
-15
-16
-19
-20
-24
-26
-27
-28
-30
-32
-31
-33
-32
-31
-32
-32
-33
-33
-32
-31
-31
-31
-31
-29
-26
-23
-22
-21
-23
-22
-22
-20
-20
-17
-17
-17
-18
-18
-18
-17
-15
-13
-13
-12
-12
-12
-12
-14
-16
-19
-21
-20
-20
-21
-21
-19
-22
-22
-24
-26
-27
-26
-25
-24
-23
-21
-20
-19
-19
-19
-21
-19
-21
-21
-19
-17
-13
-10
-8
-7
-6
-4
-3
-2
-1
3
7
11
15
19
18
18
20
20
22
22
24
26
28
32
34
34
35
34
32
29
27
26
26
28
26
25
25
25
24
22
23
22
21
21
20
21
20
20
19
17
15
15
14
12
13
14
15
14
15
13
14
14
13
15
18
18
22
22
23
23
24
24
24
24
23
23
25
25
24
24
24
25
25
25
25
25
24
22
20
17
16
14
13
10
8
5
4
2
-2
-4
-6
-8
-9
-12
-14
-16
-19
-21
-23
-25
-28
-29
-29
-31
-32
-34
-35
-36
-37
-38
-40
-41
-42
-42
-42
-41
-39
-37
-35
-35
-33
-33
-33
-33
-32
-29
-26
-24
-21
-18
-16
-15
-14
-12
-9
-7
-4
-3
0
2
3
5
7
9
8
8
8
8
9
8
9
8
9
8
9
10
9
8
7
7
7
7
7
6
5
4
3
1
1
0
-3
-3
-4
-4
-3
-2
-1
0
