540
550
555
557
565
565
569
573
573
579
582
581
577
572
561
559
561
553
548
542
534
522
517
511
499
477
446
420
406
397
400
402
397
391
379
370
357
349
335
311
292
272
256
240
225
215
195
172
150
127
104
75
53
30
8
-4
-21
-39
-61
-85
-105
-130
-157
-190
-217
-242
-260
-268
-283
-302
-318
-347
-379
-401
-421
-438
-455
-475
-483
-495
-513
-525
-536
-547
-548
-546
-545
-534
-527
-513
-502
-493
-490
-495
-490
-490
-489
-491
-489
-484
-483
-475
-463
-452
-444
-445
-448
-444
-434
-411
-385
-360
-333
-312
-288
-262
-242
-212
-184
-165
-143
-126
-107
-87
-68
-47
-20
3
23
42
58
77
90
112
140
167
191
203
210
229
248
268
289
307
325
343
364
376
394
410
411
410
412
426
448
468
474
479
482
477
472
457
446
444
437
434
434
433
432
423
422
422
418
413
414
417
417
413
414
420
415
409
400
388
368
342
323
307
289
263
244
221
205
186
163
154
142
132
126
112
99
90
78
64
50
44
44
37
21
4
-9
-16
-37
-65
-87
-107
-127
-149
-172
-193
-210
-229
-245
-263
-278
-288
-303
-310
-307
-314
-318
-325
-332
-335
-344
-345
-345
-351
-353
-360
-368
-384
-402
-423
-446
-458
-479
-486
-488
-487
-485
-485
-474
-455
-435
-423
-404
-388
-380
-374
-365
-355
-339
-323
-311
-297
-287
-280
-278
-269
-262
-261
-248
-235
-219
-201
-183
-165
-151
-136
-123
-110
-89
-60
-37
-15
6
26
46
65
84
97
108
127
147
158
159
159
165
164
175
197
212
227
235
249
271
290
297
306
316
331
352
365
376
389
403
412
418
425
424
417
411
410
411
414
414
408
398
391
378
363
351
339
329
319
315
320
325
321
317
308
295
271
242
231
209
191
169
144
128
112
101
87
69
46
20
1
-18
-29
-46
-60
-75
-95
-100
-111
-118
-119
-121
-116
-117
-122
-138
-148
-151
-166
-173
-178
-187
-194
-206
-214
-221
-233
-250
-271
-281
-299
-309
-313
-327
-332
-334
-342
-352
-360
-367
-368
-365
-361
-349
-338
-336
-324
-314
-311
-309
-309
-315
-315
-307
-299
-289
-268
-243
-225
-212
-203
-191
-182
-168
-153
-135
-116
-108
-102
-89
-82
-77
-66
-55
-37
-23
-8
-3
-4
-1
9
10
8
21
33
43
48
59
66
72
72
79
87
90
104
114
131
146
162
179
185
196
197
195
201
209
217
222
227
235
241
248
245
238
233
233
239
245
244
245
242
238
233
231
230
225
229
229
236
241
244
248
253
258
265
265
263
265
263
260
257
256
251
241
230
215
202
194
189
177
162
152
145
137
126
116
109
102
93
80
70
57
37
16
-11
-33
-49
-61
-76
-91
-99
-100
-107
-113
-122
-128
-135
-145
-157
-163
-168
-176
-181
-186
-186
-185
-189
-192
-195
-203
-212
-223
-233
-239
-245
-247
-252
-258
-261
-261
-260
-261
-262
-262
-265
-260
-250
-248
-239
-236
-237
-234
-237
-232
-228
-226
-228
-225
-217
-210
-201
-189
-174
-158
-144
-131
-122
-113
-104
-103
-99
-99
-98
-93
-96
-96
-87
-80
-67
-57
-47
-37
-27
-17
-5
10
21
33
45
54
62
68
70
72
79
86
93
103
113
122
129
136
145
148
157
164
169
175
182
192
198
209
212
209
209
213
217
222
223
223
225
228
230
232
236
239
244
243
239
238
238
244
241
234
226
225
229
228
223
215
212
205
190
176
160
147
135
119
106
99
90
81
73
66
57
45
39
29
20
14
5
-3
-8
-12
-22
-35
-50
-56
-62
-68
-72
-77
-84
-90
-92
-92
-89
-87
-88
-90
-98
-109
-116
-121
-124
-132
-140
-148
-148
-149
-148
-148
-151
-148
-153
-159
-161
-162
-166
-167
-166
-165
-162
-161
-159
-158
-158
-155
-155
-152
-147
-143
-139
-134
-133
-132
-133
-131
-130
-128
-126
-126
-121
-118
-117
-111
-107
-101
-98
-95
-93
-91
-89
-86
-87
-87
-82
-75
-71
-67
-60
-53
-47
-41
-32
-24
-19
-13
-4
2
7
12
18
20
22
25
27
29
31
38
41
44
51
56
61
68
74
80
84
88
96
99
102
106
111
115
116
117
121
122
123
126
129
132
136
139
139
140
144
144
144
141
139
136
131
128
125
121
115
109
105
100
98
96
91
87
84
83
81
80
78
78
76
74
72
70
69
65
62
58
51
45
44
41
37
35
31
28
23
18
17
13
6
1
-3
-3
-4
-7
-9
-16
-22
-28
-36
-44
-50
-52
-60
-67
-69
-71
-72
-75
-77
-79
-84
-88
-90
-90
-91
-91
-89
-91
-94
-98
-100
-99
-100
-101
-103
-104
-105
-106
-110
-113
-117
-119
-124
-128
-129
-131
-133
-134
-133
-132
-134
-135
-133
-130
-126
-122
-116
-112
-109
-104
-99
-95
-92
-87
-80
-73
-65
-57
-50
-45
-38
-30
-28
-25
-19
-13
-9
-6
-2
4
11
15
22
26
30
33
37
44
51
55
59
65
70
74
76
77
79
83
87
91
97
102
106
110
113
117
119
124
128
130
135
137
139
143
145
145
144
144
143
139
137
134
132
128
122
117
111
105
100
95
90
88
85
82
77
75
74
72
69
66
64
60
58
59
58
54
53
50
46
44
43
41
37
34
32
29
27
23
17
12
6
0
-6
-12
-19
-24
-29
-35
-42
-48
-51
-54
-57
-60
-61
-64
-65
-64
-65
-67
-69
-72
-72
-72
-73
-73
-74
-77
-80
-82
-82
-87
-89
-90
-92
-97
-100
-103
-106
-106
-107
-108
-111
-109
-110
-109
-108
-107
-105
-107
-103
-99
-97
-96
-94
-90
-86
-83
-81
-77
-74
-69
-65
-62
-61
-59
-57
-52
-46
-43
-43
-42
-39
-35
-32
-31
-29
-25
-24
-20
-17
-13
-7
-2
3
7
13
16
17
23
27
30
29
30
32
33
37
41
43
44
49
53
56
60
61
67
73
80
88
94
99
102
109
113
116
116
117
117
118
118
117
114
113
112
111
110
107
105
104
103
103
100
99
96
94
94
92
88
85
80
79
78
80
79
78
77
74
71
68
65
60
56
53
51
49
43
38
31
26
21
16
11
6
1
-6
-14
-23
-31
-37
-43
-52
-57
-61
-66
-71
-75
-77
-80
-84
-85
-86
-86
-90
-93
-97
-98
-102
-104
-106
-109
-109
-111
-113
-119
-121
-125
-128
-130
-132
-134
-136
-138
-138
-138
-139
-138
-139
-137
-136
-133
-132
-130
-126
-121
-116
-111
-106
-103
-99
-94
-90
-87
-82
-80
-77
-75
-69
-62
-59
-55
-53
-48
-44
-39
-33
-30
-24
-16
-12
-8
-3
2
7
12
18
22
27
31
36
40
44
48
52
55
59
65
69
71
77
81
83
82
83
86
90
92
95
98
106
110
114
119
122
126
129
130
131
133
132
131
130
127
126
124
120
117
115
112
109
107
105
102
102
100
99
96
92
91
89
88
88
86
83
80
79
75
72
69
65
61
56
52
48
42
36
30
26
20
15
11
6
1
-2
-6
-9
-13
-17
-19
-22
-26
-29
-33
-40
-45
-48
-52
-56
-61
-64
-67
-69
-71
-73
-76
-78
-79
-81
-83
-83
-85
-86
-88
-91
-95
-97
-100
-100
-101
-103
-105
-105
-104
-104
-105
-107
-110
-111
-111
-112
-110
-110
-111
-110
-109
-109
-108
-106
-104
-102
-99
-97
-94
-91
-89
-85
-81
-77
-74
-71
-66
-63
-58
-52
-48
-44
-38
-33
-28
-21
-13
-9
-3
3
7
15
20
24
29
32
37
43
48
51
56
58
63
68
71
76
82
86
89
94
99
104
109
112
116
120
123
125
128
130
132
134
136
137
137
137
135
137
135
133
132
129
125
123
123
123
120
118
116
113
112
109
108
106
107
104
101
102
102
101
98
96
95
91
87
86
82
77
76
72
67
62
57
50
45
39
35
33
31
30
23
19
15
9
3
-3
-8
-14
-19
-26
-33
-37
-42
-48
-55
-62
-68
-74
-81
-84
-90
-98
-105
-109
-114
-119
-123
-130
-136
-138
-141
-145
-145
-148
-152
-156
-158
-158
-160
-162
-163
-165
-166
-163
-161
-160
-157
-158
-155
-152
-151
-148
-145
-142
-139
-134
-130
-127
-120
-114
-110
-106
-102
-97
-92
-85
-81
-75
-70
-67
-61
-52
-46
-41
-34
-28
-23
-15
-8
-2
5
12
14
18
25
31
37
43
47
47
51
56
58
60
63
64
67
69
71
73
78
80
81
84
88
89
91
94
95
97
98
100
103
106
106
107
108
111
112
113
113
112
115
115
114
118
119
119
121
125
124
124
126
125
126
131
130
130
132
132
131
131
129
127
124
120
120
116
114
108
102
98
91
85
79
72
65
57
49
41
37
30
20
12
7
-3
-12
-16
-24
-33
-38
-46
-56
-61
-67
-75
-82
-88
-98
-108
-114
-122
-129
-134
-141
-149
-154
-160
-166
-169
-173
-178
-181
-185
-187
-188
-193
-195
-196
-199
-203
-201
-200
-200
-201
-199
-198
-194
-189
-186
-184
-179
-176
-175
-171
-165
-163
-159
-152
-150
-146
-141
-135
-130
-124
-115
-110
-104
-96
-89
-84
-76
-69
-62
-52
-43
-35
-28
-20
-13
-7
-1
5
13
17
22
27
33
35
40
45
46
50
56
59
63
71
76
77
81
87
90
97
103
106
114
122
125
129
136
141
143
144
148
150
151
155
157
160
160
160
163
165
169
173
175
173
174
178
178
178
181
181
182
184
186
186
188
187
183
182
182
176
172
171
167
163
158
155
145
140
134
128
121
113
105
99
92
83
75
70
61
51
42
34
24
17
8
0
-9
-18
-27
-35
-44
-52
-59
-66
-74
-80
-85
-90
-98
-103
-109
-118
-122
-127
-134
-141
-149
-159
-164
-167
-174
-178
-180
-184
-188
-188
-186
-186
-187
-184
-183
-184
-181
-178
-174
-172
-170
-166
-161
-159
-156
-150
-147
-143
-137
-133
-130
-126
-123
-120
-116
-114
-111
-106
-103
-103
-100
-95
-93
-92
-86
-81
-77
-74
-67
-60
-55
-48
-42
-35
-29
-25
-21
-14
-8
-2
4
12
19
25
28
34
37
39
44
51
54
59
67
71
74
83
90
94
97
104
110
115
122
129
136
143
148
152
157
161
162
164
171
173
176
180
184
184
187
194
199
202
207
212
214
216
217
219
219
215
211
210
209
207
204
198
193
189
184
179
177
172
164
160
153
145
139
135
128
119
113
106
96
86
76
67
58
47
37
28
18
9
0
-11
-22
-32
-41
-51
-63
-77
-88
-98
-106
-117
-122
-128
-137
-144
-149
-155
-159
-163
-167
-171
-174
-179
-183
-187
-188
-190
-192
-191
-192
-193
-193
-192
-193
-192
-191
-191
-191
-190
-187
-189
-190
-191
-190
-188
-184
-180
-177
-175
-171
-168
-164
-160
-154
-152
-147
-145
-145
-142
-140
-135
-131
-125
-119
-116
-113
-109
-104
-101
-95
-84
-77
-70
-62
-56
-51
-43
-34
-26
-15
-4
3
10
14
20
26
34
45
53
60
68
74
78
86
95
102
107
114
118
120
124
126
128
130
135
140
143
145
146
145
148
150
151
155
159
162
161
163
161
158
158
161
161
161
163
160
156
154
157
158
157
157
155
152
149
144
140
136
135
131
127
122
116
113
107
100
96
89
83
77
67
55
45
38
27
20
15
7
-2
-12
-22
-33
-40
-43
-48
-53
-62
-70
-80
-87
-94
-101
-108
-113
-120
-127
-133
-141
-147
-153
-154
-156
-158
-160
-161
-163
-165
-167
-169
-170
-168
-165
-165
-166
-167
-168
-168
-165
-162
-159
-157
-157
-157
-155
-154
-153
-150
-146
-143
-143
-142
-143
-142
-138
-133
-128
-122
-117
-111
-108
-104
-99
-94
-86
-79
-72
-65
-59
-55
-50
-43
-37
-29
-22
-15
-10
-6
-3
2
11
21
32
42
50
57
65
72
83
93
103
111
117
122
128
133
139
142
148
154
161
167
172
177
180
180
184
188
192
194
196
196
196
198
201
206
209
212
210
208
206
203
202
202
202
201
199
195
190
184
179
175
169
164
159
153
147
140
133
124
119
112
105
98
90
82
72
65
57
51
45
37
28
18
7
-4
-12
-21
-27
-35
-44
-55
-66
-77
-85
-95
-103
-111
-117
-123
-132
-139
-148
-154
-159
-165
-170
-174
-179
-186
-192
-196
-201
-203
-203
-205
-207
-210
-212
-213
-214
-214
-212
-210
-209
-207
-207
-205
-205
-202
-198
-193
-186
-182
-179
-174
-172
-168
-163
-154
-148
-142
-136
-130
-123
-116
-107
-99
-92
-85
-77
-71
-63
-55
-48
-41
-35
-28
-20
-14
-6
2
10
17
26
35
44
50
55
59
66
73
77
84
93
101
107
112
117
126
134
140
145
151
157
162
166
170
174
177
180
180
183
186
187
189
191
191
192
194
194
194
194
193
193
193
194
193
191
190
185
182
176
172
169
166
162
157
152
146
139
133
129
125
118
109
101
92
82
74
64
60
52
47
42
34
26
18
10
4
-3
-9
-18
-25
-34
-42
-51
-60
-67
-75
-81
-88
-95
-103
-111
-116
-120
-126
-133
-139
-148
-159
-168
-177
-185
-192
-195
-198
-201
-205
-208
-211
-213
-216
-215
-216
-218
-220
-220
-221
-224
-227
-226
-224
-221
-218
-216
-212
-210
-207
-202
-195
-190
-186
-179
-173
-168
-164
-158
-150
-141
-132
-124
-115
-108
-101
-94
-83
-74
-64
-56
-49
-41
-34
-29
-24
-14
-6
0
8
17
25
33
42
52
62
73
81
90
96
103
109
116
121
129
136
141
144
149
155
161
166
173
180
187
191
193
196
199
203
204
206
204
200
196
193
190
188
188
188
191
190
189
187
186
183
180
176
171
166
160
152
144
136
129
124
118
115
112
106
101
95
85
78
70
62
53
46
40
34
25
21
19
17
13
7
2
-3
-9
-18
-27
-36
-46
-55
-65
-75
-83
-90
-95
-98
-99
-99
-100
-102
-106
-107
-110
-112
-116
-122
-126
-133
-141
-149
-156
-160
-162
-164
-165
-165
-166
-165
-163
-161
-161
-157
-156
-155
-157
-157
-157
-156
-155
-151
-147
-144
-138
-133
-129
-123
-118
-112
-107
-102
-98
-93
-90
-85
-80
-74
-67
-59
-51
-44
-37
-32
-27
-22
-14
-6
4
13
19
24
30
37
44
50
59
69
76
81
86
93
99
107
114
122
129
135
138
141
146
149
152
155
158
162
166
167
169
173
176
180
186
189
192
192
190
189
186
182
178
176
173
171
167
164
162
161
159
159
158
155
153
150
144
138
132
124
118
112
104
96
88
80
75
71
68
64
58
53
46
36
26
18
10
2
-6
-15
-25
-33
-41
-48
-55
-59
-63
-69
-76
-82
-90
-97
-106
-114
-121
-130
-139
-146
-153
-157
-162
-165
-169
-169
-171
-174
-179
-184
-188
-192
-197
-201
-203
-205
-207
-208
-208
-205
-202
-197
-193
-193
-191
-189
-185
-182
-178
-173
-171
-167
-164
-161
-159
-155
-152
-145
-137
-131
-122
-117
-111
-104
-98
-91
-85
-78
-70
-64
-58
-50
-43
-35
-26
-17
-8
1
8
17
24
33
40
48
56
64
72
79
86
93
98
104
111
118
122
127
131
135
139
144
149
155
162
169
174
177
179
181
182
184
185
186
186
184
183
180
180
179
179
180
179
178
177
174
172
168
165
160
154
149
144
139
132
128
122
118
115
110
104
100
93
86
80
74
65
57
48
42
33
24
14
6
-1
-10
-18
-26
-31
-37
-45
-53
-63
-71
-79
-89
-102
-112
-123
-133
-142
-151
-158
-164
-169
-174
-179
-184
-192
-198
-202
-203
-208
-214
-219
-219
-221
-223
-224
-224
-221
-220
-219
-219
-216
-217
-215
-209
-208
-205
-202
-194
-192
-186
-178
-168
-160
-156
-150
-146
-136
-132
-128
-118
-111
-105
-101
-96
-92
-84
-80
-81
-79
-77
-68
-61
-57
-48
-40
-32
-26
-16
-8
4
21
32
38
45
51
60
65
68
76
84
93
105
111
111
120
133
145
153
165
181
192
210
228
234
239
247
259
261
260
268
272
286
295
300
297
299
301
302
298
292
292
294
301
307
299
287
294
283
270
252
239
225
210
201
183
177
164
150
138
116
98
87
73
69
69
70
63
57
40
31
22
-14
-38
-52
-59
-70
-83
-90
-95
-89
-78
-77
-88
-90
-80
-74
-80
-91
-105
-111
-117
-129
-148
-163
-141
-127
-126
-131
-139
-142
-158
-139
-145
-161
-175
-172
-139
-162
-166
-163
-177
-190
-197
-196
-225
-261
-247
-234
-244
-272
-261
-251
-252
-251
-270
-274
-285
-270
-259
-263
-271
-265
-251
-244
-248
-243
-235
-246
-235
-224
-214
-215
-211
-176
-149
-125
-107
-78
-53
-44
-24
-24
-28
-35
-26
-15
-2
15
47
101
126
146
158
161
165
170
175
170
167
190
201
195
189
205
213
194
181
191
217
211
223
255
254
240
237
245
229
201
194
197
190
169
175
185
168
161
170
181
171
187
196
195
209
214
219
212
200
208
210
191
181
209
216
215
239
224
213
200
204
211
203
191
203
247
250
259
258
237
225
222
212
177
141
121
105
82
58
32
26
29
26
11
-14
-23
-7
-17
-55
-86
-104
-143
-174
-203
-230
-239
-263
-291
-297
-310
-331
-336
-349
-353
-351
-337
-343
-369
-385
-395
-388
-394
-404
-410
-417
-415
-410
-416
-425
-407
-397
-413
-405
-393
-364
-330
-322
-296
-277
-277
-265
-256
-249
-225
-226
-209
-179
-166
-154
-116
-99
-119
-117
-164
-175
-170
-148
-159
-166
-207
-46
153
3
9
19
-60
-131
-69
-51
-124
-116
-27
98
-122
-252
-53
46
-68
-164
-140
-140
-76
-91
14
-4
-15
75
98
122
-10
178
178
223
316
331
372
254
421
423
447
428
504
560
490
702
526
651
647
653
655
628
668
591
637
484
697
541
536
457
517
389
297
503
262
430
161
325
343
254
90
216
340
-143
255
26
101
-53
29
139
46
-17
-46
186
-206
-132
34
48
-217
-155
66
-298
-66
-179
-53
-60
-226
-22
-50
-16
-186
112
-10
-102
-13
-31
-22
-100
41
-59
-79
-70
-33
-136
-65
-96
-162
-81
-397
-176
-248
-440
-409
-174
-451
-467
-189
-358
-413
-454
-519
-370
-408
-830
-397
-476
-804
-652
-409
-667
-626
-781
-615
-470
-806
-537
-411
-500
-721
-243
-139
-610
-560
-137
-302
-380
-342
-293
-220
-251
-402
86
-113
-400
241
124
157
-30
186
168
294
153
55
630
-171
271
480
306
64
313
270
-60
408
206
126
386
370
123
487
240
149
435
370
238
387
282
232
471
233
134
498
271
-15
648
184
298
571
245
302
546
460
150
722
366
429
641
363
365
497
494
227
621
377
396
674
308
409
633
366
168
834
72
317
467
173
384
187
192
371
223
-140
567
82
84
256
280
128
91
291
105
113
-47
280
-116
311
-91
-113
445
-359
-174
258
-140
-389
-37
-232
-408
98
-486
-393
-49
-885
228
-410
-575
-347
-295
-546
-373
-346
-757
-433
-602
-599
-138
-1087
-585
-169
-763
-244
-627
-451
-498
-581
-363
-221
-775
-441
-192
-391
-385
-485
-399
-542
-312
-448
-130
-535
-159
-276
-426
16
-412
-288
-147
-37
-385
196
-674
-154
106
-183
-255
253
-230
-274
491
-568
631
-444
210
-198
119
126
-204
345
-392
644
-108
308
-193
588
-121
282
617
-216
669
265
338
359
878
-354
1033
188
486
467
66
911
144
469
325
839
-140
593
735
238
351
236
885
352
274
633
597
395
111
846
378
16
695
196
705
-293
839
449
-225
451
319
176
408
71
188
873
-785
991
247
-439
417
363
123
-292
481
-195
267
-24
-399
662
-787
-49
429
-595
-333
172
-83
-737
-236
232
-1056
95
-203
-811
183
-841
-75
-501
-347
-346
-392
-146
-457
-210
-544
-202
-30
-819
-294
-125
-712
-98
-802
334
-1412
-61
-128
-1079
89
-651
-182
-626
-56
-714
-348
-131
-1114
73
-426
-859
-343
170
-1119
-32
-171
-597
55
-936
77
-188
-710
-618
377
-707
-608
-70
-396
-309
-589
-42
-337
-652
11
-241
-544
7
-803
385
-20
-988
653
173
-507
210
196
312
-128
292
364
420
91
-9
860
-39
230
172
732
183
-57
1130
-264
728
831
-202
1048
476
385
828
463
160
876
418
-188
1265
-186
226
1145
-380
582
474
286
305
590
162
-41
1129
-419
400
482
82
27
387
476
70
165
265
601
-29
498
-73
553
-305
369
466
-440
563
-287
444
67
619
-321
539
423
-416
638
-120
-328
162
-123
478
-412
119
601
-186
572
-430
408
-561
406
-679
-495
122
-756
404
-302
432
-763
114
-171
-379
-550
-335
69
-1001
371
-603
-186
-240
-148
-363
-559
-157
-823
65
-473
-731
381
-731
-223
292
-915
104
-647
18
-567
-526
191
-837
133
-706
246
-336
-304
-131
-431
306
-963
261
-200
-323
-205
6
-56
-477
209
-320
-145
-319
45
-50
-439
117
-431
37
-620
30
-296
-517
341
-403
160
-531
674
-919
929
-884
267
615
-868
957
-511
526
-180
412
-275
741
-109
-586
1639
-1056
465
695
-582
775
44
209
382
78
582
-218
1056
-792
1113
234
-109
857
140
481
745
66
59
1563
-829
623
1170
-569
701
974
-401
546
1314
-928
1271
474
-786
1714
-368
305
719
323
10
630
113
-2
1205
-669
95
1175
-805
439
930
-896
671
759
-745
770
529
-579
339
770
-550
-5
854
-349
-211
635
-275
-62
172
143
-432
575
-391
-284
531
-582
-194
-106
237
-636
-184
168
-418
21
-942
157
230
-1126
-402
542
-129
-1970
1206
-890
-789
375
-1280
177
114
-1144
-253
403
-1035
-767
703
-1210
-569
-79
-818
42
-1328
214
-932
-617
-63
-831
-219
-763
-218
-590
-47
-366
-1018
646
-950
-279
189
-1526
874
-1072
-144
-35
-291
-599
235
227
-1684
1802
-1476
-554
1829
-2110
299
743
-1160
571
550
-1136
310
1184
-1871
1416
201
-895
1133
-141
266
-16
871
-1062
1772
-386
-313
1364
-80
192
38
1542
-1521
1869
-88
-225
981
25
131
728
-15
-230
1851
-564
214
968
417
-35
902
509
43
1174
11
539
976
-271
535
816
374
-670
1644
-300
-322
1314
-842
789
-127
180
356
92
141
-352
900
-1115
533
1008
-2237
2556
-1283
317
449
-833
1002
-894
985
-1439
1141
-936
144
-66
-600
788
-1691
1130
-1199
198
-453
-268
-58
-438
-121
-205
394
-1573
1429
-1359
4
889
-2221
1526
-482
-1070
624
174
-1216
437
7
-1132
565
-629
-844
1138
-1668
188
667
-1629
1310
-1453
976
-803
90
140
-483
299
-1176
1239
-1449
593
-592
-352
330
-946
415
-773
256
-536
24
-307
262
-684
-32
178
-595
208
-315
-6
-821
924
-1278
403
237
-643
285
70
-351
-145
643
-568
320
172
-282
633
-55
109
281
636
-115
379
200
252
-256
431
420
-840
900
124
-549
1018
-538
-83
1114
-513
-165
1446
-416
-663
2763
-1715
830
1310
-1231
1701
-708
1149
-958
1446
-353
-687
2375
-1785
1193
463
232
-152
963
41
419
485
178
226
1244
-479
320
1814
-1403
1615
-323
1042
-737
1340
-502
416
1260
-1932
2099
-815
487
187
138
40
705
-660
254
458
-409
327
-455
674
-986
1317
-1685
1285
-693
-739
1756
-1912
711
-359
182
-975
795
-1216
111
492
-2136
1977
-1842
225
29
-709
73
-657
-237
-448
361
-1119
483
74
-1209
904
-1077
-49
244
-964
167
221
-931
576
-287
-720
946
-1231
12
-69
-648
-443
193
-251
-1016
636
-642
-697
698
-966
-308
518
-994
-268
926
-1406
422
341
-1360
1518
-1485
277
100
-505
-60
-161
115
-809
1280
-1939
1309
-1021
-154
237
-423
659
-1028
1259
-975
1332
-1036
522
830
-1311
1209
-760
659
-434
410
-117
-210
994
-1076
561
115
-392
515
86
-246
247
857
-251
259
684
-317
513
354
-340
380
850
-1011
1348
2
-439
631
488
-401
91
880
-1047
1140
-197
-400
953
-18
-404
1095
-636
371
187
-247
120
74
743
-1361
1663
-939
51
467
-1100
710
150
-1259
794
233
-870
63
428
-1248
929
-875
-1072
2204
-2557
488
690
-1102
256
16
-179
-705
1226
-2308
1788
-340
-1631
2162
-1562
392
-70
-174
2
-259
211
-637
807
-1111
257
149
-194
-299
-421
1168
-1660
432
341
-821
174
418
-1153
1121
-248
-1910
2219
-1822
-285
842
-1100
-435
236
-164
-912
627
-1186
192
712
-1728
496
386
-1579
875
-1128
1095
-1805
1244
-239
-998
1810
-2670
2473
-1001
-424
1176
67
-56
388
1307
-1266
1508
133
-291
1545
-1092
758
1503
-1618
2111
-269
-49
1675
-962
1388
133
507
-42
1413
-63
88
2135
-1300
1508
433
-10
1610
-420
631
772
232
385
902
-349
1358
246
109
720
286
559
10
513
456
771
-752
1391
23
-287
1308
-960
1428
-293
-192
826
-10
140
-82
1232
-1124
1128
-617
377
990
-1706
1219
-88
-580
200
362
-635
-22
108
222
-1259
1168
-1296
243
787
-2536
2219
-1336
-258
-223
708
-1806
485
287
-1786
1528
-1627
-442
1020
-1534
-1189
2041
-2466
-106
1085
-2317
687
-403
-1408
608
-448
-1925
1202
-1135
-1015
446
-1024
-122
-1230
255
-605
-575
-417
-117
-589
-151
-678
265
-149
-921
773
-942
297
-669
155
-101
-716
311
-545
-664
316
-719
-52
-186
-369
104
-690
570
-1148
726
-657
-329
635
-557
-329
554
-434
254
-518
774
-591
330
412
-1060
1533
-1104
991
-503
841
-302
-183
749
-652
1296
-977
662
851
144
84
401
899
-234
377
1222
-901
1047
1116
-986
2320
-726
422
1338
-826
986
31
697
450
144
1352
-1041
1775
-207
116
803
-20
985
-302
817
-358
1477
-1157
1102
528
-626
653
-53
961
-1200
1405
-807
1897
-2223
1662
89
-1337
1675
-1816
2623
-2308
1048
207
-38
-559
-207
1194
-1587
828
-864
970
-451
-1077
1540
-466
-1343
1410
-1452
146
49
-1357
1370
-1035
-711
40
367
-1775
199
304
-1806
745
-272
-2027
1839
-2154
98
334
-1795
356
-267
-906
-584
588
-2238
1050
-955
-1174
879
-1676
754
-913
-622
-103
-784
-185
-271
-1126
1008
-1358
-333
547
-1184
-114
67
-497
-164
31
-870
374
292
-1758
1394
-425
-1363
1760
-1636
798
268
-1261
1856
-1172
780
-67
298
266
-428
298
264
202
-312
637
551
-332
177
565
225
287
351
-67
1543
-436
-396
2032
-1000
673
203
650
-393
1026
-665
1204
578
-1600
2701
-1230
802
463
422
146
506
703
-526
1576
-1411
2175
-751
649
557
225
1014
-4
668
653
799
-741
2097
-745
427
1008
-502
1172
-340
309
1080
-312
34
571
121
165
-572
1551
-1217
1419
-405
-697
2298
-2632
1633
-1083
864
-1147
488
71
-707
1421
-2129
1318
-417
-772
191
-338
41
-428
-232
135
-791
218
-750
-359
117
-1454
864
-765
-621
-159
-261
37
-1310
288
-232
-1029
-32
-1035
419
-798
-730
416
-1318
355
-1171
200
-842
-246
-261
-650
-80
-1009
877
-1532
152
-211
-716
-460
4
-566
-278
29
-611
96
21
-1355
649
588
-2127
630
521
-851
118
-152
-471
681
-411
-856
1452
-1097
65
366
151
-1012
675
-62
-416
786
-804
329
576
-230
-139
1299
-785
894
152
141
478
-39
934
-661
1552
-494
864
592
-522
1794
-683
936
818
264
209
1332
17
407
592
436
424
1093
-817
1347
660
-273
1445
-605
1576
-558
657
725
311
44
169
1369
-1117
1423
-550
347
933
-385
-260
1678
-773
193
1139
-1305
1959
-1221
795
-158
264
-401
323
1023
-1744
1482
-172
-941
967
-891
-115
68
-191
-526
367
313
-1198
1278
-888
-562
630
-988
50
42
-769
236
-220
-487
133
-572
-436
-105
-379
-452
-121
-214
-118
-328
-818
504
-980
-735
542
-1967
652
208
-1751
1227
-1190
-464
20
-783
-785
-376
-18
-1339
1045
-1749
220
212
-1801
909
-798
-1133
14
-120
-1050
107
-469
-36
-41
149
-1264
485
-84
-1141
1376
-1338
300
-81
-170
-30
573
-472
-171
478
-264
22
265
-402
-198
930
-543
362
-20
692
-624
720
527
-874
674
12
-363
667
-194
-197
879
59
-352
1374
-6
-142
1343
-590
547
846
37
-217
1775
-908
1158
1416
-1362
1800
122
158
322
952
-490
869
733
-823
1668
-316
-145
1760
-348
-106
1325
-872
656
117
757
94
432
-539
1030
631
-1061
462
52
1000
-1370
1287
-133
612
-672
802
639
-1067
865
-822
1569
-1078
558
-70
874
-721
-441
919
-1183
721
-771
499
-730
549
-743
168
-258
-1117
-30
505
-690
-688
298
-644
-337
-518
-297
-613
-458
-899
-64
-486
-226
-547
487
-774
-972
791
-684
-1013
54
398
-640
-94
-1089
1175
-369
-821
75
466
-863
-1254
1218
-885
-320
-882
781
-456
-369
-585
-513
644
-1681
-221
241
-1274
-319
753
-475
-790
240
-952
162
-925
-130
594
-1452
-410
931
256
-695
474
-477
281
10
-641
743
-214
-308
376
638
-812
-94
446
627
166
-470
823
447
-7
190
138
616
-411
103
1174
-71
356
264
795
110
647
388
713
300
-518
864
83
-128
496
1275
23
255
221
458
26
-553
1044
119
811
884
612
1406
340
-227
326
-466
-1361
338
-50
-542
785
-212
678
498
-661
-291
582
-477
-248
22
-362
487
-422
-538
147
-49
-87
171
-760
-492
-385
29
159
-406
-259
-44
-130
-1003
462
-435
234
-137
-276
765
-438
164
168
290
6
68
-200
192
-69
-231
-101
-477
-106
-436
-32
-1011
459
7
-417
1031
-102
356
129
-93
-325
289
-254
-559
32
-880
72
-113
-536
-279
600
-560
-646
618
-1234
-136
466
69
127
193
-265
384
-71
-986
840
59
-539
16
667
-233
-184
-6
101
-286
-470
-19
220
-570
-680
1021
-106
-645
232
195
-246
131
384
589
-224
-87
326
509
-375
-816
596
-595
-318
325
-47
-84
-7
533
276
797
-132
180
490
-524
310
471
-484
-37
216
-49
528
152
236
457
203
-5
412
56
-91
607
-217
126
631
-563
315
209
-82
244
-57
577
183
-138
-13
1214
89
-305
975
-132
136
-97
-410
545
11
-512
1369
454
-157
489
425
376
-452
147
-414
282
-848
437
501
-749
84
50
249
-439
458
68
267
148
-330
400
-405
-751
937
-99
-433
551
-468
-34
-311
50
123
190
-426
186
549
-1004
458
-110
-380
-9
34
-273
82
-405
-74
-22
-465
-113
-303
113
-291
175
-174
-51
-428
-30
-701
-463
618
-487
439
406
11
97
338
-436
156
277
-509
465
341
-262
220
174
-1056
-7
60
-459
531
50
-184
338
-85
-580
41
-464
-616
479
-62
-444
157
-173
-689
-109
-619
-245
457
-445
116
220
-200
-137
17
-124
-349
-87
-355
250
169
-128
397
177
836
191
-68
366
-167
-209
127
380
-228
158
149
440
398
-380
-18
336
-353
-90
598
-226
-361
181
81
-124
-81
-98
139
-14
-531
-154
65
-372
335
607
12
151
409
558
-375
-298
298
-204
16
409
489
425
-46
108
365
-446
-615
409
-31
-461
340
-105
-205
-271
-209
220
-332
-749
566
386
-525
-114
279
-435
-637
4
13
-117
-479
167
293
-539
-274
192
7
-410
-209
242
-353
-467
163
175
19
-118
280
-5
-342
-211
-364
-335
-489
156
523
110
108
82
-68
-383
-348
-45
-140
6
179
247
33
-238
-12
-296
-402
-3
133
-201
-57
265
107
-309
-215
154
-266
-196
150
367
-2
-36
240
255
-123
-186
242
-40
-92
121
449
215
66
434
351
26
166
275
213
238
256
585
468
416
410
390
178
99
344
185
-124
158
491
113
117
191
-52
122
121
69
429
217
259
413
134
-181
158
272
232
325
276
314
220
271
117
260
-211
-96
-97
-42
-270
-215
-72
-438
188
-234
-221
-100
-447
-235
-448
-466
-525
-647
-430
-647
-447
-544
-671
-545
-724
-721
-1051
-1010
-1086
-1066
-960
-1027
-756
-981
-829
-883
-1194
-1151
-1583
-1274
-1054
-967
-920
-621
-212
-110
207
237
235
686
692
1202
1365
1124
1591
1488
1762
1668
1688
1695
1599
1946
1732
1760
1714
1745
1948
1988
1855
1629
1795
1658
1642
1659
1389
1322
1130
1015
967
654
544
441
114
70
-111
-230
-384
-509
-414
-449
-673
-726
-627
-743
-613
-517
-366
-410
-420
-224
-223
-397
-376
-418
-432
-416
-365
-311
-408
-472
-491
-714
-793
-917
-1042
-1129
-1267
-1365
-1331
-1387
-1557
-1636
-1908
-2000
-2230
-2304
-2415
-2830
-2598
-2548
-2459
-2253
-2522
-2533
-2929
-2992
-2968
-2973
-2537
-1406
447
1411
2112
1904
1610
1301
956
1086
1132
1407
2373
3527
3621
3264
2369
1531
934
722
709
1133
1676
1723
2394
2188
1624
1029
569
444
401
1008
1228
1473
1454
1080
767
125
-417
-479
-548
-460
-343
-334
-636
-836
-1155
-1190
-1223
-1291
-698
5
912
1657
1814
1562
1454
1458
1600
1808
1487
1484
1642
2065
1982
1678
1174
950
1238
1150
956
651
131
-52
-117
-358
-477
-838
-1024
-1006
-1333
-1702
-2032
-2335
-2268
-2044
-1858
-1838
-1933
-2055
-2022
-2215
-2522
-2406
-2634
-1977
-2156
-2204
-2369
-2723
-2301
-2788
-2237
-2921
-3181
-3483
-3434
-2819
-2460
-571
1134
2434
2651
1854
1686
1346
1237
1667
2127
2997
3944
5034
4968
3741
2332
1581
1584
1256
1389
1976
2372
2565
2463
2191
1433
565
404
444
897
985
1123
1130
386
-219
-916
-1383
-1839
-1983
-1835
-1813
-2052
-2583
-2881
-3091
-3169
-2899
-2662
-2172
-1663
-1111
-279
167
518
1319
2181
2826
3420
3035
2829
2249
1928
2094
1908
1993
1915
2277
1973
1425
568
-470
-897
-1001
-298
95
423
614
477
288
-212
-659
-978
-754
-230
250
598
435
143
-185
-837
-1064
-1342
-1279
-839
-792
-532
-966
-1607
-2038
-2501
-2686
-3072
-3205
-3058
-2808
-2896
-3647
-4536
-5318
-5271
-4180
-2562
587
3005
4211
3952
2048
1508
1063
984
1720
2578
4062
5662
6506
5268
3134
839
34
268
105
583
1259
1997
1919
1478
847
-50
-556
-422
397
1367
1827
1929
1651
865
-128
-877
-1271
-1606
-1759
-1796
-2187
-2888
-3821
-4573
-4843
-4992
-4545
-3853
-3094
-2270
-1499
-741
-125
311
1004
1680
2553
3222
3435
3751
3531
3463
3213
2909
2691
2280
1841
1295
558
-219
-1099
-1346
-1369
-904
-414
-251
-152
-465
-158
114
437
852
1415
2091
2430
2446
1880
1248
652
342
575
810
888
897
560
55
-707
-1428
-2053
-2359
-2348
-2284
-2146
-2622
-3022
-3513
-4252
-3920
-3707
-3324
-2887
-3575
-3858
-4318
-4273
-2904
-724
1850
3761
4437
3567
2544
1658
1052
1164
1399
2504
3747
4691
4686
2843
424
-1538
-2369
-2482
-2324
-1686
-1127
-458
-439
-775
-1168
-1673
-1482
-638
637
1745
2365
2316
1743
871
-154
-913
-1174
-1408
-1456
-1573
-2267
-2925
-3753
-4124
-3727
-3245
-2352
-1487
-495
197
695
1350
1846
2485
3364
4194
4621
4662
4211
4118
3874
3573
3565
3570
3836
3660
3183
2204
712
-473
-1331
-1282
-1022
-154
645
1136
1208
739
660
433
548
1060
1893
2803
3095
2910
2048
855
-143
-771
-878
-864
-729
-873
-1206
-1888
-2785
-3669
-4083
-4396
-4395
-3600
-3274
-3252
-3578
-4670
-5134
-5402
-4750
-4219
-3541
-3556
-3456
-2785
-3345
-2926
-1648
1363
3927
5106
3851
2113
1545
980
1614
1619
1704
2594
3651
4068
2807
259
-1831
-2332
-2094
-1783
-1025
4
859
1067
631
706
340
344
898
1946
3236
3703
3521
2778
1482
44
-979
-1536
-1740
-1970
-2273
-2725
-3404
-4156
-4514
-4152
-3325
-2132
-951
246
1269
2044
2703
3178
3744
4131
4807
5392
5562
5302
4539
3918
3298
3128
3149
2816
2501
1730
1172
300
-794
-1680
-2242
-1821
-852
309
601
476
384
212
340
195
454
1138
1834
2509
2602
2070
754
-335
-1144
-1525
-1591
-1719
-1594
-1726
-1942
-2363
-3155
-3926
-4204
-4311
-3776
-3567
-3625
-3549
-4268
-4099
-4523
-3924
-3618
-2866
-1582
-1838
-1634
-3160
-3562
-2955
-1472
2003
4874
6396
5475
3464
1974
744
293
-15
779
2289
3346
4338
3489
1565
-1306
-3121
-3214
-3036
-2044
-1000
634
1389
1173
793
239
282
250
796
1986
2578
2805
1945
790
-557
-1980
-2721
-3068
-2780
-2801
-2824
-3138
-3828
-3995
-3900
-2955
-1815
-808
295
1221
2131
2916
3433
3727
3828
4063
4444
4663
4311
3576
2691
2028
1661
1028
913
1258
1372
1429
525
-735
-1862
-2442
-1929
-1159
-75
580
1191
1476
1095
673
113
188
867
1958
3008
3516
3107
2023
826
-370
-934
-1127
-1026
-537
-341
-486
-1274
-2374
-3559
-4186
-4150
-3525
-2480
-2004
-1370
-1361
-1817
-2157
-2811
-2483
-1950
-1233
-733
-379
-657
-1459
-1977
-3324
-3311
-2641
167
4378
6216
5695
2744
381
-857
-1350
-867
-345
1089
2387
3777
4064
2159
-547
-3020
-3524
-3090
-2037
-297
1439
2600
2196
1418
651
-101
-526
-727
39
1024
1582
1892
1353
427
-974
-2323
-2868
-2681
-1969
-1461
-1157
-1221
-1468
-1486
-1586
-1438
-1086
-603
228
1213
2403
3124
3307
3154
2856
2778
2686
2467
2150
1894
1968
2130
2199
2058
1824
1492
993
373
-68
-458
-663
-425
21
616
859
911
646
490
484
713
1130
1350
1819
1972
2150
1889
1273
655
19
-166
-221
-162
-241
-430
-652
-1080
-1390
-1787
-2138
-2335
-2320
-2247
-2148
-2334
-2651
-3022
-3297
-3172
-3136
-2820
-2841
-2801
-2768
-2922
-2968
-3333
-3832
-4280
-4272
-2937
117
3321
4847
3921
1744
174
-523
-457
-93
103
564
1739
3117
3734
2834
1030
-616
-1948
-2966
-3058
-1837
-23
1265
1673
1723
1617
1193
209
-530
-716
-293
760
1914
3012
3397
2776
1540
125
-905
-1434
-1695
-1477
-983
-149
576
796
611
40
-450
-664
-90
1140
2394
3557
4230
4477
4167
3319
2230
1231
723
647
1042
1576
1959
2229
2085
1490
640
-392
-1102
-1451
-1511
-1178
-718
-257
-124
-276
-442
-624
-539
-439
-281
-14
305
721
993
1280
1330
1139
831
433
84
-331
-782
-1109
-1263
-1279
-1545
-1906
-2362
-2731
-2945
-3169
-3425
-3760
-3839
-3983
-3848
-3586
-3319
-2809
-2455
-2126
-2139
-2412
-2762
-3186
-3286
-3353
-3093
-3078
-2220
-361
1447
2698
1913
678
-214
-659
-510
-459
-221
151
925
1952
2652
2797
2259
1669
750
-355
-913
-811
119
992
1625
2455
3420
4334
4434
4003
3026
1839
1013
608
964
1534
2059
2305
2218
2001
1355
262
-1236
-2507
-3049
-2662
-1454
64
1433
2097
1912
1325
682
201
93
286
711
1260
1689
1896
1787
1528
1261
916
402
-89
-292
22
692
1137
1262
1027
580
346
83
-238
-507
-745
-656
-408
-73
332
578
545
295
-6
-282
-486
-590
-542
-240
87
350
539
464
134
-274
-629
-884
-867
-723
-499
-127
-11
-123
-533
-1052
-1381
-1671
-1585
-1235
-900
-798
-1051
-1436
-1737
-1937
-1981
-1976
-1927
-1879
-2064
-2433
-3086
-3841
-4285
-3692
-2255
-608
249
-19
-463
-919
-1041
-1037
-1132
-1123
-882
-20
1130
2329
3018
3278
3226
2471
1655
1074
1206
1832
2161
2491
2816
3475
4063
4021
3490
2328
1019
-205
-904
-1061
-877
-460
123
871
1333
1129
405
-607
-1547
-2160
-2297
-1840
-1096
-241
325
520
322
-200
-815
-1349
-1575
-1514
-1297
-1038
-816
-655
-570
-553
-603
-564
-266
322
937
1285
1470
1454
1303
1098
1030
1136
1427
1705
1868
1896
1685
1328
859
431
158
-16
-20
175
385
489
406
178
89
182
293
485
655
837
1121
1119
1010
829
613
539
544
651
769
733
527
203
-346
-935
-1301
-1490
-1694
-1809
-1841
-1914
-2022
-2320
-2533
-2828
-3274
-3551
-3749
-3969
-4126
-4288
-4132
-3083
-1567
52
721
566
293
95
248
250
103
-175
-216
560
1696
2813
3437
3656
3461
2501
1427
525
239
244
395
818
1337
2197
2694
2784
2340
1374
446
-399
-684
-686
-586
-254
151
661
899
771
335
-269
-1000
-1822
-2472
-2894
-2977
-2757
-2407
-2073
-1771
-1466
-1122
-858
-893
-1050
-1092
-943
-636
-251
191
700
1181
1660
2046
2331
2574
2693
2613
2341
1834
1335
973
877
869
836
806
840
870
745
494
36
-411
-738
-824
-562
-14
588
1122
1424
1559
1509
1205
893
562
319
413
627
870
972
906
595
167
-348
-907
-1151
-1412
-1478
-1426
-1643
-1953
-2294
-2407
-2354
-2320
-2198
-2279
-2370
-2430
-2376
-2271
-2282
-2215
-2246
-2233
-2318
-2519
-2274
-1392
-109
846
964
641
373
440
623
514
67
-566
-647
101
1159
2232
2981
3541
3532
2950
2269
1853
2008
2110
2198
2379
2780
3372
3876
4084
3673
2916
2061
1392
1075
811
527
274
-15
-15
34
1
-343
-1046
-1867
-2711
-3421
-3842
-3869
-3620
-3168
-2690
-2045
-1365
-827
-490
-525
-771
-1057
-1203
-971
-451
242
851
1168
1255
1037
827
640
338
-93
-586
-930
-1085
-810
-462
-135
147
366
685
995
1238
1217
1021
836
827
1109
1566
2074
2415
2546
2369
1881
1278
761
576
548
624
588
490
388
135
-92
-493
-857
-1230
-1352
-1342
-1393
-1279
-1241
-1287
-1487
-1592
-1669
-1661
-1637
-1598
-1476
-1573
-1624
-1606
-1711
-1766
-1727
-1793
-1933
-2103
-2322
-2546
-2831
-2726
-1764
-348
746
1044
840
530
413
345
28
-341
-377
154
1266
2425
3323
4048
4498
4279
3432
2534
2168
2250
2416
2428
2382
2629
3009
3353
3259
2541
1483
375
-383
-910
-1384
-1776
-1824
-1436
-999
-834
-1023
-1541
-2222
-2896
-3396
-3650
-3559
-3210
-2875
-2492
-2188
-1931
-1651
-1311
-1158
-1219
-1401
-1595
-1619
-1482
-1256
-1070
-838
-557
-108
481
1130
1623
1703
1504
1120
877
1106
1746
2533
3129
3400
3408
3244
3026
2849
2626
2446
2309
2272
2463
2688
2730
2573
2114
1640
1284
1050
954
827
606
323
37
-282
-467
-717
-819
-978
-1137
-1232
-1314
-1335
-1460
-1405
-1405
-1478
-1580
-1688
-1727
-1811
-1830
-2017
-2166
-2298
-2261
-2199
-2346
-2571
-2824
-3036
-3264
-3452
-3643
-3805
-3446
-2247
-744
478
787
560
473
622
1027
1269
1281
1146
1345
2084
2908
3651
4070
4343
4207
3465
2437
1446
903
558
190
-48
7
461
887
973
501
-366
-1320
-2096
-2426
-2371
-2050
-1638
-1115
-622
-405
-430
-744
-1242
-1940
-2649
-3064
-3145
-2938
-2721
-2535
-2346
-2126
-1757
-1435
-1247
-1234
-1442
-1583
-1682
-1427
-772
-1
777
1457
2038
2548
2915
3155
3328
3343
3270
3237
3369
3671
4048
4242
4117
3918
3755
3700
3569
3275
2769
2205
1704
1313
1147
1110
1175
1137
922
648
400
188
-7
-186
-265
-318
-218
55
278
379
190
-289
-708
-1162
-1535
-1711
-1893
-2071
-2435
-2803
-3184
-3387
-3482
-3502
-3449
-3397
-3205
-3057
-2833
-2693
-2666
-2740
-2771
-2605
-2410
-2148
-1881
-1027
262
1568
2358
2157
1827
1577
1484
1322
739
70
-348
-25
879
1808
2372
2564
2494
1801
666
-378
-668
-271
149
589
1062
1720
2315
2395
1957
1045
48
-676
-963
-923
-865
-880
-923
-996
-1109
-1382
-1834
-2388
-2920
-3541
-3958
-4076
-3821
-3322
-2837
-2213
-1605
-1015
-433
-113
-84
-296
-523
-522
-193
470
1379
2230
2752
2984
2985
3028
3177
3320
3366
3106
2766
2530
2577
2829
2874
2700
2315
2046
2032
2144
2194
2014
1669
1296
1212
1341
1704
2014
1982
1823
1413
1058
805
643
550
243
-217
-422
-506
-642
-764
-1062
-1470
-1919
-2318
-2438
-2255
-2147
-2006
-1869
-1927
-2061
-2156
-2141
-1992
-1848
-1800
-1719
-1623
-1562
-1521
-1689
-1993
-2404
-2804
-3158
-3419
-3521
-3022
-1696
-47
1239
1272
733
349
202
294
38
-363
-501
183
1627
2989
3711
3581
3124
2182
819
-363
-820
-426
147
489
777
1276
1759
1728
1214
169
-1006
-1836
-2014
-1468
-872
-368
0
344
606
383
-184
-1080
-2099
-2956
-3352
-3013
-2226
-1262
-546
-248
-337
-572
-663
-703
-782
-866
-664
-59
755
1643
2272
2627
2570
2074
1668
1483
1581
2057
2579
2899
2867
2629
2412
2308
2153
1785
1349
954
933
1248
1614
1793
1676
1370
1080
918
790
746
631
497
335
266
437
644
807
662
240
-190
-476
-516
-409
-348
-456
-735
-1089
-1435
-1738
-2095
-2525
-2928
-3206
-3243
-3075
-2825
-2642
-2525
-2671
-2936
-2944
-2801
-2409
-2071
-1920
-1924
-2173
-2517
-2883
-3265
-2846
-877
1514
3187
2986
1835
1165
870
982
742
308
221
1123
3030
4507
4834
3826
2504
1151
-370
-1182
-859
504
1666
2263
2617
2766
2751
2026
892
-625
-2079
-2407
-1521
222
1479
1650
1199
447
-336
-1261
-2213
-3030
-3612
-3641
-2836
-1363
-75
635
474
-421
-1534
-2331
-2165
-1318
-427
344
1035
1693
1916
1739
1286
605
-99
-573
-387
404
1527
2524
3062
2983
2504
1862
1282
928
710
797
980
1342
1900
2324
2410
1952
1236
616
223
147
378
814
1189
1384
1475
1353
1044
557
35
-381
-631
-775
-784
-683
-643
-765
-1162
-1762
-2489
-3128
-3471
-3518
-3366
-3164
-2958
-2877
-2923
-3214
-3525
-3653
-3773
-3504
-3212
-2838
-2666
-2840
-2968
-3651
-4266
-4419
-2197
1542
4224
4595
2359
1087
592
978
1627
1358
1404
1726
3789
5695
5662
3943
1711
488
-1164
-2099
-1324
718
2568
2528
2347
1988
1602
1064
350
91
-708
-561
784
2638
3582
2489
1222
-1
-841
-1393
-1745
-1524
-1725
-1751
-1465
-840
-759
-1649
-2504
-3254
-3165
-2489
-1177
333
863
969
856
848
718
377
361
366
588
1019
1861
2681
2826
2440
1655
1091
685
750
1211
1479
1659
1464
1379
1366
1468
1555
1332
1151
1048
1512
1980
2264
2389
2179
1966
1660
1666
1696
1618
1302
694
258
-177
-364
-544
-898
-1313
-1744
-2095
-2404
-2731
-3074
-3333
-3525
-3653
-3627
-3489
-3446
-3377
-3485
-3745
-3904
-3671
-3673
-3504
-3379
-3370
-2955
-3169
-3507
-4044
-4709
-3408
624
4244
4943
2502
-509
-967
-509
471
1413
1610
1738
2532
4254
4321
2194
-442
-1399
-1179
-1117
-52
2090
3421
2729
1363
1127
1252
1063
1018
1865
2497
2251
2359
2816
2876
1547
-263
-872
-850
-455
-5
-27
-1021
-2628
-3414
-2964
-2248
-2153
-2154
-1931
-1796
-1397
-630
312
706
629
1020
1793
2369
2535
2381
1906
1120
529
550
1067
1424
1543
1506
1125
511
-238
-655
-666
-125
793
1705
2368
2524
2606
2488
2193
1936
1824
2131
2654
3076
3143
2705
1979
1279
778
515
334
167
-1
-174
-446
-773
-1301
-1799
-2054
-2077
-1937
-2016
-2274
-2526
-2764
-2951
-2894
-2866
-2701
-2770
-2824
-2797
-2955
-3115
-3601
-3570
-3546
-3104
-2885
-3010
-2925
-3365
-3602
-3672
-3651
-1619
1996
4463
4490
1517
-454
-390
114
1205
2018
2936
3085
3622
4141
3101
1026
-727
-132
609
771
1799
3508
4056
2538
1219
981
902
494
677
2227
2666
2041
1315
802
383
-720
-1128
-987
-1307
-1481
-1507
-1465
-2251
-3343
-3626
-3342
-3067
-2879
-2243
-1799
-1870
-1727
-1109
-350
-161
98
994
1719
1605
868
176
-364
-486
23
759
1123
1026
1024
1041
566
-105
-393
-280
482
1662
2833
3493
3163
2687
2307
2043
1989
2201
2754
3076
3278
3143
2570
1776
947
739
761
872
851
724
719
409
42
-538
-1096
-1291
-1316
-1121
-1007
-1283
-1790
-2315
-2614
-2741
-2700
-2585
-2368
-2280
-2346
-2381
-2739
-2777
-2964
-3301
-3050
-3043
-2425
-2094
-2506
-2769
-3283
-2900
-2460
380
3638
4526
3493
419
341
531
553
1580
2272
3160
2864
3711
3819
2074
-127
-711
1119
1112
675
1645
2788
2700
1053
1038
1302
544
81
844
2382
1706
517
60
-302
-645
-1276
-726
-747
-1825
-2266
-2522
-2802
-3972
-4343
-3534
-3124
-3036
-2876
-2141
-2170
-2615
-2176
-1285
-533
-508
134
1059
1114
671
51
-221
-497
-263
679
1326
1213
624
408
97
-428
-509
37
1052
2098
3102
3682
3475
2709
2340
2413
2652
3135
3702
4359
4364
3950
3178
1933
893
358
765
1233
1367
1144
642
153
-583
-1073
-1408
-1650
-1609
-1467
-1128
-1161
-1610
-2145
-2507
-2543
-2456
-2165
-1766
-1545
-1493
-1812
-2085
-2238
-2580
-2389
-2247
-1907
-1693
-1698
-1685
-2475
-2853
-3580
-3244
-2686
-345
3794
4889
4147
1201
239
663
94
1079
1852
2906
3195
4157
4995
2527
-247
-1203
384
915
95
1269
2328
1853
349
491
1330
69
-878
-278
1317
1004
-228
-110
-591
-1349
-1742
-979
-464
-1816
-2191
-1762
-1912
-3134
-3974
-3137
-2652
-2489
-1914
-1014
-1088
-2160
-1870
-861
-335
-420
-74
1131
1409
1038
708
312
-190
-392
395
915
790
467
514
626
39
-177
18
735
1764
2897
3921
3540
2831
2384
2430
2821
2883
3161
3277
3203
2908
2249
1222
-18
-404
69
703
816
262
-327
-792
-1183
-1424
-1491
-1588
-1555
-1172
-739
-716
-1459
-2298
-2629
-2507
-2005
-1613
-1437
-1420
-1593
-1492
-1844
-2339
-2644
-2576
-1692
-1230
-974
-774
-1425
-1672
-2147
-2463
-2575
-2796
-1681
920
4224
5070
4033
1933
402
534
256
1288
2081
2325
3137
4121
4599
2266
-282
-880
306
1156
840
1726
2322
1446
742
954
1537
359
-664
-2
1078
1028
196
105
-478
-1463
-1653
-1330
-1125
-2001
-2067
-1453
-1942
-2930
-3686
-3535
-3207
-2792
-1621
-859
-1082
-1597
-1141
-433
-344
-213
330
1005
913
498
259
-302
-891
-937
-446
-199
-285
-67
393
384
-19
-13
348
819
1559
2750
3899
4124
3774
3379
3297
3220
3056
3083
2857
2781
2614
2171
1409
292
-402
-724
-672
-617
-651
-793
-1008
-979
-1071
-1324
-1841
-2093
-1791
-1295
-648
-397
-441
-650
-985
-1141
-1430
-1629
-1691
-1503
-1252
-1119
-1185
-1529
-1844
-2107
-2206
-2482
-2355
-2409
-2414
-2150
-2276
-1712
-1854
-2156
-1610
-632
2042
3659
3663
2816
1661
1991
1727
1707
1860
2105
2888
3443
4375
3375
1324
86
42
464
-45
299
1079
950
517
486
1003
-84
-1461
-1412
-722
-136
-272
411
822
-8
-401
-434
-489
-1211
-1494
-677
-667
-1387
-2147
-2252
-2406
-2794
-2174
-1609
-1638
-2168
-2155
-1365
-1319
-1304
-972
-517
-205
-360
-108
136
160
331
621
1073
1370
1758
2091
2163
2174
2205
2343
2228
2300
2643
3156
3506
3353
3358
2810
2183
1732
1363
1495
1203
1132
1151
1009
654
-136
-411
-414
-237
-82
-5
75
-125
-239
-329
-567
-941
-936
-340
64
-38
-719
-1442
-2099
-2691
-2738
-2523
-2324
-2267
-2181
-2160
-2518
-3091
-3541
-3480
-2990
-2262
-1660
-1381
-1199
-1087
-1226
-1481
-1598
-1702
-1252
-466
1229
3694
4329
3752
2396
1132
690
-64
153
911
1599
2500
3328
3490
1625
-463
-1157
-829
-417
-270
879
1703
1157
585
658
698
-460
-1126
-346
643
913
805
1291
953
-184
-715
-868
-1144
-1959
-1981
-1246
-1483
-2266
-2880
-2997
-3295
-3547
-2970
-2292
-2048
-1999
-1368
-660
-501
-238
56
284
372
700
1477
1743
1637
1698
1948
2003
1815
1905
1995
1877
1717
1834
2081
2157
2227
2437
2760
2636
2456
2500
2505
2536
2358
2303
2266
2036
1807
1759
1692
1240
766
471
329
235
-3
-150
-323
-693
-922
-967
-1040
-1152
-1259
-1305
-1431
-1822
-2228
-2450
-2619
-2620
-2411
-2312
-2371
-2488
-2444
-2266
-2216
-2161
-2006
-1755
-1469
-1258
-1053
-1030
-1235
-1271
-1096
-798
-675
-709
-815
-1013
-1058
-650
766
2283
2623
2221
1638
1590
1449
943
863
819
1022
1785
2949
3188
1900
553
-30
-432
-1197
-1267
-274
126
-47
232
768
318
-1095
-1538
-1102
-967
-949
-262
528
81
-587
-719
-1111
-2272
-3309
-2927
-2333
-2274
-2003
-1626
-1717
-2606
-3016
-2556
-2291
-2116
-1355
4
976
1390
1600
1535
1208
933
1366
1799
1870
2138
2608
3022
2783
2342
2131
1752
1558
1729
2179
2448
2343
2585
3055
3065
2762
2502
2377
2217
1977
2042
2109
1883
1627
1594
1441
779
127
-53
-76
-256
-437
-517
-593
-819
-888
-593
-572
-917
-1302
-1574
-1607
-1752
-1810
-1732
-1866
-2009
-1994
-1819
-1819
-2123
-2379
-2488
-2464
-2294
-1979
-1621
-1390
-1364
-1367
-1248
-1159
-1020
-865
-711
-496
-433
-477
-529
-570
-420
440
1816
2627
2538
2002
1720
1515
883
380
297
448
1060
2104
2723
2083
749
-172
-633
-1131
-1338
-677
-67
30
342
897
953
5
-957
-1113
-1167
-1198
-799
-153
44
-295
-513
-796
-1570
-2334
-2387
-2083
-2075
-2129
-1912
-1665
-1651
-1556
-1115
-821
-893
-882
-524
0
457
996
1432
1569
1578
1626
1747
1494
1152
1180
1451
1745
1863
1994
2066
1840
1579
1505
1487
1424
1501
1890
2350
2499
2419
2265
1997
1605
1204
901
678
686
969
1262
1192
738
217
-226
-533
-688
-685
-636
-551
-395
-269
-305
-628
-954
-1193
-1475
-1597
-1575
-1527
-1593
-1752
-1734
-1726
-1785
-1862
-1817
-1544
-1395
-1261
-1148
-1117
-1004
-751
-338
-41
-22
-98
-89
59
128
68
10
-35
-90
-57
128
519
1033
1165
875
396
80
81
197
386
372
135
-82
33
381
423
270
190
212
175
112
240
199
9
17
346
665
591
468
305
-63
-507
-831
-979
-1176
-1100
-633
-343
-438
-647
-617
-677
-966
-1042
-867
-596
-365
57
516
378
-134
-502
-475
-249
-58
167
265
202
150
187
116
-193
-429
-326
57
380
493
595
698
738
714
684
761
854
1152
1652
1902
1744
1271
979
1037
1146
1312
1365
1176
878
640
525
282
-97
-319
-234
2
78
8
-146
-306
-368
-311
-181
-222
-329
-384
-358
-356
-531
-709
-811
-866
-925
-1037
-1160
-1273
-1229
-1011
-820
-778
-815
-785
-761
-898
-1152
-1414
-1504
-1467
-1279
-1037
-1043
-1232
-1443
-1536
-1566
-1604
-1404
-853
-69
371
352
112
-237
-279
-44
375
625
573
836
1402
1909
1674
1017
642
429
663
1152
1740
1967
1666
1606
1608
1295
715
374
533
524
456
462
442
331
229
543
642
352
154
263
526
353
66
-122
-253
-219
-140
1
-239
-773
-1064
-1163
-1157
-1298
-1460
-1432
-1387
-1214
-1014
-917
-997
-1067
-851
-458
-40
218
479
712
765
808
858
952
1034
1216
1587
1840
1832
1621
1452
1272
899
673
726
901
990
982
975
827
599
483
545
586
552
632
853
939
736
438
133
-120
-260
-322
-308
-345
-518
-812
-1194
-1555
-1810
-1825
-1660
-1418
-1198
-1156
-1276
-1453
-1562
-1597
-1637
-1701
-1778
-1772
-1702
-1603
-1626
-1754
-1822
-1789
-1682
-1674
-1693
-1658
-1501
-1029
-298
323
479
320
202
298
584
824
1017
1075
1158
1613
2273
2646
2404
1908
1541
1381
1397
1528
1667
1628
1564
1674
1692
1370
885
596
544
469
403
430
588
816
1090
1230
901
432
240
412
567
393
124
-137
-306
-426
-544
-774
-1219
-1633
-1867
-1898
-1862
-1959
-2079
-2085
-1868
-1590
-1408
-1226
-1011
-749
-514
-255
19
148
306
666
1149
1505
1571
1597
1563
1371
1160
1132
1279
1357
1372
1476
1610
1533
1279
1176
1274
1321
1412
1607
1734
1685
1557
1518
1387
1053
699
558
537
384
183
-63
-420
-819
-1109
-1195
-1275
-1451
-1577
-1600
-1630
-1822
-2061
-2179
-2193
-2151
-2089
-2052
-2150
-2385
-2576
-2619
-2550
-2532
-2533
-2409
-2293
-2287
-2340
-2307
-2206
-2064
-1782
-1392
-884
-427
-70
268
308
241
266
498
927
1277
1669
1905
1992
2049
2093
2087
1792
1581
1575
1699
1839
1900
1922
1690
1454
1491
1575
1513
1322
1319
1357
1172
959
806
801
845
1004
1162
1017
661
249
-98
-462
-818
-1034
-1182
-1266
-1296
-1356
-1552
-1949
-2253
-2334
-2242
-2078
-1920
-1712
-1548
-1394
-1214
-1034
-841
-639
-355
51
417
762
996
1185
1363
1366
1369
1381
1458
1559
1666
1815
1915
2005
2081
2194
2289
2325
2353
2419
2558
2655
2689
2629
2440
2211
1947
1703
1468
1173
908
665
448
207
-69
-366
-647
-848
-1036
-1203
-1393
-1581
-1711
-1806
-1833
-1912
-2061
-2218
-2427
-2617
-2804
-2933
-2997
-3097
-3116
-3109
-3100
-3156
-3199
-3112
-3000
-2862
-2716
-2431
-2005
-1593
-1134
-717
-384
-186
-24
178
353
544
673
959
1320
1525
1612
1556
1571
1595
1517
1511
1568
1691
1705
1739
1844
1806
1755
1770
1916
1947
1756
1697
1716
1634
1392
1161
959
722
596
514
438
192
-188
-501
-832
-1178
-1510
-1803
-1999
-2086
-2021
-1912
-1865
-1897
-1999
-2068
-2121
-2082
-1914
-1683
-1388
-1112
-877
-652
-468
-305
-106
140
461
797
1111
1365
1462
1452
1395
1450
1629
1853
2118
2357
2554
2684
2804
2905
2853
2853
2868
2922
2977
2915
2883
2757
2590
2395
2178
1902
1538
1256
1015
810
527
204
-43
-247
-398
-640
-933
-1284
-1667
-1948
-2157
-2326
-2570
-2835
-2968
-3034
-3117
-3278
-3478
-3638
-3731
-3690
-3525
-3301
-3140
-3006
-2814
-2639
-2475
-2374
-2228
-1912
-1471
-985
-609
-368
-221
-113
-11
80
213
350
579
974
1284
1449
1505
1555
1666
1739
1820
1966
2124
2254
2446
2628
2642
2512
2421
2453
2390
2178
1961
1773
1553
1308
1067
745
384
87
-119
-311
-623
-974
-1234
-1403
-1573
-1781
-1975
-2128
-2187
-2203
-2230
-2254
-2260
-2223
-2132
-2008
-1934
-1911
-1881
-1760
-1543
-1364
-1223
-1027
-694
-299
90
391
539
595
695
973
1317
1638
1911
2203
2507
2796
2984
3045
3060
3095
3189
3280
3362
3357
3343
3346
3296
3133
2882
2568
2260
2023
1790
1542
1259
936
691
527
265
-67
-432
-763
-1030
-1307
-1538
-1752
-1962
-2197
-2445
-2673
-2959
-3263
-3442
-3500
-3538
-3570
-3537
-3489
-3525
-3578
-3522
-3365
-3171
-2942
-2703
-2513
-2346
-2095
-1765
-1448
-1249
-1034
-665
-242
163
418
581
637
628
820
1187
1594
1850
2087
2388
2567
2624
2597
2575
2490
2400
2507
2708
2811
2776
2726
2646
2366
2012
1663
1377
1154
929
775
506
200
-45
-216
-371
-681
-982
-1202
-1385
-1507
-1681
-1864
-2033
-2158
-2204
-2254
-2289
-2369
-2387
-2337
-2275
-2222
-2219
-2151
-2045
-1910
-1728
-1542
-1283
-1014
-718
-340
15
360
700
1067
1368
1476
1555
1686
1980
2356
2711
3006
3063
3076
3074
3050
3016
2867
2800
2760
2736
2731
2670
2543
2281
2056
1825
1581
1403
1251
1167
1000
707
363
-1
-291
-553
-751
-945
-1236
-1554
-1915
-2280
-2682
-3062
-3274
-3393
-3417
-3396
-3445
-3536
-3664
-3678
-3600
-3496
-3370
-3182
-2874
-2578
-2383
-2263
-2085
-1770
-1360
-885
-526
-230
8
199
486
689
797
911
1193
1683
2097
2450
2633
2660
2705
2738
2869
2894
2839
2961
3113
3289
3339
3267
3150
2923
2775
2572
2286
1926
1621
1420
1139
835
538
265
74
-103
-312
-622
-998
-1326
-1625
-1851
-2012
-2133
-2227
-2345
-2390
-2445
-2511
-2582
-2660
-2608
-2561
-2461
-2325
-2183
-2024
-1884
-1647
-1347
-1014
-657
-368
-102
148
373
571
736
937
1196
1547
1869
2112
2269
2341
2422
2531
2598
2637
2684
2735
2748
2768
2765
2690
2542
2359
2187
2011
1803
1568
1338
1101
862
594
247
-168
-545
-821
-1072
-1406
-1767
-2117
-2468
-2767
-3030
-3266
-3481
-3610
-3662
-3710
-3696
-3704
-3694
-3670
-3633
-3476
-3279
-3081
-2911
-2786
-2677
-2595
-2381
-1916
-1339
-872
-708
-642
-545
-368
-69
245
507
690
1076
1739
2302
2523
2507
2518
2617
2725
2897
3052
3157
3278
3501
3676
3527
3284
3176
3152
3012
2679
2375
2096
1877
1719
1484
1080
548
186
55
-22
-258
-658
-995
-1243
-1445
-1663
-1924
-2116
-2276
-2330
-2275
-2253
-2288
-2325
-2280
-2240
-2265
-2261
-2185
-2037
-1874
-1695
-1455
-1217
-980
-675
-340
-37
193
365
573
798
1019
1246
1509
1826
2133
2391
2584
2739
2826
2855
2889
2928
2947
2956
3009
3055
3008
2870
2681
2488
2239
1952
1708
1471
1223
924
563
168
-210
-534
-831
-1144
-1461
-1776
-2047
-2326
-2663
-2961
-3225
-3437
-3536
-3583
-3573
-3560
-3574
-3586
-3621
-3636
-3617
-3542
-3399
-3221
-2987
-2743
-2449
-2126
-1847
-1617
-1483
-1304
-1079
-784
-411
-40
251
481
808
1199
1579
1877
2073
2285
2514
2703
2856
2957
3069
3232
3409
3588
3718
3726
3572
3333
3080
2832
2615
2414
2244
2107
1930
1668
1290
877
488
116
-181
-438
-657
-902
-1153
-1344
-1542
-1757
-1991
-2164
-2224
-2230
-2214
-2216
-2254
-2321
-2362
-2319
-2268
-2194
-2077
-1941
-1714
-1459
-1224
-1049
-900
-747
-596
-429
-228
68
375
688
956
1165
1354
1523
1712
1903
2101
2289
2436
2562
2661
2737
2763
2735
2714
2676
2565
2409
2226
2035
1801
1533
1278
1010
762
524
245
-117
-495
-828
-1101
-1329
-1534
-1716
-1905
-2103
-2284
-2455
-2651
-2811
-2846
-2790
-2716
-2627
-2516
-2413
-2379
-2432
-2456
-2417
-2314
-2104
-1840
-1575
-1412
-1304
-1171
-1034
-864
-647
-381
-81
215
511
781
1004
1203
1422
1667
1922
2204
2426
2573
2668
2699
2724
2707
2691
2657
2627
2583
2471
2345
2142
1906
1634
1340
1057
759
514
303
95
-82
-280
-473
-690
-926
-1145
-1340
-1484
-1575
-1632
-1714
-1803
-1876
-1942
-2004
-2030
-2014
-1977
-1957
-1946
-1918
-1911
-1876
-1797
-1652
-1485
-1296
-1072
-855
-696
-604
-492
-360
-189
34
285
597
872
1066
1209
1296
1356
1382
1469
1581
1722
1862
1933
1944
1903
1834
1729
1622
1535
1460
1359
1268
1169
1047
908
790
671
550
406
196
55
-57
-159
-266
-402
-520
-632
-721
-787
-851
-938
-1061
-1147
-1225
-1285
-1287
-1259
-1190
-1152
-1130
-1110
-1113
-1163
-1221
-1214
-1157
-1058
-904
-748
-627
-547
-465
-401
-374
-306
-182
17
206
389
537
657
746
763
797
853
923
1004
1110
1197
1228
1225
1221
1185
1114
1060
1033
1062
1097
1111
1085
1029
908
755
638
522
450
375
273
181
61
-68
-225
-381
-547
-704
-818
-920
-1032
-1153
-1304
-1413
-1485
-1542
-1563
-1611
-1618
-1606
-1590
-1577
-1546
-1489
-1434
-1351
-1236
-1065
-903
-767
-643
-531
-403
-268
-123
41
202
361
525
700
852
969
1118
1276
1427
1542
1621
1695
1775
1896
2000
2035
2021
1983
1940
1892
1863
1822
1759
1671
1572
1484
1355
1176
963
747
584
398
207
29
-161
-340
-536
-703
-894
-1108
-1286
-1428
-1517
-1616
-1715
-1797
-1871
-1898
-1872
-1813
-1783
-1794
-1771
-1710
-1631
-1526
-1408
-1261
-1093
-899
-694
-491
-326
-199
-44
129
299
461
607
736
870
989
1100
1204
1246
1272
1278
1260
1253
1264
1253
1227
1195
1132
1038
913
832
772
725
652
575
492
352
222
97
-21
-130
-257
-380
-504
-639
-732
-835
-996
-1177
-1311
-1373
-1406
-1400
-1402
-1386
-1375
-1342
-1271
-1211
-1155
-1091
-945
-768
-598
-433
-296
-190
-75
19
98
166
222
282
368
489
578
624
663
711
759
778
776
780
816
847
881
911
922
926
919
895
850
759
659
594
524
473
419
351
261
160
73
-7
-93
-213
-326
-437
-577
-692
-768
-826
-850
-853
-840
-850
-858
-862
-894
-904
-901
-890
-873
-841
-778
-675
-597
-554
-498
-445
-403
-368
-311
-223
-130
-33
57
141
205
272
353
410
461
498
541
577
606
648
675
647
619
604
575
543
517
520
525
505
478
446
430
398
380
401
379
362
321
252
213
173
134
92
61
8
-26
-73
-155
-220
-299
-333
-341
-342
-338
-378
-391
-381
-384
-370
-340
-327
-285
-240
-201
-146
-144
-150
-121
-86
-35
33
76
116
116
123
132
120
96
86
120
174
236
268
287
275
247
215
184
172
176
192
251
295
295
269
222
196
176
168
185
199
203
200
177
173
191
195
178
164
183
213
215
196
167
132
118
102
87
67
63
74
76
77
52
13
-1
20
21
-14
-48
-81
-100
-91
-128
-185
-198
-178
-152
-128
-149
-218
-298
-349
-376
-420
-461
-476
-477
-481
-509
-539
-576
-596
-585
-582
-561
-527
-483
-449
-423
-401
-376
-324
-278
-233
-195
-139
-101
-95
-83
-73
-56
-29
24
82
149
212
271
317
306
292
316
376
431
481
503
504
507
465
442
431
407
385
352
326
276
240
227
210
183
187
192
198
227
225
208
195
172
151
139
107
100
104
115
120
105
79
61
51
33
18
-8
-13
1
-12
-18
-15
35
69
89
119
115
124
141
155
143
135
146
171
203
181
148
123
87
57
44
23
13
13
-9
-69
-163
-256
-318
-368
-401
-427
-460
-495
-519
-553
-580
-606
-623
-603
-573
-528
-473
-448
-474
-486
-479
-473
-462
-451
-412
-372
-362
-342
-360
-414
-445
-437
-387
-315
-243
-158
-74
-19
27
73
104
154
219
309
394
439
462
483
487
482
486
490
497
528
547
563
562
526
507
524
554
583
601
577
545
497
434
391
347
309
296
291
279
235
158
78
12
-29
-64
-74
-68
-71
-100
-141
-188
-250
-307
-331
-324
-306
-311
-341
-366
-396
-412
-418
-421
-387
-343
-311
-270
-244
-240
-241
-229
-187
-120
-66
-3
64
113
158
172
167
165
161
184
244
301
334
348
331
300
266
224
214
214
197
185
164
133
86
26
-6
-7
-12
-5
15
7
-7
-32
-76
-117
-168
-197
-209
-231
-280
-336
-399
-449
-469
-485
-492
-490
-488
-485
-490
-501
-515
-513
-483
-438
-390
-339
-285
-228
-170
-113
-57
-2
77
158
229
285
314
346
375
390
410
430
467
488
515
535
522
517
509
519
523
524
540
555
567
549
519
483
445
421
381
328
276
214
128
43
-41
-130
-212
-271
-307
-347
-405
-461
-500
-528
-574
-600
-604
-601
-588
-581
-567
-568
-582
-564
-528
-481
-423
-370
-287
-212
-156
-103
-57
-8
45
95
144
197
239
286
350
396
434
471
498
538
561
571
585
605
627
653
678
689
679
640
581
541
501
450
397
350
312
259
191
114
23
-69
-140
-214
-294
-368
-432
-478
-532
-597
-661
-724
-774
-798
-798
-793
-801
-784
-776
-765
-740
-713
-661
-609
-561
-499
-449
-404
-372
-335
-286
-222
-129
-35
54
130
195
269
331
391
432
474
537
605
675
720
740
756
781
800
811
806
785
793
796
775
756
708
674
638
596
548
467
381
286
204
108
9
-99
-198
-266
-336
-402
-493
-575
-646
-737
-797
-829
-855
-869
-866
-857
-848
-856
-873
-847
-789
-754
-688
-625
-559
-504
-471
-425
-379
-316
-245
-155
-73
5
78
136
192
235
276
349
419
480
528
568
603
619
622
613
609
612
628
634
623
600
556
514
485
468
449
404
361
316
259
178
82
-4
-85
-150
-218
-275
-339
-415
-455
-506
-559
-591
-631
-661
-691
-695
-675
-650
-622
-573
-515
-479
-446
-415
-380
-341
-282
-202
-126
-59
-7
41
95
151
228
307
384
457
529
603
664
711
740
758
783
812
844
872
872
866
859
832
780
723
666
615
580
548
501
423
332
241
161
65
-42
-128
-225
-315
-405
-502
-596
-695
-780
-833
-875
-903
-925
-947
-964
-978
-980
-986
-970
-926
-880
-823
-756
-686
-615
-548
-490
-418
-350
-294
-227
-133
-34
48
124
207
291
371
444
519
585
641
687
734
795
851
901
924
940
943
939
935
912
867
819
774
749
721
674
637
585
536
459
351
251
160
61
-45
-135
-223
-313
-418
-510
-589
-669
-740
-805
-840
-852
-875
-903
-923
-934
-920
-890
-852
-825
-790
-759
-727
-681
-629
-546
-482
-423
-357
-288
-216
-139
-75
-4
83
172
260
340
421
474
536
600
662
719
790
833
861
882
903
917
891
858
813
784
744
692
622
549
483
420
356
300
237
168
107
20
-77
-176
-288
-395
-477
-532
-568
-608
-651
-695
-737
-772
-819
-853
-861
-860
-853
-842
-804
-749
-699
-635
-584
-539
-479
-417
-369
-324
-269
-199
-136
-59
42
129
224
302
376
444
494
555
614
673
724
766
821
870
915
957
953
955
934
924
926
904
873
819
757
672
595
505
431
380
318
216
101
-18
-128
-225
-329
-436
-543
-637
-720
-785
-850
-929
-1003
-1054
-1088
-1132
-1146
-1157
-1164
-1153
-1132
-1090
-1036
-992
-937
-888
-837
-776
-713
-628
-533
-416
-310
-203
-96
-7
90
194
299
400
492
579
672
753
831
904
973
1022
1050
1083
1100
1109
1112
1105
1076
1027
984
919
850
786
724
666
590
502
408
284
143
21
-82
-183
-277
-381
-470
-545
-625
-696
-773
-840
-906
-948
-972
-1010
-1043
-1041
-1030
-1015
-994
-965
-908
-839
-770
-714
-650
-584
-512
-429
-329
-218
-121
-26
68
155
238
338
426
512
614
703
788
853
919
976
1031
1087
1104
1129
1168
1181
1173
1133
1093
1032
952
909
839
780
717
613
505
386
269
158
46
-43
-131
-246
-370
-482
-588
-665
-712
-764
-781
-829
-881
-917
-963
-978
-988
-987
-987
-984
-969
-932
-878
-840
-779
-716
-659
-575
-499
-397
-275
-173
-78
-10
67
162
245
328
409
487
550
604
641
664
718
763
797
829
848
860
853
836
792
734
680
625
564
505
441
363
285
205
121
44
-22
-87
-166
-273
-372
-465
-551
-607
-654
-699
-753
-802
-848
-896
-946
-981
-977
-953
-928
-897
-863
-820
-777
-715
-640
-570
-476
-386
-292
-198
-117
-45
22
108
190
269
364
459
552
628
686
743
792
836
879
918
957
992
1022
1038
1039
1028
1009
987
932
862
787
717
664
580
481
387
292
184
89
4
-84
-185
-278
-373
-468
-555
-633
-691
-755
-800
-850
-905
-949
-980
-993
-1006
-1012
-1019
-1007
-984
-963
-928
-873
-810
-739
-658
-577
-491
-397
-298
-216
-132
-43
38
132
226
316
398
475
542
593
655
723
779
829
874
914
946
961
972
971
960
937
899
853
795
711
626
551
472
384
290
215
139
66
-10
-89
-169
-245
-320
-404
-476
-545
-613
-669
-723
-779
-814
-843
-863
-875
-895
-898
-875
-852
-811
-752
-688
-625
-568
-490
-404
-334
-265
-191
-119
-43
31
109
185
257
339
407
468
523
573
623
682
741
785
823
845
855
870
876
877
872
857
829
791
737
655
580
499
426
367
297
223
129
45
-41
-139
-219
-283
-335
-381
-440
-503
-584
-644
-678
-717
-741
-763
-781
-794
-798
-806
-805
-789
-773
-734
-691
-646
-589
-537
-460
-383
-319
-254
-195
-121
-47
28
99
164
243
320
384
445
509
587
651
698
740
788
825
838
850
866
876
882
888
873
835
785
740
679
607
555
507
450
384
326
276
222
149
78
1
-83
-155
-209
-267
-331
-395
-471
-526
-587
-642
-685
-721
-740
-753
-755
-771
-773
-760
-732
-696
-665
-637
-612
-568
-522
-460
-411
-355
-294
-246
-197
-143
-82
-25
58
136
204
263
329
389
427
469
501
536
563
580
609
612
599
579
546
529
490
449
400
347
295
234
181
122
80
31
-33
-91
-143
-203
-260
-311
-365
-400
-443
-491
-521
-566
-596
-614
-624
-637
-653
-657
-665
-654
-631
-605
-590
-574
-542
-508
-461
-399
-336
-281
-221
-160
-99
-33
41
104
163
234
312
382
433
484
534
575
610
638
665
695
705
702
694
676
663
648
629
604
566
533
492
434
372
313
257
204
152
106
71
15
-41
-99
-172
-225
-281
-336
-381
-415
-438
-468
-502
-527
-542
-553
-569
-575
-561
-542
-508
-477
-433
-394
-355
-295
-235
-174
-122
-65
-2
57
109
168
216
257
303
365
416
453
491
520
542
559
580
597
604
599
593
592
579
558
526
494
471
451
419
380
332
280
226
165
110
53
-9
-57
-116
-191
-257
-311
-375
-434
-486
-524
-550
-582
-599
-617
-639
-644
-636
-637
-621
-605
-594
-570
-548
-514
-480
-455
-421
-369
-307
-248
-192
-147
-102
-55
-2
55
110
167
222
265
301
334
364
392
424
449
480
508
514
512
502
495
480
465
454
436
412
377
331
279
230
171
116
61
0
-56
-108
-154
-196
-234
-274
-313
-344
-374
-397
-418
-430
-431
-442
-458
-459
-454
-445
-428
-406
-401
-383
-357
-339
-310
-279
-248
-205
-155
-103
-56
-27
5
54
95
130
174
212
260
307
342
380
409
434
458
478
493
501
509
510
507
490
475
462
423
390
350
304
270
237
201
163
126
86
57
22
-16
-44
-77
-111
-140
-181
-228
-266
-297
-329
-356
-381
-397
-397
-400
-403
-405
-404
-403
-401
-398
-384
-370
-352
-328
-295
-264
-232
-192
-143
-98
-53
-1
50
95
136
178
220
254
280
303
331
362
377
393
401
401
404
409
405
384
362
333
313
294
272
243
202
164
122
85
38
-3
-46
-98
-134
-166
-194
-226
-256
-279
-303
-325
-344
-370
-394
-413
-428
-442
-458
-458
-462
-454
-445
-445
-440
-422
-392
-363
-328
-287
-248
-206
-163
-120
-77
-40
-1
51
108
157
201
248
284
311
337
370
397
425
459
485
505
516
523
520
517
509
497
483
469
457
445
427
400
369
333
297
266
229
184
134
92
54
10
-35
-79
-120
-163
-194
-224
-258
-293
-322
-340
-356
-362
-362
-349
-340
-330
-317
-314
-309
-299
-287
-270
-247
-224
-195
-151
-108
-71
-37
-11
10
32
57
85
113
142
163
179
194
209
216
236
258
269
284
294
299
302
297
286
266
240
217
187
158
132
100
70
40
13
-7
-32
-59
-92
-114
-145
-183
-207
-225
-240
-260
-280
-296
-302
-314
-333
-326
-308
-295
-282
-271
-258
-256
-247
-235
-224
-205
-179
-159
-139
-113
-85
-57
-31
1
32
64
100
129
156
180
200
225
248
260
272
274
274
270
274
271
267
257
236
221
205
193
174
154
134
119
95
73
48
15
-6
-20
-38
-58
-73
-95
-119
-140
-157
-160
-173
-191
-192
-197
-205
-209
-212
-217
-215
-209
-204
-188
-173
-161
-150
-132
-107
-85
-68
-43
-26
-11
11
25
34
48
55
63
81
98
108
122
142
152
166
172
173
180
183
186
186
182
176
166
150
137
121
103
86
80
72
64
48
32
19
-4
-22
-38
-49
-61
-67
-77
-92
-103
-107
-115
-112
-109
-109
-108
-107
-107
-103
-103
-114
-120
-116
-110
-103
-87
-83
-85
-83
-79
-69
-50
-31
-20
-12
0
10
10
13
18
34
50
61
74
79
82
82
88
99
106
119
131
134
141
149
139
126
118
108
97
88
79
77
66
53
40
25
20
14
7
8
-5
-19
-22
-31
-41
-46
-42
-44
-52
-63
-71
-72
-75
-79
-85
-89
-97
-111
-118
-120
-119
-122
-122
-119
-118
-112
-112
-111
-104
-104
-98
-84
-72
-61
-42
-36
-33
-31
-27
-19
-10
2
13
29
43
54
62
71
84
92
99
104
107
110
112
118
128
141
147
146
149
152
146
138
132
125
121
116
109
102
98
86
74
70
57
41
25
12
-2
-17
-26
-34
-43
-56
-67
-69
-72
-82
-94
-105
-115
-124
-131
-131
-128
-127
-127
-122
-110
-104
-98
-91
-80
-71
-61
-49
-40
-31
-23
-13
-4
5
16
27
38
52
64
73
79
85
87
93
99
101
100
95
93
89
88
83
79
77
71
73
73
71
71
64
57
47
37
27
20
13
4
-8
-18
-27
-40
-51
-61
-67
-74
-80
-89
-98
-105
-116
-120
-119
-120
-120
-122
-126
-128
-126
-121
-117
-109
-96
-86
-78
-67
-59
-55
-45
-33
-23
-12
0
9
18
27
40
51
63
71
79
88
97
103
108
110
115
123
127
131
133
133
130
129
132
132
128
121
111
103
99
91
82
71
61
47
31
18
0
-15
-29
-41
-49
-57
-65
-74
-86
-97
-102
-105
-111
-117
-121
-119
-119
-117
-112
-110
-108
-102
-95
-88
-79
-75
-73
-69
-63
-55
-50
-43
-36
-28
-20
-9
0
11
19
31
44
56
70
81
87
89
98
105
108
113
114
116
119
122
121
116
113
109
105
99
93
86
76
62
50
40
30
17
4
-8
-19
-28
-36
-47
-54
-65
-76
-84
-90
-97
-100
-103
-107
-110
-114
-115
-121
-121
-117
-112
-105
-101
-98
-95
-88
-80
-73
-65
-56
-48
-41
-31
-21
-12
-5
5
18
31
41
49
55
58
63
71
73
77
81
82
79
80
84
84
83
82
82
82
81
78
70
63
55
49
42
34
24
15
5
-2
-10
-17
-26
-36
-45
-52
-57
-60
-65
-70
-73
-76
-78
-81
-83
-82
-82
-76
-71
-65
-63
-60
-58
-53
-48
-42
-36
-31
-27
-19
-9
-2
5
11
17
25
34
42
49
54
59
63
69
72
73
76
75
77
79
79
77
73
69
65
63
59
53
45
39
33
24
18
9
-2
-11
-18
-26
-33
-39
-46
-53
-58
-62
-64
-69
-74
-78
-78
-80
-81
-84
-89
-90
-89
-85
-80
-76
-72
-67
-60
-54
-48
-41
-32
-26
-17
-5
5
11
19
26
32
40
48
56
65
70
75
81
86
89
92
92
95
94
93
93
90
85
81
77
73
67
58
50
41
32
24
15
4
-7
-16
-24
-34
-40
-49
-57
-66
-72
-79
-85
-89
-94
-98
-99
-100
-100
-101
-102
-102
-99
-95
-89
-81
-75
-68
-58
-50
-41
-29
-20
-8
3
13
24
33
44
54
66
75
87
95
99
107
114
120
125
129
131
132
132
132
131
127
119
113
107
99
90
79
70
58
48
37
25
15
3
-9
-20
-28
-40
-51
-61
-71
-78
-84
-87
-92
-97
-103
-107
-109
-109
-111
-111
-109
-107
-102
-95
-89
-82
-74
-66
-56
-46
-38
-28
-20
-8
2
13
24
32
40
46
55
65
73
80
88
96
102
105
108
109
108
108
107
105
99
93
82
72
64
56
49
38
30
19
6
-3
-15
-26
-37
-46
-53
-63
-72
-83
-94
-100
-108
-111
-117
-119
-122
-123
-123
-124
-124
-124
-120
-113
-108
-98
-93
-84
-76
-70
-60
-50
-39
-29
-19
-8
3
16
27
38
48
57
69
77
85
91
96
101
104
110
112
113
111
107
108
105
101
95
88
83
77
70
62
52
44
35
25
15
6
-4
-14
-23
-34
-39
-47
-55
-62
-71
-78
-83
-86
-89
-92
-92
-94
-92
-91
-91
-88
-85
-78
-73
-67
-60
-53
-46
-36
-26
-17
-10
-3
6
14
24
34
41
47
54
62
68
76
80
85
87
91
93
95
95
93
93
90
87
85
79
75
71
64
59
50
44
36
28
20
11
3
-7
-16
-25
-33
-38
-45
-50
-57
-63
-67
-72
-73
-77
-79
-79
-82
-82
-84
-83
-81
-80
-76
-73
-68
-64
-57
-52
-46
-39
-34
-25
-19
-12
-4
5
14
21
28
34
38
43
47
52
54
54
56
57
60
59
58
57
55
53
51
46
43
41
37
32
28
22
15
11
4
0
-7
-13
-20
-28
-32
-36
-39
-43
-46
-50
-54
-57
-58
-58
-58
-56
-55
-54
-51
-47
-43
-38
-34
-30
-22
-17
-9
-2
4
8
14
20
23
29
33
38
42
45
48
50
52
53
54
54
52
53
51
50
48
48
48
43
42
38
32
29
23
17
12
7
2
-3
-6
-11
-16
-21
-25
-28
-31
-33
-34
-37
-37
-38
-38
-37
-35
-33
-31
-30
-27
-25
-23
-19
-15
-10
-6
1
4
10
15
19
22
25
27
31
34
38
41
41
41
42
44
44
41
39
36
33
30
27
25
23
20
18
16
14
9
5
0
-5
-11
-17
-21
-27
-31
-34
-38
-43
-47
-50
-51
-53
-54
-53
-53
-54
-54
-52
-49
-45
-44
-42
-42
-39
-35
-31
-27
-22
-19
-16
-10
-6
-1
4
8
12
17
22
25
29
33
36
39
41
45
47
46
47
48
49
50
49
46
46
44
42
40
38
34
30
26
24
22
19
13
10
6
3
-1
-5
-10
-15
-21
-25
-29
-31
-35
-38
-40
-40
-41
-42
-44
-44
-45
-44
-43
-40
-37
-35
-32
-28
-25
-21
-18
-15
-11
-7
-3
2
7
8
12
15
18
21
24
27
30
33
36
38
38
39
40
43
45
46
46
43
40
38
37
36
32
29
23
17
13
7
3
0
-4
-7
-10
-14
-18
-22
-24
-27
-28
-29
-33
-35
-36
-35
-35
-33
-31
-30
-30
-32
-31
-32
-30
-28
-27
-26
-24
-23
-20
-19
-16
-13
-9
-5
-1
2
4
6
8
12
15
15
17
18
20
21
22
23
23
23
23
22
20
18
16
13
12
10
9
7
5
1
-3
-5
-9
-13
-14
-16
-17
-20
-20
-21
-21
-23
-23
-24
-25
-27
-30
-31
-32
-31
-31
-29
-28
-25
-21
-17
-14
-10
-6
-4
-1
2
4
9
13
18
22
25
29
32
33
36
39
40
41
43
42
43
43
39
39
38
35
35
36
35
33
31
28
26
24
22
20
17
13
9
5
3
0
-4
-7
-10
-10
-12
-12
-13
-15
-17
-18
-20
-19
-19
-20
-20
-20
-20
-22
-23
-22
-22
-21
-19
-16
-13
-11
-7
-4
-3
-2
-1
-2
-1
-1
2
2
2
3
5
6
6
7
8
8
9
8
7
6
6
6
5
7
8
8
8
8
7
6
5
2
-1
-4
-7
-10
-11
-15
-14
-19
-20
-22
-23
-25
-26
-27
-28
-29
-30
-32
-32
-30
-29
-27
-25
-22
-22
-20
-17
-15
-13
-12
-10
-7
-5
-2
-1
1
1
3
5
6
8
9
11
13
15
17
20
22
23
24
25
24
25
27
28
29
27
25
23
21
18
16
15
12
11
8
7
6
4
1
0
-1
-2
-2
-5
-5
-5
-4
-5
-5
-4
-3
-3
-1
-2
-2
-4
-4
-3
-4
-4
-5
-5
-2
-1
2
2
3
4
7
10
10
12
12
13
13
15
15
16
17
19
21
22
21
20
18
17
14
12
11
7
6
6
6
5
4
3
3
2
1
1
-1
-2
-4
-6
-7
-9
-11
-13
-12
-12
-11
-13
-13
-14
-14
-13
-14
-13
-13
-14
-14
-15
-15
-15
-15
-13
-11
-7
-5
-5
-6
-4
-3
-2
-1
2
2
3
3
2
3
2
-1
-2
-1
-1
-3
-3
-3
-3
-5
-6
-5
-3
-3
-1
-1
-2
-1
0
0
0
0
1
0
0
-1
-3
-3
-3
-3
-4
-5
-5
-6
-6
-7
-8
-9
-9
-9
-8
-8
-8
-7
-8
-5
-3
-2
-1
0
0
2
1
3
4
5
5
5
5
5
5
4
6
7
9
11
11
10
11
9
9
7
7
8
8
7
3
3
4
4
7
6
7
6
4
3
3
4
4
2
1
1
-1
-3
-4
-5
-6
-7
-7
-8
-10
-11
-10
-8
-6
-6
-6
-4
-3
-5
-6
-6
-6
-6
-5
-6
-5
-6
-6
-5
-7
-8
-9
-8
-9
-10
-9
-11
-10
-10
-10
-8
-8
-7
-8
-8
-7
-5
-4
-3
-1
-1
-1
-2
-2
-1
-2
-1
0
1
3
4
3
4
2
2
1
-1
-1
-3
-5
-5
-5
-4
-3
-2
-2
1
1
1
0
1
2
4
7
8
11
11
11
12
12
12
12
12
11
10
9
10
10
10
11
11
11
10
10
11
11
13
14
14
15
17
16
15
14
12
9
9
10
8
8
8
6
8
6
5
3
2
0
1
2
1
-1
-1
0
0
1
0
1
1
0
-2
-2
-3
-2
-2
-2
-3
-3
-3
-2
-3
-3
-1
-2
-3
-5
-6
-8
-8
-10
-12
-11
-11
-9
-9
-9
-7
-6
-6
-5
-7
-9
-10
-11
-10
-9
-12
-11
-10
-9
-9
-7
-6
-5
-7
-7
-8
-8
-8
-10
-9
-8
-7
-8
-7
-9
-11
-10
-10
-9
-8
-8
-7
-7
-7
-9
-10
-10
-10
-6
-5
-3
-1
1
2
3
3
4
4
4
4
3
2
1
0
-1
-2
-2
-4
-2
-1
1
1
3
4
4
4
4
3
4
2
0
-1
-1
-3
-3
-4
-4
-3
-2
-6
-8
-9
-9
-8
-7
-6
-7
-4
-3
-4
-3
-3
-5
-3
-2
-3
-2
-2
0
2
2
3
3
4
4
3
2
3
3
2
2
1
3
5
5
7
6
7
8
8
8
8
6
6
5
2
-1
-1
-2
-3
-4
-3
-2
0
0
0
1
1
2
2
0
-2
-2
-3
-2
-1
-3
-4
-3
-4
-5
-8
-10
-9
-7
-8
-9
-9
-10
-7
-6
-4
-1
1
2
2
2
2
3
4
6
7
7
6
6
6
6
5
6
7
7
6
7
5
6
5
5
4
3
3
4
4
3
1
2
2
2
0
0
1
2
-1
-3
-2
-2
-1
-1
1
2
1
0
-4
-4
-4
-5
-4
-4
-5
-6
-6
-6
-5
-4
-4
-3
-3
-1
-2
-2
-2
-2
-2
-4
-5
-3
-1
0
-1
0
0
0
-1
0
0
0
1
1
1
3
3
3
3
4
2
-1
-1
-2
-2
-3
-6
-6
-5
-6
-7
-8
-10
-8
-7
-9
-9
-7
-5
-4
-4
-4
-2
1
1
0
0
0
0
1
0
-1
0
1
3
3
3
5
5
5
6
4
4
4
4
5
6
9
11
11
12
13
11
10
12
13
12
12
11
10
10
9
5
4
3
3
1
-1
-1
0
0
0
-1
-1
-1
0
1
3
2
1
1
3
4
5
4
5
3
3
1
-1
1
1
2
2
1
4
2
0
-2
-1
-1
-1
-2
-4
-3
-4
-2
-1
-2
1
3
2
2
3
1
2
1
2
0
1
1
2
1
0
-3
-7
-4
-5
-6
-8
-6
-3
-2
-2
-3
-2
-1
-2
-3
-5
-3
-2
-4
-5
-5
-3
-3
0
-2
-3
-2
-2
-3
-2
-3
-2
-2
-1
-1
0
0
1
2
2
1
0
1
-1
-3
-3
-3
-2
-1
-2
-1
-2
-1
1
0
-1
-2
-1
-1
-2
-3
-3
-2
-4
-3
-2
-1
-2
-1
-1
0
0
1
1
0
-1
-2
-2
-3
-3
-4
-2
-3
-1
-1
1
1
0
0
0
-2
-2
-1
-1
0
-1
-2
-2
-3
-2
-4
-5
-5
-6
-8
-8
-8
-7
-6
-3
-1
0
0
0
-2
-1
0
0
0
-1
0
-1
-1
-2
-1
-1
3
2
-1
0
2
0
-2
-3
-2
-2
-3
-2
-1
-2
-1
0
-1
0
0
2
3
2
1
3
4
6
5
6
7
10
10
9
9
8
7
6
5
5
7
7
6
6
5
4
5
6
5
3
5
6
5
2
2
3
0
-1
-3
0
0
0
-2
-2
-5
-7
-6
-7
-7
-7
-7
-5
-5
-6
-5
-4
-4
-5
-4
-3
-3
-4
-4
-3
-1
-1
0
2
3
5
5
7
7
5
4
5
5
4
4
3
3
4
3
2
3
2
3
4
5
5
7
7
9
9
10
11
14
16
14
16
15
13
12
11
10
9
10
10
9
9
9
10
11
9
8
6
4
4
4
4
5
4
3
2
1
4
6
6
6
5
4
2
-1
-1
0
0
0
-2
-3
-2
0
-1
-2
-3
-2
-1
-2
-3
-4
-3
-3
-4
-3
-5
-3
-3
-3
-4
-6
-7
-7
-8
-8
-8
-9
-11
-10
-9
-8
-5
-5
-5
-4
-3
-3
-4
-6
-6
-5
-5
-4
-3
-3
-4
-5
-6
-6
-8
-8
-4
-1
1
-1
0
0
1
2
2
1
0
-2
-3
-5
-6
-7
-6
-4
-3
-3
-4
-4
-4
-2
-3
-4
-4
-3
-3
-1
-3
-6
-7
-6
-3
-2
0
0
2
2
1
-1
-3
-2
-3
0
2
3
2
-1
-2
-3
-3
-2
-1
-1
0
1
1
0
-2
-3
-1
1
4
5
6
5
4
2
4
4
3
4
6
4
2
0
-2
-5
-5
-2
1
3
4
4
1
0
0
1
3
6
6
6
6
5
3
3
4
3
3
5
6
5
2
-2
-3
-4
-2
1
0
0
-2
-2
-1
-1
-3
-1
0
1
1
0
-3
-6
-8
-9
-8
-8
-8
-9
-10
-11
-11
-11
-11
-13
-13
-11
-10
-11
-11
-12
-14
-13
-12
-11
-8
-8
-8
-7
