2
2
3
2
2
1
0
-1
-1
0
0
1
0
1
2
2
2
1
1
0
-1
-1
0
0
1
1
1
0
-1
-1
-1
-1
-1
1
1
0
0
0
-1
-3
-2
-1
0
1
3
3
3
2
2
1
1
2
1
-1
-1
-2
-1
-1
-2
-2
-1
-1
0
1
1
1
0
0
-1
0
-1
-1
-1
-1
-1
-2
-2
0
0
0
0
0
0
-1
-1
-1
-2
0
0
0
0
0
1
0
0
0
1
2
2
2
2
1
1
1
0
0
-1
0
-1
0
-1
1
1
1
1
1
0
0
0
0
1
1
1
1
0
0
0
1
1
1
0
-1
-1
-1
0
0
1
1
2
2
1
0
-1
-1
-1
0
1
0
1
2
3
3
2
1
-1
-3
-1
0
1
0
0
0
1
1
1
0
-1
-2
-1
0
2
3
3
2
2
3
4
3
1
1
-1
-1
-1
-2
-1
0
-1
-3
-4
-4
-3
-3
-3
-2
-2
-2
-3
-3
-2
-2
-1
-2
-2
-2
-1
0
0
0
1
2
2
4
3
3
1
-1
0
-1
0
1
1
1
-1
0
0
0
1
0
-1
1
1
1
1
2
1
2
2
2
1
1
2
2
2
1
0
0
0
0
0
0
-2
-2
-4
-3
-1
-1
0
0
-1
0
-1
-1
-1
-2
-1
-2
-2
-1
0
0
-1
-1
-1
-2
-2
-2
-1
-1
-1
-3
-4
-4
-3
-1
-2
-2
-1
-1
0
1
2
3
2
2
2
0
-1
0
-1
0
0
1
0
-1
-1
-1
-1
-3
-3
-1
-1
0
-1
-2
0
0
1
-2
-2
-2
0
1
1
0
0
0
0
1
1
1
0
0
0
1
-1
-1
-2
0
1
1
1
2
3
2
-1
-1
1
1
0
-3
-3
1
1
0
-3
-2
1
0
-5
-6
-2
4
1
-3
-5
-2
-1
-2
-6
-4
1
2
-5
-7
-3
1
0
-4
-5
1
4
0
-4
-3
1
3
0
-2
1
5
3
-2
-3
1
4
1
-4
1
6
5
2
-3
1
5
4
-1
-2
4
6
2
-3
-1
6
5
-3
-8
-4
2
0
-5
-4
3
5
-2
-6
-1
6
4
-4
-6
2
10
7
-3
-5
2
5
-3
-8
-5
8
10
0
-7
0
8
7
-3
-3
8
13
2
-10
-7
7
7
-6
-15
-7
10
10
-3
-8
4
16
7
-13
-16
-5
4
-2
-9
-4
9
9
-4
-13
-9
-2
-2
-6
-6
1
6
-2
-7
-5
3
6
2
-1
0
0
-3
-8
-6
5
10
10
9
9
6
4
2
9
21
21
13
4
4
3
-7
-15
-6
15
23
10
-4
-2
5
2
-12
-18
-6
13
14
-2
-10
-3
9
9
-3
-9
0
10
3
-9
-8
5
20
20
16
19
33
39
23
3
-5
-1
9
3
-2
11
26
27
11
-1
1
4
-5
-15
-10
9
17
2
-22
-30
-23
-28
-46
-56
-41
-12
-3
-22
-36
-27
-9
-10
-30
-30
-9
4
-10
-40
-46
-20
5
7
-7
-7
15
39
45
30
13
17
27
29
19
5
5
22
34
28
4
-8
7
33
50
48
46
56
67
43
-2
-21
1
27
22
-1
5
43
55
19
-20
-23
16
37
13
-3
23
43
16
-45
-74
-43
-13
-32
-67
-50
6
15
-35
-75
-50
3
10
-28
-50
-27
1
-20
-59
-48
-3
3
-16
-25
2
60
59
30
33
65
88
56
19
54
118
137
105
77
113
150
99
-4
-38
10
41
28
6
44
100
81
23
-46
-111
-152
-234
-215
-80
-98
-227
-347
-363
-294
-233
-193
-82
113
237
74
-286
-392
-417
-479
-562
-595
-255
199
262
-35
-179
80
424
365
91
25
384
787
697
239
5
337
739
782
640
739
1106
1405
1073
525
579
870
1004
706
376
513
732
655
260
30
198
245
-34
-328
-367
-199
-174
-422
-632
-593
-530
-644
-956
-1214
-1266
-1303
-1389
-1526
-1511
-1254
-1113
-1095
-1114
-1021
-830
-786
-801
-778
-626
-502
-505
-481
-331
-166
-117
-80
81
353
506
525
490
552
648
599
568
655
772
866
871
803
748
767
778
692
705
720
817
863
784
849
903
976
1045
1007
1061
1198
1189
1206
1229
1214
1239
1230
1193
1220
1322
1371
1337
976
376
19
-149
-222
-269
-646
-835
-781
-1135
-1333
-1225
-1068
-1048
-1867
-2825
-2780
-2214
-2101
-2779
-3514
-3228
-2314
-1991
-2233
-2144
-1500
-1052
-1370
-1915
-1591
-611
-429
-1047
-1183
-322
916
1276
804
897
1604
1940
1584
1120
1371
1924
1673
863
605
1213
1821
1568
871
652
1034
1083
393
-137
-291
-381
-699
-1368
-1373
-772
-677
-970
-1252
-1173
-592
-670
-1227
-1270
-1051
-824
-911
-1183
-797
-84
71
32
211
832
1537
1565
1150
1122
1504
1729
1628
1359
1414
1846
1932
1759
1756
1879
2143
2109
1730
1766
2058
2031
1828
1535
1344
1402
876
-435
-871
-930
-1104
-946
-1841
-2019
-1402
-1992
-2100
-1637
-1229
-662
-1835
-3410
-2867
-1894
-1832
-3109
-4501
-3757
-1680
-1129
-1756
-1374
72
1166
674
-508
-132
1477
1235
-609
-1313
-116
1733
1849
416
519
2239
3137
2561
1430
1602
2766
2251
592
-69
639
1540
1004
-299
-268
994
1563
640
-208
-53
336
42
-1085
-1414
-675
-503
-1138
-1690
-1254
-78
223
-490
-717
-230
150
-44
-699
-716
-82
-50
-425
-457
1
697
793
393
529
967
1219
1045
528
514
750
674
475
308
421
743
796
720
864
1242
1489
1543
1693
1818
1957
2067
1979
1927
1748
713
-121
-253
-548
-381
-977
-1736
-1177
-1270
-1515
-1302
-1004
-218
-562
-2256
-2567
-1680
-1132
-1903
-3654
-3997
-2339
-1170
-1837
-2209
-1235
204
581
-358
-622
866
1532
118
-1226
-897
726
1286
-160
-876
571
2067
2270
1361
1368
2890
3374
2158
976
1093
1866
1340
-357
-1103
-230
750
89
-1050
-1020
-70
480
-391
-1089
-584
-143
-657
-1763
-2135
-1324
-950
-1677
-2213
-1625
-635
-308
-714
-823
-79
358
113
-188
-127
219
78
-401
-212
404
685
433
157
566
1226
1175
703
596
852
1062
665
190
401
964
1120
1054
1209
1742
2364
2241
1764
1645
1072
362
-118
-1212
-1182
-1470
-2509
-2315
-2608
-2645
-1649
-1172
-696
-781
-1973
-1847
-978
-951
-1986
-3340
-3644
-2587
-2069
-3066
-2919
-1399
-311
-147
-661
-257
1909
2558
940
142
699
1750
1697
-52
-407
1299
1992
1504
1108
1771
3857
4379
3034
2873
3883
4526
3598
1845
1405
2019
1540
-282
-1308
-674
180
-70
-1251
-1250
60
269
-560
-1181
-1010
-518
-1330
-2927
-3303
-2783
-2811
-3678
-4317
-3530
-2198
-2048
-2450
-1945
-781
137
-227
-973
-560
174
51
-744
-1067
-365
320
115
-197
193
1182
1782
1434
1245
1841
2566
2594
2203
2207
2573
2831
2540
2173
2473
2828
2653
1798
642
707
661
92
-358
-1291
-1165
-869
-1752
-1820
-979
-410
-431
-1823
-2467
-1046
-208
-1189
-2586
-2902
-1773
-926
-2245
-2874
-1313
-158
-331
-1175
-1023
1153
2239
642
-331
624
2032
1915
179
-350
1203
2004
908
18
840
2693
3218
1745
1273
2836
3751
2980
1471
1129
2054
1733
-59
-1160
-752
-241
-1038
-2353
-2176
-838
-503
-1434
-2069
-1460
-645
-1102
-2280
-2528
-1931
-1973
-2977
-3508
-2859
-2102
-2292
-2732
-2242
-1070
-485
-694
-545
346
1221
1003
573
1035
1733
1757
1060
778
1436
1948
1637
1078
1299
2264
2583
2238
2178
2698
3240
3015
2559
2643
2865
2740
2008
1405
1554
1028
276
-48
-378
-43
-431
-1293
-1020
-980
-1367
-1212
-999
-693
-768
-1980
-2147
-862
-804
-1923
-2904
-3024
-1624
-1493
-3072
-2870
-1555
-852
-1160
-2115
-1405
509
226
-1416
-1545
-256
739
23
-1386
-719
975
870
-70
36
1582
2898
1944
774
1816
3311
3359
1930
1117
2071
2654
1480
175
320
1062
721
-816
-1273
-121
375
-542
-1530
-1384
-210
-93
-1365
-1872
-1361
-979
-1458
-2324
-2347
-1886
-1999
-2531
-2611
-2033
-1540
-1502
-1583
-1047
-141
194
369
777
1105
1425
1536
1522
1897
2063
1648
1424
1652
2013
2112
1945
1972
2398
2632
2352
2227
2543
2786
2625
2143
1972
2459
2055
747
230
-87
-44
-244
-1741
-2004
-1429
-2023
-2241
-1918
-1574
-1015
-1870
-2727
-1278
-242
-1040
-2072
-2714
-1685
-645
-2257
-3118
-1878
-1197
-1439
-2342
-2449
-411
438
-1164
-1605
-276
1186
1318
-2
16
1757
2024
946
721
1708
2962
2407
870
1314
2898
3211
2201
1402
2189
3138
2298
1058
1142
1759
1441
-89
-1154
-483
45
-1156
-2431
-2341
-1517
-1391
-2439
-2983
-2162
-1641
-2237
-2805
-2508
-1688
-1826
-2878
-2978
-2013
-1452
-1816
-1984
-1306
-281
18
-336
94
1144
1619
1398
1378
2112
2815
2468
1846
1972
2534
2574
1898
1378
1540
1864
1475
946
1177
1695
1723
1407
1335
1914
2493
1756
500
544
889
401
-411
-1711
-1876
-1287
-2418
-3183
-2453
-1791
-1395
-2250
-2963
-1030
518
-418
-1426
-1627
-683
355
-1401
-2781
-1433
-868
-1728
-2656
-2783
-952
118
-1674
-2288
-596
841
992
-261
-478
1491
2219
1079
824
1759
2718
2417
821
865
2568
2799
1616
790
1236
2327
2010
790
876
1724
1746
755
-89
413
1220
312
-1069
-1266
-754
-546
-1523
-2616
-2396
-1842
-2275
-2962
-3123
-2537
-2039
-2457
-2620
-1969
-1279
-1097
-1314
-1268
-629
-159
-133
78
494
813
1081
1250
1678
2173
2197
2200
2504
2761
2738
2485
2133
2122
2082
1671
1389
1306
1290
1149
975
1137
1608
1908
1686
1579
1661
1336
1117
708
31
-84
-749
-1746
-1868
-2229
-2679
-2479
-2506
-2413
-2175
-2581
-2103
-950
-1058
-1370
-1463
-1494
-563
-788
-2062
-1687
-1254
-1700
-1912
-2205
-1607
-302
-954
-1680
-626
359
894
712
323
1674
2862
2246
2040
2606
3327
3652
2589
2026
3115
3376
2449
1603
1468
2243
2103
726
313
902
1035
363
-621
-570
252
-320
-1716
-2123
-1812
-1563
-2406
-3705
-3415
-2685
-2992
-3651
-3907
-3156
-2419
-2998
-3341
-2537
-1582
-1398
-1978
-1861
-650
187
51
-71
590
1693
2157
1851
2080
2858
3274
3089
2594
2724
3133
2791
1942
1404
1479
1588
1115
497
382
672
847
717
822
1131
1371
1342
1082
1335
1636
968
333
123
-224
-135
-794
-1683
-1384
-1454
-1998
-1971
-1727
-1299
-1078
-1903
-1756
-593
-625
-1165
-1499
-1397
-408
-451
-1642
-1206
-218
-458
-911
-1326
-866
179
-514
-1537
-694
505
867
484
74
1264
2426
1773
1291
1805
2466
2445
1411
975
1990
2325
1333
506
546
1209
1045
-94
-422
45
-55
-751
-1330
-1144
-642
-1237
-2206
-2049
-1427
-1263
-1778
-2423
-2045
-1509
-1873
-2163
-1917
-1573
-1530
-2015
-2033
-1073
-510
-739
-838
-359
529
1049
876
1192
2044
2290
2248
2285
2524
2888
2398
1513
1474
1660
1429
910
342
253
372
62
-239
-43
145
34
-105
-108
249
581
444
385
665
851
863
875
660
706
987
545
325
416
-4
-20
-152
-875
-754
-479
-792
-749
-1029
-1061
-85
-107
-769
-693
-701
-250
156
-844
-1096
-387
-725
-1191
-1336
-1512
-941
-995
-2038
-1791
-964
-746
-804
-1168
-791
353
501
137
553
1165
1528
1320
949
1423
2016
1669
963
715
1054
1305
645
22
164
295
205
-177
-460
-59
7
-484
-654
-350
117
109
-464
-682
-288
-146
-504
-838
-923
-691
-656
-1110
-1113
-607
-375
-484
-597
-410
176
447
167
104
373
521
481
339
310
546
474
138
125
234
175
3
-296
-394
-360
-593
-917
-995
-907
-946
-945
-874
-658
-256
-45
114
588
1113
1514
1836
1937
1861
2130
2192
1815
1741
1280
829
756
142
-385
-233
-354
-529
-618
-961
-350
348
-180
-426
-141
87
549
-48
-976
-340
-98
-1017
-1465
-1655
-1408
-1153
-2320
-2829
-1659
-1114
-1425
-1720
-1429
-100
653
42
170
1253
1720
1471
972
1251
2126
1847
705
489
1121
1420
829
-30
138
741
551
-34
-96
521
752
120
-276
228
890
772
-1
-208
385
636
136
-470
-493
-155
-418
-1153
-1313
-1121
-1232
-1779
-2360
-2159
-1516
-1600
-2076
-2008
-1493
-928
-725
-707
-199
358
359
341
553
822
854
252
-261
-84
-60
-452
-756
-849
-572
-281
-340
-108
592
1096
1444
1858
2315
3044
3411
3226
3418
3728
3467
3103
2754
2272
2119
1642
627
338
211
-447
-729
-866
-951
-793
-1264
-1508
-724
-473
-981
-1278
-1374
-827
-619
-1714
-2055
-1423
-1526
-2244
-2778
-2538
-1620
-1798
-2893
-2699
-1536
-955
-1398
-1851
-987
186
-17
-683
-172
1032
1385
581
248
1388
2280
1754
998
1322
2400
2415
1290
967
1677
1982
1291
465
787
1707
1443
497
634
1508
1884
1278
527
1017
1761
1182
25
-405
-175
-427
-1719
-2789
-2656
-2370
-3010
-4040
-4133
-3243
-2788
-3194
-3275
-2334
-1213
-963
-1133
-638
391
800
388
245
843
1239
722
98
247
796
764
138
46
731
1208
999
807
1359
2164
2284
1978
2315
3068
3366
3147
2791
3103
3668
3119
2114
1984
2095
1738
927
-210
-489
-246
-1074
-2004
-1980
-1713
-1649
-2323
-2979
-2100
-1121
-1554
-2207
-2206
-1451
-700
-1453
-2171
-1339
-762
-1317
-2032
-1986
-1021
-668
-1811
-2306
-1212
-330
-701
-1631
-1332
92
556
-72
-167
902
1903
1571
965
1712
2899
2917
2043
1622
2377
2946
2047
1094
1197
1502
1236
376
-60
610
838
4
-392
-19
497
574
-175
-543
-57
-35
-725
-1293
-1389
-1392
-1799
-2503
-2723
-2467
-2540
-3002
-3210
-2733
-2168
-2042
-2056
-1730
-903
-268
-83
353
1071
1586
1737
1707
2041
2505
2338
1810
1557
1569
1583
1144
556
513
594
399
293
413
734
1036
980
1039
1490
1851
1887
1676
1527
1712
1657
1264
1056
806
376
250
-5
-358
-314
-741
-1191
-1134
-1445
-1648
-1470
-1629
-1696
-1859
-2182
-1543
-909
-1253
-1405
-1256
-830
-110
-416
-913
-371
-41
-466
-870
-991
-622
-527
-1496
-1901
-1159
-587
-743
-1336
-1155
53
709
446
458
1195
1895
1790
1383
1771
2425
2212
1432
1028
1509
1921
1163
364
454
741
655
159
-86
381
583
21
-89
333
638
487
-227
-417
63
-55
-773
-1234
-1302
-1254
-1540
-2084
-2046
-1630
-1659
-1875
-1749
-1140
-581
-573
-680
-360
260
547
397
408
721
849
694
597
902
1276
1083
654
741
1113
1214
837
355
405
566
183
-299
-368
-217
-174
-505
-643
-132
360
362
321
581
1069
1273
937
837
1085
927
483
258
101
193
32
-668
-609
-143
-286
-285
-160
23
437
235
52
772
1113
656
427
436
866
1132
285
-140
423
407
-205
-672
-702
-293
-583
-1680
-1783
-1050
-1030
-1709
-2254
-1844
-989
-1154
-1850
-1542
-583
-286
-736
-870
-34
715
359
-184
280
1271
1346
568
390
1046
1464
1022
398
696
1252
845
177
171
734
926
134
-493
6
541
233
-294
-350
187
277
-498
-884
-557
-393
-859
-1617
-1656
-1133
-1187
-1795
-1978
-1353
-744
-735
-952
-411
443
688
465
518
1160
1498
981
358
513
914
642
-162
-540
-206
-66
-610
-1091
-826
-297
-331
-767
-626
50
385
172
-30
452
1147
1032
638
826
1338
1647
1338
841
1185
1718
1409
1014
924
1155
1517
1064
528
951
1355
1105
658
377
727
1120
433
-302
-125
111
-79
-786
-1427
-1136
-999
-1868
-2529
-2433
-2107
-2311
-3180
-3538
-2868
-2434
-2876
-3217
-2795
-1922
-1645
-1820
-1352
-305
360
237
251
1078
1919
1873
1444
1565
2177
2368
1779
1397
1814
2095
1782
1369
1377
1822
1871
1353
1210
1596
1676
1274
810
740
957
688
78
-214
-234
-410
-891
-1255
-1260
-1211
-1504
-1872
-1897
-1671
-1552
-1707
-1729
-1502
-1300
-1207
-1157
-944
-755
-844
-937
-823
-616
-545
-721
-831
-674
-582
-664
-712
-612
-416
-353
-335
-124
181
400
487
614
932
1266
1353
1395
1624
1888
2042
2068
2138
2360
2500
2487
2512
2589
2649
2495
2196
2097
1980
1713
1391
1007
801
665
256
-20
-20
-140
-375
-722
-913
-720
-786
-1339
-1698
-1758
-1738
-1924
-2538
-2762
-2425
-2504
-2908
-3022
-2773
-2253
-2217
-2641
-2421
-1660
-1337
-1453
-1476
-1000
-238
-169
-395
52
780
1085
924
936
1570
2125
1989
1749
2049
2587
2673
2232
2098
2488
2599
2274
1947
2004
2213
1937
1310
1147
1323
1161
693
191
124
211
-240
-780
-915
-912
-1081
-1481
-1849
-1798
-1729
-2088
-2435
-2516
-2421
-2433
-2744
-2902
-2655
-2407
-2427
-2450
-2216
-1746
-1384
-1293
-1096
-640
-237
-58
-22
304
788
950
958
1038
1302
1608
1728
1663
1813
2103
2158
2101
2102
2241
2362
2159
1819
1718
1694
1554
1278
974
885
858
654
507
567
673
699
552
406
537
675
559
405
306
303
218
-154
-379
-400
-576
-972
-1478
-1683
-1564
-1727
-2170
-2363
-2261
-2047
-2089
-2290
-2034
-1546
-1402
-1506
-1487
-1110
-720
-821
-1024
-776
-381
-289
-456
-447
72
546
538
562
979
1563
1897
1881
2053
2562
2826
2680
2487
2577
2753
2553
2096
1901
1918
1713
1266
856
706
585
91
-464
-674
-785
-1094
-1604
-1971
-1968
-1967
-2196
-2388
-2354
-2189
-2121
-2210
-2112
-1814
-1666
-1683
-1739
-1639
-1374
-1326
-1416
-1341
-1156
-954
-827
-744
-458
-55
201
388
611
928
1274
1423
1474
1630
1737
1768
1732
1576
1566
1559
1304
1065
915
807
717
486
191
92
10
-176
-309
-433
-448
-431
-506
-454
-251
-74
18
50
130
351
595
725
792
857
891
911
937
954
891
794
643
501
442
310
188
116
-53
-287
-464
-548
-500
-495
-737
-917
-852
-722
-638
-711
-793
-664
-557
-610
-586
-440
-297
-290
-464
-423
-126
-20
-98
-206
-134
88
76
-104
-80
108
143
43
0
178
383
246
85
226
468
525
313
166
376
528
345
191
165
209
134
-171
-248
-42
-67
-337
-548
-531
-353
-357
-585
-624
-516
-517
-580
-646
-590
-498
-615
-787
-713
-535
-451
-526
-621
-424
-156
-72
-75
-39
112
287
271
179
232
270
184
26
-95
-64
-45
-225
-369
-382
-299
-269
-371
-408
-335
-282
-305
-307
-212
-55
-73
-119
-24
152
342
389
404
574
804
901
987
1078
1162
1317
1382
1409
1546
1642
1657
1658
1607
1614
1685
1621
1472
1362
1192
1089
977
687
461
270
19
-239
-532
-788
-876
-1024
-1274
-1408
-1461
-1431
-1444
-1577
-1563
-1435
-1372
-1342
-1309
-1199
-1052
-1037
-1063
-944
-788
-732
-765
-800
-671
-531
-552
-560
-496
-373
-238
-141
58
364
535
653
868
1161
1480
1633
1645
1746
1867
1820
1709
1588
1436
1261
956
647
513
356
99
-133
-303
-330
-308
-411
-510
-496
-511
-531
-540
-599
-597
-630
-796
-935
-1030
-1139
-1228
-1336
-1467
-1502
-1518
-1532
-1492
-1468
-1397
-1267
-1162
-1019
-806
-607
-397
-196
-8
285
600
841
1060
1245
1409
1566
1642
1675
1688
1584
1414
1262
1096
933
737
515
373
284
163
57
59
136
188
195
203
323
469
481
453
454
513
524
414
355
385
438
407
304
335
438
459
427
406
474
578
528
424
457
471
392
251
45
-43
-125
-428
-693
-817
-957
-1099
-1291
-1447
-1374
-1361
-1514
-1508
-1379
-1255
-1137
-1127
-999
-680
-548
-493
-284
-12
291
428
454
687
966
1051
1078
1136
1243
1279
1127
1000
1046
1024
806
568
450
442
360
118
-54
-58
-106
-269
-442
-535
-550
-698
-950
-1082
-1131
-1210
-1376
-1528
-1500
-1401
-1371
-1329
-1193
-973
-748
-613
-446
-163
69
193
247
342
470
491
413
312
281
271
161
37
-26
-40
-51
-112
-122
-72
-8
-14
-21
28
101
155
130
93
74
72
20
-58
-86
-120
-167
-228
-278
-259
-223
-253
-262
-204
-106
-3
70
138
245
385
495
597
745
873
946
1011
1068
1169
1257
1231
1236
1285
1276
1253
1170
1105
1142
1052
886
816
769
718
590
379
290
276
112
-74
-198
-286
-362
-568
-767
-780
-813
-972
-1121
-1188
-1151
-1163
-1325
-1381
-1247
-1198
-1268
-1332
-1267
-1070
-1023
-1113
-1031
-803
-642
-601
-581
-393
-111
-33
-41
94
304
462
450
428
619
783
731
663
699
827
904
780
705
822
870
798
728
703
769
734
520
425
425
321
174
-12
-141
-152
-280
-460
-508
-543
-611
-696
-810
-807
-759
-832
-900
-910
-891
-848
-857
-851
-746
-650
-592
-527
-462
-341
-209
-148
-63
50
130
200
219
214
271
289
274
276
263
303
352
325
331
357
371
426
442
444
497
488
447
453
436
452
475
409
407
441
409
411
409
392
420
405
372
428
470
442
454
460
495
585
585
610
708
740
751
763
741
738
685
548
464
373
208
53
-114
-283
-436
-630
-791
-889
-997
-1126
-1204
-1210
-1179
-1149
-1161
-1123
-1019
-946
-911
-844
-735
-645
-605
-568
-456
-322
-262
-233
-155
-16
128
213
286
438
598
694
773
891
1021
1084
1077
1047
1049
1013
869
703
556
396
202
-7
-220
-387
-581
-817
-975
-1101
-1214
-1298
-1377
-1403
-1372
-1354
-1317
-1224
-1115
-1040
-924
-792
-652
-488
-398
-302
-167
-49
43
136
216
322
424
481
584
715
819
901
968
1040
1127
1182
1175
1161
1134
1061
958
818
653
515
328
90
-109
-293
-475
-634
-801
-934
-987
-1036
-1060
-1032
-988
-930
-848
-780
-680
-561
-485
-404
-305
-219
-145
-82
-29
64
170
247
340
462
574
677
788
892
1013
1129
1216
1294
1374
1433
1472
1482
1452
1402
1323
1228
1137
1018
863
695
525
361
191
11
-159
-301
-422
-548
-658
-725
-766
-807
-844
-870
-868
-862
-870
-883
-879
-872
-869
-873
-880
-862
-855
-862
-843
-804
-759
-699
-648
-582
-480
-391
-311
-233
-159
-71
1
46
92
128
152
175
172
163
172
156
139
135
120
116
118
99
97
109
115
129
140
138
148
149
131
129
124
103
90
75
70
77
52
16
7
10
24
26
19
46
89
112
128
158
213
258
257
255
288
333
350
316
271
254
226
171
100
55
24
-37
-121
-180
-202
-224
-256
-311
-334
-318
-324
-330
-322
-305
-285
-279
-274
-238
-196
-182
-183
-190
-168
-127
-122
-117
-112
-116
-104
-105
-105
-92
-95
-98
-75
-41
-16
17
43
90
153
198
258
342
417
482
546
613
702
779
817
858
925
995
1045
1070
1098
1147
1176
1165
1146
1128
1115
1065
974
891
806
697
554
385
227
70
-119
-310
-475
-632
-782
-943
-1077
-1159
-1254
-1365
-1449
-1497
-1512
-1530
-1568
-1578
-1532
-1486
-1469
-1429
-1374
-1284
-1192
-1132
-1042
-914
-781
-660
-536
-405
-253
-111
14
152
316
484
631
779
938
1088
1224
1341
1435
1522
1590
1618
1631
1637
1628
1589
1518
1438
1360
1268
1164
1049
945
852
742
620
509
419
332
235
132
27
-76
-182
-301
-415
-520
-636
-761
-880
-991
-1095
-1193
-1291
-1366
-1424
-1471
-1500
-1512
-1509
-1491
-1456
-1402
-1327
-1233
-1141
-1045
-920
-785
-650
-515
-379
-238
-90
47
181
334
486
622
732
845
965
1080
1177
1245
1306
1359
1398
1409
1407
1391
1350
1292
1213
1118
1020
903
771
644
509
380
254
112
-29
-167
-309
-445
-590
-730
-849
-963
-1059
-1136
-1201
-1247
-1285
-1310
-1302
-1271
-1238
-1197
-1137
-1052
-943
-845
-746
-630
-500
-371
-250
-124
4
125
225
320
421
517
597
649
700
755
789
801
803
810
811
799
780
765
753
735
699
652
618
584
539
485
435
386
328
260
185
107
31
-61
-157
-251
-345
-435
-536
-619
-686
-754
-815
-862
-891
-895
-897
-907
-895
-864
-827
-785
-740
-686
-615
-557
-508
-444
-365
-289
-220
-163
-92
-8
65
137
206
277
343
404
460
528
588
624
653
690
718
733
733
724
716
696
656
613
572
526
463
381
301
230
155
67
-13
-84
-155
-224
-294
-354
-405
-456
-513
-565
-589
-611
-624
-620
-625
-611
-590
-558
-501
-437
-379
-312
-232
-146
-53
38
132
231
320
395
473
555
620
668
695
708
726
732
722
713
686
647
602
553
512
476
418
355
305
247
189
132
75
25
-29
-99
-157
-202
-256
-326
-398
-452
-489
-535
-591
-626
-636
-643
-653
-666
-656
-626
-602
-581
-546
-494
-438
-398
-360
-308
-249
-202
-168
-133
-91
-51
-33
-17
11
43
73
98
122
159
193
215
241
279
321
349
374
402
435
467
480
480
487
486
471
454
438
417
389
345
300
267
230
190
150
113
78
44
12
-12
-26
-44
-63
-82
-102
-117
-136
-155
-182
-218
-249
-267
-282
-301
-323
-339
-339
-336
-333
-320
-295
-261
-220
-176
-122
-67
-14
47
113
179
243
294
340
384
416
441
466
489
499
493
477
463
445
415
374
329
287
245
194
139
92
43
-4
-53
-101
-139
-176
-212
-238
-262
-291
-315
-335
-350
-350
-347
-340
-327
-312
-287
-253
-215
-161
-110
-59
-3
52
112
171
223
270
320
367
406
433
459
483
495
490
480
467
447
415
372
330
284
224
158
97
36
-31
-106
-180
-249
-320
-402
-477
-537
-595
-655
-721
-774
-813
-842
-868
-884
-886
-879
-866
-848
-816
-767
-721
-678
-632
-578
-509
-440
-380
-316
-247
-180
-112
-46
25
105
170
225
285
352
414
463
507
552
595
630
649
670
694
707
707
698
693
681
650
618
585
545
501
448
392
345
295
238
186
137
89
40
-5
-40
-78
-115
-154
-186
-207
-232
-256
-276
-296
-307
-327
-341
-349
-361
-365
-372
-376
-370
-359
-351
-335
-317
-294
-268
-242
-211
-180
-147
-114
-86
-52
-16
10
32
56
79
105
125
135
145
158
172
181
189
197
205
212
216
225
236
239
238
236
231
231
231
223
212
198
182
165
148
128
104
81
54
27
-1
-22
-49
-76
-98
-122
-142
-162
-179
-197
-213
-228
-239
-250
-260
-268
-272
-270
-261
-258
-248
-233
-216
-201
-183
-159
-136
-117
-100
-82
-56
-33
-12
7
33
57
71
85
104
123
133
135
139
148
155
154
148
149
149
141
132
123
121
115
101
88
82
72
59
40
26
19
8
-8
-23
-36
-42
-49
-61
-67
-71
-77
-80
-86
-90
-89
-90
-91
-89
-84
-81
-84
-82
-75
-68
-67
-68
-70
-62
-52
-51
-47
-39
-28
-21
-18
-7
7
21
31
39
52
63
75
83
93
106
109
110
113
116
123
129
132
135
134
137
142
147
154
157
159
162
163
163
164
164
160
154
147
140
133
122
107
92
77
60
46
29
11
-7
-26
-41
-55
-73
-92
-114
-131
-146
-164
-180
-194
-208
-220
-231
-240
-243
-251
-258
-266
-271
-272
-274
-275
-276
-275
-269
-268
-261
-253
-242
-226
-205
-182
-158
-132
-108
-82
-55
-31
-2
25
48
71
90
116
148
174
195
212
237
265
285
299
311
318
325
324
320
317
308
297
276
256
240
221
196
170
147
125
97
75
49
24
4
-21
-44
-63
-84
-108
-125
-138
-153
-167
-179
-187
-188
-189
-192
-189
-184
-179
-172
-162
-150
-135
-121
-105
-89
-71
-50
-28
-8
12
33
51
74
91
106
120
131
141
148
148
152
153
151
149
139
131
126
116
108
98
85
74
61
43
28
13
0
-14
-32
-44
-55
-67
-77
-85
-96
-102
-111
-120
-123
-124
-126
-128
-127
-120
-116
-110
-101
-90
-76
-65
-57
-48
-36
-25
-17
-9
0
9
15
21
30
42
47
50
54
60
69
72
71
72
73
72
71
70
70
68
59
51
46
41
34
26
18
13
9
0
-8
-10
-14
-17
-21
-28
-29
-31
-34
-36
-39
-44
-45
-46
-46
-46
-43
-42
-43
-45
-46
-43
-41
-42
-46
-46
-43
-40
-37
-34
-30
-28
-23
-18
-11
-6
-7
-7
-3
3
6
9
12
21
27
27
33
44
48
49
52
60
69
72
72
75
79
77
77
76
74
66
55
48
47
45
31
19
15
11
5
-1
-5
-4
-8
-17
-22
-17
-15
-20
-26
-30
-27
-29
-33
-34
-37
-40
-44
-46
-43
-39
-38
-37
-33
-27
-20
-13
-9
-3
-1
0
2
4
5
5
3
3
4
4
2
0
-3
-7
-8
-12
-15
-18
-22
-24
-29
-31
-31
-33
-31
-30
-32
-32
-33
-33
-30
-33
-36
-37
-36
-31
-30
-32
-29
-27
-23
-19
-17
-11
-5
-2
1
7
13
14
15
16
18
23
29
32
34
37
41
47
50
51
50
49
48
46
45
45
44
42
44
48
50
53
55
57
58
56
52
44
39
32
24
19
11
2
-4
-6
-7
-11
-13
-19
-25
-28
-32
-35
-37
-41
-44
-45
-42
-41
-39
-41
-41
-42
-43
-40
-40
-43
-44
-43
-42
-42
-42
-39
-35
-31
-29
-28
-22
-17
-16
-13
-10
-6
-4
-4
0
4
5
4
4
6
12
14
14
16
19
22
23
24
26
29
27
26
26
26
28
25
21
21
20
20
18
14
11
10
7
4
2
-1
-5
-8
-10
-10
-11
-13
-12
-10
-12
-14
-16
-18
-19
-22
-26
-27
-24
-24
-25
-22
-16
-13
-11
-10
-7
-2
1
0
-2
1
3
1
0
3
7
9
9
10
14
16
16
17
19
21
19
16
18
20
19
20
22
23
23
23
26
26
26
20
14
13
14
12
4
2
1
-2
-3
-7
-9
-8
-10
-14
-17
-17
-13
-14
-15
-14
-9
-3
2
5
9
13
18
20
20
22
21
18
16
11
8
5
3
2
-1
-1
-2
-1
2
2
0
-2
-3
-2
-4
-7
-11
-14
-18
-19
-22
-22
-22
-25
-26
-26
-24
-24
-27
-29
-27
-24
-20
-21
-22
-20
-17
-14
-10
-7
-6
-5
-5
-1
3
7
7
5
8
11
16
20
22
23
24
26
30
33
38
36
36
35
35
38
37
33
30
27
23
21
20
17
12
5
2
1
-2
-5
-11
-15
-16
-17
-19
-20
-21
-24
-26
-27
-25
-25
-27
-30
-33
-36
-37
-39
-40
-38
-37
-35
-30
-25
-21
-16
-12
-4
4
9
13
14
14
17
18
20
22
21
22
26
27
28
29
29
28
28
27
27
25
23
21
16
14
13
10
6
2
0
2
1
-3
-4
-6
-6
-4
-8
-10
-12
-13
-15
-17
-19
-20
-22
-26
-26
-27
-28
-26
-28
-29
-30
-28
-27
-26
-27
-30
-31
-28
-25
-20
-17
-16
-12
-7
1
5
7
8
11
13
14
16
18
17
14
12
15
20
21
20
20
22
24
26
25
22
20
16
12
11
9
6
1
-3
-4
-5
-6
-5
-5
-4
-7
-7
-5
-4
-9
-16
-21
-22
-22
-28
-32
-35
-35
-33
-32
-31
-26
-21
-17
-13
-11
-8
-4
-3
-3
-4
-2
2
6
8
10
15
20
25
27
27
30
31
30
28
27
28
28
26
22
23
24
23
21
18
17
15
13
10
6
4
2
-1
-3
-7
-7
-6
-10
-9
-10
-10
-7
-7
-7
-4
-3
-3
-1
-2
-2
-1
-1
0
4
5
7
9
8
10
13
13
14
15
13
16
17
15
16
14
12
11
10
8
7
4
1
0
-1
-2
-2
-3
-3
-2
-1
1
3
1
-2
-4
-5
-8
-11
-13
-13
-15
-15
-12
-11
-9
-8
-6
-3
1
2
1
-2
-3
-4
-5
-4
-1
0
0
4
7
12
14
14
18
22
21
20
18
18
17
14
9
8
9
9
9
9
11
12
11
8
7
6
5
-1
-6
-5
-6
-7
-11
-14
-10
-7
-8
-7
-5
-4
-4
-7
-9
-7
-11
-15
-18
-22
-22
-24
-26
-26
-25
-27
-25
-22
-21
-23
-24
-26
-24
-24
-25
-23
-21
-19
-16
-13
-9
-4
0
1
4
6
8
11
12
12
11
12
14
17
18
17
19
20
19
19
20
20
17
13
9
8
7
3
0
-1
-3
-3
-2
-2
-4
-6
-8
-8
-9
-13
-16
-17
-19
-23
-25
-23
-23
-24
-26
-23
-19
-16
-15
-13
-12
-9
-9
-5
-3
-3
-6
-7
-4
-3
-3
-2
0
1
2
5
8
11
12
14
17
20
23
24
23
23
23
24
26
24
23
22
21
19
14
11
8
6
5
1
0
-1
-3
-7
-9
-11
-10
-12
-14
-15
-18
-18
-21
-22
-22
-24
-25
-24
-22
-21
-20
-19
-14
-12
-9
-6
-2
0
5
5
7
12
15
17
17
20
23
24
22
21
19
20
19
16
13
12
12
9
8
8
10
10
8
9
10
11
10
8
6
4
2
-2
