-623
-616
-608
-607
-605
-595
-583
-568
-549
-524
-493
-462
-434
-408
-379
-347
-316
-290
-264
-238
-218
-202
-182
-159
-133
-109
-91
-73
-50
-24
-9
12
36
61
84
105
124
145
162
176
198
222
243
254
257
261
254
247
246
252
261
270
275
276
285
290
290
292
297
291
294
296
292
295
296
297
297
295
291
290
292
302
303
297
299
305
303
300
301
299
296
284
277
274
271
275
278
274
271
265
266
267
268
277
273
266
264
269
277
276
270
270
276
283
293
299
304
298
284
265
248
234
219
205
193
179
170
166
156
150
135
115
96
83
73
62
46
27
15
6
-17
-44
-61
-86
-116
-143
-170
-201
-234
-269
-306
-343
-368
-394
-419
-437
-453
-468
-486
-506
-522
-547
-573
-595
-622
-639
-651
-657
-654
-657
-656
-646
-641
-632
-616
-597
-575
-550
-525
-498
-470
-435
-408
-393
-361
-325
-291
-253
-220
-186
-152
-116
-83
-51
-21
12
39
60
79
99
124
140
158
173
184
194
203
208
210
217
227
234
235
231
228
227
232
241
248
251
246
242
237
232
231
227
221
218
215
214
215
217
221
227
226
213
202
198
196
186
175
176
178
181
186
196
210
218
223
230
242
252
265
271
269
272
269
266
267
267
262
259
257
259
268
275
282
287
299
312
323
339
350
350
347
339
330
313
292
269
255
250
233
215
202
191
178
163
155
143
133
120
102
82
56
35
11
-18
-50
-75
-95
-118
-149
-179
-205
-233
-259
-281
-303
-331
-366
-401
-431
-455
-469
-486
-506
-522
-537
-551
-561
-567
-572
-573
-582
-585
-591
-600
-611
-620
-619
-616
-607
-601
-591
-574
-559
-545
-535
-520
-503
-488
-461
-436
-415
-386
-356
-332
-305
-283
-262
-238
-207
-171
-145
-117
-95
-73
-51
-24
1
23
41
54
72
96
116
131
145
156
169
176
184
195
209
224
233
236
241
251
263
273
286
301
306
318
329
334
342
346
351
358
366
367
365
364
363
359
362
362
361
358
356
356
353
351
345
347
348
339
337
333
327
314
300
294
287
287
289
288
280
272
266
256
251
249
247
244
243
246
247
248
252
249
239
235
226
221
218
216
218
220
221
214
203
196
178
162
151
141
130
113
94
75
56
32
3
-23
-53
-89
-118
-143
-166
-184
-199
-225
-251
-276
-304
-320
-346
-371
-405
-437
-464
-489
-510
-536
-560
-572
-584
-594
-600
-604
-608
-613
-616
-617
-612
-611
-601
-595
-590
-585
-576
-564
-553
-543
-533
-513
-494
-463
-428
-390
-352
-319
-286
-257
-226
-193
-160
-129
-93
-66
-41
-10
15
41
59
81
103
125
145
156
177
198
213
228
243
257
263
268
276
285
292
292
288
295
302
306
306
310
313
312
315
311
310
310
308
310
305
299
299
300
302
307
307
312
312
309
301
300
301
295
284
272
276
275
269
262
253
239
225
214
213
217
217
217
224
231
238
247
251
256
262
274
287
305
321
330
333
329
324
314
312
303
294
286
271
260
247
229
217
209
199
184
167
150
131
109
90
69
39
0
-39
-72
-113
-154
-200
-237
-277
-312
-347
-379
-405
-437
-463
-487
-506
-523
-543
-559
-580
-601
-626
-658
-676
-688
-696
-700
-700
-697
-690
-679
-664
-641
-621
-603
-585
-567
-553
-534
-500
-477
-464
-452
-434
-411
-385
-358
-327
-295
-262
-236
-201
-161
-129
-99
-71
-35
-8
22
57
91
113
130
149
175
205
232
255
274
286
294
301
300
300
305
312
314
318
322
325
333
337
341
350
356
360
361
362
364
363
367
363
357
351
338
328
322
314
306
298
293
299
304
304
304
304
298
292
285
278
274
274
284
288
291
291
289
289
282
275
276
272
266
262
249
232
213
196
184
184
181
175
176
173
166
160
159
159
160
160
151
142
126
112
97
83
70
48
38
30
13
1
-8
-20
-30
-38
-54
-69
-83
-101
-119
-135
-158
-177
-201
-220
-242
-265
-284
-308
-323
-340
-356
-372
-391
-406
-421
-432
-444
-461
-482
-496
-507
-520
-528
-533
-538
-545
-549
-548
-545
-538
-528
-519
-509
-499
-492
-489
-485
-477
-466
-452
-434
-428
-417
-398
-381
-358
-336
-314
-290
-266
-241
-209
-184
-149
-127
-105
-75
-48
-19
10
41
71
93
116
141
165
192
211
234
250
260
271
282
293
305
318
326
333
336
338
336
328
322
326
330
330
325
313
306
298
290
285
279
267
251
246
248
248
249
254
259
257
258
260
264
259
250
244
235
228
214
204
196
190
187
185
183
182
181
174
161
158
150
141
138
138
145
142
140
139
134
129
117
118
114
103
101
100
103
102
96
92
94
100
100
99
104
113
126
132
127
121
109
92
71
49
29
9
-15
-36
-57
-78
-98
-119
-146
-169
-190
-202
-222
-251
-274
-295
-317
-341
-363
-384
-407
-428
-451
-474
-496
-512
-516
-509
-504
-500
-485
-468
-454
-448
-448
-438
-424
-416
-407
-404
-398
-393
-373
-349
-332
-307
-273
-247
-228
-212
-189
-163
-133
-106
-78
-53
-34
-10
10
27
43
61
77
92
112
137
163
178
190
202
213
226
235
239
248
251
254
256
257
266
267
263
264
268
273
268
259
250
238
226
213
208
200
188
183
180
181
185
188
187
189
195
200
207
212
216
216
214
215
213
218
225
230
242
246
243
244
247
251
251
248
247
244
237
232
226
215
205
197
194
200
202
196
195
193
186
177
165
152
139
119
103
92
80
65
50
38
21
11
6
-3
-10
-18
-30
-40
-55
-70
-86
-104
-118
-136
-156
-176
-199
-221
-241
-258
-270
-283
-295
-302
-306
-318
-332
-350
-369
-385
-402
-418
-434
-448
-457
-461
-460
-457
-445
-440
-434
-425
-419
-416
-404
-389
-380
-371
-365
-356
-341
-324
-306
-289
-270
-256
-242
-234
-225
-212
-201
-185
-166
-153
-137
-114
-95
-77
-58
-42
-27
-10
11
28
47
72
96
108
117
125
139
156
167
178
191
206
222
241
255
262
269
279
289
295
294
297
306
319
330
341
349
355
363
366
368
370
373
375
374
365
357
357
358
353
343
332
326
320
312
305
298
296
289
281
272
257
245
241
236
225
210
185
162
149
132
116
103
87
68
58
45
29
18
13
7
-7
-15
-18
-20
-26
-29
-35
-45
-48
-49
-43
-42
-42
-40
-35
-32
-43
-56
-64
-64
-69
-76
-86
-90
-95
-104
-107
-111
-108
-105
-113
-126
-139
-154
-167
-186
-214
-245
-266
-277
-292
-315
-343
-360
-366
-368
-375
-395
-416
-434
-445
-450
-456
-463
-460
-453
-448
-442
-433
-412
-392
-385
-382
-376
-365
-352
-336
-321
-310
-292
-263
-236
-218
-200
-170
-147
-135
-115
-97
-76
-45
-5
30
58
80
106
135
149
161
180
206
228
249
265
276
291
311
331
340
339
341
343
335
332
343
349
354
357
349
339
335
332
328
316
298
278
261
249
251
250
242
228
214
194
175
161
144
135
129
127
129
134
135
134
122
99
73
64
64
77
80
76
74
84
96
94
89
80
86
94
93
95
102
104
106
102
98
94
97
108
110
97
78
67
69
71
72
77
79
77
75
81
79
60
47
51
43
24
6
-4
-22
-40
-52
-70
-103
-128
-133
-137
-141
-143
-154
-180
-195
-194
-205
-227
-240
-240
-248
-254
-254
-260
-273
-289
-300
-308
-310
-307
-304
-308
-310
-301
-295
-294
-291
-280
-265
-247
-226
-203
-200
-198
-182
-169
-156
-150
-143
-134
-131
-121
-112
-113
-112
-112
-101
-86
-78
-67
-53
-42
-39
-39
-34
-27
-27
-27
-19
-16
-17
1
23
34
34
36
47
60
69
78
83
83
86
105
124
138
142
138
137
152
165
167
154
146
148
146
157
170
173
168
180
185
176
168
164
172
181
186
200
216
223
233
229
206
179
162
167
168
155
124
103
100
87
78
60
68
75
70
56
29
16
19
46
56
33
17
26
33
23
4
-17
-42
-61
-64
-53
-51
-36
-9
-9
-11
-8
5
11
16
29
26
74
212
279
220
104
28
30
60
145
178
135
108
188
315
266
137
138
144
150
122
143
178
186
237
268
251
101
150
254
238
121
-55
-72
-58
-55
-105
-211
-269
-283
-186
-162
-231
-343
-433
-472
-551
-606
-665
-630
-589
-632
-709
-783
-805
-813
-893
-1005
-1135
-1226
-1250
-1234
-1177
-1154
-1198
-1311
-1418
-1499
-1498
-1150
-438
-50
-311
-716
-754
-612
-536
-268
-37
-222
-329
415
1249
1182
784
1037
1338
1059
877
1202
1351
1197
1546
2009
1763
1340
1807
2413
2108
1476
1280
1303
1325
1491
1568
1073
650
903
1208
1033
697
492
230
47
18
-181
-588
-670
-451
-560
-928
-988
-766
-629
-657
-781
-1103
-1435
-1373
-1124
-1059
-1054
-966
-761
-564
-444
-476
-605
-497
-280
-250
-287
-158
56
158
268
402
423
407
633
873
837
816
958
1079
1105
1094
1116
1082
1131
1352
1418
1339
1311
1354
1233
1025
890
741
569
483
471
364
170
42
-69
-254
-484
-653
-770
-884
-969
-1087
-1196
-1253
-1301
-1388
-1470
-1532
-1611
-1668
-1684
-1726
-1815
-1868
-1844
-1838
-1941
-1985
-1904
-1878
-1894
-1865
-1831
-1885
-1867
-1408
-583
-13
-93
-394
-490
-534
-426
-44
290
141
-52
618
1547
1705
1270
1284
1517
1231
1035
1237
1348
1103
1298
1971
1936
1375
1525
2261
2261
1514
1081
987
932
993
1136
843
219
196
589
621
213
-172
-398
-596
-662
-770
-1138
-1307
-1031
-836
-1084
-1255
-988
-668
-577
-508
-398
-564
-700
-520
-374
-425
-360
85
546
700
686
746
963
1111
1009
925
909
1132
1380
1545
1703
1779
1811
1842
1967
1759
1574
1548
1587
1538
1254
1055
976
1011
1003
797
542
378
360
266
34
-220
-510
-779
-913
-928
-1129
-1371
-1458
-1484
-1661
-1947
-2077
-2111
-2234
-2371
-2456
-2561
-2496
-2397
-2343
-2308
-2377
-2406
-2476
-2598
-2691
-2788
-2510
-1491
-303
78
-506
-978
-967
-761
-575
-243
12
-281
-84
1100
2291
1927
1212
1687
2063
1624
1089
1522
1863
1458
1784
2527
2158
1316
1960
3130
2545
1092
742
1199
1019
753
923
377
-458
-213
603
400
-601
-841
-696
-1038
-1321
-1388
-1611
-1865
-1539
-1233
-1680
-1964
-1339
-760
-1045
-1439
-1478
-1576
-1646
-1245
-770
-811
-877
-267
363
377
212
289
576
626
573
712
852
1134
1398
1597
1742
1723
1764
1897
2024
1940
1705
1591
1704
1771
1604
1475
1457
1504
1454
1273
1126
922
678
446
234
64
-137
-358
-433
-494
-751
-1033
-1201
-1286
-1489
-1812
-1971
-2041
-2184
-2313
-2389
-2401
-2462
-2483
-2505
-2704
-2941
-3008
-2748
-2572
-2261
-1581
-1067
-1095
-1341
-1224
-1007
-926
-627
-119
155
-40
374
1654
1957
1570
1420
1882
2142
1820
2142
2697
2560
2246
2787
3340
2914
2616
3137
3563
2870
1902
2013
2167
1922
1666
1509
1255
808
923
1206
810
24
-590
-682
-717
-1029
-1325
-1575
-1556
-1503
-1610
-1771
-1802
-1690
-1762
-1773
-1794
-1961
-2158
-2229
-1922
-1714
-1657
-1391
-1088
-827
-863
-887
-633
-495
-431
-427
-227
129
357
590
861
1057
1131
1218
1348
1483
1521
1532
1701
1765
1678
1576
1512
1665
1763
1608
1424
1315
1220
991
715
545
317
-36
-247
-311
-388
-580
-831
-986
-1312
-1736
-1905
-1925
-2009
-2275
-2630
-2859
-2977
-3075
-3178
-3292
-3380
-3445
-3100
-2121
-1242
-1188
-1839
-2192
-1983
-1756
-1546
-1095
-951
-1092
-563
763
1515
1011
673
1225
1719
1438
1355
1794
2040
2208
2853
3418
3040
2714
3507
4277
3776
2645
2339
2696
2744
2634
2395
1864
1477
1740
2289
2104
1241
669
546
413
-35
-535
-846
-811
-625
-694
-912
-1005
-825
-704
-930
-1327
-1817
-2057
-1880
-1523
-1218
-1238
-1112
-718
-490
-501
-663
-650
-480
-430
-399
-291
-81
290
669
896
853
760
804
992
1176
1200
1196
1229
1445
1630
1546
1417
1381
1468
1456
1344
1333
1225
976
712
481
232
-24
-54
73
-78
-471
-882
-1133
-1311
-1570
-1954
-2372
-2543
-2472
-2347
-2457
-2811
-3161
-3372
-3389
-3383
-3688
-4117
-4237
-3960
-3312
-2192
-1256
-1279
-1954
-2333
-2198
-2092
-1932
-1409
-1053
-1177
-812
591
1524
1188
1020
1398
1654
1271
1247
1990
2236
2092
2477
3142
3066
2908
3656
4342
3813
2617
2309
2831
2879
2565
2291
2049
1817
1886
2387
2398
1616
790
513
562
249
-329
-666
-575
-524
-695
-763
-713
-592
-572
-802
-1184
-1686
-2014
-1963
-1624
-1230
-1144
-1056
-668
-333
-352
-646
-710
-472
-395
-363
-178
148
477
718
976
1113
1087
1140
1313
1534
1576
1449
1433
1674
1854
1761
1623
1630
1753
1721
1543
1461
1332
1024
753
647
589
352
166
142
67
-219
-638
-920
-1078
-1392
-1819
-2084
-2106
-2113
-2289
-2527
-2639
-2791
-3111
-3171
-3213
-3641
-4130
-4217
-3660
-2683
-1941
-1570
-1693
-2099
-2358
-2281
-1978
-1671
-1521
-1672
-1378
-410
506
895
922
873
895
802
899
1318
1561
1591
1774
2183
2302
2301
2718
3344
3520
2770
2064
2050
2235
2242
1902
1638
1284
1226
1645
1961
1726
851
283
311
222
-163
-613
-830
-775
-830
-960
-957
-931
-952
-1039
-1183
-1514
-1870
-1987
-1804
-1369
-1300
-1337
-1147
-621
-365
-572
-691
-722
-665
-511
-311
45
218
340
697
1072
1164
1083
1278
1497
1654
1609
1535
1656
1853
1982
1874
1821
1848
1896
1929
1817
1628
1350
1145
1051
941
628
285
119
89
103
-137
-452
-789
-1137
-1351
-1467
-1619
-1913
-2187
-2445
-2627
-2717
-2868
-3120
-3318
-3534
-3796
-3716
-2888
-1783
-1195
-1549
-2171
-2334
-2334
-1982
-1379
-1104
-1371
-1412
-358
991
1366
1045
980
1331
1383
1383
1703
1909
2009
2305
2923
3113
2765
2909
3576
3872
3277
2467
2252
2391
2594
2456
1964
1421
1235
1649
2085
1920
1158
423
195
168
-99
-634
-1033
-1029
-1000
-1058
-1162
-1269
-1268
-1338
-1574
-2004
-2472
-2622
-2420
-2042
-1811
-1761
-1690
-1363
-1002
-979
-1234
-1365
-1163
-906
-716
-439
-70
221
410
622
705
589
577
857
1249
1323
1249
1382
1684
1874
1839
1717
1614
1634
1763
1877
1812
1486
1150
1007
905
757
556
389
337
217
-100
-511
-850
-1089
-1388
-1726
-1897
-1883
-1881
-2014
-2253
-2655
-3103
-3368
-3478
-3630
-3939
-3870
-2805
-1432
-835
-1311
-2221
-2659
-2486
-1879
-1435
-1448
-1713
-1337
97
1352
1457
957
816
1237
1538
1464
1459
1544
1845
2429
2924
2833
2660
3152
4043
4319
3542
2521
2310
2728
3097
2840
2004
1448
1631
2317
2726
2394
1554
894
815
878
532
-34
-343
-206
-94
-189
-234
-228
-178
-251
-655
-1347
-1970
-2097
-1792
-1421
-1283
-1332
-1240
-913
-628
-694
-1069
-1263
-1122
-916
-710
-471
-229
2
231
432
483
323
285
534
759
742
643
651
770
887
913
888
835
843
923
950
796
574
383
151
-95
-307
-473
-588
-571
-566
-751
-1044
-1322
-1488
-1779
-2158
-2320
-2344
-2334
-2437
-2621
-2895
-3283
-3683
-4027
-4261
-4348
-3814
-2472
-1267
-1023
-1675
-2296
-2263
-2298
-2204
-1953
-1902
-1712
-859
762
1618
1246
743
939
1510
1578
1583
1684
1647
1974
2524
2913
2815
2681
3246
3848
3815
3086
2452
2559
2942
3072
2452
1592
1311
1624
2184
2311
1866
1138
656
648
473
-84
-597
-772
-649
-593
-609
-577
-538
-466
-469
-859
-1576
-2076
-1964
-1457
-1001
-723
-554
-397
-185
-11
-63
-296
-398
-259
-77
76
245
488
774
1065
1235
1223
1099
1105
1369
1590
1554
1448
1457
1483
1453
1379
1336
1350
1407
1441
1373
1159
877
604
311
42
-195
-338
-304
-166
-171
-439
-823
-1174
-1484
-1791
-2056
-2254
-2326
-2263
-2127
-2175
-2478
-2868
-3178
-3423
-3638
-3778
-3402
-2044
-634
-110
-570
-1213
-1340
-1072
-678
-551
-1074
-1635
-1079
563
1420
872
206
96
587
846
948
908
573
721
1472
1960
1711
1531
2135
2828
2772
1999
1152
969
1230
1503
1081
46
-526
-204
585
1004
590
-245
-724
-507
-247
-511
-906
-993
-659
-362
-119
28
42
84
210
129
-449
-1054
-1108
-672
-288
-173
-185
-141
-26
163
228
152
105
295
599
754
825
856
983
1169
1224
1149
1028
1055
1282
1380
1283
1080
946
859
843
849
853
892
1019
1209
1226
1084
806
505
75
-408
-846
-1103
-1056
-839
-588
-653
-895
-1269
-1557
-1722
-1817
-2014
-2296
-2262
-2055
-1751
-1833
-2084
-2490
-3032
-3525
-4154
-3429
-869
2507
4298
3607
2538
2037
1628
623
-842
-2741
-4034
-3309
-315
2341
2513
2367
2893
3328
2524
693
-397
-940
-682
677
2043
2700
3099
3805
4186
3193
910
-1705
-3178
-3297
-2628
-2295
-2659
-2068
-593
865
1343
275
-1405
-2765
-3148
-2647
-2325
-1717
-302
1302
2683
3208
2777
1657
31
-1184
-2331
-3773
-4293
-3286
-1299
586
1823
2526
2501
1695
871
258
-334
-680
-192
991
1984
2486
2643
2655
1998
664
-611
-1546
-1810
-1443
-467
866
1690
2094
2222
1767
861
-293
-969
-1032
-897
-406
336
969
1255
1067
441
-480
-1613
-2333
-2605
-2459
-2074
-1492
-771
-443
-261
-402
-831
-1308
-1907
-2150
-1985
-1511
-448
87
17
-690
-1838
-2823
-4306
-2969
1020
4861
5832
4180
3320
2637
1269
-1258
-3251
-5143
-5122
-1882
2617
5066
4573
4356
3871
2399
-496
-2797
-3177
-2340
179
3125
4739
5031
4359
2830
475
-2233
-4300
-5616
-4756
-2024
656
1594
1012
919
851
29
-1278
-2852
-3550
-2381
63
2735
4001
4208
3786
2522
1208
-218
-1422
-1956
-1466
-21
749
579
692
1111
1596
1507
984
709
387
886
1858
2511
2466
1852
1610
1222
426
-532
-959
-719
-334
-189
-144
-141
-144
14
16
-136
-582
-703
-431
-214
-165
-332
-420
-545
-698
-827
-1054
-1422
-1610
-1536
-1324
-1311
-1629
-1905
-1994
-1984
-1954
-1992
-1885
-1497
-1084
-650
-507
-465
-735
-1216
-1660
-1870
-1670
-1577
-1531
-1500
-1862
-2125
-3213
-2465
1496
5344
6880
4364
2180
1112
211
-1076
-2587
-3440
-3479
-526
3455
5840
4426
2493
1411
274
-692
-1934
-1328
391
2960
5231
5719
4420
2367
82
-1863
-2595
-2577
-2330
-1296
1030
2786
2481
156
-1700
-2248
-2229
-1786
-1525
-990
416
2153
3491
3291
1831
344
-1024
-1183
-801
-547
-136
154
720
364
-1079
-2097
-2231
-1128
446
1392
2020
2102
1982
1835
1321
346
-756
-812
320
1793
2146
1722
1368
889
145
-627
-997
-837
88
1430
2544
2642
1989
1266
438
-398
-1131
-1259
-735
278
1398
1705
1185
385
-541
-1250
-1938
-2544
-2610
-2140
-1348
-951
-1070
-1438
-1688
-2184
-2551
-3123
-3284
-2989
-2942
-2009
-1771
-1521
-1801
-2860
-3711
-4737
-5138
-5920
-5256
-752
4651
7386
5449
1731
-36
-1610
-3122
-4308
-4848
-4118
-921
3950
6496
5261
2140
213
-765
-1483
-1519
-463
2190
5201
7378
7144
4448
1465
-1369
-3030
-2683
-1315
72
1050
2540
3527
2140
-972
-3649
-4067
-2853
-1199
358
1327
2331
2939
2620
1372
-740
-2417
-2997
-2138
-501
556
765
576
95
-1054
-2797
-4125
-4092
-2267
400
2403
3379
3153
2420
1658
829
-16
-845
-628
711
2515
3373
2908
2275
1380
680
132
-17
418
1311
2588
3443
3922
3273
2146
1326
723
652
653
1075
1705
2306
2416
1728
734
-417
-1080
-1190
-1430
-1630
-1421
-1038
-712
-974
-1305
-1443
-1809
-2126
-2247
-1755
-1480
-1937
-2460
-2813
-2594
-2582
-2867
-3793
-4728
-5535
-5742
-5559
-3199
2638
6555
7222
3810
773
-328
-2204
-3256
-4165
-4166
-2498
1402
5581
6440
4213
1547
73
-952
-1207
-609
1144
3931
6073
7020
5537
2737
242
-2186
-2642
-1332
177
1088
1352
2207
1959
-182
-2778
-4121
-3330
-1773
-296
447
495
465
138
-481
-1600
-2883
-3613
-3252
-1688
-200
143
-455
-1484
-2547
-3912
-4870
-4579
-3181
-821
1272
2405
2291
1417
788
617
567
322
508
1213
2207
2641
2176
1193
743
929
1067
1829
2207
2739
3369
3401
3568
3095
2231
1752
1848
2001
2036
2108
1996
1823
1398
928
639
602
652
701
623
-187
-833
-1152
-1566
-1812
-2135
-1849
-1360
-1226
-1383
-1920
-2460
-3244
-3986
-4233
-3812
-3547
-2910
-2870
-3380
-3728
-4830
-5593
-6183
-6264
-2378
4077
8058
8021
3763
463
-1365
-3135
-3718
-4804
-4774
-2165
2889
7309
7028
3646
761
-619
-794
-118
753
2702
5310
7385
8105
5917
2672
-358
-2640
-2196
-549
799
1348
1523
2404
1944
-111
-2434
-3704
-3044
-1565
-240
165
-181
-517
-837
-1378
-2249
-3208
-3465
-2411
-779
155
-89
-1138
-2413
-3655
-4523
-4445
-3713
-2416
-579
983
1534
1135
510
87
115
558
1217
1538
1429
1514
1484
1202
669
351
526
842
1738
2604
3119
3184
2979
2824
2387
2018
1976
2031
2069
2085
2012
1883
1515
1164
1142
1174
1130
794
69
-465
-526
-471
-751
-1235
-1346
-1357
-1678
-2216
-2667
-2777
-3335
-3634
-3273
-2898
-2615
-2543
-2850
-3183
-3342
-4034
-4377
-5204
-5619
-5172
-4769
-3237
1595
7215
9045
6429
1303
-1351
-2462
-2996
-3035
-3518
-2551
581
5248
7498
5401
2305
301
39
952
2111
3465
5071
6704
7847
7199
4241
1055
-1523
-2596
-1148
879
2115
2078
1651
1800
830
-1106
-2898
-3581
-2721
-1496
-534
-609
-1336
-1937
-2318
-2243
-2291
-2463
-2195
-1336
-330
-135
-912
-2106
-2862
-2864
-2484
-2001
-1927
-1685
-859
-57
548
701
735
1238
2200
3275
3284
2077
930
528
780
1036
1300
1929
2824
3970
4663
4281
3160
2025
1530
1904
2787
3761
3901
2876
2005
1569
1289
726
-9
104
795
1266
1211
673
121
-443
-1241
-2027
-2738
-3091
-3065
-2911
-2759
-3283
-4180
-4770
-5004
-4650
-4033
-3817
-3755
-3830
-4068
-4189
-4306
-4395
-4385
-4484
-4844
-5057
-5264
-5301
-3045
2604
7265
7777
3734
-991
-2175
-2141
-1604
-1817
-2866
-2138
1614
6620
8103
5464
2120
768
1518
2704
3806
4716
5943
7133
7547
6094
2816
-237
-2691
-2662
126
2723
3596
2310
1151
445
-1240
-3009
-4107
-3634
-2090
-628
116
-185
-1076
-2369
-3285
-3434
-2927
-2089
-1474
-558
223
235
-703
-2259
-3503
-4182
-3883
-3032
-2143
-1007
9
894
1466
1592
1769
2002
2359
2425
2035
1604
1565
2103
2726
3579
4021
3889
3512
3436
3547
3142
2755
2584
3190
4083
4630
4545
3497
2306
1790
1876
1889
1655
1276
1324
1825
1958
1382
-9
-1483
-2485
-2724
-2266
-1835
-1916
-2614
-3231
-3593
-4140
-4833
-5139
-4678
-3735
-3015
-2934
-3356
-3935
-4471
-4320
-4332
-4494
-4471
-4499
-3827
-3617
-4065
-4804
-5405
-3642
1929
6719
7176
3595
-606
-1441
-1262
-802
-921
-2019
-1102
2886
7813
8687
4701
455
-936
612
3174
4702
4687
4551
4803
4875
3575
976
-907
-2152
-1651
1035
2950
2756
655
-1259
-2081
-3018
-3433
-3193
-2363
-1217
-462
-615
-1861
-3371
-4477
-4454
-2965
-985
160
19
-504
-982
-1653
-2280
-2698
-2584
-2269
-1613
-708
-254
260
648
705
750
854
1466
2344
3146
3930
4022
3778
3765
3830
3945
3736
3541
3435
3255
3296
3515
3666
3500
3449
3572
3723
3587
3050
2470
1779
1480
1442
1617
1736
1337
986
370
-407
-949
-1453
-1651
-1696
-1522
-1278
-1591
-2584
-3757
-4441
-4729
-4639
-4458
-4371
-3876
-3164
-2807
-3015
-3599
-3792
-3631
-2990
-2194
-1819
-2105
-3197
-3754
-4026
-4041
-3925
-4174
-2757
1853
7040
8498
5123
235
-1870
-1195
583
1826
1123
361
2210
5733
7051
4303
430
-1236
-55
2710
4762
4933
3869
2878
2506
1997
936
-390
-2053
-2693
-1092
1030
1449
-180
-2328
-3464
-3647
-3011
-2008
-1644
-1746
-1902
-2172
-2699
-3618
-4435
-4381
-3186
-1482
-596
-895
-1546
-1982
-2049
-1726
-1369
-1278
-1502
-1648
-1411
-1199
-760
22
543
1008
1646
2566
3591
3974
3762
3222
2687
2811
3280
3563
3579
3452
3224
2694
2191
2175
2499
2910
3317
3541
3455
3171
2975
2728
1960
1002
414
283
671
964
747
46
-720
-828
-933
-1512
-2217
-2453
-2076
-1860
-1961
-2294
-2815
-3370
-3835
-3857
-3474
-3160
-2978
-2773
-2700
-2460
-2249
-2122
-2274
-2491
-2753
-3330
-3696
-4253
-3927
-3435
-3173
-3196
-3735
-2914
1189
6529
8119
5415
807
-1235
-563
720
1882
913
-533
549
3977
6297
4529
1108
-505
244
2467
4299
4420
3355
2525
2606
2886
2140
698
-1005
-2013
-679
1635
2591
1514
-613
-1843
-2045
-1474
-699
-1045
-2032
-2439
-2141
-1805
-2170
-2889
-2904
-1991
-712
-146
-598
-1143
-1304
-1072
-459
11
-142
-1173
-2343
-2611
-2097
-1002
156
560
579
877
1548
2197
2187
1789
1437
1442
2266
3241
3376
2762
2002
1494
1037
914
1522
2203
2655
3083
3220
2929
2262
1583
1282
864
533
635
901
1321
1335
715
-204
-988
-1320
-1518
-1577
-1217
-640
-309
-640
-1406
-2118
-2679
-2961
-3007
-2857
-2448
-2241
-2345
-2538
-2683
-2692
-2598
-2391
-2106
-2119
-2381
-2358
-2185
-1891
-2187
-2960
-3626
-3868
-3153
-2320
-1263
2110
6593
8360
5817
573
-2380
-1700
786
3181
2877
1045
1133
3528
5158
3404
-89
-1712
-701
2104
4829
5052
3481
1744
1004
1309
1241
962
83
-760
517
2634
3058
1113
-1860
-3572
-3428
-1942
-291
-332
-1866
-3171
-3798
-3769
-3354
-2994
-2402
-1521
-195
790
256
-879
-1533
-1361
-371
326
166
-727
-1665
-1594
-1039
-557
-237
-330
-16
1179
2435
2993
2729
2201
1925
1832
2251
2977
3221
3140
2995
2884
2688
2375
2068
1755
1719
2178
2571
2404
2074
1704
1248
518
-222
-426
-437
-230
46
-128
-561
-1079
-1376
-1293
-1118
-1026
-1252
-1759
-2108
-2235
-2469
-2940
-3459
-3652
-3657
-3615
-3438
-3410
-3341
-2939
-2588
-2295
-2164
-2676
-2942
-3014
-2863
-1998
-1886
-1905
-1982
-2340
-2225
-2511
-2948
-3027
-1089
3863
8156
7933
3879
-162
-870
1238
3185
3538
1316
-583
1366
4602
5823
3368
65
-623
698
3048
4365
3492
2175
1721
2156
2786
2613
1603
-110
-1105
439
2411
2249
72
-2388
-3326
-2658
-1198
-523
-1693
-3459
-3881
-3114
-2145
-1525
-1923
-2460
-2393
-1612
-793
-986
-1196
-951
-549
218
516
-161
-1326
-2251
-2015
-1074
-148
692
825
919
1501
2027
2747
3000
2995
3109
3171
3809
4077
3541
3052
2644
2482
2624
2704
2859
2744
2471
2299
1758
1362
1220
1089
826
372
422
796
934
687
-127
-945
-1127
-855
-531
-481
-746
-1053
-1490
-2034
-2595
-3276
-3861
-4017
-3749
-3515
-3429
-3404
-3417
-3479
-3522
-3255
-2617
-1920
-1539
-1609
-1743
-1993
-2367
-2718
-3026
-2960
-2688
-2138
-1671
-1955
-2794
-3336
-1494
3239
7198
6771
2497
-1269
-1089
1601
3896
3756
914
-1008
726
4236
5473
2856
-237
-940
731
3495
4581
2955
607
-305
940
2507
2800
1730
-515
-1508
91
1983
1916
-279
-2586
-3502
-2961
-1373
-546
-1622
-3125
-3589
-3303
-2885
-2513
-2377
-2414
-1822
-247
1010
762
-18
-394
-333
279
777
436
-739
-1597
-891
472
1641
2372
2242
1882
1853
2306
3135
3617
3753
3606
3216
3337
3521
3303
2830
2287
2159
2234
2375
2546
2414
2205
1847
1355
1038
757
537
298
123
245
317
231
14
-583
-1241
-1566
-1598
-1519
-1427
-1294
-1357
-1757
-2215
-2497
-2712
-3000
-3230
-3262
-2997
-2451
-1965
-1918
-2247
-2425
-2138
-1593
-1246
-1344
-1802
-1986
-1781
-1534
-1307
-1374
-1663
-1953
-1985
-1626
-1432
-1616
-2050
-2011
922
5805
7913
4960
-694
-3079
-951
2347
4513
3495
128
-1339
478
3093
2695
-449
-2055
-1521
523
2740
2530
401
-1625
-1651
160
1350
1542
296
-2063
-2403
-362
1036
21
-2726
-4506
-4540
-3050
-799
-302
-1985
-3442
-3555
-2811
-1657
-879
-738
-1036
-593
611
601
-281
-383
-9
722
1662
2222
1915
613
116
592
826
1356
1860
1924
1983
2149
2897
3469
3334
3052
2282
1921
2656
3468
3840
3444
2688
1962
1210
1237
1642
1563
1333
957
692
743
872
924
148
-907
-969
-356
67
-147
-741
-1027
-955
-674
-491
-821
-1308
-1626
-1769
-1815
-2037
-2384
-2586
-2484
-2025
-1655
-1851
-2268
-2618
-2572
-1888
-1198
-905
-996
-1174
-914
-678
-760
-674
-508
-176
22
-196
-568
-1103
-1240
-1101
-1253
-1807
-1428
2010
6027
6338
2391
-2014
-2444
556
3544
4644
2357
-1170
-1763
668
3242
2456
-365
-1742
-1387
400
1993
1494
-85
-1301
-820
793
1606
1498
-155
-2142
-1784
-45
962
102
-1827
-2949
-2874
-1441
240
-64
-1766
-3024
-3160
-2406
-1378
-682
-814
-1240
-863
-44
-55
-416
-332
-206
55
472
740
527
17
304
913
1113
1451
1584
1198
897
977
1814
2576
2745
2740
1971
1226
1240
1628
2361
2689
2398
1953
1558
1818
1849
1103
508
405
1075
1838
1955
1498
534
-87
13
216
514
569
136
-305
-513
-268
-113
-500
-1013
-1447
-1566
-1276
-1063
-1231
-1545
-1676
-1652
-1762
-1789
-1559
-1363
-1275
-1254
-1228
-1279
-1379
-1548
-1667
-1678
-1327
-760
-752
-971
-1342
-1650
-1601
-1528
-1341
-1423
-1976
-2414
-2280
80
3785
4897
2289
-1725
-2784
-168
2787
4033
2392
-1159
-2475
-342
2763
3388
1189
-428
-642
112
1446
1700
908
214
398
1585
2175
1859
703
-1011
-980
974
2405
1984
215
-1081
-1238
-427
901
962
-677
-2162
-2449
-1968
-1083
-522
-750
-1562
-1838
-1026
-436
-374
-54
90
32
229
614
782
163
-105
335
639
1015
1090
340
-694
-1135
-105
1461
2184
2110
1298
602
798
1218
1536
1533
1501
1718
1717
1754
1733
1333
1106
1184
1429
1413
790
189
-278
-474
-180
106
12
-640
-1466
-1550
-748
315
714
86
-748
-1045
-817
-513
-525
-781
-1053
-1356
-1674
-2027
-2311
-2248
-2040
-1955
-2142
-2562
-2854
-2971
-2757
-1981
-1154
-685
-935
-1671
-2001
-1801
-1371
-1276
-1544
-1653
-1353
-1269
-1679
-2489
-2716
-117
3464
4404
1341
-2510
-2564
878
4161
4925
2521
-1262
-2094
782
4425
4724
1977
-159
-724
-63
1148
1673
1250
532
333
1143
1695
1628
806
-542
-263
1582
2865
2132
-16
-1485
-1283
31
1229
616
-1569
-3187
-3379
-2492
-1135
-360
-691
-1802
-2181
-1320
-433
180
703
699
451
498
896
1035
471
339
811
1202
1436
1099
387
94
631
1788
2381
2097
1452
677
515
1327
2530
3500
3746
3486
2933
2179
1934
2099
2302
2387
1975
1095
175
-199
93
228
-274
-858
-955
-508
-108
-20
-61
-67
-105
-361
-821
-1271
-1572
-1775
-1812
-1800
-1866
-1990
-2309
-2560
-2589
-2729
-2944
-3133
-3209
-3153
-3005
-2640
-2115
-1628
-1405
-1496
-1820
-1755
-1057
-131
152
-406
-1099
-1497
-1496
-1519
-1733
-2131
-2242
-1945
300
3440
4151
1320
-2365
-2096
1870
5199
5280
2588
-1042
-1695
1330
4928
5101
1539
-1216
-1332
122
1803
2280
1234
-79
-266
1150
2434
2412
1394
-177
-434
1125
2462
1836
-390
-1937
-1655
-407
475
-90
-1889
-3268
-3179
-2226
-1102
-701
-1299
-2431
-2862
-2011
-800
-25
325
106
-292
13
984
1555
912
198
273
786
1212
1161
700
324
591
1596
2301
2029
1321
800
1367
2765
3882
4020
3053
1957
1643
1982
2641
2938
2432
1663
1013
684
790
1009
1130
795
127
-176
-33
157
-39
-534
-724
-535
-466
-705
-1231
-1620
-1729
-1780
-1806
-1957
-2133
-2086
-2107
-2344
-2679
-3124
-3188
-2947
-2571
-2363
-2617
-2841
-2716
-2226
-1761
-1611
-1727
-1774
-1451
-944
-929
-1450
-2085
-2405
-2255
-2077
-1851
-1760
-1974
-1903
67
2837
3412
703
-2018
-984
2526
4685
3859
1222
-1488
-1265
2133
5420
4823
941
-1688
-1333
645
2489
3017
1928
391
-245
784
2131
2550
2006
827
572
1495
2169
1314
-492
-1521
-1049
97
559
-287
-1979
-3059
-2695
-1577
-598
-617
-1629
-2594
-2347
-1101
-101
42
-201
-539
-605
108
1074
1385
675
74
107
419
809
1039
1096
1074
1250
1548
1637
1444
1368
1428
1752
2327
2812
2952
2647
2314
2141
2290
2622
2562
2061
1652
1428
1340
1356
1469
1459
804
-73
-428
-214
230
427
104
-444
-762
-730
-622
-745
-1060
-1388
-1562
-1515
-1390
-1489
-1786
-2149
-2378
-2477
-2440
-2251
-2177
-2329
-2583
-2686
-2486
-2175
-1929
-1730
-1652
-1681
-1796
-1771
-1575
-1416
-1354
-1343
-1227
-1281
-1586
-1952
-2115
-1856
-1530
-9
2270
3073
1061
-1670
-1600
1207
3512
3186
1304
-936
-1084
1379
4122
4063
931
-1665
-1354
569
2172
2614
1485
89
-587
279
1823
2192
1324
-120
-737
-78
657
308
-937
-1857
-1509
-566
-324
-1089
-2296
-2861
-2430
-1516
-659
-682
-1773
-2842
-2773
-1561
-371
-28
-322
-889
-1136
-482
609
1300
1089
525
284
477
1013
1498
1711
1664
1581
1664
2019
2440
2631
2440
2278
2536
2956
3289
3256
2884
2581
2624
2938
2973
2642
2474
2320
1950
1563
1365
1204
661
59
-5
165
204
-1
-445
-773
-892
-854
-812
-1000
-1197
-1420
-1839
-2195
-2286
-2202
-2231
-2478
-2619
-2615
-2699
-2803
-2877
-2795
-2747
-2778
-2662
-2292
-1919
-1697
-1596
-1646
-1552
-1511
-1250
-885
-527
-206
-306
-640
-1073
-987
-714
-611
-1041
-1330
417
3073
3957
1738
-798
-234
2788
4716
3938
1475
-885
-395
2509
5037
3991
417
-1514
-412
1639
2627
2086
472
-850
-1180
212
1739
1675
248
-1296
-1161
255
1175
431
-1376
-2511
-2087
-896
-271
-760
-1868
-2675
-2845
-2416
-1812
-1729
-2318
-2745
-2206
-1261
-739
-855
-1078
-1009
-541
542
1531
1642
1036
623
905
1584
1903
1859
1655
1517
1690
2034
2381
2502
2305
2259
2764
3398
3587
3192
2722
2682
2931
3009
2575
1770
1303
1409
1531
1307
755
294
11
-204
-321
-328
-374
-498
-643
-805
-862
-1001
-1250
-1545
-1725
-1698
-1770
-2117
-2422
-2457
-2306
-2170
-2265
-2484
-2716
-2743
-2465
-2220
-2307
-2550
-2462
-2042
-1625
-1550
-1675
-1706
-1679
-1469
-1130
-706
-288
-68
-146
-275
-282
-91
197
261
125
-307
-718
-858
568
2927
3787
1970
-722
-668
1935
3956
3407
1415
-473
-304
1711
3637
3247
411
-1566
-1144
388
1281
931
-195
-1125
-1274
-48
1367
1269
-63
-1337
-1117
298
1126
323
-1410
-2154
-1214
148
267
-932
-2301
-2874
-2353
-1308
-570
-825
-1707
-2015
-1210
-92
267
-17
-136
272
889
1358
1445
1287
1095
1323
1756
1875
1601
1231
1236
1562
1936
2184
2120
1796
1543
1541
1828
2025
1990
2001
2134
2019
1383
673
646
1256
1579
1178
239
-423
-360
85
346
-109
-955
-1403
-1207
-802
-664
-1015
-1519
-1920
-2033
-1628
-1244
-1314
-1742
-1965
-1690
-1401
-1463
-1616
-1757
-1766
-1517
-1326
-1361
-1702
-1830
-1437
-985
-664
-470
-451
-533
-317
199
701
637
218
76
217
612
857
782
323
-82
-232
-220
-276
-777
-1127
-1320
-277
1809
2900
1548
-995
-1483
836
3315
3052
832
-1636
-1990
205
2738
2966
75
-2931
-3070
-1035
557
697
-371
-1193
-1156
-372
845
969
162
-548
-270
976
1784
1271
-18
-892
-618
402
832
311
-643
-1232
-1000
-308
328
434
-57
-497
-274
303
800
993
1002
1049
999
1059
1209
1362
1460
1339
896
399
163
425
926
1209
1090
708
476
592
807
809
713
658
500
303
305
474
548
304
85
81
-134
-604
-970
-798
-216
26
-422
-1183
-1746
-1672
-1086
-534
-354
-732
-1189
-1251
-1051
-858
-860
-1046
-1156
-1155
-969
-792
-988
-1260
-1228
-980
-830
-976
-1144
-1059
-814
-505
-276
-256
-286
-201
-102
24
-26
-143
-271
-296
98
583
774
398
-98
-270
-76
-16
-238
-572
-978
-1106
-1029
-628
172
975
1291
658
-360
-448
630
1672
1537
318
-963
-1164
-188
1080
1232
-20
-1216
-1177
-217
623
755
459
329
387
738
1026
930
739
788
1289
1766
1581
855
314
533
1183
1483
1045
326
-136
-137
239
542
462
-28
-412
-203
366
714
661
415
345
504
623
612
508
544
757
818
595
338
217
284
408
353
186
-24
66
517
791
635
221
-42
148
537
733
495
-125
-453
-167
249
352
-7
-381
-403
-308
-194
-71
-91
-277
-533
-612
-436
-409
-667
-818
-596
-172
-159
-669
-1164
-1143
-617
-187
-306
-818
-1114
-990
-687
-611
-846
-1099
-1221
-1191
-1076
-909
-780
-755
-901
-958
-770
-470
-342
-561
-794
-776
-516
-406
-659
-995
-1170
-1129
-1189
-1387
-1627
-1850
-1768
-1420
-649
244
608
191
-445
-278
773
1730
1649
635
-560
-903
49
1386
1761
817
-305
-437
164
837
1200
1140
914
905
1378
2016
2137
1728
1343
1363
1907
2273
1881
920
202
264
701
852
582
176
-218
-386
-294
-56
-21
-338
-652
-700
-654
-751
-953
-807
-263
157
123
-292
-597
-455
-56
196
64
-344
-591
-423
32
419
509
435
387
356
235
169
369
719
1031
1209
1169
882
591
757
1341
1710
1462
816
360
324
601
998
1229
1086
606
231
306
717
944
786
509
372
357
284
209
222
224
77
-179
-375
-423
-459
-601
-771
-959
-1131
-1324
-1526
-1606
-1532
-1346
-1244
-1341
-1479
-1441
-1343
-1376
-1458
-1440
-1322
-1350
-1491
-1483
-1322
-1254
-1474
-1835
-1977
-1867
-1808
-1822
-1785
-1572
-1199
-619
27
338
16
-552
-637
-83
797
1182
800
115
-25
517
1026
1097
847
665
510
627
1012
1367
1341
1064
1059
1234
1426
1484
1475
1338
1155
1077
1150
1255
1158
921
540
197
-20
19
150
-21
-481
-983
-1102
-923
-727
-739
-943
-1106
-1149
-950
-567
-219
-200
-481
-695
-642
-476
-374
-360
-430
-507
-519
-309
-105
-108
-117
112
444
514
288
228
657
1268
1581
1336
820
606
915
1459
1735
1555
1215
1049
1133
1357
1522
1511
1339
1144
1128
1182
1128
952
836
891
929
797
533
343
328
408
395
220
-40
-303
-570
-825
-1002
-1129
-1233
-1369
-1459
-1427
-1356
-1317
-1327
-1327
-1245
-1089
-1005
-1009
-945
-778
-697
-847
-1011
-971
-829
-839
-1072
-1253
-1228
-1121
-1092
-1157
-1229
-1311
-1348
-1171
-733
-301
-34
81
204
336
336
248
237
364
524
615
526
427
331
382
438
392
272
296
609
938
1130
1063
992
1027
1218
1399
1396
1240
991
830
789
740
561
304
-36
-329
-463
-492
-481
-604
-813
-963
-990
-896
-788
-809
-964
-1075
-1098
-984
-854
-686
-536
-606
-774
-892
-836
-678
-536
-429
-324
-209
-29
214
493
680
724
784
960
1242
1456
1533
1489
1389
1351
1416
1470
1427
1300
1165
1141
1171
1284
1408
1392
1319
1329
1502
1625
1468
1286
1310
1435
1365
1021
695
556
516
481
318
-26
-375
-596
-617
-613
-765
-1059
-1379
-1543
-1492
-1337
-1218
-1196
-1266
-1307
-1292
-1202
-987
-775
-644
-680
-840
-1045
-1205
-1215
-1090
-967
-960
-1042
-1115
-1094
-1006
-894
-816
-776
-720
-625
-527
-328
-46
214
357
350
223
84
50
212
393
370
334
439
686
725
632
555
480
403
410
660
836
862
743
605
457
312
386
511
516
322
62
-190
-309
-265
-237
-388
-742
-962
-906
-653
-497
-629
-914
-1142
-1170
-1078
-1000
-1063
-1159
-1265
-1292
-1202
-1131
-1045
-998
-904
-801
-722
-629
-495
-292
-8
349
648
775
696
639
760
997
1238
1304
1195
1012
953
1081
1341
1558
1558
1422
1309
1368
1543
1767
1903
1908
1826
1735
1637
1524
1463
1458
1466
1372
1216
1013
751
498
349
299
168
-76
-336
-433
-358
-316
-434
-717
-920
-903
-829
-797
-844
-895
-889
-896
-927
-988
-1081
-1123
-1075
-1003
-923
-900
-944
-987
-969
-843
-693
-562
-482
-450
-422
-367
-270
-153
-65
-88
-200
-318
-375
-336
-116
250
523
500
273
159
258
550
868
990
801
484
408
593
750
799
734
539
283
129
312
530
553
438
293
158
50
37
19
-62
-167
-133
-102
-195
-390
-594
-664
-691
-776
-940
-1144
-1210
-1183
-1180
-1246
-1388
-1548
-1648
-1614
-1492
-1467
-1531
-1422
-1133
-855
-806
-910
-934
-858
-623
-328
-117
-44
-56
17
137
224
332
497
654
780
860
940
1009
1051
1169
1343
1474
1450
1297
1225
1349
1626
1826
1775
1504
1286
1293
1358
1272
1033
868
834
814
698
519
373
321
314
272
179
21
-109
-208
-269
-271
-354
-557
-802
-936
-916
-821
-789
-824
-886
-927
-895
-825
-746
-704
-700
-706
-718
-693
-597
-462
-377
-383
-431
-385
-230
-64
97
147
55
-149
-324
-352
-327
-319
-311
-190
40
245
449
511
470
411
442
773
1059
1192
1064
907
1003
1092
1084
867
495
219
192
496
841
909
859
801
729
628
571
685
773
607
433
414
450
352
60
-216
-404
-567
-640
-648
-683
-700
-822
-981
-1136
-1208
-1087
-1033
-1125
-1285
-1399
-1302
-1137
-1028
-999
-1067
-1013
-844
-704
-624
-596
-506
-348
-201
-62
-9
-52
-23
125
321
419
410
463
615
780
854
780
678
588
540
579
627
662
678
726
807
843
773
636
495
450
525
652
738
678
519
352
203
48
-97
-141
-89
-85
-234
-387
-393
-308
-351
-597
-860
-990
-884
-609
-402
-405
-570
-752
-796
-687
-535
-431
-442
-469
-419
-303
-189
-192
-249
-277
-222
-161
-168
-186
-127
-36
-41
-152
-331
-487
-519
-300
101
430
471
284
122
104
245
502
671
563
311
310
604
819
769
583
362
171
126
414
780
852
705
573
597
641
673
689
627
484
441
544
638
645
574
463
216
-109
-238
-112
62
8
-290
-574
-708
-684
-630
-687
-879
-1124
-1294
-1202
-936
-734
-660
-714
-718
-694
-635
-478
-284
-86
67
164
179
115
62
132
229
196
76
-5
30
133
239
368
418
363
311
383
526
553
449
412
525
667
666
524
410
394
485
448
317
171
98
154
137
62
-50
-143
-193
-254
-322
-348
-327
-292
-320
-421
-550
-668
-713
-687
-651
-665
-711
-746
-779
-774
-731
-685
-672
-698
-661
-615
-579
-566
-544
-471
-379
-320
-377
-470
-504
-445
-394
-388
-460
-595
-742
-835
-800
-592
-233
101
224
92
-111
-145
67
407
597
514
426
547
819
935
867
680
441
294
354
619
734
703
678
687
664
596
647
757
784
716
616
482
362
324
364
345
96
-227
-458
-470
-380
-422
-550
-679
-675
-582
-505
-526
-625
-703
-657
-496
-370
-290
-244
-127
38
137
168
146
151
255
444
618
633
479
363
418
549
588
491
424
498
667
846
915
906
884
904
947
980
1043
1103
1082
927
736
582
498
438
330
233
221
275
314
266
190
163
145
90
-2
-75
-98
-117
-194
-356
-555
-733
-857
-953
-1050
-1073
-1030
-968
-985
-1084
-1160
-1151
-1088
-1017
-953
-922
-892
-857
-771
-692
-625
-615
-661
-673
-654
-598
-582
-580
-598
-599
-552
-505
-501
-637
-786
-721
-358
141
462
454
236
31
44
290
596
702
455
156
212
591
824
653
286
-74
-212
0
485
790
663
473
523
691
729
751
798
751
586
548
674
699
561
390
274
57
-205
-336
-315
-303
-426
-562
-643
-645
-591
-514
-502
-588
-683
-712
-603
-433
-318
-287
-278
-234
-209
-144
39
259
380
403
467
600
719
762
810
883
930
973
1062
1197
1269
1225
1137
1074
1071
1136
1238
1287
1289
1272
1323
1391
1320
1137
920
778
722
737
759
685
536
415
381
348
219
32
-111
-135
-114
-146
-247
-328
-343
-412
-598
-843
-1014
-1072
-1034
-932
-854
-917
-1049
-1141
-1169
-1154
-1176
-1234
-1325
-1397
-1392
-1306
-1241
-1294
-1375
-1358
-1274
-1253
-1291
-1273
-1152
-1052
-1034
-1065
-1112
-1137
-1176
-1203
-1235
-1246
-1023
-566
-164
-62
-204
-365
-361
-139
198
370
211
-32
92
495
685
471
96
-145
-190
63
459
660
528
386
559
782
794
684
628
573
420
277
246
248
262
324
273
-34
-394
-460
-198
28
-74
-427
-711
-688
-383
-60
-1
-251
-568
-577
-248
97
141
-61
-177
-72
123
270
361
421
485
578
688
738
730
777
917
1081
1152
1170
1218
1338
1486
1537
1520
1447
1382
1426
1560
1699
1723
1675
1647
1702
1736
1641
1489
1381
1332
1293
1268
1234
1176
1113
1055
950
791
604
457
369
254
127
-6
-82
-131
-246
-347
-454
-517
-571
-644
-708
-800
-888
-940
-910
-889
-911
-971
-1027
-1052
-1060
-1018
-974
-937
-910
-865
-815
-798
-832
-847
-810
-765
-737
-760
-804
-865
-927
-993
-1064
-1128
-1215
-1330
-1388
-1236
-846
-462
-393
-613
-908
-1094
-1011
-629
-304
-417
-782
-788
-334
-82
-161
-364
-532
-684
-681
-307
-93
-226
-326
-50
231
108
-84
-44
3
-156
-269
-288
-300
-299
-137
66
-111
-482
-634
-430
-150
-177
-429
-634
-598
-353
-95
-28
-190
-443
-513
-274
-40
13
-68
6
318
553
672
754
889
1088
1273
1429
1492
1417
1332
1390
1526
1560
1424
1334
1417
1487
1426
1255
1098
1003
980
1073
1178
1149
1049
1100
1291
1406
1297
1063
889
812
814
824
774
639
509
490
541
507
326
126
5
-41
-37
22
95
138
146
162
197
188
130
58
-28
-96
-165
-217
-193
-136
-91
-121
-177
-184
-155
-123
-117
-171
-268
-314
-262
-206
-265
-421
-514
-525
-562
-682
-840
-976
-1107
-1211
-1275
-1368
-1500
-1587
-1441
-1038
-720
-726
-1034
-1348
-1471
-1412
-1201
-1087
-1288
-1599
-1567
-1141
-914
-1157
-1501
-1718
-1731
-1589
-1225
-917
-977
-1014
-767
-393
-362
-542
-513
-353
-291
-334
-324
-303
-195
71
354
296
-69
-243
-59
272
348
139
-68
-36
232
548
705
628
450
340
482
717
824
830
834
930
1013
1029
1061
1151
1263
1316
1277
1179
1041
903
865
891
840
721
670
759
836
773
618
500
435
414
477
496
445
381
406
512
555
487
414
381
385
371
296
226
209
245
283
292
247
194
167
242
354
384
341
331
403
518
618
707
814
879
919
935
913
893
873
881
887
817
742
703
722
764
729
651
550
414
296
228
188
119
-18
-167
-290
-423
-599
-808
-1005
-1166
-1348
-1492
-1589
-1705
-1830
-1853
-1736
-1635
-1669
-1821
-1966
-2068
-2133
-2101
-1995
-1970
-2079
-2121
-1962
-1766
-1723
-1764
-1783
-1788
-1759
-1592
-1320
-1109
-959
-747
-512
-370
-264
-72
150
239
206
196
245
348
496
618
641
559
514
578
672
675
583
470
446
518
623
706
737
742
726
738
763
741
658
565
533
534
541
501
478
472
430
393
349
301
191
73
50
89
126
177
237
242
164
54
25
18
-1
-2
18
40
61
119
235
346
382
380
368
357
351
368
453
566
669
710
712
713
719
773
824
864
836
793
848
962
1100
1167
1162
1142
1140
1195
1216
1236
1202
1152
1142
1118
1131
1072
1015
1011
1007
1003
898
741
605
506
465
408
299
178
61
-31
-122
-269
-476
-664
-775
-868
-1010
-1181
-1341
-1478
-1623
-1745
-1875
-2031
-2108
-2102
-1989
-1883
-1880
-1944
-2027
-2055
-2003
-1895
-1779
-1733
-1738
-1690
-1522
-1318
-1223
-1223
-1202
-1117
-978
-798
-592
-426
-288
-77
175
355
457
555
669
723
721
713
753
815
865
884
845
789
738
728
720
665
570
505
522
572
571
482
368
274
222
197
172
120
17
-91
-176
-226
-288
-377
-425
-446
-457
-485
-490
-473
-507
-546
-563
-578
-586
-547
-440
-301
-204
-168
-146
-89
-11
42
117
192
242
320
431
557
647
699
744
826
910
979
1071
1146
1217
1269
1328
1400
1457
1475
1480
1469
1436
1424
1432
1463
1438
1312
1122
989
919
888
892
839
768
687
676
707
650
532
353
235
202
209
192
93
27
-19
-41
-134
-287
-389
-477
-523
-590
-690
-775
-817
-820
-812
-857
-979
-1111
-1190
-1200
-1189
-1207
-1280
-1318
-1304
-1271
-1248
-1308
-1365
-1391
-1407
-1430
-1476
-1455
-1390
-1279
-1158
-1083
-997
-926
-814
-691
-590
-471
-331
-180
-70
24
103
162
188
252
376
473
526
563
615
673
743
823
850
829
825
879
929
896
786
651
539
467
433
383
305
195
77
-23
-101
-182
-273
-369
-434
-460
-496
-561
-623
-665
-701
-746
-781
-776
-739
-672
-613
-582
-582
-604
-570
-479
-374
-290
-231
-165
-92
-31
45
128
189
273
402
555
716
834
884
944
1050
1182
1296
1375
1449
1527
1578
1607
1619
1614
1617
1607
1578
1539
1484
1426
1355
1249
1127
1006
897
795
692
575
451
321
169
7
-147
-306
-412
-489
-577
-642
-735
-844
-954
-1068
-1151
-1211
-1264
-1307
-1317
-1322
-1298
-1247
-1224
-1203
-1141
-1039
-931
-853
-804
-757
-678
-536
-417
-372
-354
-288
-159
-71
-27
21
86
204
320
424
503
549
613
670
716
694
652
656
655
627
535
433
348
267
208
156
84
-28
-143
-224
-277
-345
-420
-471
-516
-590
-679
-753
-813
-877
-950
-1031
-1116
-1167
-1182
-1187
-1184
-1211
-1263
-1284
-1234
-1136
-1043
-994
-957
-869
-754
-649
-530
-434
-365
-276
-170
-48
93
248
418
571
665
731
822
937
1058
1132
1155
1185
1257
1365
1451
1467
1404
1329
1290
1300
1321
1295
1222
1133
1059
1012
973
903
811
716
626
549
472
399
337
281
217
151
116
81
18
-39
-80
-116
-145
-196
-255
-290
-328
-352
-363
-387
-410
-437
-456
-451
-432
-399
-368
-346
-327
-292
-231
-156
-98
-71
-36
32
108
155
147
110
80
69
101
156
195
188
151
100
59
57
92
121
119
98
86
107
146
178
178
142
114
124
145
127
77
27
7
13
-1
-48
-120
-185
-223
-232
-229
-251
-282
-322
-356
-386
-440
-485
-499
-480
-464
-455
-461
-479
-477
-485
-496
-517
-566
-606
-607
-559
-512
-511
-545
-581
-604
-595
-579
-581
-600
-613
-582
-532
-476
-441
-419
-376
-314
-236
-170
-126
-84
-16
59
115
147
152
165
217
307
417
486
477
419
364
365
428
491
514
496
492
559
639
664
645
598
553
533
547
572
560
511
463
424
336
232
141
37
-73
-198
-309
-389
-458
-499
-526
-568
-641
-689
-683
-648
-627
-653
-703
-723
-695
-650
-594
-542
-490
-449
-389
-285
-162
-59
-12
16
51
100
215
352
452
502
562
668
775
843
865
874
891
953
1035
1066
1063
1065
1114
1168
1169
1095
993
902
833
778
715
637
552
485
410
318
203
96
5
-82
-165
-269
-375
-459
-519
-562
-621
-704
-775
-837
-868
-878
-890
-920
-957
-977
-984
-968
-956
-951
-941
-915
-861
-808
-765
-742
-733
-693
-626
-528
-413
-310
-226
-153
-61
44
142
205
256
290
312
355
415
483
529
535
534
546
564
586
602
609
608
606
609
627
632
633
619
567
496
401
319
290
281
257
198
110
42
-10
-53
-86
-133
-187
-229
-251
-273
-319
-358
-379
-393
-420
-450
-490
-523
-547
-563
-564
-578
-591
-591
-582
-583
-593
-595
-585
-552
-506
-460
-439
-441
-424
-381
-316
-242
-187
-147
-91
-9
70
136
183
221
267
337
425
504
561
592
623
653
693
744
785
815
828
829
826
815
815
830
831
827
811
796
781
775
782
778
751
697
635
587
551
519
462
375
279
199
137
62
-29
-140
-241
-307
-345
-385
-424
-468
-510
-546
-572
-584
-594
-604
-630
-669
-706
-711
-702
-679
-646
-620
-609
-598
-570
-542
-502
-462
-426
-385
-315
-239
-168
-116
-85
-50
-7
41
83
125
166
206
245
307
371
429
461
468
479
505
547
571
569
549
535
517
478
428
359
288
237
177
109
38
-38
-108
-173
-228
-273
-326
-388
-463
-535
-568
-581
-599
-646
-719
-759
-776
-769
-763
-779
-796
-806
-810
-796
-792
-805
-789
-741
-685
-650
-622
-596
-538
-459
-384
-322
-287
-247
-182
-102
-18
55
122
181
245
319
381
437
494
539
578
604
623
651
677
702
717
730
726
711
702
712
725
732
726
693
658
645
657
667
645
602
550
504
474
437
390
348
297
242
202
155
96
45
13
-6
-36
-73
-119
-160
-200
-251
-298
-319
-328
-344
-364
-400
-428
-436
-419
-387
-348
-320
-298
-291
-276
-254
-218
-171
-128
-91
-52
6
59
105
139
163
191
220
254
284
297
318
342
361
372
380
401
419
423
422
428
449
475
474
442
403
366
338
304
259
206
155
109
73
45
8
-56
-124
-172
-214
-251
-286
-332
-393
-451
-497
-533
-553
-569
-587
-619
-660
-696
-716
-702
-690
-699
-725
-762
-764
-744
-719
-703
-696
-681
-651
-607
-568
-531
-506
-474
-434
-397
-350
-300
-240
-184
-132
-94
-67
-31
20
80
120
152
170
197
253
306
344
367
381
396
424
445
461
468
467
480
490
509
516
510
503
487
471
458
437
423
409
389
369
340
310
290
279
269
245
200
158
121
89
64
37
4
-30
-48
-51
-46
-57
-80
-96
-104
-98
-90
-102
-126
-141
-129
-102
-94
-103
-114
-102
-70
-32
1
22
42
73
122
178
215
237
246
262
296
336
375
400
419
440
455
470
487
512
542
561
565
536
503
483
467
447
413
369
328
292
262
226
184
148
93
36
-11
-68
-121
-174
-227
-277
-329
-370
-405
-432
-463
-502
-542
-578
-607
-622
-631
-646
-668
-690
-697
-689
-678
-668
-651
-634
-619
-599
-580
-550
-519
-488
-455
-436
-411
-379
-341
-298
-271
-241
-213
-179
-137
-94
-58
-31
-8
21
53
83
97
88
77
69
66
65
59
50
44
46
45
37
27
19
18
19
13
-1
-14
-7
5
13
4
-19
-29
-24
-16
-2
-7
-20
-29
-23
1
15
13
6
-2
14
45
80
101
100
102
111
132
162
189
201
214
226
243
263
276
286
299
312
331
350
375
402
412
415
411
397
394
399
398
392
376
362
353
357
371
366
359
358
366
380
390
393
382
362
341
323
308
289
272
250
220
188
158
130
114
99
76
44
18
-2
-28
-57
-92
-119
-140
-156
-173
-194
-214
-223
-220
-218
-221
-226
-237
-250
-256
-260
-264
-271
-278
-279
-277
-269
-263
-256
-247
-235
-219
-202
-193
-188
-185
-177
-161
-150
-141
-138
-127
-121
-124
-127
-132
-140
-141
-133
-133
-141
-158
-183
-199
-205
-214
-231
-259
-283
-293
-296
-302
-317
-335
-352
-355
-343
-332
-335
-344
-361
-376
-381
-374
-368
-367
-363
-355
-334
-298
-264
-236
-215
-196
-174
-146
-110
-81
-58
-36
-2
31
65
100
134
170
204
243
272
303
324
342
362
384
409
423
436
444
451
461
468
472
469
465
462
458
447
429
407
395
378
351
326
294
261
234
210
189
162
132
104
84
69
55
37
16
0
-16
-21
-30
-41
-52
-57
-56
-54
-50
-46
-43
-40
-34
-20
-9
4
19
34
45
54
69
81
104
132
155
166
173
181
192
206
212
207
191
176
173
172
165
148
126
100
82
72
54
27
-3
-32
-60
-85
-118
-154
-195
-225
-251
-279
-303
-330
-354
-368
-385
-401
-422
-446
-459
-465
-473
-478
-489
-503
-507
-496
-476
-459
-450
-439
-426
-399
-363
-334
-312
-301
-285
-256
-220
-186
-161
-141
-116
-77
-38
-3
20
33
46
66
94
118
127
127
138
152
171
189
195
198
201
214
230
239
236
225
219
221
220
210
194
178
171
172
173
169
156
146
140
138
134
125
115
107
109
109
101
91
80
75
80
87
88
86
83
91
104
113
113
103
93
94
104
122
125
117
114
119
137
155
166
166
167
173
190
208
218
216
206
203
200
207
213
212
209
202
199
198
200
197
189
176
162
151
143
140
131
122
107
92
81
70
62
49
35
17
-3
-20
-37
-49
-67
-89
-112
-130
-141
-144
-141
-150
-162
-175
-182
-184
-185
-189
-202
-216
-222
-222
-222
-226
-233
-241
-244
-241
-233
-229
-229
-224
-218
-211
-206
-205
-209
-208
-204
-195
-187
-182
-174
-165
-154
-143
-141
-138
-132
-120
-105
-97
-93
-92
-85
-76
-71
-68
-67
-64
-48
-32
-19
-13
-12
-7
3
13
19
16
17
20
30
40
42
37
32
32
39
47
50
46
40
40
47
52
51
44
37
37
45
55
58
55
53
52
55
59
57
50
44
42
49
55
57
53
50
49
56
65
70
72
74
81
92
102
108
108
107
110
118
126
130
127
128
135
145
151
148
141
135
133
139
142
138
127
114
110
110
107
98
83
72
65
62
57
46
31
15
1
-9
-21
-36
-50
-60
-68
-72
-83
-93
-105
-114
-119
-121
-124
-129
-131
-129
-125
-122
-122
-125
-126
-121
-111
-99
-92
-88
-84
-79
-73
-67
-60
-56
-55
-52
-45
-38
-30
-28
-30
-34
-37
-33
-27
-23
-24
-30
-39
-44
-46
-50
-59
-73
-85
-91
-94
-95
-101
-111
-122
-129
-130
-129
-131
-137
-138
-136
-130
-123
-117
-116
-116
-111
-100
-88
-76
-66
-59
-47
-33
-18
-4
8
18
27
40
54
71
86
100
110
119
128
139
149
156
160
164
170
175
174
171
163
156
150
144
139
133
125
120
114
107
96
81
67
58
48
40
26
13
3
-4
-9
-18
-34
-49
-59
-61
-61
-62
-68
-77
-81
-79
-75
-72
-73
-76
-74
-63
-50
-36
-29
-27
-21
-12
3
16
25
33
42
53
63
72
74
76
81
89
97
103
107
107
110
112
113
112
106
101
99
96
94
89
79
72
67
62
59
50
39
29
23
19
14
3
-14
-31
-41
-46
-49
-54
-64
-74
-80
-82
-80
-85
-93
-104
-110
-110
-109
-108
-114
-121
-127
-127
-123
-120
-122
-123
-121
-116
-107
-99
-94
-91
-87
-79
-70
-58
-48
-38
-28
-16
-1
11
22
32
42
51
61
70
81
91
99
108
115
121
129
140
147
152
154
155
157
159
163
163
158
151
144
139
133
126
114
103
93
85
77
68
55
41
30
17
8
-6
-19
-33
-46
-58
-68
-79
-90
-99
-109
-118
-124
-128
-130
-134
-135
-138
-144
-149
-149
-146
-143
-141
-140
-133
-121
-106
-93
-84
-76
-67
-54
-37
-20
-8
1
12
27
45
61
72
79
90
103
118
132
138
140
141
146
151
156
152
143
135
130
129
126
116
102
90
82
77
69
52
31
11
-4
-14
-28
-46
-70
-90
-104
-113
-124
-136
-151
-161
-164
-162
-164
-172
-181
-187
-187
-184
-182
-181
-183
-179
-170
-157
-144
-132
-123
-112
-95
-79
-64
-54
-43
-30
-17
-2
12
24
37
53
69
84
98
110
119
128
137
144
147
149
151
155
158
158
155
150
146
144
142
136
129
121
114
109
104
93
79
63
50
43
37
29
18
7
-3
-10
-19
-30
-42
-54
-64
-70
-72
-77
-85
-94
-100
-102
-102
-98
-96
-95
-93
-90
-86
-82
-81
-82
-78
-74
-66
-58
-49
-41
-32
-22
-10
3
14
22
30
33
37
41
47
53
58
61
65
68
75
82
88
94
97
100
103
105
104
99
93
85
79
74
72
68
61
53
47
42
36
30
21
11
2
-6
-14
-24
-38
-50
-61
-67
-74
-81
-86
-92
-97
-98
-99
-103
-104
-107
-111
-112
-111
-109
-108
-107
-102
-93
-83
-72
-63
-54
-45
-37
-26
-15
-7
1
10
19
29
37
45
53
62
69
79
89
97
101
103
103
104
102
100
98
94
90
87
82
77
70
63
56
50
46
39
29
19
6
-6
-18
-27
-36
-46
-56
-65
-72
-76
-79
-81
-84
-85
-85
-83
-82
-82
-82
-85
-83
-81
-77
-70
-67
-63
-58
-51
-42
-31
-20
-11
-3
5
12
20
27
33
38
43
51
60
67
70
71
71
72
73
73
71
66
60
56
51
46
39
31
26
19
14
8
0
-8
-17
-23
-31
-38
-46
-49
-57
-63
-69
-74
-76
-78
-75
-73
-72
-73
-71
-68
-66
-59
-53
-46
-39
-30
-22
-14
-7
-2
1
8
17
24
30
34
35
40
46
54
58
60
60
62
66
68
67
62
56
54
52
51
47
40
32
26
25
24
20
12
4
-4
-8
-10
-15
-21
-25
-26
-24
-19
-18
-19
-22
-23
-23
-21
-20
-21
-22
-20
-16
-11
-9
-9
-10
-9
-3
4
12
17
22
23
28
35
40
40
37
36
37
36
34
31
29
28
25
24
22
18
14
13
15
15
15
15
13
11
8
5
1
-3
-6
-8
-10
-11
-12
-13
-14
-15
-16
-13
-10
-6
-2
4
6
8
8
10
13
15
18
19
19
15
14
14
15
13
11
8
6
7
8
7
3
-1
-2
-3
-3
-7
-13
-20
-25
-32
-37
-43
-50
-56
-59
-60
-62
-64
-67
-68
-67
-65
-62
-57
-55
-51
-47
-41
-35
-29
-22
-16
-11
-3
6
14
21
26
30
34
39
45
51
55
61
66
71
76
80
83
85
87
86
84
79
76
69
63
56
49
42
36
28
21
13
7
0
-5
-11
-18
-26
-34
-43
-50
-54
-61
-67
-70
-73
-74
-75
-79
-81
-81
-81
-77
-73
-68
-63
-58
-53
-45
-36
-25
-16
-7
2
9
16
23
30
37
43
49
54
57
60
62
64
68
72
74
75
75
77
77
76
74
72
70
65
58
51
43
35
25
15
3
-8
-17
-24
-29
-34
-40
-47
-50
-54
-57
-60
-62
-66
-70
-71
-73
-74
-74
-78
-78
-75
-72
-69
-66
-61
-58
-51
-45
-38
-33
-30
-27
-22
-16
-9
-3
0
4
11
16
20
20
22
25
26
28
31
32
31
30
28
27
29
29
28
26
26
25
25
25
23
19
16
12
10
7
3
-1
-1
-2
-2
-4
-6
-8
-7
-6
-7
-5
-5
-4
-4
-3
-2
-2
-3
-4
-3
-3
-2
-1
-2
0
-2
-2
-1
-1
-2
-2
-2
-2
-3
-6
-7
-8
-6
-6
-6
-8
-8
-7
-8
-6
-4
-5
-3
-5
-5
-4
-2
-3
0
2
6
8
10
11
10
10
10
12
13
12
13
14
15
15
14
14
14
12
13
14
15
15
15
15
14
15
13
11
8
5
2
0
-2
-5
-7
-10
-11
-12
-13
-12
-13
-14
-15
-15
-15
-14
-15
-15
-14
-15
-14
-15
-13
-14
-12
-11
-9
-10
-10
-10
-10
-8
-7
-5
-1
3
4
6
9
11
14
15
15
14
13
14
14
13
13
13
12
13
15
14
16
17
18
19
19
17
16
14
14
13
12
13
14
17
18
16
14
14
13
13
12
10
8
7
6
6
5
6
5
3
2
2
1
1
-1
0
0
0
-2
-4
-5
-5
-6
-5
-5
-6
-5
-4
-3
-2
-1
-1
-1
-1
-1
-3
-2
-5
-4
-5
-4
-4
-4
-3
-4
-4
