5
-4
-12
-18
-20
-20
-19
-15
-14
-7
-3
2
6
12
20
24
24
21
16
6
-8
-26
-40
-48
-57
-69
-80
-84
-87
-88
-87
-87
-80
-68
-53
-39
-24
-6
10
23
36
47
59
68
74
79
83
89
93
91
89
91
98
100
99
101
104
112
115
115
116
120
119
111
97
88
77
63
48
33
23
13
2
-12
-20
-24
-24
-20
-15
-6
4
10
18
21
25
29
32
32
27
17
11
2
-11
-27
-45
-59
-71
-82
-92
-100
-105
-109
-109
-110
-107
-103
-96
-87
-82
-78
-73
-69
-67
-65
-63
-59
-60
-61
-60
-55
-47
-41
-32
-22
-10
1
11
18
27
37
47
54
58
63
63
65
62
53
43
34
29
21
11
2
-6
-16
-27
-35
-39
-37
-38
-41
-39
-34
-32
-35
-39
-41
-39
-42
-46
-51
-53
-56
-62
-68
-75
-80
-84
-88
-91
-93
-96
-99
-102
-106
-105
-109
-113
-118
-122
-124
-128
-131
-137
-141
-144
-149
-153
-157
-156
-151
-146
-139
-130
-118
-103
-87
-68
-51
-35
-17
0
17
32
45
53
63
68
72
74
75
75
76
77
78
77
72
69
66
63
62
57
49
44
41
37
33
27
20
15
11
9
5
1
-2
-2
-3
-3
-4
-3
1
1
2
3
8
13
15
17
20
19
15
10
5
2
-3
-13
-22
-29
-32
-40
-50
-59
-64
-68
-69
-70
-67
-63
-61
-57
-51
-44
-36
-24
-13
1
14
25
37
48
60
75
89
104
117
128
142
154
165
174
178
184
187
188
184
179
173
161
151
140
126
113
100
87
73
60
51
43
37
30
27
24
19
17
17
22
28
30
33
35
38
39
41
42
41
41
39
37
33
28
22
16
10
3
-4
-11
-17
-24
-35
-45
-53
-60
-66
-70
-73
-75
-75
-77
-75
-69
-65
-59
-53
-43
-31
-19
-8
4
18
32
47
64
80
95
110
123
132
141
149
154
158
158
159
155
149
142
134
125
119
112
103
93
85
77
67
58
51
43
36
29
24
18
11
8
4
-2
-4
-6
-8
-10
-12
-12
-10
-7
-5
-3
-2
1
2
2
2
-1
-1
-6
-12
-18
-24
-32
-45
-57
-68
-78
-87
-97
-105
-112
-117
-122
-126
-126
-124
-116
-107
-93
-83
-71
-60
-47
-35
-18
-3
12
29
41
49
55
62
66
69
71
72
71
66
61
56
51
43
35
27
20
11
0
-13
-25
-34
-45
-56
-65
-75
-84
-93
-100
-107
-110
-110
-109
-106
-103
-100
-95
-88
-81
-74
-66
-59
-53
-50
-50
-49
-49
-54
-57
-62
-66
-72
-79
-87
-96
-104
-111
-115
-119
-119
-118
-117
-116
-115
-111
-108
-105
-99
-96
-89
-82
-76
-71
-63
-54
-44
-35
-23
-11
2
15
27
37
46
56
65
75
81
88
91
93
92
87
81
74
65
55
45
35
25
13
0
-11
-20
-29
-34
-38
-39
-40
-39
-36
-29
-22
-11
2
11
20
29
40
48
57
66
72
81
85
88
88
89
87
86
85
81
76
70
64
55
44
34
25
17
7
0
-5
-13
-20
-24
-26
-23
-19
-13
-3
9
22
35
48
66
84
102
122
140
154
166
178
190
199
204
207
207
208
203
199
193
185
176
167
157
148
135
121
108
97
86
77
70
64
59
54
49
44
37
31
29
28
26
26
26
26
24
23
21
19
18
15
12
5
-1
-8
-16
-24
-33
-43
-50
-60
-72
-84
-97
-109
-123
-136
-148
-157
-164
-172
-180
-186
-191
-194
-195
-193
-188
-184
-177
-169
-161
-153
-143
-131
-118
-103
-88
-71
-55
-42
-31
-18
-7
1
7
13
19
23
21
20
17
14
6
-1
-9
-19
-27
-35
-47
-59
-71
-80
-89
-100
-108
-114
-118
-119
-121
-117
-113
-106
-97
-88
-78
-68
-55
-42
-29
-16
-7
3
11
17
19
17
16
10
1
-8
-17
-29
-46
-60
-73
-86
-100
-111
-120
-125
-130
-133
-132
-131
-127
-120
-108
-98
-86
-73
-60
-46
-33
-19
-3
13
29
45
61
77
91
104
118
131
142
152
160
162
160
155
150
140
128
112
97
80
61
42
25
7
-10
-25
-35
-42
-47
-49
-51
-48
-45
-42
-37
-33
-34
-34
-29
-29
-30
-33
-36
-40
-44
-50
-58
-64
-73
-79
-85
-89
-91
-93
-93
-98
-98
-101
-104
-108
-112
-116
-122
-129
-138
-146
-151
-157
-159
-158
-157
-150
-140
-129
-113
-91
-68
-43
-16
11
42
67
92
115
135
149
160
167
170
170
166
162
156
146
135
124
115
106
100
96
94
92
89
89
85
85
84
79
78
75
72
69
65
62
57
55
55
58
63
69
79
88
99
107
118
127
134
138
141
141
138
132
124
115
99
82
67
51
34
19
6
-5
-13
-16
-18
-15
-11
-4
7
19
33
45
60
74
86
96
101
112
118
125
129
135
140
144
150
153
159
164
171
180
185
191
192
193
190
181
171
160
145
126
106
85
61
39
16
-6
-25
-44
-59
-71
-76
-81
-80
-79
-74
-66
-58
-46
-38
-32
-26
-21
-19
-20
-26
-33
-40
-50
-61
-71
-82
-90
-100
-107
-114
-121
-125
-128
-127
-129
-128
-129
-130
-131
-134
-136
-139
-140
-143
-146
-145
-144
-140
-135
-125
-111
-96
-78
-57
-35
-13
9
29
50
69
84
98
108
113
115
112
104
94
81
67
51
34
17
2
-12
-23
-33
-42
-49
-56
-60
-64
-66
-68
-72
-76
-81
-88
-94
-102
-110
-116
-119
-121
-121
-120
-115
-112
-107
-99
-92
-83
-73
-65
-56
-51
-49
-52
-55
-64
-75
-88
-106
-122
-141
-158
-173
-186
-196
-203
-205
-203
-200
-194
-183
-170
-153
-134
-116
-95
-75
-58
-40
-25
-9
5
16
26
35
44
52
57
66
74
81
89
94
99
105
109
112
111
109
104
95
83
72
57
41
28
10
-8
-24
-40
-53
-66
-72
-76
-75
-69
-62
-53
-45
-35
-22
-10
0
8
17
21
26
25
21
16
9
2
-7
-13
-21
-26
-32
-37
-41
-45
-46
-47
-48
-47
-46
-41
-39
-35
-33
-34
-31
-28
-25
-23
-21
-18
-13
-3
7
19
36
53
69
83
102
119
135
149
162
174
184
190
192
190
189
181
174
159
147
132
117
103
85
74
60
48
36
24
17
8
4
-2
-4
-6
-9
-10
-9
-5
-4
-2
2
4
9
12
14
14
16
18
20
22
22
25
25
26
29
26
25
22
19
16
11
6
0
-4
-12
-17
-23
-32
-37
-43
-44
-45
-39
-32
-24
-15
-4
10
23
40
54
69
84
97
112
124
133
141
145
149
149
148
144
138
132
121
110
97
82
65
49
32
15
-1
-16
-32
-46
-62
-74
-86
-95
-102
-108
-114
-118
-124
-125
-128
-128
-124
-121
-116
-109
-104
-98
-91
-86
-78
-74
-68
-64
-64
-62
-62
-63
-65
-69
-74
-81
-89
-98
-108
-118
-128
-139
-148
-154
-159
-163
-161
-161
-156
-147
-137
-126
-112
-98
-85
-68
-55
-36
-19
-2
13
26
38
46
55
63
67
69
69
68
66
62
59
55
50
43
35
28
17
8
-2
-12
-23
-35
-49
-61
-70
-80
-89
-97
-102
-106
-107
-107
-104
-97
-86
-74
-59
-46
-29
-13
2
17
29
38
45
50
55
56
54
51
48
43
37
30
21
15
6
1
-3
-5
-8
-9
-9
-8
-8
-6
-3
1
6
13
20
28
36
46
58
69
81
94
108
124
139
154
166
179
191
200
208
211
213
212
210
205
196
186
172
158
143
126
108
89
68
49
36
22
11
1
-9
-16
-22
-25
-27
-27
-25
-22
-21
-19
-16
-12
-8
-6
-4
-1
2
5
7
9
10
12
14
15
17
17
15
13
10
5
-2
-8
-17
-26
-34
-44
-51
-59
-66
-71
-76
-79
-79
-78
-75
-69
-60
-47
-34
-19
-3
13
25
36
50
63
77
88
95
100
102
103
100
95
91
84
78
71
63
52
41
29
18
7
-4
-12
-23
-35
-48
-62
-76
-86
-94
-100
-106
-111
-115
-119
-119
-117
-113
-105
-95
-83
-71
-61
-54
-50
-46
-43
-41
-41
-41
-45
-48
-54
-60
-65
-73
-78
-81
-84
-84
-85
-86
-88
-88
-84
-79
-71
-64
-54
-46
-38
-33
-27
-18
-6
9
22
37
50
61
70
78
87
100
114
128
138
141
142
139
136
135
133
129
123
115
105
90
75
56
39
24
8
-5
-19
-34
-49
-61
-71
-77
-79
-80
-78
-75
-74
-75
-77
-82
-83
-82
-79
-78
-76
-76
-76
-81
-88
-94
-97
-93
-89
-85
-82
-85
-91
-95
-97
-97
-94
-89
-84
-82
-80
-81
-82
-82
-80
-73
-65
-53
-42
-34
-23
-12
1
16
35
53
70
85
98
106
113
121
128
134
140
143
142
135
123
108
91
73
55
41
29
16
3
-11
-25
-37
-48
-54
-59
-66
-75
-83
-93
-103
-109
-114
-118
-121
-123
-124
-125
-124
-123
-119
-113
-105
-99
-93
-85
-79
-75
-71
-69
-67
-66
-57
-50
-46
-49
-56
-58
-61
-60
-57
-50
-44
-39
-33
-28
-20
-8
3
14
27
39
52
64
77
93
110
125
138
154
170
183
190
191
188
189
198
207
205
193
186
183
179
172
168
154
140
137
135
120
104
82
51
26
1
-17
-30
-39
-47
-62
-83
-95
-91
-82
-68
-49
-38
-38
-36
-29
-14
-2
5
1
-16
-18
-21
-22
-22
-29
-31
-26
-16
3
9
20
28
20
16
15
34
46
55
57
44
37
30
39
50
60
70
75
88
85
80
78
84
98
104
133
165
181
175
155
145
151
168
198
211
204
175
135
110
88
69
48
38
33
16
4
-4
-22
-38
-60
-81
-90
-82
-63
-67
-74
-82
-95
-98
-94
-73
-48
-28
-13
-13
-15
-25
-27
-20
-20
-10
14
44
64
84
99
77
58
44
42
58
75
80
79
71
67
66
74
78
48
19
-2
-20
-26
-47
-75
-80
-61
-64
-65
-40
-6
26
22
24
53
90
119
138
119
81
65
59
70
88
96
89
74
96
124
152
122
81
47
22
35
48
65
56
17
-28
-90
-128
-129
-106
-99
-137
-170
-175
-183
-210
-208
-196
-204
-208
-204
-201
-209
-264
-302
-308
-314
-314
-313
-318
-329
-366
-405
-422
-409
-359
-329
-323
-313
-322
-320
-318
-317
-285
-255
-254
-256
-240
-237
-215
-184
-154
-153
-166
-154
-145
-109
-114
-132
-135
-139
-119
-99
-78
-73
-83
-89
-65
7
49
40
20
1
-3
-12
-22
-50
-68
-86
-92
-118
-103
-82
15
53
136
126
470
1208
1136
873
157
-68
422
461
711
270
-210
-499
-227
467
-147
-627
-1187
-1183
-834
-1285
-1206
-196
1387
1795
580
-1443
-2306
-1091
405
1424
738
-792
-1313
25
1956
1610
230
-927
-464
1163
1628
1362
486
263
810
1587
1879
960
410
57
332
1063
920
331
-290
-103
212
231
-371
-1311
-1528
-1371
-827
-435
-410
-807
-781
-576
-676
-533
-519
-75
602
790
481
-72
-244
417
1224
1596
1017
407
247
202
763
944
606
308
-222
-18
38
-350
-458
-930
-631
-260
108
47
-720
-808
-532
5
198
206
241
-143
146
516
946
811
440
709
899
1137
926
865
863
801
945
670
436
410
138
28
-359
-631
-886
-1168
-1129
-956
-1087
-1492
-1733
-1817
-1514
-1239
-1041
-958
-1310
-1189
-850
-351
-10
-83
-139
-13
457
973
1010
653
299
456
786
1100
1043
507
493
454
1003
1089
891
679
278
357
205
24
-128
-559
-303
-609
-766
-1000
-1407
-1352
-1659
-1575
-1588
-1682
-1780
-1957
-1852
-1694
-1519
-1724
-1976
-2178
-2059
-1668
-1358
-1015
-720
-139
182
244
-56
-209
144
512
1142
1332
1264
1327
1725
2746
2743
2220
1746
1800
2307
2178
2321
2278
1983
1728
1645
1866
1284
603
339
354
315
-77
-30
-41
-107
-340
-670
-791
-970
-871
-844
-883
-761
-586
-321
-161
50
302
501
856
1310
1668
1874
2008
2189
2400
2602
2727
2671
2419
2220
2128
2063
1895
1585
1133
574
143
-170
-408
-695
-1028
-1222
-1429
-1613
-1870
-2173
-2249
-2320
-2108
-2068
-2056
-2182
-2354
-2171
-1662
-1148
-1009
-1292
-1535
-1362
-856
-568
-477
-652
-959
-791
-945
-692
-1144
-1357
-970
-522
-414
-1610
-3053
-3431
-3251
-2553
-2930
-3529
-1455
1212
1934
-901
-3852
-1876
874
2186
2258
1430
429
-1102
1528
5455
4849
854
-411
3096
4319
1630
535
1634
2147
380
802
2444
1672
-802
-2097
-737
-230
-681
-468
-98
230
-633
-1979
-2935
-3115
-1736
-271
-142
-602
-1520
-1975
-1200
-193
1242
986
246
802
1605
2866
2517
1836
2082
2547
3549
3206
2268
1464
1016
1536
2369
2843
1926
611
-120
149
589
78
-332
-588
-343
206
32
-469
-1059
-1093
-453
48
261
347
295
528
782
989
931
707
1060
1343
1487
1172
591
608
855
1307
1337
690
-295
-1271
-1355
-1079
-633
-955
-2083
-2720
-3021
-2654
-2528
-3182
-3658
-4189
-3740
-3482
-3367
-1270
142
603
-834
-2297
-504
599
1598
2056
1419
789
-41
2076
3701
2836
1202
566
1952
1547
650
597
385
401
-485
-17
255
-532
-1206
-1912
-1418
-1280
-1425
-1671
-2178
-1772
-2096
-2256
-2371
-2510
-2072
-2464
-2469
-2179
-2111
-1598
-1261
-940
-749
-794
-115
1501
2574
2363
1372
593
1651
3087
3823
3475
2180
1492
1756
2967
3637
2869
1700
1007
1682
2336
1910
919
49
270
849
1123
778
151
-302
-476
-2
333
-10
-596
-853
-242
-68
-407
-771
-875
-558
-413
-572
-872
-1153
-1156
-690
-586
-794
-1510
-1976
-1545
-1002
-1027
-2270
-3348
-3283
-2899
-2377
-3454
-4330
-5776
-5515
-70
4420
4859
-1069
-5648
-1823
3433
6407
5356
2816
608
-998
3812
8891
7919
1743
-717
4396
6642
3956
1620
2184
2767
559
1008
2956
2490
-591
-2539
-1221
-747
-1188
-2304
-2903
-2508
-3357
-3884
-4674
-4649
-3193
-3649
-4312
-4260
-3853
-3202
-3223
-2359
-1220
-1038
-412
1103
2556
2711
1748
1736
3147
4809
5756
5396
4349
3552
3117
3414
4285
4482
3420
1628
538
1024
1490
1061
56
-975
-1267
-1292
-1545
-2035
-2715
-2613
-2061
-1854
-2021
-2535
-2630
-2145
-1718
-1197
-1064
-861
-213
56
408
495
294
488
432
775
977
301
16
-285
-526
-718
-1304
-1642
-2633
-3269
-3520
-3415
-3684
-4762
-5563
-5641
-5716
-5300
-6484
-5857
-1534
2220
2681
-2152
-4895
-1705
2467
5140
4841
3178
761
127
4962
8437
7220
2102
1479
4955
5296
3493
1949
2701
2796
1120
1539
1882
1405
-758
-2205
-1453
-937
-601
-2179
-3095
-2736
-3204
-3523
-4552
-3978
-2881
-3508
-3563
-3045
-1810
-1011
-822
-38
822
1564
2611
4195
5275
5234
4584
4738
6242
7503
7355
6091
4900
4685
4686
4822
4887
4440
3352
2068
1463
1310
868
238
-379
-911
-820
-709
-1126
-1759
-2456
-1878
-1030
-1267
-1646
-2038
-1397
-541
-474
-333
-487
-189
129
335
599
352
-142
-476
-287
-168
-426
-1186
-1809
-2177
-2581
-2901
-3573
-4590
-5203
-5772
-5090
-5461
-5727
-6748
-7766
-8078
-7279
-2234
1579
1224
-3399
-6833
-3103
1794
4797
4611
2222
560
-59
4625
7996
6556
2011
912
5071
6018
3418
1052
1335
2640
1328
1166
1293
708
-1501
-3617
-2943
-2212
-1830
-3052
-4159
-4002
-4693
-4933
-5567
-5109
-3881
-4187
-4547
-4761
-4103
-2877
-1950
-638
230
382
423
1518
3427
4407
4245
3873
4653
5699
5941
5523
4559
4135
3948
4102
4431
3744
2679
1470
1044
1370
1342
907
-392
-1154
-1052
-691
-778
-1400
-1580
-1303
-938
-914
-583
-367
-707
-515
-48
908
1203
1053
1419
1515
1565
1248
1160
1653
1735
1979
1507
404
-419
-482
-219
-98
-828
-2172
-2992
-3675
-3375
-3204
-3896
-5072
-5883
-6580
-5229
-217
4048
3288
-2488
-6058
-1943
3907
6940
5576
1944
-1008
-149
6125
10142
7294
1122
462
5032
6226
3703
1436
2188
2753
783
402
1287
1501
-719
-3159
-2993
-1999
-1884
-3460
-4146
-3926
-4663
-5627
-6481
-5567
-4719
-5579
-5841
-5369
-4521
-4114
-3879
-2562
-1252
-806
29
1692
3155
3387
2989
3766
5584
6826
6881
5751
4682
4597
5147
5783
5607
4745
3591
2377
1728
1864
2100
1270
-208
-1127
-1052
-933
-1777
-2509
-2441
-1918
-1814
-2392
-2752
-2579
-1941
-1370
-1268
-1275
-1181
-697
-49
408
505
87
-270
-72
576
892
305
-465
-755
-1251
-1743
-2003
-2308
-2784
-4088
-5221
-5548
-5514
-5346
-5665
-6972
-7717
-4341
983
3335
-171
-5643
-5350
-558
4396
6292
4477
1233
-597
2639
8151
9583
5618
1863
3527
6277
6062
4003
3489
4312
2866
1054
1415
2803
2153
-1124
-2986
-2408
-1559
-2205
-2964
-3061
-3892
-5431
-6358
-5479
-4133
-4341
-5180
-5501
-5164
-4398
-3358
-1911
-545
57
309
1297
2825
4307
5089
5162
5706
6552
7466
7926
7333
6662
6102
5976
6362
6163
5242
3716
2417
2047
2318
2089
970
-458
-1542
-1731
-1903
-2269
-2339
-2167
-2106
-3029
-3799
-3353
-2269
-1577
-2014
-2346
-1823
-1061
-493
-359
-105
-47
-48
131
515
1100
900
156
-572
-1160
-896
-1246
-1672
-2682
-3729
-4485
-5189
-5613
-5376
-6037
-6719
-8313
-7636
-2717
1527
1683
-3737
-7334
-4368
1600
5654
5479
2651
-694
-923
5068
10479
10092
3595
1173
4569
6847
5195
3016
4468
4937
1928
-138
736
2639
574
-2361
-3077
-2515
-2689
-4519
-4736
-4200
-4915
-6276
-7425
-6761
-6148
-6339
-6851
-6329
-5284
-4523
-3886
-3275
-1725
-469
238
1930
3421
4679
4656
4590
6146
7854
8737
8315
7412
7040
6899
7055
7240
7017
5908
4363
3321
3145
3400
2737
1275
-237
-768
-523
-795
-1248
-1563
-1441
-1695
-2284
-2139
-1377
-848
-997
-1189
-774
-211
142
244
361
504
603
835
1068
1151
819
244
-227
-361
-431
-1044
-2339
-3179
-4263
-4556
-5461
-6142
-6458
-7092
-7825
-8582
-4962
-682
230
-3927
-8534
-5802
-8
3615
3526
1377
31
-615
3518
8589
9594
4995
1433
4552
7238
6197
3861
4817
6381
3217
458
1120
3496
2151
-1828
-2585
-1587
-1581
-4127
-5521
-4600
-4809
-6021
-7812
-7489
-6478
-6962
-8016
-8360
-6995
-5623
-5226
-5247
-4468
-2706
-1277
546
1862
2737
2990
3299
5165
6892
7635
7491
7369
8000
7969
7644
7477
7225
6424
5026
4384
4217
3773
2499
1164
604
155
-482
-1599
-2490
-2792
-2570
-2166
-2440
-3181
-3853
-3716
-2561
-1835
-1719
-1974
-1812
-1103
-726
-366
-181
339
745
1009
1106
657
274
65
308
262
-463
-973
-2162
-3119
-4091
-4329
-4397
-5758
-6763
-7616
-3453
1054
1691
-2802
-8651
-6498
184
5270
5500
2041
-821
-1843
3348
10502
12586
7394
1968
4873
8798
9029
6531
6926
8610
5661
2686
3355
5917
4394
-597
-2058
-766
272
-2150
-4472
-4766
-5517
-6335
-7498
-7194
-6400
-7210
-8866
-9956
-8938
-6814
-5107
-5012
-5126
-4474
-3613
-1386
855
2907
3732
3420
4532
6231
7416
7471
7387
8304
8953
8516
7779
7734
7288
5910
4548
4208
4433
3374
1324
-125
-494
-641
-1738
-3132
-3972
-3871
-3566
-3798
-4235
-4646
-4336
-3571
-3061
-2886
-2716
-1900
-909
-601
-686
-394
188
806
1626
2115
2090
972
-44
18
458
664
-202
-1286
-3073
-4203
-4857
-4898
-5652
-7446
-9252
-10323
-5537
-82
925
-5210
-12067
-8924
-631
4878
3969
-38
-3115
-4235
1661
10293
13333
6695
44
3380
8587
9097
5855
6897
8765
4803
771
2057
6447
4768
-1329
-3290
-1579
-701
-3885
-5503
-4812
-5548
-7786
-9473
-7825
-6199
-7107
-9311
-10189
-8681
-6807
-5010
-4370
-3753
-3213
-2826
-507
2097
4752
5533
5134
6054
7624
9145
9506
9494
10093
10567
10129
9381
9102
8669
7703
6361
5747
5621
4358
2429
711
409
647
-103
-1654
-2926
-2837
-2514
-2702
-3468
-3470
-2578
-2492
-2918
-3021
-1664
8
288
-184
-485
-3
488
1339
2651
2971
2034
260
-90
776
1145
738
-633
-1868
-3214
-4155
-4749
-4838
-5975
-7237
-10082
-9583
-3698
1616
156
-8730
-12815
-6432
2710
5143
1638
-2212
-4668
-2797
4929
12477
11474
1838
-463
6161
11129
7775
4353
7864
8879
3444
-325
4049
8330
3371
-3106
-3449
-21
-1222
-5478
-5875
-4437
-5815
-9576
-10576
-8326
-7140
-9058
-11556
-11111
-9644
-7994
-7264
-7228
-6026
-5010
-3320
-1443
-101
1683
2635
3852
5499
7227
7702
7336
7486
9142
10473
9745
8745
8134
7592
7046
6699
7009
5880
3373
1408
1040
1563
839
-759
-2592
-3478
-3144
-2756
-3060
-4390
-4839
-4159
-3238
-3101
-3314
-2794
-1971
-1189
-870
-449
69
230
1310
2236
2628
2143
1056
1243
1672
1823
1619
795
-414
-1754
-2719
-2913
-3906
-5338
-7760
-5963
-526
2653
-1056
-9519
-10954
-4086
3504
4445
929
-2203
-4790
-2980
4562
12001
10515
1437
-384
5141
9773
8042
7063
10029
8128
2476
1345
7546
10100
3569
-1993
-824
2323
-283
-3817
-3426
-2622
-5417
-9597
-9301
-6975
-6700
-9210
-11261
-10617
-9962
-8774
-7964
-7630
-7188
-6616
-4267
-2095
-860
9
1053
2814
4593
6569
7317
7257
7360
8858
10545
10544
10013
9398
8728
7694
7483
8343
7796
5240
2463
1996
2594
1890
-37
-1980
-2967
-3369
-3451
-3283
-3780
-5137
-6115
-5651
-4559
-4016
-4161
-4074
-3688
-3497
-2997
-1713
-607
42
123
319
595
364
536
1317
1696
1359
217
-1044
-2170
-2567
-2618
-3183
-5715
-6890
-2361
2219
746
-7725
-12080
-6802
318
2435
146
-2030
-4777
-5736
-38
8261
9380
1670
-1503
3653
7485
5806
5382
10873
10778
3139
-130
7008
12893
7136
-217
459
4232
2500
-1617
-479
823
-3071
-8850
-8880
-5108
-4342
-7147
-10007
-10430
-10586
-10213
-8514
-7308
-6946
-7435
-6919
-5021
-3147
-1288
-73
937
2462
4472
5700
5926
6412
8060
10037
10397
10365
9953
9375
8727
8755
9957
9749
7817
5520
4511
4973
4862
3507
1154
-655
-1236
-1125
-1128
-1929
-2961
-4404
-5048
-4857
-4348
-3671
-3621
-3512
-4025
-4623
-4016
-2232
-686
-569
-969
-660
-300
-461
-220
761
1550
897
-525
-1433
-1374
-1652
-1696
-2859
-4273
-5435
-4728
-344
1212
-1726
-7984
-9570
-4099
1088
1851
-1290
-3754
-5273
-3847
2260
7377
6030
-823
-1670
3868
7023
5652
4733
8153
7000
1985
1698
7577
10537
4505
-561
839
3503
1718
-994
89
-363
-4436
-8686
-7218
-4051
-4641
-7768
-10608
-10581
-10378
-9733
-8410
-7799
-7379
-8282
-8394
-6956
-4108
-1418
-970
-1166
-228
1989
3217
3996
5915
7726
8169
6968
7704
9095
9384
8879
8701
9278
8508
7341
7150
7090
6141
4868
4051
3032
1816
1234
1363
630
-930
-1614
-1706
-2283
-3574
-3559
-2154
-1703
-2890
-4237
-4073
-2931
-2027
-1540
-914
-597
-1369
-2018
-1632
188
1407
1196
501
-203
-600
-1247
-1014
-472
-322
-2499
-4300
-4440
-944
2064
655
-3634
-6819
-4227
33
1721
351
-1742
-3307
-3596
-37
5256
5994
1160
-2247
1709
5347
4781
3113
5456
6844
2396
-18
4534
9447
6311
-165
-197
2774
2362
-731
-144
1118
-2152
-7126
-7382
-3737
-3353
-6189
-8701
-9128
-9340
-9815
-8385
-6756
-6793
-8123
-8599
-7049
-4752
-3129
-2548
-2442
-1733
-120
1508
2252
3513
4540
5212
5311
6195
7852
7939
7130
7038
8134
8519
7287
6361
6491
6795
6212
5063
3646
2917
2795
2865
2247
717
-336
-1185
-1843
-1646
-1094
-879
-2515
-4455
-4387
-3008
-2156
-2486
-2753
-2546
-2440
-2957
-2566
-1259
-104
-158
-1186
-1512
-1115
-404
-230
-107
-474
-1203
-2332
-3052
-2771
-2189
-2037
-751
589
360
-2560
-5112
-3293
447
2384
414
-1574
-2138
-1714
502
3492
5486
3204
-314
95
2750
4871
4773
5093
4905
2513
1164
3682
7377
6515
2497
152
600
1338
1371
2344
1677
-1720
-5336
-5362
-2807
-2395
-4000
-6215
-7765
-8755
-8208
-5632
-4102
-5435
-8004
-8752
-7129
-4413
-2152
-1417
-2344
-3430
-2484
80
2363
3619
3733
3257
2490
3002
5445
7361
7509
6472
6053
6279
6121
6246
6942
7246
6236
4705
4080
4585
4560
3438
1916
1069
1119
1113
478
-441
-1512
-2386
-2655
-2524
-2389
-2900
-3500
-3574
-3383
-3538
-3355
-2793
-2437
-2834
-3344
-2531
-1498
-1502
-1939
-2080
-1436
-1038
-1000
-1268
-1606
-2501
-2986
-2272
-1057
-196
-341
-214
-347
-931
-2175
-1736
219
1233
80
-1493
-920
528
1076
1606
1890
1299
-366
68
2628
3998
2846
1514
2161
2323
2120
3368
5166
4067
351
-760
1650
3268
2158
970
682
-1151
-3801
-3962
-1252
-484
-2994
-5631
-6304
-5904
-5590
-4500
-3686
-4703
-6688
-6900
-5038
-3077
-2186
-2020
-2153
-2356
-1946
-293
1421
2307
2264
1985
2178
3066
4888
6187
6205
5386
5120
5559
5938
6302
6795
6882
6189
5096
4358
4392
4564
4800
4294
2723
1003
84
371
564
-4
-964
-1772
-2350
-2900
-3072
-2826
-2406
-2602
-3296
-3509
-3077
-2248
-1972
-2111
-2024
-1856
-1853
-1735
-1379
-608
-272
-527
-810
-1093
-1082
-878
-732
-550
-941
-1436
-1951
-1155
844
1455
-152
-3349
-2980
-473
987
-234
-1665
-1429
-1884
-1784
423
2988
1313
-3130
-2693
1429
3626
1851
1346
3054
1304
-1219
1050
6691
6450
736
-1460
1634
3092
930
1279
3468
1620
-3563
-4816
-898
682
-1561
-3593
-3825
-4904
-6092
-4269
-1609
-2184
-5160
-6084
-4691
-3379
-2387
-1158
-844
-2439
-3178
-1550
777
1849
2034
2350
1998
1666
2879
5017
6002
5228
4662
5040
5385
5435
5997
6548
6353
5551
4664
4577
4439
4081
3400
2143
1614
1563
1256
465
-304
-420
-849
-2078
-2689
-2134
-1732
-2176
-2578
-2311
-2072
-2498
-2521
-1573
-922
-1129
-1520
-1205
-763
-564
-201
402
430
-275
-617
-443
-13
-108
-438
-946
-1504
-1637
-928
-440
118
-547
-1395
-2947
-3458
-1746
-313
-395
-2444
-3338
-3079
-2117
-494
803
202
-2638
-3189
-362
1981
1604
407
1834
2001
261
221
3716
5537
2683
63
1496
3280
1794
678
2344
2499
-909
-3792
-1791
645
-458
-2821
-3573
-3759
-5023
-5096
-3283
-2533
-4357
-6057
-5643
-4556
-3612
-2692
-1832
-2575
-3527
-2575
-533
599
682
1145
1715
1283
1364
2964
4696
4632
3794
3776
4225
4215
4433
5159
4788
3265
2298
2982
3581
2653
1568
1267
1078
349
-24
375
183
-950
-1440
-491
275
-360
-1560
-1567
-732
-80
253
380
231
-361
-559
85
1083
1344
812
-72
-339
128
698
982
664
382
-267
-1037
-1248
-761
-386
-1518
-2931
-3444
-2719
-2480
-2041
-1404
-1792
-3730
-5755
-4222
-1512
-875
-2405
-3647
-3452
-3371
-2200
592
2248
-46
-2721
-1157
2144
3529
2776
3681
4047
1672
711
4179
7954
6055
1967
1787
3832
3541
2488
4057
4762
1441
-2244
-960
2085
1607
-720
-1765
-2040
-3540
-3720
-1395
-365
-2640
-4886
-4036
-2249
-1620
-1330
-758
-1574
-3006
-2125
699
2195
1236
162
380
670
1296
2685
3537
2466
734
808
2225
2991
2745
2453
1737
789
635
1551
2568
2196
1536
1038
442
239
776
1852
1789
511
-280
31
756
1121
1203
877
158
-345
167
1169
1328
697
76
105
372
565
810
586
-246
-1123
-1341
-594
-150
-616
-1809
-2876
-3113
-2830
-2599
-3071
-3898
-4991
-5369
-5227
-4735
-4445
-4431
-4114
-4244
-4756
-5350
-4535
-2984
-2307
-2624
-2787
-2224
-1920
-1318
271
1514
717
-862
308
2696
3433
2340
2345
3645
3272
2394
3560
5657
4842
2023
1340
3211
3964
2871
2712
2918
1326
-832
-386
2131
2389
240
-1422
-1695
-1808
-1717
-475
501
-736
-2913
-3147
-1733
-669
-606
-787
-1302
-2252
-2174
-721
438
77
-780
-893
-718
-554
190
1230
1082
13
-105
1135
2002
1478
1297
2135
2600
2211
1871
2694
3422
3128
2956
3259
3512
3128
2935
3420
3583
3099
2774
3196
3449
3138
2618
2362
2308
2344
2564
2447
1674
815
548
382
-135
-597
-635
-940
-2079
-2964
-2882
-2564
-3108
-3993
-4349
-4475
-4639
-4746
-4493
-4603
-5145
-5390
-5046
-4482
-4495
-4405
-4371
-3379
-2437
-1943
-2577
-3873
-3119
-1368
73
-228
-944
-1218
-1432
-698
1230
2803
1451
-841
-614
1438
2828
2538
3119
3319
1696
471
2467
5605
5338
2782
1644
2397
2522
2595
4067
4515
2134
-610
187
2456
2486
946
-59
-551
-1886
-2162
-484
466
-1287
-3688
-3901
-2952
-2490
-2511
-2406
-3264
-4514
-4305
-2775
-1944
-2648
-2984
-2444
-2247
-2270
-1379
-199
-303
-1080
-617
872
1235
744
1161
2137
2477
1966
2349
3559
3932
3671
3635
4118
4154
3978
4301
4826
4663
3920
3506
3480
3539
3503
3421
2900
1861
1181
1148
1170
715
-16
-509
-1020
-1608
-1832
-1765
-1930
-2425
-2744
-2505
-2395
-2688
-2896
-2832
-2562
-2562
-2563
-2511
-2511
-2527
-2335
-2199
-2282
-2367
-2430
-2207
-2152
-1405
-443
-458
-1657
-2980
-2477
-1114
-288
-362
-649
-1170
-1871
-1375
507
2133
1352
-260
-239
883
1887
2367
3294
3463
2120
1390
2936
5009
4913
3469
2847
3189
3128
3290
4236
4322
2661
828
908
1877
1868
1200
423
-574
-1786
-1990
-1050
-839
-2059
-3392
-3717
-3629
-3554
-3268
-2873
-3303
-4261
-4487
-3809
-2991
-2656
-2625
-2737
-2964
-2751
-1728
-660
-284
-424
-384
193
875
1493
2074
2362
2338
2331
2649
3282
3715
3559
3192
3024
3174
3356
3042
2478
2035
1812
1781
1670
1423
1053
582
294
371
540
516
117
-381
-592
-489
-243
-313
-655
-916
-893
-788
-877
-1077
-1051
-1014
-1242
-1523
-1549
-1347
-1527
-2008
-2234
-2162
-2266
-2594
-2743
-2583
-2647
-3036
-3324
-3178
-3047
-2502
-1554
-933
-1482
-2926
-3107
-2037
-818
-250
70
145
-577
-974
150
2204
2759
1736
1280
1931
2704
2932
3555
4332
4040
3134
3399
4827
5384
4501
3548
3538
3875
4109
4437
4343
3150
1524
993
1610
2056
1559
345
-871
-1776
-1914
-1391
-1179
-1980
-3327
-4121
-3947
-3289
-2958
-3236
-4045
-4591
-4401
-3640
-2893
-2804
-3244
-3736
-3626
-2748
-1744
-1393
-1709
-2230
-2327
-1924
-1197
-520
-407
-761
-1019
-761
-123
496
801
947
990
1176
1508
1847
2092
2248
2342
2391
2555
2924
3314
3223
2799
2614
2817
3029
2958
2860
2831
2489
1982
1695
1658
1481
991
665
511
162
-405
-780
-935
-1181
-1583
-1844
-2001
-2430
-2938
-3062
-2887
-2841
-2831
-2794
-2903
-3268
-3365
-2726
-2081
-2110
-2412
-2393
-2194
-2114
-1721
-883
-300
-580
-863
-563
-62
113
215
588
766
590
640
1310
1917
2026
2017
2059
2084
2134
2519
3103
3263
3246
3428
3663
3550
3420
3730
4033
3714
3198
3202
3407
3204
2743
2601
2506
1912
1130
830
925
750
98
-559
-1021
-1361
-1669
-2022
-2456
-2914
-3193
-3280
-3361
-3544
-3660
-3808
-4032
-4073
-3762
-3297
-3185
-3475
-3645
-3376
-2859
-2364
-2061
-1787
-1589
-1478
-1168
-689
-87
358
611
858
1138
1457
1727
1917
2161
2500
2805
2896
2776
2591
2545
2665
2892
3079
2986
2649
2277
2080
2106
2080
1877
1544
1127
702
505
559
573
242
-347
-849
-1154
-1269
-1233
-1176
-1444
-2092
-2658
-2628
-2310
-2253
-2499
-2775
-2942
-3111
-3051
-2613
-2099
-1971
-2205
-2381
-2341
-2078
-1632
-1087
-810
-908
-998
-776
-317
87
424
669
753
687
794
1279
1834
2181
2240
2242
2299
2436
2642
2677
2535
2279
2154
2268
2373
2273
1844
1317
881
712
677
526
222
-250
-722
-1070
-1080
-890
-956
-1377
-1826
-1983
-1937
-1924
-1931
-1902
-1945
-2141
-2242
-2119
-1854
-1655
-1520
-1388
-1372
-1336
-1162
-790
-437
-315
-247
-104
112
269
457
724
997
1166
1127
1097
1171
1438
1724
1933
2073
2051
1975
1897
1944
2145
2290
2302
2188
2077
2035
1997
1955
1908
1878
1770
1563
1309
1181
1173
1032
727
449
339
297
93
-175
-293
-322
-487
-741
-828
-764
-820
-1123
-1438
-1519
-1387
-1283
-1351
-1487
-1594
-1646
-1705
-1736
-1545
-1231
-1068
-1215
-1362
-1247
-978
-714
-438
-84
135
92
53
213
464
684
875
1106
1182
987
798
860
982
1014
901
803
686
370
103
75
248
289
-25
-524
-895
-1021
-940
-851
-927
-1240
-1684
-2028
-2070
-1882
-1657
-1682
-1975
-2234
-2314
-2181
-1960
-1777
-1655
-1651
-1730
-1693
-1478
-1225
-1150
-1136
-952
-692
-628
-732
-791
-646
-434
-215
61
231
70
-218
-207
220
685
850
831
764
771
861
1133
1470
1564
1365
1181
1349
1726
2036
2019
1710
1459
1508
1839
2057
1960
1730
1597
1592
1660
1787
1889
1772
1418
1147
1211
1423
1463
1240
954
763
611
525
578
654
538
189
-61
-46
139
276
321
259
73
-109
-93
203
475
498
408
291
254
277
456
773
895
724
466
388
477
548
569
628
631
489
299
245
343
370
263
71
-68
-135
-210
-313
-434
-531
-625
-733
-867
-957
-1028
-1094
-1167
-1226
-1276
-1337
-1396
-1396
-1369
-1372
-1398
-1413
-1356
-1306
-1320
-1349
-1372
-1346
-1313
-1276
-1154
-1104
-1178
-1257
-1253
-1215
-1209
-1180
-1023
-935
-1036
-1062
-860
-581
-463
-424
-267
-112
-65
-57
-39
-76
-123
-4
208
229
79
51
173
201
186
336
523
443
181
200
415
510
453
470
552
439
320
434
594
537
366
348
406
351
318
444
464
298
145
232
383
372
356
382
327
206
254
501
651
580
459
417
409
429
554
684
709
645
640
719
735
757
838
943
931
830
759
753
749
654
619
663
710
680
596
595
639
639
608
581
568
512
418
393
439
444
342
183
77
49
-10
-178
-392
-498
-446
-398
-480
-644
-740
-779
-859
-940
-947
-864
-868
-981
-1039
-1000
-932
-917
-872
-780
-707
-695
-729
-762
-746
-595
-410
-389
-566
-713
-596
-379
-264
-237
-212
-236
-343
-384
-226
-19
-3
-120
-167
-83
32
114
202
225
194
167
174
160
99
166
330
270
19
-145
-55
51
-6
-11
64
27
-160
-214
-20
143
26
-119
-141
-142
-171
-201
-200
-272
-395
-413
-365
-400
-501
-545
-510
-463
-422
-401
-439
-524
-534
-408
-298
-247
-239
-223
-209
-177
-29
154
253
266
279
351
465
581
704
767
771
778
853
939
950
934
901
865
802
742
702
652
604
511
446
401
330
231
116
54
37
28
-76
-195
-261
-226
-168
-131
-85
-62
-117
-207
-209
-90
1
16
16
19
14
-5
136
351
457
384
313
363
422
459
487
516
434
286
223
250
224
147
178
235
126
-87
-151
-75
-67
-127
-105
-74
-120
-217
-196
-101
-119
-176
-143
-45
-64
-140
-73
84
185
175
149
140
119
187
336
426
303
87
-32
-32
39
108
122
-29
-331
-570
-572
-447
-374
-393
-471
-553
-605
-554
-419
-263
-136
-152
-241
-286
-219
-36
119
144
92
39
12
73
222
352
304
153
78
125
184
135
48
-44
-172
-327
-405
-355
-309
-386
-565
-737
-842
-859
-789
-746
-800
-946
-1042
-1022
-946
-891
-855
-762
-710
-681
-578
-395
-256
-231
-146
71
241
230
169
187
313
455
542
584
549
458
401
455
537
550
509
428
340
294
320
357
320
235
167
150
129
111
136
144
98
31
-15
37
160
214
189
124
147
264
386
466
484
483
479
486
582
681
725
679
588
515
478
489
490
442
300
184
134
135
138
90
-14
-131
-161
-73
10
-57
-154
-158
-89
-62
-47
55
136
39
-132
-137
-10
90
90
67
36
-65
-150
-99
32
59
-147
-360
-417
-345
-242
-225
-314
-550
-778
-855
-737
-594
-596
-731
-879
-909
-856
-742
-614
-497
-413
-427
-476
-440
-293
-85
77
147
131
76
76
200
375
507
524
440
309
228
280
406
478
380
223
132
107
72
67
108
29
-185
-349
-291
-148
-147
-296
-466
-571
-614
-538
-434
-483
-686
-857
-826
-682
-552
-448
-419
-526
-693
-675
-420
-161
-100
-180
-254
-268
-225
-69
162
293
261
166
177
324
484
582
622
664
716
744
799
874
929
936
933
986
1050
1076
1019
906
853
889
929
886
776
702
683
664
622
558
448
297
152
105
163
123
-68
-302
-444
-477
-462
-418
-423
-538
-718
-809
-725
-561
-480
-555
-646
-652
-592
-516
-424
-321
-264
-241
-183
-53
89
159
185
248
357
442
489
538
576
569
535
522
561
654
729
711
616
532
508
487
480
474
428
303
126
-2
-46
-31
-51
-131
-252
-373
-417
-430
-490
-574
-599
-572
-604
-708
-802
-831
-843
-865
-854
-811
-801
-856
-912
-910
-848
-761
-689
-659
-687
-715
-680
-584
-446
-336
-297
-295
-255
-118
68
213
224
197
293
481
632
660
677
722
733
754
864
1013
1019
882
798
862
918
828
705
611
478
321
255
274
178
-23
-161
-211
-285
-418
-493
-527
-636
-775
-813
-785
-855
-1002
-1035
-968
-921
-888
-793
-690
-693
-705
-592
-406
-294
-254
-185
-96
-41
36
191
326
366
392
528
725
811
836
926
1033
1061
1054
1138
1230
1205
1131
1143
1235
1241
1147
1114
1153
1146
1053
953
876
748
623
585
562
429
192
-7
-108
-184
-279
-368
-503
-687
-835
-885
-883
-923
-996
-1045
-1073
-1130
-1180
-1159
-1082
-986
-901
-872
-874
-861
-756
-573
-425
-344
-304
-272
-242
-141
78
314
411
342
267
313
472
656
764
738
593
484
535
701
814
762
609
439
327
351
448
491
364
109
-97
-174
-150
-137
-208
-395
-596
-709
-738
-756
-816
-892
-990
-1102
-1135
-1049
-984
-1082
-1241
-1254
-1136
-1061
-1060
-1040
-1007
-1023
-1017
-862
-633
-513
-529
-534
-445
-312
-168
14
216
288
251
260
393
626
844
952
908
843
896
1093
1295
1380
1360
1277
1216
1235
1375
1515
1488
1298
1096
1057
1122
1154
1087
932
751
614
543
522
461
315
146
-1
-88
-159
-206
-248
-349
-494
-599
-596
-546
-545
-594
-630
-628
-598
-571
-555
-516
-457
-403
-338
-283
-260
-239
-211
-129
-27
9
0
8
45
124
205
249
255
218
197
227
297
370
396
368
327
296
299
338
350
332
261
180
163
200
236
182
67
-59
-125
-126
-122
-175
-301
-436
-525
-573
-649
-727
-770
-813
-885
-967
-1010
-1041
-1076
-1060
-988
-926
-963
-1009
-969
-888
-833
-778
-670
-576
-560
-543
-459
-339
-205
-56
80
125
105
147
303
486
612
676
675
639
661
789
963
1051
1012
918
872
924
1039
1111
1071
966
878
862
885
922
963
922
754
538
447
533
612
554
394
228
134
95
106
115
26
-157
-314
-352
-316
-278
-305
-424
-594
-706
-694
-638
-628
-689
-774
-824
-846
-816
-714
-638
-679
-782
-772
-648
-556
-532
-506
-439
-394
-369
-289
-156
-81
-85
-41
74
182
213
207
241
291
363
449
498
488
452
466
499
490
475
472
454
364
288
295
335
326
243
164
130
115
75
35
-10
-73
-135
-189
-210
-220
-238
-271
-323
-337
-320
-311
-328
-335
-291
-258
-261
-268
-225
-167
-157
-141
-96
-72
-94
-116
-80
-27
-12
-32
-53
-51
-47
-8
72
142
171
180
186
211
284
373
446
474
494
531
569
617
664
717
747
747
709
636
603
623
675
661
547
422
329
280
250
232
183
39
-176
-314
-288
-250
-308
-455
-581
-653
-719
-736
-714
-717
-798
-926
-976
-917
-826
-796
-833
-874
-883
-840
-765
-699
-672
-679
-704
-695
-618
-520
-466
-464
-477
-455
-395
-308
-234
-203
-191
-199
-174
-119
-24
97
168
163
129
194
333
433
451
455
503
552
572
596
651
687
650
619
653
711
725
693
668
653
661
683
714
712
670
629
618
626
601
554
494
408
312
262
250
233
170
88
48
46
68
73
57
11
-35
-11
56
112
112
104
116
118
113
112
141
176
213
213
185
148
118
146
215
299
319
223
94
54
138
247
272
195
78
0
-4
56
140
147
46
-94
-160
-125
-61
-35
-97
-213
-319
-329
-246
-182
-198
-311
-430
-489
-471
-390
-341
-376
-494
-592
-588
-521
-462
-469
-532
-619
-676
-673
-632
-610
-651
-718
-762
-754
-715
-673
-644
-657
-697
-706
-630
-516
-449
-439
-432
-388
-326
-238
-130
-33
0
-5
9
71
168
235
269
263
261
300
360
396
388
374
368
376
381
407
440
426
387
365
390
431
420
376
348
356
360
343
330
331
342
332
310
290
240
187
164
203
237
211
123
35
36
97
176
195
127
34
1
79
174
196
150
86
47
55
135
230
250
177
105
121
181
227
251
261
238
194
187
225
274
290
269
235
192
162
163
185
180
146
107
65
21
-27
-61
-95
-143
-185
-217
-254
-325
-409
-462
-481
-491
-521
-554
-607
-669
-704
-690
-644
-619
-632
-670
-691
-675
-620
-545
-494
-481
-498
-502
-456
-368
-284
-246
-256
-260
-210
-127
-56
-24
-18
2
25
73
158
260
315
294
282
344
446
501
504
506
512
489
479
532
590
575
482
413
408
409
405
396
368
288
185
127
120
119
101
69
0
-101
-165
-134
-61
-56
-122
-202
-245
-257
-250
-197
-157
-193
-271
-305
-247
-170
-141
-140
-143
-135
-104
-50
16
55
63
75
107
148
194
223
234
226
221
248
281
290
255
206
182
172
171
171
158
121
69
22
3
2
-7
-47
-124
-172
-182
-188
-221
-265
-279
-305
-356
-388
-373
-360
-401
-458
-455
-425
-426
-442
-428
-401
-388
-382
-323
-254
-221
-199
-161
-92
-33
32
111
174
212
252
316
387
454
527
593
618
621
660
733
804
834
840
834
794
778
799
831
827
766
701
636
576
546
533
501
415
300
194
112
55
20
-27
-136
-277
-386
-432
-465
-523
-583
-655
-743
-828
-853
-819
-820
-869
-912
-906
-878
-861
-837
-790
-748
-725
-696
-636
-560
-490
-429
-356
-281
-215
-148
-81
-2
72
144
207
245
286
337
396
436
453
482
519
541
538
527
527
516
489
462
440
397
323
243
194
170
128
57
-35
-126
-187
-220
-248
-306
-400
-487
-553
-587
-597
-604
-647
-739
-808
-797
-735
-692
-687
-700
-709
-694
-632
-512
-400
-349
-329
-284
-183
-51
94
225
308
361
433
559
707
824
916
988
1045
1093
1160
1246
1310
1338
1343
1344
1333
1321
1322
1321
1288
1213
1125
1050
983
919
843
753
633
496
376
290
220
127
9
-110
-221
-315
-392
-450
-514
-603
-702
-785
-834
-874
-913
-954
-985
-1017
-1054
-1069
-1064
-1049
-1032
-1011
-986
-965
-937
-889
-834
-782
-735
-681
-627
-579
-516
-431
-349
-284
-224
-158
-94
-37
30
106
167
204
239
279
323
356
391
417
423
424
427
426
406
377
358
337
289
222
159
106
47
0
-29
-73
-149
-230
-274
-284
-288
-306
-331
-366
-403
-420
-408
-386
-380
-391
-392
-382
-370
-356
-320
-260
-210
-181
-168
-141
-91
-29
42
106
145
146
154
212
308
381
399
399
414
454
504
563
614
619
594
587
626
677
690
684
682
684
677
680
709
728
719
690
667
652
632
610
587
555
496
423
357
306
277
241
176
88
7
-34
-53
-75
-124
-189
-256
-319
-346
-343
-341
-388
-473
-537
-549
-535
-519
-513
-525
-559
-590
-578
-518
-459
-441
-452
-470
-458
-414
-348
-285
-262
-267
-265
-230
-175
-127
-97
-97
-109
-106
-69
-22
-2
-13
-29
-26
-5
29
66
84
77
74
93
119
141
146
137
110
83
75
81
74
42
6
-26
-55
-74
-76
-76
-100
-141
-171
-179
-182
-194
-211
-232
-264
-292
-300
-298
-305
-325
-342
-343
-336
-326
-312
-299
-284
-263
-230
-194
-161
-125
-82
-35
7
45
93
142
192
237
265
288
306
328
364
390
382
352
336
353
383
392
373
331
291
285
324
365
356
293
243
230
248
269
269
220
130
67
75
112
106
63
12
-18
-24
-9
18
14
-33
-76
-60
-19
-10
-27
-56
-79
-97
-94
-64
-44
-67
-103
-102
-75
-45
-21
-23
-36
-43
-21
42
99
126
132
146
179
217
251
275
283
282
275
273
276
262
235
200
182
165
131
101
89
76
43
9
-27
-52
-65
-84
-93
-122
-175
-242
-290
-316
-339
-386
-438
-486
-521
-522
-525
-503
-502
-514
-498
-482
-456
-416
-391
-377
-372
-356
-321
-300
-292
-280
-251
-221
-212
-211
-216
-203
-189
-189
-182
-186
-175
-127
-89
-43
-9
-5
8
43
85
122
146
154
167
176
178
199
219
214
207
210
220
225
191
173
177
189
207
213
206
182
174
179
184
191
199
168
146
117
97
122
129
128
122
124
111
116
124
116
105
103
112
107
118
130
150
147
129
164
196
214
211
203
194
193
189
170
164
154
136
138
138
122
128
140
157
167
153
126
133
168
216
244
252
244
218
226
252
287
330
334
306
306
324
334
335
328
307
287
277
264
269
255
217
178
111
87
43
-8
-43
-84
-138
-208
-282
-345
-375
-409
-462
-535
-601
-616
-620
-648
-660
-664
-698
-713
-715
-700
-675
-670
-659
-670
-659
-646
-635
-632
-627
-617
-599
-562
-510
-476
-436
-377
-367
-362
-345
-307
-248
-189
-142
-94
-42
-17
-11
28
94
175
234
262
286
320
345
371
400
435
488
506
521
532
542
536
524
544
553
539
532
513
487
461
440
411
351
267
181
122
77
29
-22
-52
-75
-95
-147
-190
-224
-290
-320
-311
-278
-258
-263
-241
-233
-221
-158
-106
-58
-50
-19
28
58
74
87
115
134
148
170
203
274
261
341
351
436
435
613
1145
1127
615
327
698
644
263
749
1362
1074
726
931
744
-368
-1031
-303
447
495
469
667
468
-761
-952
-559
-754
-844
-392
-93
-602
-397
-446
-1434
-1915
-1629
-1120
-1214
-1146
-691
-604
-644
-885
-1157
-1182
-1211
-1083
-835
-384
73
310
586
358
114
-142
-211
10
192
570
902
1163
979
649
557
257
45
206
589
691
672
782
534
-4
-191
-268
-270
-376
-377
-7
-34
-257
-406
-508
-631
-761
-481
-292
-279
-262
-188
-75
-74
-70
-50
-34
-43
67
306
412
328
249
240
287
309
422
476
421
458
462
446
310
127
112
211
286
251
299
241
39
-34
-27
-75
-87
12
95
129
142
91
5
-104
-187
-98
75
158
171
189
215
108
54
50
37
57
73
144
155
92
-10
-96
-141
-154
-93
-31
21
-4
-44
-61
-153
-169
-60
5
109
259
328
275
232
246
221
260
368
507
604
533
426
340
188
55
29
83
134
245
353
319
119
-92
-198
-200
-165
-118
-13
115
121
38
-54
-179
-325
-380
-291
-128
-7
52
128
125
59
-38
-93
-106
-62
70
206
276
293
236
103
-19
-88
-84
-90
-102
-29
11
-24
-127
-243
-343
-403
-433
-401
-362
-364
-335
-328
-303
-306
-310
-273
-284
-297
-293
-289
-276
-244
-192
-142
-123
-127
-179
-252
-273
-235
-158
-87
-58
-65
-115
-184
-234
-275
-306
-295
-260
-217
-169
-118
-93
-128
-156
-155
-156
-79
27
96
178
264
330
320
273
257
255
287
378
478
520
502
430
338
266
241
268
296
271
210
150
78
9
-20
-23
-56
-75
-93
-127
-141
-168
-163
-185
-250
-232
-207
-242
-244
-236
-238
-224
-180
-100
-40
0
53
60
11
-25
-12
26
44
71
80
78
71
77
104
122
144
137
153
166
168
163
178
232
221
209
193
179
206
263
354
442
480
458
418
367
341
340
367
403
400
364
308
215
79
-32
-45
-8
-4
-35
-97
-218
-338
-422
-432
-410
-407
-388
-422
-443
-466
-510
-524
-521
-488
-436
-380
-352
-333
-298
-247
-237
-243
-206
-150
-112
-93
-26
35
61
100
104
80
51
72
138
169
159
170
188
127
66
48
40
2
-12
39
76
68
38
9
-48
-87
-82
-62
-42
-61
-61
-85
-126
-134
-111
-107
-141
-122
-67
-42
-103
-171
-159
-155
-156
-141
-109
-78
-99
-99
-104
-71
-28
21
64
35
36
68
83
94
101
142
186
209
258
282
277
259
237
266
297
312
312
287
263
213
170
132
113
73
25
20
2
-30
-83
-115
-132
-167
-165
-174
-184
-201
-218
-188
-185
-182
-196
-220
-235
-241
-192
-142
-112
-109
-98
-76
-59
-46
-45
-14
30
61
89
107
98
92
103
150
184
192
203
183
161
150
143
165
178
182
148
112
96
47
4
-26
-25
-26
-27
-25
-47
-49
-52
-85
-101
-94
-75
-58
-32
-20
-34
-63
-88
-115
-157
-170
-124
-61
-35
-22
-22
-40
-73
-107
-100
-42
17
60
91
84
42
-5
-41
-45
-29
23
87
124
128
86
28
-41
-84
-56
2
59
78
57
10
-53
-71
-73
-74
-68
-57
-42
-38
-40
-44
-49
-56
-64
-98
-148
-172
-146
-113
-98
-85
-91
-124
-182
-199
-176
-149
-92
-33
-3
-20
-61
-93
-113
-100
-45
18
49
48
40
26
13
6
10
34
49
55
85
95
82
67
58
55
47
50
49
51
66
84
83
40
25
38
23
4
16
57
79
86
105
117
117
96
77
79
94
128
156
181
173
148
126
92
87
100
137
172
178
175
166
147
109
80
74
68
77
82
82
77
53
28
-5
-21
-21
-20
-17
-15
-21
-33
-61
-89
-132
-148
-135
-121
-112
-99
-79
-99
-115
-122
-143
-161
-153
-120
-96
-96
-107
-122
-136
-151
-169
-184
-195
-187
-154
-109
-90
-105
-106
-115
-141
-146
-106
-52
-14
12
15
3
-21
-40
-63
-58
-9
25
35
40
42
20
-10
-30
-69
-93
-67
-11
22
38
52
14
-52
-90
-81
-57
-19
26
60
48
14
-13
-43
-67
-61
-19
34
91
126
119
71
10
0
8
18
54
105
131
108
99
99
61
12
7
49
91
121
145
139
98
57
42
33
35
73
119
144
139
122
111
97
79
79
101
119
118
112
103
101
93
66
36
17
3
-1
17
40
34
2
-23
-50
-82
-104
-93
-81
-83
-71
-68
-83
-112
-127
-137
-145
-117
-77
-54
-55
-61
-61
-60
-64
-62
-54
-40
-25
-9
1
1
-5
-14
-12
-14
-25
-25
-21
-14
-3
6
11
1
-25
-44
-43
-24
-3
17
20
10
-1
-15
-28
-35
-27
-12
-12
-14
-27
-54
-82
-90
-77
-77
-70
-59
-62
-88
-113
-121
-132
-136
-126
-97
-75
-67
-74
-88
-97
-91
-65
-35
2
28
43
51
55
51
48
63
79
100
130
170
195
183
155
147
153
161
175
200
213
208
195
189
178
156
138
136
142
146
147
144
137
116
81
47
30
21
6
2
6
1
-25
-61
-85
-108
-123
-122
-117
-125
-149
-150
-154
-186
-219
-230
-227
-244
-251
-231
-219
-226
-229
-216
-217
-214
-198
-183
-175
-155
-121
-96
-81
-63
-47
-44
-34
-4
29
54
88
124
140
147
156
157
154
160
187
217
233
241
243
228
208
206
205
201
205
219
223
215
199
167
137
117
116
113
104
99
90
67
46
33
22
3
-20
-38
-40
-38
-53
-70
-84
-106
-133
-140
-145
-153
-149
-138
-131
-143
-150
-155
-159
-166
-157
-137
-122
-108
-103
-104
-106
-102
-90
-65
-40
-25
-8
-3
-13
-15
3
23
38
56
63
53
45
53
67
73
82
95
95
77
66
67
65
60
58
58
49
29
19
20
11
-1
-1
-5
-25
-41
-39
-36
-44
-51
-48
-56
-74
-90
-87
-82
-76
-60
-49
-52
-67
-83
-84
-70
-54
-35
-17
-19
-25
-23
-17
-16
-3
15
25
37
61
79
73
62
69
77
71
77
98
102
105
118
124
113
92
87
82
77
91
121
139
118
100
93
72
46
42
64
78
79
87
79
44
5
-9
-9
-13
1
11
5
-14
-23
-29
-47
-68
-77
-72
-63
-51
-31
-19
-34
-55
-71
-78
-78
-62
-35
-21
-8
2
1
-21
-42
-39
-32
-17
10
33
41
26
6
-14
-22
-28
-32
-21
-7
-3
-12
-26
-48
-80
-97
-97
-98
-104
-98
-87
-97
-114
-120
-132
-155
-163
-149
-128
-119
-114
-114
-124
-137
-135
-127
-123
-117
-103
-90
-80
-69
-56
-50
-56
-50
-36
-18
1
26
47
53
58
65
74
80
92
112
132
143
145
149
151
150
155
164
167
162
162
166
166
162
159
155
144
134
127
120
102
79
66
56
38
15
1
-16
-35
-59
-69
-80
-96
-109
-113
-116
-125
-130
-136
-139
-141
-134
-124
-116
-111
-102
-93
-86
-82
-75
-66
-58
-42
-19
7
21
29
38
43
57
74
94
111
131
150
162
166
165
161
162
167
177
184
186
181
169
160
149
134
117
109
104
100
99
94
76
46
21
9
-2
-12
-12
-17
-34
-57
-73
-94
-120
-140
-146
-142
-141
-144
-146
-157
-170
-174
-167
-152
-140
-129
-112
-95
-90
-92
-84
-77
-72
-59
-33
-14
-9
-3
6
9
10
19
34
42
50
70
88
90
85
82
83
80
84
97
105
96
83
69
56
41
31
24
15
8
4
-4
-23
-39
-46
-47
-50
-46
-37
-38
-48
-54
-54
-58
-66
-66
-60
-57
-54
-50
-50
-59
-62
-57
-48
-37
-21
-5
0
2
5
11
17
21
30
45
57
57
53
49
39
22
14
15
18
17
19
15
-4
-22
-31
-34
-36
-31
-18
-15
-25
-36
-45
-57
-70
-75
-72
-73
-73
-72
-72
-80
-93
-98
-99
-93
-78
-57
-31
-14
-3
4
10
17
33
57
83
105
120
130
135
135
138
145
149
157
171
186
201
205
204
200
197
196
206
220
225
220
209
195
170
146
127
108
84
59
40
23
-5
-34
-56
-80
-105
-124
-133
-144
-156
-163
-164
-174
-192
-209
-218
-226
-227
-223
-220
-227
-236
-236
-233
-228
-220
-206
-189
-171
-146
-120
-100
-86
-74
-54
-26
1
29
50
60
70
81
95
104
117
127
131
132
136
140
139
137
144
149
148
143
142
137
129
130
129
121
101
83
67
52
36
20
1
-23
-48
-62
-70
-76
-87
-95
-97
-100
-105
-106
-107
-111
-115
-109
-98
-93
-93
-91
-92
-99
-103
-93
-83
-77
-71
-60
-52
-50
-44
-30
-15
1
21
39
49
55
62
67
71
72
75
75
73
75
78
73
64
53
44
39
39
42
50
52
54
53
51
47
48
52
52
49
46
46
35
24
13
5
-11
-25
-30
-28
-26
-21
-16
-17
-25
-28
-24
-17
-13
-6
6
9
6
1
-2
-6
-19
-25
-22
-21
-31
-38
-40
-48
-60
-64
-58
-52
-47
-36
-25
-25
-36
-39
-36
-36
-35
-29
-23
-31
-40
-42
-41
-45
-50
-50
-48
-44
-38
-27
-18
-18
-17
-7
5
15
29
45
58
60
59
59
56
50
53
62
71
73
73
71
64
58
58
65
71
78
85
88
86
76
67
55
43
38
39
38
28
12
-8
-31
-48
-56
-59
-62
-63
-62
-64
-72
-80
-82
-88
-91
-83
-69
-62
-62
-60
-63
-73
-84
-85
-77
-67
-54
-35
-26
-32
-40
-39
-34
-24
-2
26
48
56
65
75
77
75
81
92
104
111
118
122
112
94
83
81
78
81
94
106
106
100
93
88
80
74
79
82
84
80
74
63
44
23
7
-4
-15
-20
-16
-17
-28
-41
-53
-63
-69
-62
-48
-36
-32
-30
-33
-43
-54
-61
-60
-58
-57
-58
-59
-69
-80
-89
-93
-94
-90
-83
-79
-72
-67
-67
-70
-73
-73
-70
-63
-53
-44
-42
-47
-55
-60
-66
-71
-72
-68
-66
-64
-56
-50
-50
-48
-39
-28
-19
-8
6
17
20
22
26
28
30
33
44
50
47
45
42
40
37
40
49
54
53
57
65
67
64
63
65
60
56
57
57
50
38
29
17
7
-1
-3
-5
-10
-18
-25
-34
-45
-52
-51
-46
-43
-40
-38
-40
-49
-53
-57
-58
-55
-50
-46
-43
-42
-44
-48
-49
-45
-37
-28
-15
-1
9
19
27
38
48
59
71
82
93
98
104
107
107
103
105
109
113
117
124
129
130
124
123
123
120
122
129
138
138
133
126
117
101
89
83
75
61
48
38
23
4
-9
-18
-27
-36
-41
-41
-46
-57
-65
-70
-76
-83
-87
-86
-90
-97
-100
-106
-115
-125
-130
-130
-133
-135
-132
-129
-126
-122
-118
-113
-108
-102
-91
-79
-67
-58
-51
-50
-49
-46
-41
-36
-29
-25
-22
-19
-17
-14
-11
-4
2
10
18
26
36
44
50
55
62
65
65
68
71
69
65
61
57
50
43
41
39
38
36
35
36
34
34
37
39
37
35
32
31
28
21
17
14
5
-1
-4
-8
-17
-27
-34
-41
-47
-47
-45
-42
-37
-33
-30
-27
-27
-28
-26
-23
-24
-27
-27
-29
-34
-37
-39
-41
-44
-40
-33
-27
-21
-15
-9
-1
8
15
26
39
48
58
69
75
75
73
76
74
72
77
81
82
84
89
91
88
85
83
84
89
93
96
101
101
97
89
84
77
67
60
51
39
29
17
3
-11
-24
-33
-43
-50
-54
-59
-67
-72
-76
-83
-86
-87
-89
-93
-97
-100
-103
-107
-111
-117
-120
-120
-122
-123
-120
-116
-111
-104
-96
-90
-81
-69
-58
-50
-39
-29
-23
-17
-9
-3
3
11
17
22
26
29
34
38
43
49
56
65
70
71
75
78
78
79
82
83
80
74
70
61
49
41
32
22
13
7
-1
-10
-17
-23
-30
-37
-38
-39
-38
-40
-46
-50
-52
-58
-64
-65
-66
-71
-72
-70
-71
-74
-70
-68
-68
-63
-56
-50
-42
-30
-22
-14
-5
2
8
14
21
25
27
31
32
32
36
37
37
40
45
48
49
56
59
59
62
67
69
69
75
80
81
80
80
79
76
72
68
65
63
59
55
52
45
40
38
38
35
35
39
40
38
37
37
35
30
29
29
25
18
13
7
-3
-12
-19
-25
-31
-34
-36
-37
-38
-38
-40
-37
-37
-41
-40
-40
-42
-46
-45
-47
-54
-56
-56
-60
-62
-59
-57
-57
-57
-55
-56
-56
-55
-53
-52
-46
-42
-39
-35
-31
-27
-22
-17
-15
-9
-5
-1
1
5
9
8
13
17
19
24
32
38
43
46
49
49
50
50
49
47
43
41
40
40
37
36
34
31
27
24
24
20
17
11
9
6
1
-3
-6
-12
-19
-22
-26
-32
-35
-38
-42
-41
-45
-50
-55
-56
