-165
-141
-105
-77
-47
-22
9
36
61
90
120
144
165
191
201
214
238
270
292
313
335
365
387
401
411
418
433
443
459
475
480
489
495
495
499
500
516
521
526
533
530
531
529
526
523
517
502
496
483
466
453
450
448
449
457
473
500
511
523
523
520
507
478
467
446
423
397
372
351
325
300
288
277
261
258
255
246
245
235
213
203
195
188
187
172
143
120
88
55
11
-23
-45
-80
-103
-143
-178
-191
-210
-240
-274
-301
-331
-342
-369
-396
-403
-406
-407
-415
-415
-411
-413
-430
-440
-455
-465
-495
-487
-454
-479
-493
-515
-498
-533
-562
-534
-528
-540
-552
-492
-465
-456
-451
-447
-452
-495
-501
-477
-495
-512
-491
-445
-436
-434
-372
-334
-345
-350
-338
-347
-377
-390
-380
-417
-468
-474
-431
-414
-421
-408
-371
-338
-355
-315
-250
-219
-177
-119
-45
3
49
132
199
229
252
287
339
365
391
435
459
489
540
597
642
659
663
674
647
633
619
605
592
595
640
660
668
671
672
663
639
588
565
566
524
508
487
470
446
444
446
446
440
439
455
444
431
415
392
387
397
389
367
359
358
335
304
239
211
162
133
132
118
134
157
198
202
186
145
135
112
84
55
50
59
29
17
2
-25
-29
-39
-40
-55
-107
-126
-130
-150
-197
-209
-227
-269
-295
-313
-314
-330
-372
-391
-432
-491
-519
-560
-583
-623
-620
-609
-622
-631
-654
-667
-665
-662
-675
-647
-637
-655
-659
-671
-675
-674
-687
-692
-730
-745
-738
-727
-719
-715
-695
-665
-629
-600
-556
-509
-419
-346
-321
-292
-239
-222
-200
-189
-217
-261
-266
-236
-237
-243
-225
-195
-176
-150
-108
-50
-42
-5
48
56
181
338
309
263
242
178
98
52
56
19
6
81
170
162
132
187
211
110
41
115
177
192
207
212
279
381
461
423
321
329
481
475
413
433
516
633
681
656
587
668
730
804
836
756
866
901
952
1106
968
1013
1058
1001
1039
964
907
825
931
662
713
724
445
563
411
515
408
285
332
288
209
51
77
97
-212
-50
-66
-168
-282
-264
-118
-378
-294
-462
-123
-449
-500
-307
-366
-374
-668
-215
-456
-415
-488
-464
-308
-406
-617
-321
-184
-637
-237
-370
-305
-382
-357
-214
-294
-497
-377
-92
-518
-558
-143
-517
-519
-305
-543
-513
-533
-434
-593
-553
-648
-633
-475
-844
-582
-661
-636
-727
-645
-627
-742
-693
-529
-657
-912
-436
-739
-826
-677
-419
-834
-483
-615
-470
-501
-685
-320
-335
-489
-442
68
-528
-38
-328
-119
31
-283
52
89
175
-110
457
376
234
375
503
708
483
364
1001
833
432
901
845
817
559
1022
865
1112
624
849
1540
437
1164
930
1251
837
760
1324
603
1237
483
899
1147
787
622
782
1152
261
984
687
475
945
216
937
716
331
625
527
654
368
483
749
280
178
841
188
168
435
323
-28
518
-248
375
208
-758
946
-521
-186
351
-185
-347
84
-87
-515
323
-657
-148
-106
-632
-77
-432
-548
-614
-285
-383
-453
-757
-433
-564
-955
-614
-173
-1225
-853
208
-1369
-387
-804
-796
-332
-1178
-840
-14
-1219
-1145
154
-1200
-723
-966
-393
-951
-941
-811
-557
-832
-1263
-482
-668
-687
-1345
8
-880
-1199
-119
-927
-828
-203
-1148
-528
63
-1298
-502
101
-836
-376
-213
-792
373
-719
-671
650
-845
-396
-86
-249
-115
-746
52
133
-557
-133
336
-211
157
-159
32
590
-557
666
295
184
-28
1073
-8
293
926
-47
819
492
689
270
1301
-117
1220
1010
-101
1546
309
883
971
844
620
1348
842
394
1794
78
1539
745
1063
940
1027
1179
577
1616
73
1481
551
1401
469
722
1547
190
1364
523
1033
782
560
771
1074
540
248
1396
487
538
769
497
1037
447
111
897
809
-487
766
625
-411
396
144
36
-139
-155
-247
464
-875
-342
292
-612
-932
-23
-929
-719
-323
-1564
-118
-1038
-1090
-412
-1250
-957
-1014
-1122
-940
-1375
-1168
-579
-1472
-1080
-603
-1649
-705
-1160
-1337
-823
-1064
-1434
-567
-938
-1710
-371
-935
-1512
-510
-1100
-1328
-325
-1376
-958
-178
-1572
-823
248
-1932
-251
-357
-866
-845
-465
-527
-684
150
-1756
637
-580
-1143
314
-180
-938
-193
100
-843
286
-590
-434
346
-198
-827
734
-82
-575
748
-66
169
51
426
335
459
7
635
803
-229
906
657
468
525
1011
819
303
1257
725
542
1494
-40
1547
733
666
1606
457
1451
834
1145
1451
628
827
1627
698
583
1259
985
878
634
1136
667
974
266
1341
662
675
978
669
908
703
1082
368
1006
1012
414
872
927
519
751
704
726
289
1316
16
502
1540
-350
879
547
373
416
335
268
307
352
-91
543
83
94
-456
694
-768
148
-383
-641
779
-1711
490
-786
-568
-781
-224
-644
-1210
-54
-1405
24
-1206
-998
-466
-668
-1109
-1216
-479
-1123
-1219
-568
-1410
-393
-1215
-954
-681
-977
-973
-1223
-156
-1550
-905
-429
-1047
-1017
-671
-951
-632
-1270
-311
-1016
-953
-508
-797
-215
-1636
93
-632
-353
-1514
311
-608
-1250
102
-849
-152
-1270
-16
38
-1267
-556
25
-676
-407
-928
305
-500
-765
284
-211
-2
-819
784
-160
-293
-74
503
143
-58
399
150
1203
-908
997
1227
-677
1024
972
297
930
387
1108
982
463
1096
1336
375
1241
1327
470
1127
1275
1015
571
1368
1121
684
1215
692
1079
1349
187
1250
1193
767
320
1566
931
131
929
1002
1012
-607
1791
416
339
764
637
903
-66
1159
171
626
263
712
204
669
676
-247
992
467
107
105
870
-272
205
591
-224
294
36
399
-47
-155
233
-196
-303
193
-722
62
180
-783
-95
-92
-710
-208
-892
-274
-470
-1131
-66
-985
-564
-834
-646
-454
-967
-1057
-310
-1246
-872
-693
-1430
84
-1919
-819
-693
-1142
-1218
-975
-957
-1136
-944
-1095
-865
-823
-1773
-77
-1019
-1635
-44
-1680
-100
-1380
-901
-534
-562
-1231
-363
-740
-902
-524
-1071
408
-1880
597
-1139
-272
33
-1174
-171
-174
-68
-1310
819
-893
-77
15
-618
807
-1214
265
349
-536
361
-144
232
422
62
-91
602
1038
-865
1795
-56
187
1613
-868
1652
359
60
1147
781
268
1466
775
411
1702
506
936
1026
1374
517
829
2192
-130
1664
1011
1018
1066
1185
719
1394
1053
184
2151
16
1269
1013
747
1076
628
628
1211
463
164
2177
-584
1436
546
313
952
462
-449
1908
-273
-382
2296
-1232
1056
317
-255
1041
336
-1205
1726
-155
-786
1103
-299
-147
-357
252
-338
-615
68
-1000
758
-1404
-552
430
-1521
-71
-869
-331
-816
-834
-568
-1025
-699
-1134
-686
-712
-890
-1416
-28
-1193
-1513
-445
-1213
-949
-874
-1824
53
-1656
-1438
-674
-1318
-659
-2078
-435
-998
-1506
-732
-1752
-678
-1093
-1558
-747
-994
-1044
-746
-1274
-508
-750
-1242
-307
-912
-571
-363
-1130
314
-1151
-889
671
-1658
129
-684
-656
205
-1071
-131
-93
-760
-485
405
-410
-734
137
306
-527
-383
327
370
-657
-186
989
208
-1005
1164
681
-484
708
199
1229
-311
477
1419
-351
1030
678
318
1111
427
872
1158
827
77
2172
252
676
2340
-318
1441
1656
146
1756
1170
681
1242
2009
-591
2595
1020
-546
3436
-822
1615
1839
252
1202
1295
1022
1126
775
643
2294
7
1058
2033
100
1169
1483
-281
1759
941
-555
2270
-436
863
1122
-1003
2128
-292
300
134
1707
-1380
490
1392
-2222
2734
-1956
341
1428
-1999
998
-64
-725
-133
-225
-695
369
-1517
-131
28
-1439
-811
114
-1483
-490
-648
-1452
-40
-1461
-693
-372
-1062
-1511
200
-1493
-987
-491
-1902
-192
-915
-1978
452
-2103
-1413
40
-2114
-669
-1407
-469
-1478
-1077
-992
-863
-1094
-1716
-127
-1620
-560
-1424
146
-1466
-763
-468
-1177
165
-1840
359
-762
-1126
630
-1807
510
-850
-854
683
-1145
-340
340
-907
-351
311
-380
-539
467
-545
196
412
-948
1141
338
-296
558
1032
-386
769
711
188
853
578
88
1440
951
-622
1579
1136
-358
812
949
723
-47
1335
610
1454
-48
1067
1645
-167
1061
468
1772
-425
1263
1886
-56
983
1052
796
1062
183
635
2097
-710
1403
1354
792
-209
1902
756
129
1284
1083
1142
-174
2523
-186
1422
958
88
2044
-258
686
2098
-766
1079
755
978
-62
220
1259
60
39
1
1514
-984
75
567
554
-970
364
121
-326
-149
-847
863
-1592
542
-1321
609
-1518
-533
-414
-896
-964
-1140
252
-2752
749
-1849
-545
-625
-1864
51
-1571
-1489
-588
-775
-1955
-590
-703
-1207
-1591
-484
-1490
-1297
-779
-2141
606
-2292
-1221
208
-1865
-664
-1169
-808
-1155
-861
-1382
-127
-1778
-666
-852
-1016
-269
-1658
28
-1088
-196
-1969
797
-1918
90
96
-1966
894
-1005
-312
-955
93
-1022
-361
127
-1125
1123
-1277
193
805
-1112
233
43
-146
214
-331
910
-210
795
326
-399
2181
-1030
899
995
-254
1558
81
790
1847
-714
1599
1415
-696
1914
598
397
1316
1218
253
1758
994
91
2742
-532
1384
1914
-44
1381
1432
714
1492
668
1308
1005
1421
-288
2209
787
46
1982
400
1477
298
1076
1416
25
1390
82
1470
731
126
1469
-41
1972
-551
1040
1329
-413
743
744
81
477
491
-178
682
39
-545
1060
-473
-575
1065
-1050
719
-1344
903
-1155
-14
106
-1507
1370
-2336
349
-257
-698
-1396
257
-1124
-592
-1238
-396
-1122
-885
-535
-1470
221
-2585
749
-1921
-374
-1895
424
-2409
-203
-107
-3364
2080
-2982
-442
-98
-2137
-291
-495
-1914
507
-1994
168
-1479
-518
-295
-2211
1239
-2699
875
-891
-1330
419
-1043
-352
-775
-193
160
-1588
1543
-1500
-10
853
-1703
1207
-884
41
200
136
-823
710
460
-1506
2225
-1602
1146
124
-1192
2528
-1565
1267
-234
531
879
-117
274
1277
40
336
1032
-102
1565
-699
1637
-510
2095
-860
1193
1304
-1067
2763
-1562
1862
1195
-968
1627
1089
19
1196
537
864
865
801
-50
2190
22
40
2329
-191
686
1387
380
354
2150
-1321
2444
669
-1055
2735
-89
184
878
1546
-1298
2533
-210
-18
2424
-1752
2036
599
-256
717
1321
-822
267
1439
-1340
767
300
-1229
1680
-959
-469
1011
-1670
696
14
-1206
106
-59
-1153
-328
-14
-1546
-31
-320
-1346
-14
-1314
-870
87
-1623
-1516
131
-1495
-1669
-557
-1238
-1046
-1103
-1841
-296
-1471
-2035
34
-1534
-1118
-1738
562
-2164
-1239
248
-2955
1174
-2988
-465
5
-2261
-132
-1296
264
-2177
60
-612
-1363
-370
-1569
810
-2010
165
-900
70
-605
-1181
931
-1189
555
-993
405
-274
-35
-431
613
-428
168
15
607
215
-1194
2036
-2055
2244
-1873
451
1115
-1055
591
349
503
-393
1413
-922
1415
-970
1142
883
-535
1047
1160
779
-1000
2473
-827
2005
-758
1196
1343
-482
1401
104
1527
-388
698
704
1447
-578
1104
1335
851
-238
1813
741
-133
1531
154
1908
-660
1601
830
1357
-133
1730
775
-130
1745
-675
2241
-241
407
1076
1074
-134
371
2305
-1103
722
1264
-302
1237
-465
1305
634
-288
806
595
-314
-6
1090
-1503
1533
-730
-290
1475
-1768
769
-246
-864
-93
243
-537
-998
1032
-1939
1360
-1339
-854
793
-2333
1150
-2086
169
-297
-1916
874
-1334
-1339
-227
-854
-1416
663
-2414
-824
521
-2309
-581
-339
-835
-2147
1321
-2048
-1179
844
-2935
1199
-1775
-134
-1226
152
-994
-1356
1108
-2807
1782
-2300
204
-373
-757
-366
-753
387
-1410
398
-563
90
-411
-411
-72
123
-589
56
-462
706
-362
-797
1240
-1042
32
1012
-1736
1375
-264
-546
675
270
-512
593
572
-1219
1533
-1135
154
1987
-2235
1726
639
-773
1481
-333
1080
232
741
570
1245
103
482
1511
382
96
865
1252
-306
1362
-140
2199
-1140
1813
453
167
1542
-1847
3988
-2421
2085
130
376
966
-599
1722
-706
1943
-1163
1950
187
95
416
1212
708
-898
1741
-331
798
-855
991
448
-582
482
884
-649
439
-184
390
792
-1115
637
1170
-1098
581
534
-608
1114
-1527
1852
-896
-466
-5
59
535
-2313
1738
-740
-923
-94
-444
-464
-400
-930
123
379
-2424
1422
-1116
-1046
237
-1342
1283
-2730
342
-142
-482
-1497
-1279
2134
-3463
-198
112
-1359
-211
-1017
-1085
1875
-3827
17
1890
-3255
92
-454
-137
-1186
212
-860
682
-1189
-361
1102
-1337
-1042
-20
504
-1300
480
-343
257
118
-294
242
-148
-350
7
313
-260
-466
807
411
180
295
726
-191
56
1372
-676
568
238
574
-228
779
-168
204
1195
-1590
2056
-336
-822
1495
-125
400
-363
661
536
154
211
42
1665
-684
885
1642
-845
249
1656
-761
805
203
-278
2042
-1434
815
916
331
-214
923
397
-59
396
-292
2395
-1605
974
1423
-959
1282
72
506
764
424
22
753
280
-124
598
543
-464
1147
10
-35
821
-1113
1249
-388
76
37
173
293
-760
1099
-706
329
97
-282
640
-439
-316
779
-1088
534
-277
-1463
1521
-1049
-769
950
-1322
26
102
-486
-257
-213
-622
-957
1004
-2546
951
-427
-1868
1201
-977
-548
-312
140
-1315
17
-668
-750
-359
-116
-1456
355
-667
-785
612
-1649
835
-1683
595
-1672
584
-880
-686
129
-1344
1074
-1394
1110
-1369
1078
-1609
199
-234
-1193
1341
-2468
1630
-910
386
-789
797
-864
162
488
-1271
1301
-844
1074
-1645
1944
-1529
624
1303
-2374
2254
36
-1279
1766
-176
-450
1273
-1147
532
208
233
-61
475
364
-31
845
29
-118
738
936
-1900
2206
162
-829
1619
218
256
768
-41
-360
2306
-2007
902
1506
-604
565
959
138
11
948
-1228
1775
-541
-336
1408
-114
573
-300
591
-416
-66
-197
223
131
248
-303
605
-298
-810
1261
-109
-644
255
1237
-1373
1446
-710
-102
969
-885
563
629
-1293
323
884
-870
827
-439
55
458
-334
-206
245
-533
-381
843
182
21
254
130
436
110
-698
597
-814
613
-533
170
471
-1265
1129
-1204
-629
14
-675
-8
-979
1021
-456
-935
488
-1533
1119
-1643
-360
482
-1224
366
-1055
835
-1247
-306
-96
-756
-184
-1305
399
-263
-287
-1013
474
-35
-1391
30
396
-1029
288
-412
-459
599
-1153
919
155
-400
-67
239
456
-1041
105
137
-242
-164
971
-967
416
288
-454
1850
-2045
193
1059
-79
-1087
1634
-139
-161
1244
-1347
1614
-209
-1227
1418
989
-154
1871
1075
261
1258
-804
533
347
-1350
-157
1162
-920
380
205
-787
1081
-512
-393
305
-755
614
173
-217
-424
1114
361
-822
841
-317
-432
-191
-744
693
-34
-411
125
200
-1234
239
176
-670
1010
-875
651
318
-302
134
1010
-857
765
1245
-1171
1434
81
376
551
-364
90
-22
-716
-599
968
-606
-297
1125
-714
501
63
-269
470
-289
-114
424
-270
349
131
198
616
-915
1207
-422
11
-220
224
-389
205
1261
-1873
2626
-1798
799
333
-1464
1745
-1065
-60
-262
1169
-1701
961
322
-870
1033
-1360
756
-483
-620
-450
436
-545
-790
-75
132
-1045
-681
728
-1157
8
-560
298
-165
-871
-550
511
-552
-882
1265
-1402
-356
126
-336
-605
215
-1229
543
602
-1305
908
-300
-34
-480
488
-646
-430
-562
420
212
-1560
1113
-491
-202
-22
362
-182
393
584
-1110
1107
-322
202
682
-980
1163
614
-194
399
270
522
-928
1165
-53
30
-132
-698
1268
-193
-311
592
1281
-490
420
732
12
-710
720
482
-566
882
133
56
548
-222
485
841
-856
397
671
-589
497
1220
-540
730
720
201
1134
-589
47
1282
-180
-596
1106
199
-461
498
397
-6
-241
296
-270
531
-804
552
1800
-1184
348
1019
-248
-354
687
-375
46
-112
366
983
-534
-535
502
719
-1890
341
836
-839
60
214
660
-419
-865
505
524
-1288
126
335
175
-921
-185
861
-923
-719
-105
606
-1469
-658
-58
-594
-399
-840
250
-56
-509
-1522
1593
-989
-1311
1112
-840
-408
-294
-75
-193
-225
-1439
90
-6
-1375
-424
335
-813
51
355
-1288
271
-520
-620
139
-736
-306
-221
-416
-468
111
-88
-602
134
632
-642
-637
104
-130
-311
-514
376
88
-742
-21
244
393
-469
-28
954
75
82
229
494
-502
-201
452
-166
-467
215
466
-121
-396
609
620
-335
55
723
715
-320
513
222
-135
-382
179
607
-134
-149
1026
471
229
301
396
824
368
612
846
548
-454
871
369
81
741
-149
576
538
-134
1014
355
100
964
536
438
749
576
269
471
539
438
849
-120
802
809
-211
862
-277
-223
530
352
343
460
38
810
348
-157
577
528
220
335
836
218
893
-349
-24
795
-797
138
336
-387
-147
-254
90
27
-812
-639
410
-251
-703
169
-319
-323
-552
-635
-79
-317
-1333
-184
333
-949
-204
145
-579
-491
-747
-488
71
-1224
-584
120
-872
-852
-411
-483
-858
-563
-276
-140
-392
-1094
-135
-83
-1042
-584
-490
-401
-330
-437
-106
-110
-739
-587
-310
-940
-957
-164
-182
99
240
-190
-310
-411
-842
-636
-58
-821
194
-171
-220
310
-323
-184
-419
-247
-82
260
-138
-229
217
-134
-93
-84
-729
-45
30
-208
324
-194
209
166
381
484
156
276
246
555
732
320
442
386
170
366
490
693
475
263
342
285
82
-93
397
304
282
562
879
415
149
497
238
265
194
444
621
557
650
861
746
60
179
360
229
324
457
327
228
281
436
457
153
366
659
50
370
649
287
239
188
574
338
45
-58
342
-35
-31
534
-311
-53
-97
-79
225
-264
-243
83
98
-501
-252
-143
-764
-299
-507
-708
-446
-1231
-544
-432
-722
-46
-224
-446
-393
40
-282
-689
-573
-895
-527
-591
-806
-558
-740
-587
-651
-698
-912
-1068
-912
-757
-663
-915
-899
-1046
-972
-1081
-1168
-1133
-1176
-974
-822
-718
-824
-976
-965
-631
-754
-698
-371
-255
-55
138
131
201
37
41
196
455
472
760
1034
1043
1154
895
1154
1085
939
1184
1379
1273
1414
1365
1570
1444
1265
1375
1149
1066
918
1145
1025
909
962
787
749
649
504
557
509
361
462
597
490
373
333
317
103
169
98
122
95
0
199
116
-70
-67
13
-271
-238
-368
-214
-286
-382
-60
-299
-385
-262
-464
-711
-726
-875
-756
-724
-967
-798
-946
-1157
-1127
-1218
-1464
-1920
-2073
-1930
-2151
-2199
-2281
-1942
-1848
-1396
-735
-17
568
200
834
1027
693
705
938
1311
1240
1779
2311
2218
1833
1172
1597
1048
751
1185
1346
1619
1444
1657
1523
1253
797
652
812
509
630
858
662
466
183
-19
-234
-780
-800
-741
-756
-710
-812
-146
-295
-324
-539
-900
-864
-621
-292
-73
513
518
1214
1269
914
767
584
717
958
956
1199
1334
1460
1407
1124
959
289
-65
-258
-236
-578
-706
-816
-1232
-1468
-1965
-2135
-2393
-2527
-2316
-2083
-2257
-2328
-2332
-2440
-2450
-2406
-2168
-2002
-1936
-1927
-1989
-2059
-2277
-2333
-2526
-3177
-3195
-3270
-3640
-3450
-3885
-3314
-2659
-1417
699
1664
2478
1668
1374
1246
762
1336
1542
2428
3297
4313
5115
4049
2882
1858
1599
1763
1754
2727
3290
3941
3901
3679
3035
2095
1740
1490
2028
2144
2658
2825
2439
1838
725
-17
-598
-958
-782
-815
-951
-979
-1467
-1777
-1971
-2037
-1817
-1263
-524
550
1321
1562
1712
1574
1592
1904
2177
2258
2062
1895
2183
2158
1801
1351
1246
1230
1263
1102
655
91
-500
-611
-766
-757
-848
-911
-861
-1153
-1496
-2009
-2371
-2613
-2188
-1747
-1458
-1105
-1265
-1249
-1513
-1772
-1988
-1943
-1914
-1615
-1217
-1268
-1480
-1958
-2402
-2810
-2710
-3275
-3248
-3308
-3840
-3952
-4771
-5027
-5008
-4414
-3364
-1387
878
2554
3332
2571
1832
1295
1097
1788
2583
3405
4285
5035
5372
4054
1988
716
501
508
719
1322
2298
2545
2248
1607
1037
635
65
355
1086
1648
1991
1959
1321
523
-659
-1315
-1425
-1767
-1810
-1928
-2185
-2590
-3482
-3968
-4122
-4045
-3366
-2473
-1632
-620
-77
900
1491
1853
2535
2625
3387
3192
3099
3065
2564
2575
2219
2118
2147
1788
1340
834
311
-275
-697
-804
-450
95
427
593
314
252
44
44
193
355
863
1248
1699
1498
1188
619
128
306
337
659
868
710
669
226
-116
-717
-1455
-1559
-1729
-1710
-1754
-2211
-2755
-3124
-3969
-4235
-4408
-5072
-4530
-4403
-3501
-1715
-302
2385
3318
3165
2848
2110
2340
2222
2417
2760
3106
3526
3789
3575
2011
69
-1263
-1485
-1628
-1823
-1115
-746
-421
-541
-891
-884
-1340
-1220
-779
202
927
1189
1188
754
-72
-1055
-1726
-2072
-2479
-2732
-2983
-3382
-3951
-4784
-4747
-4632
-4172
-3472
-2474
-1349
-285
591
1319
2051
2459
3225
3964
4530
4559
3801
3425
2969
2871
2874
2447
2406
1959
1842
1466
619
-95
-1031
-717
-193
220
891
862
1202
1296
1173
1079
1107
1163
1516
2092
2134
1919
1420
968
433
-57
-407
-740
-753
-736
-874
-1231
-2019
-2164
-2688
-2589
-2471
-2960
-2825
-3018
-3049
-3560
-3768
-4096
-3884
-3802
-4096
-3451
-3474
-3125
-2812
-1539
1095
3455
4670
4363
3418
2265
1841
1878
2042
1811
1929
3041
3870
3111
774
-1189
-1892
-2037
-2182
-1376
33
807
1104
1290
1464
1380
1031
1087
1880
2849
3174
3520
3081
2135
823
-563
-1375
-2129
-2553
-2838
-3054
-3628
-4206
-4476
-4443
-3779
-2882
-1869
-824
226
1344
2304
3256
3755
4110
4637
5193
5446
5376
5040
4190
3422
2807
2137
1795
1211
747
343
-309
-908
-1741
-2064
-2013
-1417
-462
-17
374
425
417
526
410
434
521
882
1180
1284
814
-11
-727
-1478
-1884
-2196
-2432
-2480
-2482
-2478
-2736
-3222
-3811
-4401
-4364
-4036
-3641
-3645
-3754
-4013
-4158
-4536
-4453
-4016
-3926
-3432
-3413
-2595
-2269
-2087
-1147
293
2742
4370
4937
4283
3106
2188
1728
2016
1776
1563
1874
2681
3174
2008
196
-1323
-1746
-1907
-1702
-442
718
1600
1931
1978
2259
2006
1732
1707
2390
3041
3156
2957
1967
717
-677
-1884
-2542
-3133
-3296
-3230
-3217
-3063
-3197
-3002
-2449
-1670
-639
357
1617
2768
3770
4686
5171
5355
5382
5220
5266
5009
4465
4183
3623
3030
2353
1355
734
145
-80
-99
-376
-737
-1188
-1094
-774
-217
393
669
1153
1423
1738
1729
1378
1269
1228
1307
1276
1340
741
15
-863
-1563
-1859
-2362
-2384
-2439
-2404
-2385
-2708
-3086
-3738
-4311
-4152
-3696
-3431
-2966
-2943
-3111
-3106
-3422
-3416
-2896
-2979
-2610
-2714
-2729
-1999
-1879
-1147
-317
1768
3339
3926
3527
2013
1211
81
355
749
625
860
1216
2152
1200
-272
-1723
-2406
-2457
-2684
-1426
75
1357
1765
1672
1798
1471
1031
481
700
1174
1278
1414
814
-11
-1177
-2578
-3102
-3535
-3447
-3135
-2983
-2485
-2469
-2148
-1863
-1479
-803
-147
957
1980
2886
3569
3857
3694
3344
3079
3049
3037
2909
2669
2370
1856
1566
1298
969
636
211
313
219
142
-148
-406
-380
-53
667
1152
1560
1726
1966
1954
1817
1686
1826
2018
1994
1925
1518
913
256
-278
-906
-1135
-1341
-1469
-1344
-1369
-1342
-1474
-1728
-1883
-1894
-1769
-1536
-1407
-1104
-1169
-1427
-1461
-1775
-1758
-1961
-2112
-2238
-2450
-2754
-3057
-2990
-2973
-1367
1071
3071
3872
2608
1280
142
-480
-394
-131
597
1355
2644
3393
2979
1505
-692
-2042
-2864
-2796
-1585
0
1346
1663
1312
855
179
-521
-1275
-1300
-765
-1
793
987
866
-174
-1531
-2630
-3179
-2897
-2311
-1621
-1197
-1081
-1045
-1078
-924
-932
-812
-371
553
1848
2967
3599
3516
3056
2715
2546
2380
2032
1903
1831
1888
2123
2109
1955
1637
1154
836
436
-104
-336
-390
-58
238
381
508
587
491
330
293
253
476
658
948
1131
1088
912
412
13
-296
-457
-416
-529
-541
-607
-897
-1232
-1656
-2121
-2270
-2291
-2294
-2216
-2298
-2404
-2551
-2738
-2847
-2919
-2789
-2838
-2540
-2323
-2508
-2548
-3277
-3543
-3815
-3735
-3276
-3092
-1783
-20
2079
3211
2609
1616
440
174
488
858
1220
1428
2429
3380
3825
3212
1846
687
-750
-1553
-1475
-643
701
1531
2175
2576
2561
2108
1181
432
92
240
820
1844
2951
3625
3480
2487
1449
475
-67
-264
-361
10
431
984
1499
1562
1227
616
112
76
593
1386
2010
2433
2427
2393
2026
1530
1110
659
642
656
851
889
828
692
405
65
-550
-1061
-1516
-1786
-1697
-1570
-1436
-1292
-1075
-705
-384
-337
-459
-597
-767
-710
-336
23
449
640
643
598
151
-350
-1132
-1562
-1752
-1836
-1713
-1720
-1766
-1911
-2041
-2248
-2430
-2649
-2804
-2763
-2597
-2289
-2009
-1868
-1732
-1841
-1956
-2194
-2375
-2340
-2375
-2316
-2358
-2411
-2558
-2602
-2162
-1390
-59
1058
1614
1508
958
547
141
8
-180
-400
-220
404
1435
2290
2687
2602
2028
1335
477
79
182
636
1590
2581
3789
4670
5057
4783
3723
2597
1320
528
375
567
1132
1586
1826
1836
1413
503
-602
-1461
-1746
-1563
-919
-161
615
1045
1127
1119
997
827
589
425
290
146
127
153
198
296
416
326
117
-146
-208
21
216
335
225
195
206
336
419
427
327
81
-34
32
252
414
449
327
160
-68
-340
-483
-584
-502
-415
-298
-200
-114
-96
-252
-485
-681
-803
-670
-372
-274
-146
-228
-390
-540
-758
-825
-849
-882
-834
-937
-1024
-1206
-1343
-1558
-1804
-1898
-1992
-1924
-2029
-2261
-2610
-3060
-3445
-3821
-3954
-3929
-3603
-2898
-1842
-680
92
362
234
45
-171
-239
-201
-108
147
920
2084
3201
3928
4158
3953
3266
2404
1657
1504
1518
1638
1903
2273
2869
3070
2829
2059
1008
17
-679
-723
-488
-48
288
416
498
436
215
-141
-636
-1114
-1489
-1887
-1953
-1959
-1918
-1849
-1729
-1420
-1057
-694
-496
-520
-678
-790
-844
-655
-319
141
704
1246
1705
2023
2249
2198
2185
2101
1907
1791
1641
1755
1837
1781
1742
1658
1669
1630
1447
1262
1021
600
174
-59
-34
134
518
885
971
1110
1059
908
709
354
122
117
226
422
704
684
464
167
-251
-667
-1045
-1388
-1568
-1627
-1682
-1853
-1937
-2189
-2441
-2476
-2531
-2486
-2635
-2751
-2771
-2658
-2583
-2549
-2435
-2425
-2496
-2564
-2585
-2419
-1967
-1077
-158
463
667
361
209
-59
-402
-674
-987
-921
-487
370
1305
1855
2147
2076
1781
1338
990
979
1117
1378
1727
2156
2625
2919
2834
2460
1838
1145
618
277
78
-47
-196
-318
-335
-298
-368
-657
-1138
-1711
-2191
-2471
-2619
-2474
-2184
-1836
-1436
-899
-315
127
370
251
26
-212
-269
-82
293
771
1204
1517
1628
1586
1577
1463
1137
739
322
75
28
148
374
583
735
703
740
840
853
994
1020
1111
1248
1419
1652
1847
2012
1936
1784
1644
1503
1396
1253
935
576
316
-113
-425
-467
-598
-587
-679
-889
-1021
-1320
-1468
-1526
-1459
-1389
-1285
-1037
-920
-786
-826
-882
-843
-956
-1008
-896
-952
-1002
-1093
-1407
-1642
-1939
-2246
-2493
-2719
-2695
-2256
-1391
-303
452
658
625
504
528
709
838
898
954
1313
1968
2775
3446
3667
3664
3319
2738
2261
1948
1953
1811
1670
1670
1797
2019
2031
1838
1309
594
-198
-813
-1187
-1408
-1558
-1650
-1605
-1449
-1352
-1399
-1644
-1985
-2368
-2725
-2923
-2950
-2833
-2694
-2434
-2094
-1674
-1310
-1148
-1165
-1499
-1875
-2212
-2400
-2390
-2243
-1951
-1567
-1032
-466
83
601
934
1092
1137
1034
1130
1365
1688
2058
2356
2537
2699
2894
2888
2658
2181
1527
1043
933
1032
1193
1412
1376
1187
1193
988
627
388
129
-10
61
217
366
369
264
167
97
-125
-373
-465
-531
-566
-677
-788
-890
-1189
-1168
-1058
-1063
-1057
-1057
-1052
-1145
-1162
-1318
-1388
-1500
-1529
-1543
-1624
-1634
-1635
-1796
-2036
-1812
-1082
86
1016
1335
1365
1301
1220
1185
1226
1132
1171
1528
2277
3157
3766
4119
4099
3600
2777
1934
1373
1123
890
608
380
446
627
801
752
322
-319
-1007
-1461
-1683
-1725
-1724
-1650
-1404
-1135
-1008
-1088
-1459
-1995
-2585
-3060
-3342
-3439
-3294
-3048
-2771
-2576
-2409
-2243
-2118
-2014
-1892
-1777
-1584
-1271
-906
-430
51
551
1145
1859
2495
2958
3182
3132
2860
2478
2313
2404
2583
2744
2859
2900
2844
2733
2432
2208
1844
1458
1264
1074
1074
1033
959
767
464
191
35
16
-179
-265
-458
-641
-614
-750
-547
-635
-719
-660
-741
-742
-1000
-1138
-1476
-1779
-2006
-2211
-2273
-2362
-2369
-2626
-2828
-2975
-3045
-2811
-2659
-2475
-2219
-2129
-2124
-2018
-1787
-1565
-1311
-1119
-913
-543
151
1078
1863
2105
1851
1580
1396
1493
1493
1159
688
320
498
1100
1745
1987
1985
1779
1318
828
434
411
363
280
408
873
1762
2460
2790
2583
1868
1043
363
75
-72
-225
-411
-510
-416
-419
-521
-871
-1409
-1958
-2480
-2729
-2860
-2652
-2182
-1750
-1263
-774
-223
367
688
816
801
749
897
1303
1939
2444
2878
3197
3457
3641
3681
3574
3263
2867
2434
2146
1990
1939
1834
1724
1571
1398
1298
1207
1133
1033
885
692
662
669
752
798
821
699
545
502
276
-62
-604
-1054
-1502
-1888
-2103
-2327
-2405
-2686
-3069
-3247
-3309
-3336
-3351
-3364
-3361
-3054
-2736
-2504
-2144
-1944
-1742
-1447
-1177
-985
-919
-1008
-1174
-1302
-1464
-1554
-1539
-1644
-1793
-2121
-2555
-3044
-3351
-2837
-1825
-648
63
179
142
-44
-71
-136
-346
-612
-563
307
1512
2555
2933
2770
2333
1543
730
60
-113
-105
-178
-72
165
623
973
1046
842
226
-495
-949
-941
-777
-733
-665
-425
69
510
775
705
262
-426
-1118
-1445
-1410
-939
-287
308
801
1101
1406
1691
1803
1638
1288
1163
1252
1638
2127
2527
2822
2961
3102
3201
3360
3496
3483
3332
2959
2704
2649
2787
2997
2962
2876
2802
2823
2727
2299
1787
1191
675
419
389
469
492
306
21
-294
-598
-852
-964
-973
-1098
-978
-707
-554
-518
-749
-1055
-1307
-1494
-1628
-1730
-1872
-2022
-2194
-2470
-2723
-2914
-3009
-3038
-3087
-3115
-3184
-3135
-3043
-3112
-3156
-3144
-3097
-2932
-2835
-2908
-3063
-3264
-3501
-3549
-2675
-1320
60
825
528
154
-324
-532
-540
-914
-1248
-1293
-371
1032
2075
2408
2185
1875
1049
118
-453
-352
189
662
1230
1680
2257
2642
2650
2043
538
-820
-1480
-1211
-635
-382
-235
-117
182
279
-55
-735
-1653
-2331
-2677
-2404
-1690
-745
143
566
687
520
493
594
585
502
390
647
1238
1903
2418
2599
2594
2459
2409
2441
2418
2513
2653
2788
2753
2632
2548
2586
2580
2315
1990
1713
1745
1909
1965
1849
1626
1562
1589
1684
1557
1292
1094
957
936
841
758
675
599
407
41
-278
-464
-505
-594
-758
-965
-1058
-1079
-1210
-1396
-1622
-1745
-1814
-1876
-2069
-2268
-2361
-2465
-2375
-2470
-2511
-2497
-2531
-2496
-2721
-2885
-3144
-3227
-3420
-3731
-4011
-3289
-887
1507
3059
2623
1473
812
556
1149
1045
452
54
949
3226
4625
4617
3380
2193
824
-835
-1602
-1282
-101
626
1078
1424
1670
1963
1557
530
-1549
-3247
-3213
-1784
41
643
543
315
-60
-657
-1823
-2991
-3915
-4207
-3840
-2880
-1529
-493
11
-574
-1721
-2626
-2769
-2009
-1321
-808
-341
475
1536
2025
1755
705
-135
-269
161
942
1539
2106
2492
2495
2252
1615
974
494
157
137
260
595
1089
1381
1292
898
584
540
680
791
869
1058
1473
2005
2332
2272
1785
1267
871
688
699
677
671
537
248
-28
-356
-669
-1250
-1968
-2491
-2743
-2584
-2363
-2314
-2647
-2985
-3140
-3010
-2649
-2507
-2434
-2445
-2358
-2044
-1701
-1537
-1732
-2061
-2602
-2534
-227
2933
5359
5309
3124
1721
986
1529
2320
2155
1567
1615
3785
5842
5711
3298
994
-177
-1394
-1725
-682
1629
3048
3021
2840
2457
2211
1378
662
-229
-1390
-871
1200
3648
3892
2021
333
-787
-1407
-2184
-2803
-2985
-2957
-2570
-1978
-1282
-1449
-2241
-3225
-3991
-3764
-2733
-939
402
638
470
372
734
906
551
-17
-246
278
1402
2582
2973
2554
1519
476
-137
-480
-414
-353
-365
-215
27
293
271
-59
-653
-1073
-1026
-470
463
1115
1423
1505
1474
1455
1420
1361
1187
896
458
107
-183
-566
-946
-1443
-1914
-2277
-2566
-2747
-3069
-3521
-3905
-4061
-3981
-3858
-3787
-3661
-3403
-3206
-3070
-2948
-2483
-2470
-2340
-2072
-2371
-1910
-2172
-1927
-2157
-3109
-3714
-2706
1967
5362
6729
4188
1238
604
-81
1700
2301
2112
1728
3051
6676
7043
4513
718
-62
59
-814
509
2869
5319
4587
3260
3388
2945
2500
1642
2163
1839
1156
2638
4548
5202
2106
-734
-968
-407
300
-223
-411
-986
-1995
-2055
-1670
-1272
-2021
-2589
-2488
-1775
-545
437
1343
950
178
237
1034
2206
2163
1482
871
676
1139
1716
1969
1513
858
159
-79
-204
-732
-1241
-1708
-1399
-518
481
987
761
355
-5
230
695
1204
1547
1667
1939
2092
2074
1582
857
182
-412
-785
-1045
-1169
-1464
-1921
-2447
-2892
-3140
-3304
-3243
-3149
-3238
-3416
-3406
-3140
-2941
-3088
-3180
-3173
-3158
-2970
-2948
-2871
-2627
-2682
-3074
-3146
-3280
-3043
-2589
-2747
-3068
-4082
-4640
-3889
-124
3735
4938
3743
646
49
-253
298
1752
1891
2005
2461
4807
5676
3460
333
-909
-80
-482
45
2114
4061
3738
1684
1334
1172
699
197
726
1581
1086
1416
2290
2471
818
-1245
-1076
-461
-60
-84
-214
-429
-1550
-2116
-1911
-1592
-1745
-2059
-1745
-1351
-711
-134
252
230
-35
526
1635
2473
2489
1852
1278
1093
1446
2190
2846
2835
2470
2138
1895
1495
551
-202
-279
644
2034
2987
3322
2743
2045
1527
1302
1438
1788
2442
3031
3533
3327
2630
1792
852
410
163
210
376
435
264
-226
-825
-1484
-1828
-2048
-1987
-1789
-1758
-1734
-1903
-2036
-2268
-2496
-2711
-2591
-2389
-2292
-1919
-2265
-2747
-2708
-3111
-3099
-2942
-3112
-2678
-2672
-2823
-2824
-3549
-4065
-4255
-2332
1500
3946
3939
1302
-385
-690
-632
371
886
1400
1438
2246
3450
2418
-193
-2239
-1892
-1562
-1781
-736
1270
2053
499
-621
-620
-595
-789
-595
693
877
451
309
251
81
-737
-999
-1209
-1523
-1265
-992
-1115
-2389
-3392
-3448
-3264
-2787
-2293
-1486
-1116
-1157
-654
-134
190
299
805
2032
2935
3136
2805
2217
1769
1858
2293
2757
3037
2991
3057
2654
1649
553
-182
218
1154
2247
3108
3165
2768
2057
1517
1305
1454
2142
3048
3990
4332
3962
3152
2057
1258
921
1028
1354
1589
1684
1476
828
-79
-896
-1479
-1707
-1462
-952
-526
-576
-977
-1510
-2017
-2195
-1960
-1673
-1284
-1055
-747
-478
-1038
-1502
-1954
-2016
-1749
-1239
-801
-619
-773
-1477
-1953
-2777
-3390
-3063
-2443
-1677
941
3057
3639
2340
-263
-438
-849
-694
259
1081
1865
2002
2912
2232
-15
-1966
-1786
-350
-855
-978
246
1342
762
-509
-416
-393
-1086
-1747
-707
433
136
-283
-670
-617
-1183
-1973
-1831
-2013
-1802
-1610
-1820
-2231
-3262
-3502
-3157
-2687
-2085
-1692
-1224
-1130
-925
-602
-337
120
549
1386
1853
1563
1014
373
332
295
151
190
406
783
806
780
412
81
-177
-211
458
1066
1842
2081
2011
1924
1828
2159
2195
2449
2693
2869
2909
2557
2278
1834
1417
977
670
439
115
-84
-289
-514
-955
-1329
-1536
-1492
-1352
-1008
-551
-600
-657
-731
-544
-269
-252
-98
-20
76
-25
81
-110
-313
-347
-364
88
-75
-340
-1048
-1531
-1742
-1616
-1304
-1755
-1712
-2275
-1901
-1676
-340
2504
3285
3436
1921
1677
1905
1081
1406
1546
2269
2588
3585
4426
2758
595
-642
-30
-396
-1416
-788
288
548
-465
-578
-461
-1359
-2207
-2020
-607
-168
-137
274
256
95
-485
-586
-422
-813
-706
-713
-1104
-1878
-2700
-2786
-2957
-2923
-2705
-2369
-1982
-1879
-1482
-1343
-1272
-1090
-790
-203
-7
107
266
441
617
551
835
1452
1934
2287
2422
2354
1931
1332
1039
1150
1525
1944
2323
2152
1630
1288
1058
928
593
654
1033
1195
1205
910
570
-46
-594
-622
-415
-133
-114
-170
-386
-888
-1378
-1610
-1433
-920
-306
67
-28
-556
-1182
-1720
-1938
-1785
-1554
-1199
-1012
-817
-762
-1160
-1729
-2200
-2047
-2004
-1542
-710
-506
-231
-876
-1043
-801
-1282
-1062
-944
-740
-344
18
1062
3026
3923
3571
2514
1311
1432
1348
1424
1830
1635
1481
1908
2815
2333
383
-741
-502
-330
-987
-934
393
776
116
118
538
455
-332
-511
541
941
1073
1490
1519
1008
163
-283
-338
-705
-950
-794
-1020
-1566
-2091
-2551
-2898
-3205
-2971
-2163
-1476
-980
-524
-151
86
258
457
977
1491
1893
2447
2662
2905
2951
2828
2862
2435
2212
2072
2053
2215
1881
1532
1065
666
383
309
267
70
193
306
439
376
355
499
408
356
317
314
-22
-372
-252
-225
-415
-919
-1199
-1173
-1298
-1387
-1587
-1922
-2278
-2550
-2413
-2172
-2244
-2409
-2386
-2324
-2374
-2520
-2677
-2505
-2210
-1971
-1715
-1581
-1372
-1230
-1182
-1145
-1150
-1089
-1112
-802
-415
-254
-234
-607
-916
-1144
-1375
-1419
-1065
-579
427
1962
2895
2907
1652
502
177
-117
133
777
1508
1861
2086
2341
1607
103
-1051
-999
-658
-513
219
1137
1387
914
655
680
217
-348
-179
624
1113
1190
1166
708
-18
-662
-921
-897
-1122
-1132
-918
-971
-1201
-1585
-1713
-1636
-1235
-469
355
1110
1534
1999
2376
2719
2945
2879
2965
3116
3273
3194
2829
2588
2589
2634
2447
2159
1704
1371
1292
1142
1021
704
533
777
1177
1523
1460
1244
1153
1233
1356
1233
1080
913
837
822
669
483
166
-257
-653
-937
-1227
-1484
-1613
-1651
-1581
-1740
-1946
-2023
-2177
-2225
-2300
-2307
-2199
-2189
-2039
-1836
-1653
-1541
-1596
-1672
-1615
-1484
-1282
-1011
-925
-984
-1135
-1281
-1384
-1618
-1671
-1565
-1538
-1489
-1516
-1452
-1530
-1893
-2034
-1882
-1700
-1200
-255
790
1436
1326
978
673
171
-189
-239
-37
345
922
1797
2082
1358
254
-397
-632
-977
-921
-353
88
149
170
454
399
-359
-980
-1068
-1050
-871
-359
287
618
585
623
599
92
-519
-715
-435
38
535
1062
1306
1137
832
575
334
165
280
799
1541
2130
2403
2297
1913
1457
1067
788
660
962
1645
2339
2713
2724
2558
2216
1865
1719
1701
1667
1743
2042
2322
2159
1646
1216
964
807
616
383
166
1
-57
-25
-74
-327
-643
-811
-946
-997
-982
-936
-908
-883
-659
-385
-246
-318
-554
-820
-1026
-1206
-1353
-1424
-1446
-1386
-1314
-1409
-1646
-1909
-2124
-2202
-2087
-1830
-1550
-1479
-1449
-1351
-1230
-1243
-1356
-1302
-1151
-896
-623
-421
-405
-633
-968
-1224
-1397
-1471
-1379
-929
-300
75
125
-203
-662
-987
-1078
-913
-613
-236
164
588
926
973
700
326
52
-142
-298
-267
-137
-51
-5
189
381
223
-24
-111
-158
-225
-205
106
460
647
774
935
951
633
237
15
-144
-290
-317
-92
185
335
354
268
136
-13
-46
55
229
466
709
908
1046
1198
1363
1449
1512
1557
1561
1632
1839
2054
2105
1910
1682
1558
1352
1121
978
913
833
675
688
854
968
894
717
635
533
445
511
667
735
758
870
995
943
591
237
35
-75
-43
66
266
325
156
-196
-694
-1095
-1302
-1237
-993
-717
-515
-434
-379
-440
-670
-1000
-1359
-1526
-1421
-1118
-791
-729
-815
-981
-1093
-1142
-1288
-1313
-1285
-1132
-951
-908
-961
-1253
-1452
-1512
-1361
-1070
-900
-614
-464
-479
-578
-733
-699
-586
-185
369
825
1043
926
900
796
593
341
-1
-91
-65
161
335
242
145
25
89
222
306
405
410
469
541
688
843
845
826
777
795
716
458
231
-44
-289
-621
-959
-1170
-1301
-1286
-1322
-1357
-1416
-1569
-1668
-1697
-1560
-1368
-1185
-927
-681
-494
-346
-109
216
495
778
1015
1139
1107
1001
968
993
1036
1069
1145
1156
1086
1061
1052
1095
1144
1155
1304
1489
1593
1635
1559
1466
1414
1443
1563
1705
1713
1505
1220
875
524
244
10
-83
-99
-144
-199
-378
-671
-1030
-1247
-1214
-1087
-979
-1052
-1208
-1442
-1674
-1788
-1890
-1941
-1963
-1882
-1689
-1649
-1718
-1891
-2011
-1931
-1764
-1501
-1155
-877
-724
-705
-802
-790
-687
-529
-277
82
450
682
834
890
930
891
821
910
1071
1318
1551
1633
1499
1212
984
929
999
963
933
960
923
947
922
915
906
847
958
1152
1300
1308
1163
853
427
133
-33
-98
-171
-330
-481
-770
-1172
-1532
-1823
-2053
-2222
-2223
-2045
-1790
-1631
-1589
-1558
-1561
-1588
-1510
-1250
-892
-575
-236
55
176
118
31
47
48
84
173
344
540
650
742
743
708
743
889
1110
1342
1514
1622
1717
1760
1774
1788
1700
1591
1550
1561
1560
1474
1361
1216
1069
868
696
565
344
79
-161
-269
-275
-333
-534
-756
-930
-1090
-1206
-1320
-1396
-1474
-1576
-1559
-1531
-1678
-1892
-2046
-2028
-1898
-1753
-1573
-1346
-1143
-1033
-988
-994
-1043
-1049
-943
-685
-355
-149
-40
-9
-69
-107
-111
-81
64
219
422
723
1007
1118
1033
916
836
883
970
1150
1379
1435
1507
1555
1492
1378
1317
1426
1518
1578
1585
1579
1555
1395
1233
1009
716
514
375
308
149
-94
-293
-487
-590
-630
-591
-631
-818
-944
-980
-903
-799
-711
-584
-548
-535
-533
-539
-573
-661
-659
-661
-637
-642
-640
-521
-485
-523
-596
-662
-576
-383
-70
198
353
528
742
1031
1151
1190
1234
1296
1419
1552
1740
1783
1692
1562
1459
1448
1341
1270
1235
1086
867
542
297
126
-112
-350
-509
-563
-657
-833
-1042
-1242
-1415
-1593
-1680
-1722
-1828
-1925
-1968
-1935
-1917
-2006
-2104
-2172
-2219
-2300
-2385
-2337
-2162
-1947
-1775
-1667
-1608
-1598
-1610
-1602
-1561
-1468
-1348
-1121
-811
-559
-381
-388
-385
-326
-237
-13
232
515
724
936
1096
1236
1443
1551
1738
1848
1914
2103
2236
2386
2406
2325
2169
1935
1891
1945
1956
1736
1520
1483
1363
1187
978
795
672
615
751
805
714
578
521
486
294
204
151
164
277
316
272
75
-98
-128
-138
-141
-234
-329
-355
-373
-372
-420
-448
-444
-427
-309
-174
-51
14
42
163
304
457
617
830
1035
1179
1321
1380
1469
1493
1439
1453
1422
1424
1456
1441
1334
1134
960
825
752
621
483
369
239
126
-28
-236
-508
-707
-856
-1001
-1158
-1335
-1517
-1690
-1851
-1984
-2095
-2225
-2310
-2380
-2442
-2450
-2395
-2332
-2293
-2301
-2350
-2346
-2345
-2327
-2283
-2224
-2080
-1925
-1817
-1811
-1920
-2034
-2040
-1900
-1661
-1406
-1172
-940
-686
-465
-253
-103
-32
88
245
445
690
886
1051
1193
1225
1227
1175
1042
971
1001
1088
1137
1151
1114
1044
970
850
800
698
597
688
770
737
537
375
352
380
371
370
486
569
626
672
616
522
459
560
744
780
728
672
717
710
651
625
621
707
790
877
893
836
832
871
966
1031
1047
1050
1044
1072
1058
1061
1104
1119
1141
1114
1097
1112
1103
1123
1128
1124
1158
1277
1438
1499
1401
1214
1055
931
826
749
691
607
498
404
308
131
-132
-361
-512
-616
-685
-760
-774
-814
-950
-1082
-1184
-1257
-1318
-1370
-1422
-1467
-1559
-1690
-1790
-1876
-1915
-1920
-1909
-1909
-1960
-2017
-2076
-2112
-2143
-2134
-2059
-1998
-1915
-1761
-1559
-1385
-1304
-1288
-1226
-1111
-978
-810
-645
-520
-442
-401
-359
-351
-371
-385
-399
-440
-556
-599
-513
-376
-228
-119
53
210
320
381
317
265
288
493
747
817
818
787
768
656
501
369
210
223
340
466
495
372
355
401
471
473
435
516
608
757
819
791
796
818
964
1073
1084
1062
1014
1033
996
885
799
756
810
826
826
777
702
719
748
792
774
735
768
852
982
1004
960
913
878
939
1030
1140
1182
1134
1023
879
768
649
564
527
485
435
403
382
365
305
174
55
24
20
17
38
72
79
23
-35
-48
-43
-75
-134
-212
-277
-382
-505
-562
-571
-581
-659
-697
-681
-640
-623
-701
-807
-902
-929
-876
-810
-731
-684
-694
-697
-671
-665
-705
-725
-708
-662
-680
-764
-833
-848
-836
-823
-825
-876
-929
-969
-961
-824
-715
-657
-600
-553
-494
-517
-525
-473
-468
-532
-543
-451
-371
-307
-228
-167
-153
-272
-318
-321
-370
-332
-201
-24
66
168
269
294
311
281
305
360
428
538
574
620
598
512
480
444
429
355
309
322
293
253
132
37
-7
-65
-28
46
104
110
78
69
6
-106
-206
-193
-105
-32
15
10
-27
-65
-67
12
112
141
138
155
200
297
353
378
458
587
753
928
1020
979
883
797
795
810
812
853
901
920
895
842
734
596
497
446
472
483
478
468
361
243
125
73
96
112
128
164
231
255
207
76
-61
-110
-89
-24
-5
-71
-152
-240
-351
-484
-640
-751
-800
-819
-833
-840
-910
-982
-1027
-977
-745
-505
-348
-282
-287
-315
-318
-257
-193
-137
-77
79
306
402
408
398
371
310
214
177
183
186
271
370
361
283
263
291
291
228
102
33
68
107
117
41
-93
-200
-270
-280
-292
-308
-344
-392
-469
-611
-757
-892
-953
-971
-1005
-1047
-1096
-1115
-1153
-1212
-1287
-1346
-1330
-1304
-1224
-1123
-1023
-898
-809
-751
-716
-639
-484
-307
-146
16
166
262
323
422
502
606
738
859
984
1001
939
896
889
881
844
851
877
901
870
785
707
600
516
461
432
428
441
465
421
313
212
135
88
64
49
73
66
42
16
-37
-113
-202
-278
-366
-428
-456
-471
-511
-582
-649
-697
-686
-635
-563
-528
-487
-373
-246
-103
61
181
223
304
479
640
750
818
884
973
1038
1125
1224
1308
1399
1469
1475
1389
1279
1208
1185
1186
1153
1159
1164
1146
1091
902
686
471
341
313
303
299
207
109
31
-53
-147
-298
-416
-534
-626
-702
-788
-888
-1035
-1175
-1278
-1305
-1293
-1301
-1334
-1393
-1447
-1491
-1524
-1505
-1472
-1414
-1306
-1159
-1009
-888
-783
-701
-657
-618
-547
-429
-248
-112
-22
51
100
152
184
185
168
186
219
201
166
107
50
43
31
39
52
75
59
0
-59
-149
-213
-254
-284
-346
-453
-510
-505
-500
-523
-564
-611
-651
-691
-721
-705
-672
-668
-665
-642
-637
-635
-608
-534
-417
-303
-184
-78
-4
37
85
167
283
447
628
831
999
1110
1152
1174
1226
1289
1356
1437
1510
1569
1625
1636
1624
1595
1551
1525
1483
1429
1345
1229
1152
1047
931
840
813
815
769
677
571
522
469
417
359
285
240
195
165
142
95
35
-21
-38
-54
-85
-169
-277
-326
-341
-310
-274
-267
-263
-228
-185
-162
-155
-181
-209
-220
-219
-203
-143
-73
-47
-12
-11
-41
-58
-105
-168
-242
-269
-254
-246
-269
-361
-479
-599
-707
-796
-882
-965
-1033
-1036
-1050
-1088
-1131
-1189
-1232
-1296
-1330
-1331
-1301
-1256
-1257
-1278
-1286
-1261
-1184
-1099
-1039
-1036
-1048
-1001
-921
-849
-798
-784
-777
-710
-616
-515
-422
-348
-264
-160
-21
131
282
416
506
584
650
751
882
996
1079
1105
1114
1115
1091
1030
928
816
730
683
652
610
544
457
371
288
208
145
106
90
105
144
170
195
223
229
193
175
171
179
227
281
332
360
403
467
525
560
562
567
567
540
517
520
538
530
533
555
575
623
648
628
599
565
563
576
579
562
510
475
480
474
436
408
357
274
205
135
59
-21
-89
-149
-207
-250
-320
-426
-514
-569
-586
-591
-606
-609
-596
-557
-511
-501
-502
-484
-443
-390
-354
-310
-260
-230
-224
-262
-281
-291
-297
-269
-228
-161
-120
-114
-120
-149
-186
-247
-316
-378
-409
-408
-373
-346
-370
-407
-452
-468
-438
-407
-380
-392
-432
-443
-444
-441
-450
-476
-473
-439
-399
-380
-384
-427
-466
-445
-396
-360
-357
-370
-360
-326
-311
-280
-220
-167
-118
-72
1
86
163
253
348
425
484
533
556
577
597
621
620
586
564
557
552
528
467
400
362
334
304
261
212
174
153
174
216
234
193
155
138
147
162
163
155
137
135
144
164
181
187
172
178
210
233
256
249
249
282
316
362
387
392
403
439
521
564
580
629
700
766
804
835
860
889
902
891
845
766
694
634
561
438
286
150
27
-85
-204
-326
-461
-604
-724
-837
-934
-1022
-1099
-1136
-1147
-1128
-1098
-1056
-1045
-1079
-1104
-1115
-1114
-1102
-1052
-1014
-991
-969
-940
-902
-884
-859
-808
-716
-619
-537
-447
-360
-291
-224
-140
-56
38
159
262
338
381
393
383
381
390
403
425
450
470
485
498
485
418
332
263
222
224
250
248
246
268
292
299
290
282
264
244
267
281
261
246
245
237
220
195
166
161
145
132
120
92
82
75
84
118
144
162
186
225
240
247
273
304
331
356
380
382
377
354
319
267
229
229
228
214
163
114
88
62
38
36
70
125
204
263
264
247
221
211
230
245
252
250
234
190
102
13
-72
-153
-200
-228
-249
-287
-351
-408
-459
-505
-557
-576
-554
-513
-446
-372
-320
-284
-251
-232
-196
-170
-169
-177
-188
-184
-196
-222
-240
-250
-241
-215
-207
-188
-161
-125
-59
19
94
136
196
269
305
318
337
358
390
438
464
467
427
357
295
233
159
97
59
47
32
-3
-21
-50
-92
-123
-140
-138
-115
-91
-71
-53
-64
-110
-172
-218
-249
-283
-304
-313
-323
-347
-396
-467
-550
-610
-658
-675
-671
-671
-656
-637
-619
-600
-553
-495
-425
-330
-237
-131
-29
63
122
153
183
178
160
167
179
195
216
203
176
160
145
142
156
169
168
146
147
177
213
250
292
354
419
471
500
511
512
504
488
464
448
421
367
293
192
93
-14
-85
-138
-158
-164
-184
-213
-251
-264
-271
-274
-273
-257
-212
-157
-88
-53
-46
-68
-97
-101
-108
-90
-76
-61
-38
-27
-54
-121
-168
-177
-179
-167
-135
-79
-20
19
38
55
63
71
112
167
201
209
192
167
156
141
123
112
104
100
98
100
96
88
75
66
74
90
109
127
126
114
121
137
145
128
107
88
71
55
41
31
8
4
-9
-16
-15
-26
-32
-72
-122
-166
-175
-134
-89
-58
-46
-29
-29
-47
-61
-85
-112
-111
-72
-43
-28
-34
-40
-40
-47
-47
-47
-36
-3
14
-1
-3
15
51
82
104
138
176
213
249
265
270
269
262
267
272
267
246
206
175
140
106
80
53
30
6
-10
-10
-1
-11
-21
-32
-45
-42
-41
-43
-48
-55
-75
-106
-153
-177
-178
-179
-192
-226
-268
-306
-334
-371
-405
-429
-445
-437
-406
-355
-310
-293
-281
-237
-181
-117
-60
-22
2
0
-9
-16
-7
12
50
83
109
131
135
135
127
119
127
157
222
292
337
368
376
366
359
385
434
484
515
527
522
492
452
412
387
380
361
335
300
255
200
141
100
61
42
32
13
-33
-116
-200
-270
-318
-342
-337
-320
-313
-328
-363
-405
-447
-463
-459
-451
-431
-409
-384
-362
-359
-369
-371
-356
-322
-284
-241
-193
-166
-146
-130
-111
-78
-39
4
35
61
90
128
167
198
217
230
260
304
345
367
371
375
387
389
384
373
366
359
345
322
302
291
284
264
217
155
95
45
4
-38
-84
-132
-167
-196
-226
-269
-313
-352
-372
-375
-371
-369
-364
-361
-354
-342
-334
-320
-306
-299
-295
-283
-263
-239
-220
-199
-178
-168
-159
-149
-134
-101
-70
-42
-15
7
34
60
87
116
152
205
275
336
374
396
402
409
417
420
424
427
421
407
396
380
353
318
288
254
216
175
146
125
96
56
17
-13
-39
-63
-86
-112
-131
-152
-169
-180
-190
-198
-213
-239
-269
-290
-300
-314
-339
-366
-366
-352
-341
-337
-343
-347
-337
-309
-262
-210
-175
-152
-139
-134
-123
-103
-56
11
80
134
169
191
201
194
173
169
182
216
259
284
285
267
251
247
253
261
268
276
280
282
271
255
243
227
204
170
132
106
97
86
60
28
5
-5
-19
-40
-63
-90
-117
-139
-155
-160
-160
-158
-158
-157
-157
-165
-182
-190
-191
-193
-194
-187
-176
-172
-186
-212
-236
-247
-232
-196
-159
-121
-97
-85
-70
-53
-26
-1
20
43
65
87
113
134
140
136
130
131
137
134
125
112
101
102
109
117
123
128
137
150
160
166
171
175
184
194
208
222
224
221
212
182
136
89
61
50
32
7
-25
-60
-98
-136
-168
-185
-191
-189
-182
-179
-182
-192
-199
-191
-176
-158
-136
-115
-102
-102
-114
-130
-142
-140
-132
-126
-128
-130
-131
-131
-129
-126
-118
-106
-85
-56
-20
23
63
92
119
151
183
212
239
259
276
290
296
292
277
253
238
235
238
239
223
193
164
138
118
94
72
64
63
65
58
39
14
-8
-25
-44
-71
-103
-134
-164
-189
-212
-245
-278
-301
-310
-315
-324
-337
-342
-335
-323
-306
-289
-266
-237
-207
-180
-157
-137
-121
-108
-96
-77
-51
-19
14
43
58
62
70
96
131
158
177
196
224
257
284
306
326
349
377
399
404
396
374
350
323
297
277
252
219
172
124
78
36
-2
-35
-69
-106
-142
-171
-194
-217
-237
-247
-243
-239
-245
-264
-286
-296
-300
-306
-314
-316
-309
-297
-291
-299
-310
-315
-305
-283
-251
-211
-168
-133
-102
-67
-25
26
80
135
187
230
270
308
335
348
348
352
377
415
440
436
412
388
368
350
330
306
287
275
267
258
240
209
172
134
105
79
46
9
-23
-54
-84
-120
-163
-205
-240
-274
-308
-339
-359
-371
-384
-398
-408
-412
-405
-391
-372
-348
-326
-304
-282
-261
-242
-220
-191
-150
-102
-63
-35
-15
9
40
69
91
118
157
203
244
271
291
305
321
345
373
401
422
427
415
395
374
360
346
327
307
287
264
235
189
132
73
29
4
-10
-25
-52
-89
-120
-147
-180
-216
-245
-262
-270
-281
-298
-314
-329
-340
-353
-366
-378
-383
-384
-383
-380
-370
-355
-335
-313
-291
-264
-232
-199
-162
-122
-83
-46
-6
33
67
93
118
148
182
210
230
242
253
264
271
275
282
291
302
308
315
317
311
298
281
267
261
261
255
241
221
196
166
134
106
83
61
35
6
-24
-55
-86
-117
-147
-167
-177
-183
-191
-205
-219
-235
-244
-247
-249
-251
-252
-249
-242
-232
-230
-228
-220
-206
-196
-193
-189
-173
-142
-110
-84
-60
-35
-12
11
32
54
82
112
143
173
202
223
235
240
245
249
253
256
258
260
258
253
249
243
235
222
212
208
203
190
170
153
140
127
105
78
60
50
36
6
-32
-67
-92
-113
-138
-167
-196
-217
-234
-252
-273
-293
-306
-308
-305
-303
-305
-306
-302
-291
-282
-275
-265
-246
-219
-197
-182
-169
-150
-131
-118
-107
-87
-58
-26
7
35
58
76
88
97
117
145
172
200
227
250
267
276
280
281
284
290
298
302
299
289
275
262
248
233
215
197
180
165
143
110
73
45
30
11
-14
-44
-70
-92
-115
-139
-165
-189
-212
-226
-236
-247
-261
-277
-288
-293
-292
-292
-295
-292
-281
-269
-256
-244
-227
-207
-186
-167
-146
-120
-89
-60
-34
-12
11
40
72
106
134
156
176
201
229
252
268
278
293
312
328
334
333
335
340
342
337
327
315
305
291
273
255
234
210
183
157
132
108
78
47
16
-14
-45
-74
-103
-132
-159
-179
-195
-213
-237
-266
-286
-298
-303
-310
-319
-327
-326
-319
-315
-313
-310
-301
-289
-277
-264
-245
-223
-198
-177
-154
-128
-99
-67
-40
-16
10
39
68
97
122
143
164
192
220
242
251
257
265
273
280
277
274
274
273
265
252
234
216
198
182
169
151
131
108
86
60
35
7
-18
-38
-56
-76
-101
-128
-153
-175
-193
-210
-224
-232
-235
-239
-248
-257
-260
-259
-248
-236
-222
-210
-197
-182
-167
-151
-137
-120
-94
-60
-31
-9
7
24
44
69
96
121
139
155
170
187
203
216
224
231
241
252
262
263
260
253
249
247
244
235
216
198
180
162
138
116
97
80
61
39
8
-22
-46
-62
-77
-95
-117
-131
-137
-148
-169
-189
-200
-202
-202
-205
-210
-215
-216
-215
-214
-212
-205
-193
-180
-165
-157
-148
-131
-109
-87
-68
-52
-30
-8
11
29
46
65
87
109
125
137
148
155
157
159
161
165
168
167
163
154
144
138
128
117
106
96
85
70
54
37
19
1
-18
-33
-51
-66
-82
-97
-117
-136
-148
-157
-168
-185
-200
-210
-213
-216
-216
-213
-211
-205
-201
-197
-193
-184
-172
-154
-135
-116
-99
-82
-65
-50
-36
-22
-4
20
45
65
80
87
98
113
130
144
152
162
173
184
194
199
200
201
206
212
214
210
201
193
186
181
169
153
137
126
115
96
74
55
39
26
13
0
-18
-34
-47
-61
-76
-91
-105
-113
-116
-118
-121
-127
-135
-142
-145
-144
-140
-133
-124
-117
-110
-105
-99
-95
-89
-77
-62
-41
-21
-4
11
29
47
62
76
95
119
142
161
172
179
185
195
206
210
212
213
214
215
214
204
191
178
174
169
156
138
122
108
92
78
60
41
22
3
-19
-47
-73
-98
-123
-148
-171
-190
-213
-236
-257
-277
-295
-307
-316
-321
-324
-326
-324
-325
-324
-322
-315
-306
-293
-282
-271
-258
-243
-221
-202
-187
-172
-151
-130
-109
-86
-61
-34
-10
17
39
63
82
102
120
143
166
187
204
215
225
227
229
232
235
236
237
234
223
205
186
170
156
143
127
114
99
83
63
40
15
-6
-24
-36
-48
-63
-84
-108
-133
-150
-163
-172
-177
-181
-188
-194
-200
-201
-204
-201
-188
-169
-150
-132
-119
-107
-91
-70
-41
-12
16
47
78
106
128
145
168
196
227
255
279
298
316
331
345
360
374
386
397
409
414
413
408
403
399
391
380
370
352
332
307
284
260
233
205
177
150
120
86
50
18
-10
-39
-70
-100
-130
-160
-183
-203
-221
-242
-259
-269
-278
-290
-304
-314
-315
-314
-310
-306
-301
-299
-295
-285
-272
-256
-241
-224
-204
-181
-164
-148
-130
-110
-86
-59
-35
-15
-3
6
16
29
40
50
60
72
79
76
72
63
57
53
51
48
41
28
16
0
-18
-38
-55
-67
-76
-89
-109
-132
-152
-171
-187
-199
-208
-220
-227
-235
-244
-256
-265
-265
-261
-254
-253
-251
-248
-243
-237
-229
-214
-198
-179
-158
-136
-117
-99
-82
-58
-28
-2
23
47
69
87
105
128
150
171
190
209
227
240
251
263
273
281
291
300
308
312
308
306
306
306
304
300
294
283
267
253
242
232
221
211
200
190
175
155
139
126
116
108
103
96
85
72
61
52
47
45
45
50
53
53
52
50
49
49
53
62
71
73
70
67
66
66
68
71
75
76
74
70
64
53
43
40
39
35
22
9
-2
-16
-36
-51
-59
-65
-73
-87
-105
-125
-143
-157
-169
-184
-200
-215
-224
-233
-251
-273
-289
-296
-300
-305
-309
-316
-318
-319
-318
-314
-312
-305
-293
-284
-279
-276
-269
-255
-242
-231
-221
-208
-194
-184
-177
-168
-154
-140
-128
-114
-103
-96
-88
-79
-67
-57
-50
-39
-23
-13
-10
-5
0
5
8
13
19
21
17
11
7
7
4
2
1
0
-4
-8
-10
-15
-19
-20
-14
-4
3
7
10
15
22
30
42
55
66
77
91
105
114
124
138
158
177
191
204
216
231
240
248
257
269
283
294
303
309
310
314
324
336
341
339
337
339
338
331
319
308
300
295
290
279
262
242
230
219
203
183
168
158
153
139
116
94
78
66
54
41
27
11
-4
-14
-28
-45
-60
-69
-76
-88
-104
-119
-128
-137
-145
-155
-163
-169
-171
-174
-179
-185
-189
-187
-181
-175
-174
-173
-170
-164
-161
-159
-157
-154
-150
-148
-147
-147
-149
-151
-154
-155
-157
-159
-159
-160
-163
-170
-176
-178
-179
-184
-188
-192
-195
-201
-206
-210
-211
-214
-218
-219
-219
-220
-220
-216
-212
-211
-210
-202
-194
-191
-190
-187
-179
-167
-155
-146
-137
-127
-115
-101
-89
-76
-62
-43
-21
-5
3
14
32
51
67
79
90
104
123
138
145
149
157
170
186
200
207
213
225
242
254
263
271
283
298
311
316
319
324
330
337
342
342
341
343
345
342
329
319
315
315
314
306
298
292
286
281
274
270
268
264
262
262
257
251
249
245
241
238
233
228
221
212
202
195
187
176
167
160
154
143
128
113
100
91
82
71
58
44
33
23
13
-2
-19
-32
-44
-55
-71
-92
-112
-130
-147
-166
-186
-209
-231
-251
-270
-290
-309
-323
-334
-344
-355
-366
-372
-377
-379
-384
-389
-392
-392
-389
-384
-384
-388
-392
-393
-388
-388
-389
-391
-391
-388
-388
-387
-385
-380
-370
-360
-353
-344
-334
-320
-302
-287
-273
-255
-235
-214
-192
-174
-157
-141
-126
-110
-94
-82
-71
-59
-51
-44
-35
-27
-19
-13
-9
-4
4
15
25
34
44
57
68
82
96
108
119
133
144
156
168
180
189
194
198
201
210
219
224
226
226
231
240
247
251
254
261
272
285
298
303
310
323
341
355
364
373
384
397
405
407
409
413
417
417
414
407
398
390
384
372
358
344
333
322
308
293
281
271
263
251
240
228
216
204
190
175
158
138
120
101
78
52
24
-2
-28
-57
-86
