2
8
24
39
49
59
65
68
65
59
50
26
16
12
18
28
22
16
11
11
32
34
43
40
29
29
28
23
10
3
-1
-16
-21
-9
-12
-2
-1
4
7
0
7
5
6
21
24
35
39
35
39
36
40
40
36
43
30
19
15
9
12
6
8
9
1
4
-7
-26
-37
-58
-70
-71
-81
-75
-79
-69
-50
-40
-16
-8
-17
-28
-35
-26
-24
-26
-24
-29
-22
3
22
58
90
101
113
100
100
76
53
34
9
-9
-8
-3
2
7
-3
-21
-49
-57
-67
-64
-71
-79
-93
-91
-99
-94
-97
-92
-82
-79
-74
-79
-85
-66
-47
-28
-2
14
24
24
26
42
63
74
93
87
109
102
94
101
78
105
103
102
107
82
67
31
-10
-35
-64
-65
-54
-57
-59
-83
-93
-92
-98
-101
-87
-85
-62
-63
-60
-43
-55
-14
-9
30
49
52
74
59
60
71
73
81
108
90
135
101
101
79
54
63
23
33
42
20
-5
-57
-83
-92
-126
-88
-97
-102
-118
-141
-136
-147
-144
-126
-100
-78
-78
-90
-69
-63
-40
-11
25
50
62
57
77
69
91
73
93
87
112
117
116
127
90
101
48
59
27
29
18
1
-16
-26
-42
-37
-30
-43
-31
-96
-93
-137
-119
-120
-111
-74
-54
-41
-16
-5
-8
6
-27
30
20
65
55
56
90
66
86
78
106
95
107
94
104
69
37
40
10
41
-21
-7
-39
-41
-63
-78
-66
-73
-77
-79
-87
-109
-101
-114
-100
-107
-79
-69
-37
-39
-23
-20
-15
12
23
84
62
83
89
116
125
107
123
138
153
144
147
144
107
79
40
76
43
44
15
20
9
-59
-55
-79
-63
-72
-83
-73
-99
-124
-126
-138
-99
-110
-73
-59
-44
-46
-41
-24
-12
20
15
57
44
60
71
58
56
37
62
77
85
119
90
118
66
73
63
42
9
-17
-2
-41
-58
-85
-69
-61
-47
-86
-65
-72
-64
-73
-59
-45
-89
-70
-77
-24
-17
1
15
15
15
20
48
79
86
80
87
72
66
31
88
73
89
66
78
57
33
40
15
36
6
6
7
-29
-35
-85
-40
-95
-100
-92
-118
-91
-129
-78
-80
-54
-50
-33
-20
-33
-25
-22
-19
7
-46
1
-20
-7
-9
-9
68
-7
73
73
119
154
63
113
28
77
28
29
64
-11
30
-16
8
-16
-17
-45
-15
-75
-23
-84
-17
-88
-76
-86
-129
-87
-127
-20
-70
9
-72
15
-74
-9
-38
5
31
-22
30
-25
44
-16
63
47
101
47
92
30
56
-7
-19
-11
-51
1
-87
8
-76
-16
-40
-33
-16
-26
-26
-19
-17
-38
-31
-29
1
-28
4
1
13
11
14
68
68
95
100
117
111
101
81
74
57
34
35
29
59
16
77
49
46
62
28
51
13
43
31
5
9
-64
-44
-67
-108
-58
-99
-65
-93
-123
-91
-158
-107
-161
-120
-104
-155
-83
-142
-52
-49
-63
-16
-17
31
6
26
40
12
50
50
33
64
33
37
36
34
23
62
40
41
63
55
55
-6
28
-32
-23
-60
-106
-82
-138
-100
-91
-61
-7
-14
37
38
73
88
66
102
62
70
56
16
38
24
33
42
81
98
79
115
70
86
80
92
70
71
53
26
26
4
-4
7
1
-42
11
-40
-20
-43
-28
6
-11
-3
-57
-57
-67
-70
-40
-10
-4
35
15
9
8
21
-5
-24
-24
-58
-40
-72
-41
-11
18
44
74
67
83
86
65
97
40
78
23
2
-12
-35
-19
-47
-48
-3
-31
-28
-59
-52
-66
-95
-86
-150
-127
-140
-140
-86
-73
-15
27
25
69
43
86
72
68
83
68
11
19
0
53
63
118
146
159
169
162
137
91
95
52
37
10
4
-12
-21
3
-1
32
35
21
36
47
11
-4
2
-34
-43
-80
-42
-110
-28
-34
-28
30
14
21
16
12
17
11
40
32
-5
55
-31
-13
-32
-37
-44
-49
-40
-88
-41
-89
-43
-72
-16
-44
-21
-42
-52
-46
-81
-84
-113
-89
-133
-130
-140
-120
-105
-77
-59
-30
12
-8
26
27
33
40
27
10
-24
-10
-57
-6
-44
49
14
61
74
54
119
72
108
91
94
56
2
-30
-25
-77
-31
-82
-8
-42
21
33
23
124
29
97
23
12
-4
-46
-29
-33
-32
2
-19
16
29
13
48
28
41
27
30
-24
3
-62
-34
-64
-37
-44
-10
32
-25
50
55
37
108
6
40
-36
-65
-60
-140
-24
-145
-91
-51
-85
-31
12
-16
55
1
96
-48
51
-38
20
28
-15
21
-14
44
-22
12
38
-17
7
19
-54
6
-85
21
-76
38
3
-28
44
-68
57
-64
33
-58
1
-65
-63
-93
-111
-77
-116
-25
-104
-21
-41
0
-45
-32
-32
42
-90
13
-4
41
74
49
212
153
225
163
248
188
115
62
70
-1
-44
-79
-51
-37
-32
64
25
122
97
126
157
86
84
3
52
-96
-92
-107
-211
-130
-221
-131
-141
-127
-58
-68
37
42
24
61
35
54
-42
-64
-24
-53
-52
-42
-11
25
60
25
87
132
76
87
76
84
-1
-29
-20
-82
-39
-114
-93
-74
-86
-5
-52
64
30
81
90
108
79
95
118
80
103
8
85
4
-12
2
-3
6
76
57
161
179
189
137
174
251
57
113
43
-59
-32
-96
-119
-97
-99
-44
-54
62
28
22
168
-8
93
21
-25
-90
-159
-120
-279
-224
-287
-206
-173
-145
-182
-54
12
16
61
135
80
38
93
-52
-5
-70
-101
-92
-41
-63
-65
38
6
38
99
80
63
141
71
68
-32
7
-79
-65
-86
-135
-58
-61
-28
0
81
48
115
106
154
95
156
97
33
-5
-67
-102
-94
-115
-90
-64
-40
-1
110
149
109
183
165
189
151
99
86
45
-14
-70
-147
-193
-237
-213
-231
-209
-200
-143
-108
-90
-31
7
-27
-15
41
-17
6
-80
-72
-54
-63
-105
-42
31
-1
94
93
157
96
175
89
81
84
-21
41
-53
-7
-23
78
59
61
113
140
100
136
101
103
32
37
-21
-20
-37
-213
-80
-128
-118
-223
-76
-87
-46
-7
-70
57
104
53
91
106
94
15
45
57
-33
-25
-58
53
-38
21
-50
4
115
-49
-28
-22
25
-17
-65
45
-74
15
13
-19
46
-79
-28
-33
59
3
-77
-2
150
40
26
29
125
68
15
127
-6
59
42
22
94
129
-22
145
249
162
85
77
178
-14
5
-97
-157
-73
-166
-178
-104
-179
-157
-129
-43
-130
-180
44
-128
-43
-50
-115
-30
-49
-75
-122
-91
-138
-88
-33
-143
-135
-50
27
-60
-18
-16
65
90
68
75
65
86
94
135
63
105
13
144
94
87
21
-56
121
-45
-60
-103
-140
3
-18
-101
-36
8
65
-78
88
74
-109
47
21
74
-69
-11
-6
118
109
-89
13
129
25
-34
45
-33
1
-16
15
5
74
-28
63
166
88
-22
18
124
-49
19
-95
-57
59
-52
-53
63
-46
-36
1
-16
-66
-163
-16
-160
-11
-109
-134
82
-94
-15
69
-17
-16
76
35
76
-28
32
122
-30
36
-107
28
-42
-117
-65
-99
-53
-32
-17
-2
29
-5
93
-5
83
-68
9
-10
11
-38
-51
-50
86
76
-67
54
-23
141
-76
25
-81
-83
-35
-82
-2
-35
-3
22
87
93
-64
27
95
-8
31
-26
-47
-10
106
-29
34
-51
-20
27
-59
-7
-162
-14
-131
-38
-61
-156
-15
-52
-19
-39
-51
-24
7
76
-21
-14
7
94
196
91
112
104
180
106
43
114
30
44
59
41
53
52
-3
105
100
-80
-12
71
11
-7
-12
43
-16
79
60
-15
35
-65
-56
-112
-134
-249
-98
-160
-228
-153
-71
39
-139
31
-27
-60
-14
-58
-71
3
-33
-84
86
81
57
10
188
155
46
61
43
141
89
-71
5
100
40
55
90
138
101
72
117
180
101
22
91
156
129
35
147
153
99
53
27
8
-2
5
-46
-9
-19
-56
-13
-14
-12
-80
-83
-94
-82
-19
-110
-79
-37
-12
-42
-34
11
-28
-97
-67
-123
-114
-92
-187
-81
-53
-89
-68
7
28
51
63
-5
40
44
29
35
11
37
60
169
128
175
134
119
124
70
64
-14
-10
-4
27
41
77
118
108
130
134
10
24
71
18
-23
-42
-19
-31
35
36
36
43
20
-5
-43
-53
-102
-81
-78
-113
-98
-52
-55
-88
-83
-122
-198
-212
-189
-167
-168
-138
-131
-10
-12
-18
66
49
17
-95
-46
-71
-100
-137
-160
-116
-78
21
118
127
100
79
130
149
143
134
65
135
180
83
104
205
166
184
104
104
93
132
106
62
118
52
122
240
237
181
79
4
-74
-140
-197
-190
-96
-126
-116
-48
82
197
201
167
85
-11
-48
-117
-199
-233
-296
-315
-215
-96
76
132
46
-41
-158
-160
-169
-141
-132
-67
-127
-229
-182
-64
40
-9
-38
-55
-21
108
291
447
400
190
184
232
300
231
5
-196
-391
-389
-315
-297
-333
-466
-463
-367
-405
-409
-317
-310
-460
-665
-706
-625
-535
-456
-403
-310
-285
-293
-246
-197
-243
-237
-178
-114
77
193
287
449
532
565
671
865
997
1097
1102
989
798
626
468
265
196
198
275
280
134
41
3
28
117
225
428
619
736
865
996
1122
1208
1166
1111
1061
903
783
574
315
28
-254
-298
-297
-147
-19
23
103
99
107
36
-7
-9
-36
-109
-281
-414
-446
-451
-386
-441
-502
-420
-368
-326
-471
-748
-1203
-1884
-2382
-2743
-2813
-2827
-3001
-3082
-3081
-2888
-2769
-2743
-2650
-2598
-2770
-2971
-3020
-2227
-1016
167
1388
2223
3432
4406
4838
4758
3663
2368
577
-907
-1595
-2089
-1764
-1461
-426
1103
2536
4000
4656
5109
4740
3651
2434
1206
426
-377
-869
-725
83
1079
1686
2023
1909
1552
608
-780
-2058
-3224
-3857
-4223
-3945
-2830
-1327
523
1963
3319
4329
4655
4435
3521
2548
1540
559
-205
-650
-228
434
1228
1905
2444
2791
2375
1717
563
-405
-1234
-2107
-2484
-2608
-2172
-1659
-1122
-598
-251
-39
-352
-758
-1274
-1769
-2266
-2734
-2847
-2672
-2184
-1787
-1337
-852
-740
-805
-1373
-2083
-2961
-4027
-4915
-5767
-6251
-6334
-6170
-5707
-5489
-4991
-2696
355
3492
5092
5122
5946
6413
6436
4973
2180
209
-2324
-3497
-3506
-2851
-1171
-679
756
2707
4681
6239
5947
5676
4645
2763
1117
112
911
1797
2045
2394
3622
5516
6257
5227
3200
941
-1647
-4551
-6943
-8184
-8355
-8063
-7162
-4716
-1104
2307
4406
5487
6251
6272
5099
3209
1498
798
346
-64
450
2053
4235
5273
5058
4493
3362
1767
-776
-3513
-5442
-6702
-7090
-6513
-4346
-1163
1655
3708
5090
5861
5544
3960
1363
-1105
-2921
-4216
-4621
-4167
-2805
-1280
-138
667
864
525
-590
-2343
-4177
-5706
-6733
-7227
-6800
-5644
-4322
-3126
-2258
-1519
-1426
-1892
-3229
-4713
-6320
-6589
-3251
1084
5659
7536
7864
9995
10787
10372
6759
1588
-2178
-6609
-7910
-7683
-5574
-2247
-698
2515
5947
9133
10408
8802
7377
4525
1199
-1323
-2271
-484
1029
1837
3520
6465
9042
8651
5409
1469
-2795
-7535
-12204
-15053
-15090
-13606
-11701
-8551
-3150
3220
7706
9358
9460
9064
7276
4028
463
-1880
-2708
-3215
-2748
-213
3606
6720
7279
6375
5259
3043
-128
-4282
-7696
-9088
-9322
-7974
-4892
-212
4737
7985
9811
10373
9542
7193
3353
-522
-3382
-5084
-5719
-5139
-3333
-985
941
2281
3002
2624
1123
-1289
-3756
-5503
-6442
-6595
-5694
-3940
-1691
179
1592
2583
2443
1126
-1308
-4311
-6202
-7666
-8442
-9139
-8213
-1933
4773
10811
13072
12000
13309
12055
8791
3280
-3279
-6597
-11026
-11104
-7474
-2107
4227
6012
8788
11477
12238
10608
5782
2946
-578
-5204
-7338
-5961
-140
4410
5617
6824
9253
10749
7836
1340
-4849
-10518
-16202
-20576
-20879
-16488
-11164
-7097
-2746
3697
10083
12369
10525
7119
3859
-56
-4321
-6366
-5085
-2198
-551
708
4141
8505
10475
7890
2738
-1789
-5623
-8932
-11520
-11986
-9840
-6788
-2971
2145
7674
11518
12026
10014
7810
5606
2322
-1287
-4391
-5427
-4871
-3776
-1630
799
2871
3380
2195
868
-449
-1978
-3982
-6034
-6611
-5489
-3742
-1780
-37
1336
1878
1187
-20
-1603
-3541
-5844
-7983
-9080
-9254
-8714
-8377
-7440
-7324
-4335
2467
7965
12027
10094
7684
8224
6320
3993
-1684
-5856
-7755
-10288
-7124
-2895
3307
6891
6128
7749
8789
9153
6231
1927
68
-3369
-5899
-5638
-1118
5515
7508
6759
7369
9721
9700
4111
-3030
-8280
-12442
-16280
-18037
-15133
-9692
-6020
-4113
-348
5993
10631
10267
6891
4047
1923
-561
-2132
-1032
2007
3655
3191
4015
7275
9400
7126
1294
-3640
-6304
-8135
-9182
-8966
-6435
-3089
-133
3720
8265
11579
11712
9407
7059
5637
3880
1548
-280
-989
-674
-127
1109
3287
4546
4025
2010
253
-276
-1094
-2364
-3548
-4084
-3307
-2535
-1521
-64
622
140
-1638
-3026
-3343
-3660
-4641
-6144
-7178
-7390
-7706
-7574
-7178
-6404
-7425
-7156
-1019
5717
11360
10820
7511
8966
8530
6535
1320
-4059
-5925
-10149
-9482
-5408
808
6242
5258
6091
7595
8063
5740
792
-722
-3321
-6485
-6023
-945
7626
11459
10211
9850
11713
11571
5597
-2665
-8652
-13212
-17723
-19553
-15723
-8456
-3019
-806
2493
8334
12468
11449
7044
3527
1038
-1703
-2806
-489
4520
7897
7847
7843
9668
10252
6387
-892
-7382
-11061
-12999
-13051
-10590
-5942
-870
2989
6839
11274
13954
13064
9516
5462
2595
149
-1973
-2654
-2465
-1557
-876
109
2223
2794
1452
-1225
-3507
-3876
-4311
-4793
-4807
-4371
-3157
-2059
-719
1073
1978
1048
-889
-2182
-2806
-3208
-4486
-5917
-6687
-7232
-7592
-7956
-7310
-6853
-7506
-8983
-5157
3681
10805
14029
10482
9078
10737
8733
5354
-941
-4703
-8073
-11399
-7347
-1328
5587
6470
3780
4998
5790
4991
454
-3024
-3458
-5847
-6265
-2281
6388
14564
14709
11130
9372
8040
3549
-5380
-13019
-16764
-19555
-20466
-17569
-9649
-1227
2027
2525
4129
7168
7653
3813
-278
-1833
-1733
-912
1241
5913
10810
11649
8751
5735
3871
508
-5966
-13142
-16845
-16193
-13088
-8228
-2071
4521
9380
11528
12924
13898
12872
9147
3725
-346
-1695
-2141
-1664
-1018
-372
257
-342
-248
-86
-853
-2237
-4263
-4568
-3641
-2610
-1545
-1054
-798
-799
-716
-300
60
-510
-1900
-2844
-2934
-2128
-2011
-2908
-4414
-6596
-8149
-9360
-9538
-8868
-8455
-8272
-7662
-7166
-1833
7956
14687
17861
14113
10683
11469
8411
3729
-3676
-8891
-10499
-11966
-5890
1783
7763
8244
3764
3570
3765
2151
-1955
-4794
-2826
-2550
-1676
3327
11920
18921
16941
10306
5801
3057
-2184
-10548
-16621
-18120
-18048
-17175
-12558
-4289
2283
2690
-223
-627
1353
1878
-202
-1321
1137
4227
5977
8319
11798
14147
11528
4698
-814
-3535
-6090
-10131
-13918
-14007
-11061
-6814
-1288
4305
8692
9864
8205
7255
7582
7515
5389
2333
710
955
1865
1989
1605
349
-1618
-3806
-5356
-4861
-4380
-4119
-3701
-2943
-868
550
1498
1684
795
669
694
1325
1984
1384
613
-174
-1056
-1774
-2706
-4176
-6080
-8031
-8922
-8229
-7214
-6025
-5688
-4746
-3126
-2256
-2288
-453
6432
12868
15770
13217
9265
9466
7305
2414
-3589
-8460
-10079
-12143
-9105
-2786
2745
5180
3017
3569
4589
3068
316
-1377
751
994
128
2946
8604
13940
13048
8149
4654
1380
-3422
-9505
-13678
-14534
-15049
-14936
-11721
-5762
-124
1864
1445
1669
3076
4288
4352
4752
6374
7739
8235
8941
10512
11617
9492
3626
-2524
-5963
-7574
-9223
-11196
-11318
-8421
-4361
-140
3712
7088
8928
7921
6541
6531
7360
7428
5839
4474
4330
3791
2557
799
-822
-2590
-5546
-7545
-7236
-5371
-3664
-3118
-2080
-173
1440
1897
1606
1383
1031
485
-7
261
831
452
-600
-1870
-2865
-3813
-5521
-7135
-8006
-8162
-7653
-6658
-5120
-2891
-1437
-1062
-790
-1714
1782
7676
10705
11255
6249
3397
3155
412
-2020
-6486
-8708
-9530
-9942
-4086
1834
5706
4754
1404
1831
1477
231
-1054
-447
2289
1448
1025
4291
8548
10344
5967
769
-1828
-4318
-7096
-9620
-9802
-8633
-8597
-7770
-4768
-1254
302
-756
-1699
-975
875
3294
5206
6979
8820
9842
10305
9807
8435
6602
3810
82
-3432
-5017
-4879
-4542
-5237
-5612
-3799
-882
1835
3328
4702
6262
6781
6541
6588
7323
7446
5682
3309
2434
2395
1553
-517
-2637
-3414
-3928
-4554
-4589
-3973
-2702
-2127
-1711
-342
941
1246
330
-620
-490
-255
-697
-1307
-1509
-2132
-2985
-3790
-3848
-3548
-4749
-6279
-7250
-6746
-5363
-5070
-4541
-3766
-3325
-2860
-4575
-443
7672
11191
11493
5274
2439
3392
-98
-2516
-6117
-7007
-6972
-7789
-748
5320
7256
3897
-1227
-538
-1013
-2444
-2047
1114
5465
3640
2188
5557
8713
8428
2301
-2362
-2950
-4196
-5143
-4596
-1829
-522
-3600
-5776
-4774
-3124
-3835
-5921
-5430
-2547
1165
4527
7620
10330
10842
8719
6339
5268
4864
4328
3136
2083
1630
1402
1007
-345
-2804
-5079
-6162
-5449
-2731
298
3275
5797
7063
7785
7725
6947
5321
2741
777
-203
-389
30
-55
-420
-1226
-2314
-3083
-3420
-4044
-4939
-5328
-5124
-3920
-2924
-2011
-1096
-662
-12
323
956
1458
875
-49
-1076
-1786
-2185
-3059
-4018
-4724
-5597
-6088
-5884
-4732
-3575
-3589
-4639
-5640
-6091
-7229
-3600
3736
9262
11486
7748
5880
6865
5162
2327
-2188
-4244
-5496
-6236
-1219
4197
6718
3774
-460
-349
-107
-788
-1057
1306
4412
3218
1885
4258
7280
7537
3552
194
23
-848
-2221
-3187
-3487
-4252
-7516
-9484
-8409
-6209
-4995
-4981
-3305
-72
3225
5945
7564
8598
8357
6649
5308
5097
5876
6554
5737
3907
1904
276
-1230
-3706
-6709
-8544
-8198
-5544
-1974
1215
3983
5896
6440
6171
5640
4948
4174
2718
1847
2339
2974
2861
885
-1557
-3495
-5342
-6651
-7200
-6257
-4315
-2861
-1726
-577
337
252
-847
-1558
-1219
-168
712
885
951
804
187
-580
-1368
-2150
-3194
-4608
-5468
-5639
-4735
-4143
-4534
-5100
-5599
-5432
-5193
-5482
-5625
17
8507
13532
13716
8661
5863
4427
535
-2419
-4829
-4510
-4587
-4023
1845
6731
6708
1386
-3316
-3796
-4298
-5291
-3458
2039
5985
4420
2262
4872
7913
6977
2648
92
1146
406
-1762
-3082
-3303
-4252
-8388
-10784
-9147
-5830
-3211
-2193
-45
2476
4040
4820
5373
6056
5267
3610
3335
5341
7768
8466
6715
3413
362
-2675
-5075
-6985
-8285
-7657
-5828
-2563
1055
3984
5544
5391
4187
3112
3296
4047
4859
4709
4294
3751
2370
980
-695
-2235
-3770
-5099
-5205
-3931
-2181
-1196
-781
-785
-841
-1158
-1217
-455
324
1326
1845
2181
2504
1080
-800
-2344
-3116
-3211
-3840
-4185
-3779
-2855
-2258
-2526
-3077
-4139
-5112
-5689
-4771
-3348
-2625
-3512
-3967
1928
8702
12044
9472
2768
219
-777
-1619
-1510
-1565
-1006
-2864
-2916
1304
4385
2720
-2665
-5147
-3797
-1705
-320
3009
7314
6674
1897
-1132
1355
4012
2854
208
176
2217
1876
757
235
-361
-3381
-8149
-8723
-5543
-2122
-1092
-1788
-1231
-135
1727
4341
6468
7246
6011
4530
4724
6161
6650
5524
2219
-1347
-3202
-3426
-2137
-2249
-3124
-3445
-3000
-1378
-219
812
1378
1090
973
1885
4037
5752
6072
4970
3517
2358
1291
927
478
-709
-2668
-4401
-3846
-2004
-564
-212
-482
-169
272
373
582
858
447
-695
-1739
-1509
-797
-1027
-1661
-2049
-1865
-1896
-2497
-2094
-1116
-944
-1745
-3109
-3302
-3150
-3835
-4425
-4918
-4192
-4192
-4646
-5479
-5062
1462
7100
8928
5122
-1443
-2727
-2681
-1930
-1086
-323
1082
123
2009
6618
8553
4591
-2549
-4777
-3463
-2157
-1653
1187
5241
4037
-1061
-3118
874
4105
2849
416
1266
3986
3143
853
-714
-1678
-3985
-7056
-5767
-1570
1522
1593
181
56
371
821
1353
2120
2291
1582
1583
2878
5339
6320
5896
3879
1506
1081
881
1089
-240
-2354
-2999
-3367
-2728
-2116
-1426
-506
-208
626
1968
2976
2742
1784
1009
993
919
631
838
457
-276
-1196
-1153
360
1259
1005
-159
-1284
-1577
-1739
-2191
-2431
-2600
-2741
-1988
-712
909
1687
385
-1414
-2968
-3091
-2106
-1404
-812
-879
-1455
-2259
-2850
-2346
-1953
-2288
-3446
-4117
-3325
-1997
-2278
-4401
-7584
-10220
-6049
2014
8419
9428
3870
437
515
2227
4627
4338
3355
333
-852
2700
5613
4140
-2316
-6318
-5680
-3030
-363
2241
5595
4742
-60
-3203
-1085
3330
4964
4408
4213
5231
4959
3581
2433
745
-1600
-4394
-4122
-1369
486
98
-2367
-3820
-3956
-2343
350
2353
3613
3124
2985
3469
4246
5214
4901
4000
2591
2329
3279
3541
2175
-939
-3438
-4924
-5135
-4541
-3962
-3465
-3596
-2892
-1696
-145
1190
1792
2855
3521
3916
3744
3028
2012
533
-220
-178
930
2023
2227
1435
-234
-1406
-2079
-2161
-2412
-3124
-3454
-3311
-2518
-1814
-1501
-2262
-3614
-4171
-3655
-1934
-727
-766
-1750
-3312
-4283
-4702
-4219
-3542
-3234
-3026
-3249
-3255
-3744
-4738
-6843
-9164
-10825
-8209
1880
10920
13418
7507
-120
-1125
201
2040
2407
1753
989
-1473
-89
3536
4156
-844
-7047
-7081
-3488
548
2778
5450
6780
2492
-2513
-3027
2344
6833
6783
5466
4857
4886
2639
214
-1047
-1877
-2805
-3491
-1651
294
372
-1632
-4022
-4219
-3214
-645
1977
3737
4783
4330
4030
3874
4942
6810
7682
7169
5475
4483
3393
1295
-1973
-4957
-5188
-3861
-1815
-512
-451
-999
-1889
-1796
-505
1860
4113
5310
5767
5506
4844
3351
1727
930
1320
2390
2989
3590
3684
2433
-108
-2354
-2652
-1764
-933
-750
-531
28
30
-336
-832
-1537
-2424
-3088
-2555
-1325
-788
-1067
-1871
-2857
-3354
-3373
-2719
-1621
-1483
-2087
-2312
-2190
-2063
-3060
-4496
-5517
-5818
-5868
-3930
3364
9556
9648
2763
-4495
-4230
-1157
1646
2287
1587
867
-1881
-749
3486
5485
2518
-2511
-1343
2518
4681
4295
3890
3745
-494
-4453
-3305
2540
6717
5501
3240
2183
1960
-11
-1698
-1460
-1117
-1450
-2493
-1952
-1565
-3249
-5232
-6088
-4329
-1762
726
2482
2547
2006
973
969
1689
2826
4219
4442
3500
1546
175
-648
-1747
-2959
-3731
-2588
-911
183
-405
-2516
-4440
-5593
-4703
-2498
266
2948
3974
3406
1455
-80
-354
-462
-186
429
1506
2315
1999
1331
146
-1187
-1906
-1353
487
1786
1648
433
-1005
-2233
-3488
-4442
-4602
-4261
-3832
-3449
-2832
-2061
-2085
-3015
-3885
-3666
-2950
-2319
-1569
-1090
-454
-709
-1789
-2587
-3015
-3195
-3603
-4385
-4589
-4728
-3046
3339
8523
8414
2332
-3842
-2751
1227
4339
5081
3887
2228
-444
278
3749
5465
2519
-2159
-1708
778
2128
1629
1885
3184
383
-2585
-1303
3767
7538
5807
2933
1553
1501
1065
588
774
-12
-2093
-4244
-3985
-2499
-1610
-1197
-1213
-384
445
1407
2243
1208
-392
-1538
-825
1379
3711
5892
6124
4376
1809
515
1005
1304
739
-226
-365
-69
-58
-317
-921
-1673
-2805
-2893
-1408
270
914
-429
-2162
-3130
-2987
-1575
355
2054
2499
1880
1171
1171
1651
1954
2189
2516
2818
2315
1148
-151
-1914
-3721
-5142
-5216
-4089
-3494
-3644
-4267
-4460
-4027
-3284
-2285
-1244
-480
-440
-191
628
1506
1978
1391
321
-175
-573
-702
-1007
-1699
-2647
-3822
-4877
-4452
975
6982
7972
2611
-4080
-3167
1831
5161
4997
2141
255
-2487
-2449
1877
5103
4485
271
201
3539
5007
3964
2835
3856
2204
-1227
-1477
1748
4496
2486
-836
-1752
-1048
-558
-861
-676
-581
-989
-1541
-1584
-1112
-1398
-1783
-2060
-1874
-750
749
2149
1778
958
902
1576
2779
3382
4189
4545
3381
2106
1823
2961
3484
2033
371
-240
-37
-465
-1730
-3123
-4119
-4785
-4537
-3271
-2736
-3218
-4133
-4021
-2671
-1090
707
2089
2743
2570
2117
2163
2519
2782
2389
1969
1631
1083
247
-1438
-3024
-4358
-5138
-4625
-3814
-3347
-3532
-3936
-3717
-2936
-1721
-476
402
485
76
-147
217
816
1130
1260
1074
573
-602
-1514
-1657
-1736
-1720
-2853
-3534
-4181
-5061
-5508
-4462
1475
5671
4384
-1170
-5340
-1517
3481
6298
6111
3524
1420
-1651
-45
4552
6459
3946
-930
-852
364
-239
-853
45
1996
-307
-3253
-1775
2551
5821
4742
3160
2820
2467
2005
1197
789
-28
-1267
-2103
-2299
-1919
-2255
-2979
-4163
-4208
-2073
755
2812
2332
1626
2032
2894
4177
5049
5875
5645
3761
2170
1705
2200
1901
237
-1619
-2643
-2797
-3232
-3839
-4392
-4032
-2933
-2072
-1150
-660
193
619
260
454
1122
2300
2369
1436
775
413
950
1304
1504
1360
352
-707
-1706
-1846
-1471
-931
-396
-160
202
151
-245
-712
-915
-444
254
732
197
-970
-1970
-2265
-1804
-1119
-867
-1587
-2549
-3270
-3785
-3281
-2356
-1269
-229
-227
-535
-1159
-2109
-3044
-3208
-1955
2064
6786
6935
2234
-4168
-5501
-1040
2491
3287
1074
-1745
-3384
-3644
201
4300
4283
656
-1673
604
3466
4703
5217
5925
5063
1464
-515
987
3467
3682
944
-1446
-2220
-1447
-165
3
-1099
-2810
-4112
-4655
-4227
-2745
-1294
-1437
-2619
-1778
1240
3489
2351
-294
-825
355
1640
2685
3590
3448
866
-2157
-2482
-351
1913
2082
773
-319
-900
-933
-853
-1126
-1278
-1118
-594
-319
-583
-892
-1521
-2750
-3566
-2775
-740
429
-238
-1230
-1188
-714
-512
155
1783
3193
3304
2758
3086
4258
5186
5333
4606
3670
2457
1394
1053
1099
678
-576
-2230
-3474
-3834
-3692
-3490
-3594
-3816
-3566
-2871
-2230
-1627
-1027
-492
68
166
193
685
1051
1271
1079
630
331
-775
-1770
-2173
-963
1916
2552
-125
-4564
-5938
-1831
2823
4161
1853
-1296
-2378
-1864
1002
4565
5384
3069
-24
-283
1283
2263
3039
3901
4047
1923
-591
-410
1433
2491
1382
-287
-1126
-1386
-864
-340
-710
-2065
-3723
-4051
-3553
-2959
-2457
-2450
-2735
-2947
-1970
-448
-134
-1145
-2079
-1492
-155
1180
2685
3736
3623
2000
614
806
1445
1695
1419
1304
1377
820
67
-688
-1416
-1756
-1800
-1710
-2086
-2904
-3109
-2205
-854
-212
-704
-1752
-2331
-1987
-721
1055
2670
3787
3888
3325
2793
2639
3155
3867
4517
4541
3708
2920
2386
2248
1858
899
127
-459
-698
-773
-903
-1248
-2057
-2767
-2781
-2101
-1387
-1417
-1974
-2178
-1552
-685
-196
-355
-784
-857
-900
-817
-980
-1564
-2284
-2799
-1963
923
4142
4243
622
-3383
-3091
1447
4937
4548
1537
-1208
-2103
-1368
1519
4082
3124
-456
-2709
-1171
1302
2121
2288
2856
2607
436
-1072
248
2714
3905
2921
1528
309
-1147
-2034
-2169
-1572
-1054
-1448
-2261
-3148
-3474
-3042
-2689
-2681
-2813
-2306
-1489
-1540
-2079
-2137
-1478
-631
106
1105
1786
1228
103
209
2205
4231
4411
2988
1545
1095
1221
1234
1001
563
50
-583
-1436
-2294
-2855
-2895
-2712
-2532
-2202
-1921
-2002
-2515
-2867
-2292
-890
793
2020
2456
2341
2185
2486
3008
3435
3673
3809
3986
4305
4941
5271
4619
3222
1870
1341
1152
586
-411
-1818
-2895
-3322
-3229
-2763
-2562
-2902
-3580
-3956
-3629
-2655
-1814
-1756
-2241
-2824
-2810
-2576
-2138
-1412
-881
-375
241
2273
4275
3025
-857
-3945
-2273
1746
2676
702
-2055
-3266
-3008
-1836
1305
3101
1301
-1685
-2109
531
2274
2186
2406
3217
2780
1063
1181
3272
4720
4518
3312
2528
1538
377
365
703
730
-231
-1940
-3378
-4428
-4148
-2878
-2273
-2942
-4246
-4723
-4455
-4253
-3773
-2831
-1944
-1781
-1634
-649
624
1342
1605
2291
3181
3321
2562
1563
1193
1222
983
572
155
295
553
93
-771
-1773
-2270
-2338
-2318
-1684
-744
-144
-356
-941
-725
129
1023
1531
1662
1620
1431
1616
2243
2841
3088
2941
2767
2549
2710
3526
4206
4175
3372
2450
1926
1503
864
-77
-1128
-1857
-2320
-2321
-2127
-2282
-2981
-4177
-4881
-4533
-3549
-2760
-2796
-3511
-4095
-3991
-3337
-2477
-2203
-2324
-2411
-1553
1357
3540
2222
-1990
-4842
-2304
2058
3310
1294
-1588
-2662
-2353
-464
3152
4798
2258
-1633
-2141
744
2975
3265
3549
3828
2095
-173
450
3533
5344
4053
1893
966
580
204
270
637
835
450
-354
-1217
-2045
-2172
-1360
-990
-1356
-1762
-1555
-1227
-2057
-2846
-2259
-1207
-622
-423
76
653
-51
-891
-202
1437
2547
2030
1278
1602
2277
2554
2321
2061
2012
1810
1507
1696
1823
1441
697
-278
-568
-359
-184
-278
-726
-662
125
1155
1868
1823
1416
1390
2178
3264
3980
4130
3804
3283
2808
2841
3539
3870
3118
1569
53
-451
-394
-292
-427
-1034
-1692
-2285
-2555
-2411
-2434
-2897
-3736
-4465
-4487
-4240
-4348
-4633
-4907
-4825
-4377
-4262
-4199
-4467
-4996
-4791
-3730
-845
1955
1459
-1648
-4217
-2414
2214
4293
2720
-273
-1816
-1117
821
3530
4682
2098
-1754
-2553
180
2825
2920
2103
1751
752
-350
578
3525
5279
4123
1768
508
670
867
1175
1231
489
-440
-1426
-1892
-1975
-2113
-1847
-2282
-3590
-4307
-3980
-3078
-3091
-3568
-2876
-1840
-1325
-1233
-794
328
724
324
552
1251
1719
1358
772
1221
1740
1767
1627
1644
2053
2240
2207
2163
1951
1650
1376
1495
1948
2159
1756
825
-152
-585
-214
600
1074
888
210
-437
-269
525
1341
1733
1736
1931
2291
2760
3261
3400
2980
2168
1502
1381
1694
1786
1253
-59
-1487
-2118
-2169
-2205
-2677
-3546
-4108
-4409
-4574
-4373
-4152
-4006
-4074
-4111
-3668
-3081
-2978
-3185
-3417
-3455
-3046
-2080
257
2122
973
-2260
-3963
-976
3656
4704
2166
-436
-755
675
2656
4999
5849
2920
-833
-928
2429
4955
4102
2388
1576
581
-572
150
2943
4347
2636
-283
-1409
-423
464
880
842
362
-319
-1235
-1537
-1010
-86
566
-455
-2488
-3339
-2684
-1699
-1884
-2679
-2623
-2539
-2898
-2954
-2044
-680
-322
-742
-394
765
1708
1695
1576
2342
3326
3917
4081
4170
4113
3506
2505
1620
1028
776
865
1132
1422
1367
804
-185
-975
-844
150
1144
1235
660
138
103
534
1145
1515
1474
1195
984
1237
1878
2556
2704
2138
1294
886
1223
1708
1860
1495
585
-392
-977
-1148
-1238
-1831
-2668
-3182
-3441
-3609
-3811
-4058
-4268
-4509
-4732
-4446
-3919
-3604
-3678
-3947
-3859
-3350
-2713
-1655
399
1896
891
-1986
-3161
-159
3610
3919
1582
-183
42
955
2071
3981
4368
1374
-1996
-1933
1298
3201
2223
1268
754
-585
-1817
-361
3371
4801
2595
-150
-750
196
1144
2256
3091
2516
588
-1119
-1559
-1205
-727
-297
-999
-3033
-4670
-4513
-2988
-2354
-2686
-2739
-2657
-2632
-2312
-673
1307
1468
471
284
1344
2445
2544
2556
3346
3932
3670
2990
2825
3321
3632
3471
2851
2113
1509
1153
1032
1007
1050
1060
677
-41
-527
-511
-413
-598
-791
-776
-604
-516
-371
116
513
560
486
822
1641
2269
2150
1352
662
431
643
880
745
132
-988
-2066
-2662
-2720
-2552
-2625
-3043
-3538
-3888
-3802
-3325
-2981
-2856
-3028
-3194
-2883
-2425
-2096
-2139
-2468
-2678
-2727
-2605
-1657
202
1077
-458
-2947
-2939
266
2840
1902
-615
-1701
-973
195
1744
3595
3359
288
-2045
-524
3180
4683
3502
2473
2000
1245
1019
2747
5010
4706
1889
-281
-150
1033
1907
2190
1681
385
-984
-1650
-1463
-946
-293
-6
-1145
-2879
-3535
-2598
-1476
-1597
-2095
-2269
-2513
-2742
-2105
-282
1030
512
-413
-50
1255
2061
2243
2829
3748
3853
2974
2113
2066
2393
2599
2471
1835
1023
419
264
328
93
-413
-746
-940
-869
-380
248
363
-262
-888
-623
591
1740
2186
1913
1210
621
420
754
1432
1832
1592
778
-4
-133
182
401
70
-692
-1254
-1237
-843
-626
-952
-1718
-2379
-2719
-2662
-2272
-1952
-1941
-2377
-2876
-2940
-2531
-2178
-2305
-2740
-2917
-2715
-2478
-2185
-1085
762
1260
-750
-3239
-2793
607
2810
1468
-1083
-2104
-1322
132
2076
3977
3268
14
-1715
280
3384
3989
2765
2446
2347
1140
665
2791
5486
5094
1942
-218
85
994
1436
1785
1543
-24
-2243
-3321
-2655
-1444
-700
-958
-2446
-4043
-4345
-3031
-1458
-1117
-1355
-1523
-1720
-1664
-802
795
1825
1238
371
542
1279
1746
1631
1767
2075
1901
1396
1073
1268
1782
2186
2193
1692
866
492
644
964
1201
1128
799
230
-67
397
1143
1062
164
-518
-441
-32
272
626
1072
1189
847
559
698
1230
1563
1404
900
264
-129
-268
-398
-654
-1102
-1598
-1935
-2096
-1899
-1606
-1758
-2271
-2772
-2683
-1922
-1169
-891
-1127
-1515
-1503
-1171
-942
-1107
-1648
-2186
-2624
-2883
-2720
-2299
-1672
-1361
-2312
-3888
-4389
-2689
150
1231
9
-1309
-1269
45
1660
3246
4043
2651
433
380
3016
5378
5097
3598
2755
2186
1609
2218
4153
5064
3250
482
-497
439
1428
1776
1563
589
-795
-1933
-2038
-1323
-710
-631
-1586
-3124
-3844
-3255
-2069
-1697
-2409
-2936
-3056
-3044
-2512
-1332
-19
194
-727
-1114
-374
707
1354
1537
1824
1940
1521
1139
1194
1602
1758
1300
672
290
249
492
765
847
788
551
237
144
536
1276
1826
1847
1634
1467
1292
1418
1800
2075
1773
737
-184
-324
76
467
436
-194
-1104
-1795
-1768
-1142
-686
-867
-1560
-2069
-1846
-986
-130
82
-474
-1245
-1806
-1954
-1705
-1393
-1244
-1279
-1364
-1483
-1682
-2037
-2279
-2310
-2352
-2345
-2200
-1830
-1512
-1195
-670
-519
-1228
-2201
-1787
76
1183
444
-599
-396
543
1025
1569
2506
2566
1573
1295
3009
4890
4813
3794
3738
4227
3993
3727
4475
5190
4213
2188
1141
1283
1442
1208
898
353
-737
-1938
-2366
-1982
-1769
-2010
-2674
-3493
-3706
-2935
-1725
-1275
-1975
-2887
-3184
-2998
-2474
-1715
-1009
-1031
-1971
-2465
-1968
-1196
-843
-932
-665
-43
285
410
608
859
1033
898
761
1031
1646
2275
2490
2211
1932
1851
1767
1648
1530
1566
1578
1337
1177
1271
1277
1158
1083
1084
979
595
443
761
1052
936
409
-297
-809
-883
-620
-341
-480
-891
-1356
-1650
-1468
-1018
-563
-420
-688
-927
-902
-586
-188
-118
-332
-575
-713
-748
-815
-951
-1054
-1322
-1856
-2235
-2283
-2139
-1973
-1649
-982
-566
-1026
-1767
-1413
112
1347
1264
602
406
719
1389
2487
3595
3618
2504
1846
2580
3735
3967
3511
3318
3214
2806
2673
3484
4260
3727
2292
1398
1514
1854
1846
1491
910
65
-677
-949
-932
-1111
-1644
-2346
-3050
-3386
-3154
-2688
-2584
-3016
-3550
-3790
-3750
-3367
-2494
-1674
-1598
-2180
-2444
-1904
-1122
-576
-253
79
379
447
521
855
1244
1450
1359
1043
857
1179
1854
2399
2379
2006
1782
1774
1907
2191
2502
2424
1680
687
352
765
1125
944
348
-175
-371
-272
7
67
-327
-1106
-1789
-1999
-1791
-1440
-1291
-1423
-1716
-1822
-1677
-1436
-1306
-1363
-1366
-1272
-1110
-986
-939
-978
-1134
-1273
-1250
-1115
-1259
-1791
-2349
-2590
-2535
-2434
-2351
-2243
-2134
-1790
-1134
-662
-824
-1325
-1176
-272
409
331
17
138
630
1250
1923
2381
2174
1625
1691
2509
3114
2932
2600
2556
2482
2191
2253
2896
3220
2573
1567
1197
1272
1014
420
-174
-665
-1194
-1754
-2101
-2306
-2656
-3164
-3637
-3976
-4056
-3863
-3620
-3618
-3813
-3830
-3659
-3536
-3442
-3037
-2497
-2341
-2412
-2190
-1504
-777
-333
3
364
575
601
699
937
1050
1074
1320
1693
1925
2084
2476
2990
3012
2522
2094
1851
1652
1411
1329
1401
1244
808
600
938
1284
1281
1058
835
598
339
327
515
505
134
-303
-402
-74
323
506
414
98
-229
-401
-369
-257
-181
-163
-279
-495
-592
-461
-179
14
-38
-254
-413
-410
-358
-270
-183
-231
-423
-642
-772
-980
-1232
-1300
-1152
-810
-486
-355
-407
-613
-697
-273
468
1104
1246
1027
937
1228
1780
2266
2422
2012
1306
952
1332
2023
2263
1992
1656
1489
1373
1399
1654
1830
1533
954
656
722
791
595
137
-558
-1354
-1879
-1832
-1590
-1659
-2125
-2614
-2751
-2588
-2169
-1713
-1527
-1719
-2002
-1921
-1495
-1062
-802
-702
-847
-1111
-1072
-487
455
1115
1289
1259
1275
1509
1944
2443
2736
2707
2592
2627
2827
3123
3438
3600
3387
2861
2383
2407
2750
2897
2592
1953
1348
884
646
639
600
191
-409
-791
-804
-670
-664
-708
-816
-983
-1160
-1238
-1067
-766
-618
-626
-709
-826
-831
-620
-360
-263
-271
-348
-438
-538
-661
-711
-568
-301
-88
1
105
193
149
48
-94
-211
-324
-482
-706
-1068
-1488
-1745
-1675
-1456
-1346
-1490
-1795
-2083
-2234
-2139
-1891
-1597
-1411
-1378
-1289
-1238
-1229
-1011
-596
-263
-213
-336
-439
-433
-351
-221
-104
-72
-151
-281
-328
-213
-106
-76
-115
-295
-504
-610
-506
-320
-327
-577
-822
-991
-1130
-1217
-1375
-1583
-1714
-1537
-1192
-991
-951
-1007
-1064
-1052
-983
-809
-518
-279
-148
-9
215
509
865
1250
1663
2015
2171
2179
2183
2274
2368
2326
2128
1955
1946
2021
2075
2072
2076
1943
1595
1337
1369
1586
1611
1172
542
204
246
406
426
240
-126
-606
-1097
-1365
-1267
-988
-952
-1273
-1555
-1574
-1403
-1184
-913
-664
-647
-834
-926
-693
-308
-26
-14
-219
-374
-247
104
405
554
639
685
696
729
795
829
797
717
701
717
677
609
501
460
553
679
667
490
227
62
124
287
397
437
419
383
350
313
263
104
-44
-181
-233
-204
-263
-463
-769
-1097
-1369
-1459
-1398
-1247
-1158
-1150
-1152
-1148
-1118
-1018
-853
-774
-847
-917
-774
-493
-201
-21
32
-28
-146
-138
148
530
617
305
-40
48
494
945
1129
1091
1040
1072
1234
1427
1534
1531
1437
1272
1175
1228
1316
1327
1217
1028
855
743
624
458
248
77
4
-72
-180
-317
-464
-566
-602
-553
-513
-534
-647
-823
-883
-717
-449
-324
-437
-690
-853
-780
-597
-496
-535
-570
-574
-586
-511
-242
98
301
321
277
294
308
303
325
300
138
-121
-346
-524
-638
-675
-614
-498
-515
-683
-761
-668
-531
-331
-136
-64
-94
-42
196
381
396
341
302
232
36
-101
-31
114
148
118
7
-134
-220
-237
-163
-133
-162
-249
-421
-619
-761
-788
-790
-790
-742
-774
-1028
-1288
-1243
-1010
-908
-935
-910
-773
-697
-777
-854
-776
-744
-882
-1003
-935
-687
-472
-385
-360
-239
-38
78
93
111
209
340
448
599
857
1040
923
646
580
844
1117
1225
1331
1497
1584
1505
1380
1422
1603
1672
1563
1360
1136
957
886
879
785
474
-11
-394
-454
-300
-166
-143
-312
-547
-628
-511
-294
-112
-25
3
53
123
214
339
408
341
222
204
224
207
106
-28
-109
-180
-176
-53
114
88
-65
-159
-117
-25
-54
-207
-395
-435
-277
-35
118
86
-6
-19
39
156
283
349
253
18
-149
-104
129
342
457
492
363
94
-110
-144
-87
-78
-88
40
168
67
-186
-353
-372
-305
-173
-44
-31
-168
-317
-290
-56
150
119
-18
-133
-186
-149
-75
-68
-196
-512
-847
-1049
-1091
-1010
-960
-1024
-1138
-1140
-1005
-904
-844
-754
-591
-427
-280
-77
204
466
628
840
1106
1284
1224
1072
1070
1237
1409
1379
1205
1007
826
737
761
765
675
457
215
38
-40
-28
-12
6
-58
-203
-305
-304
-288
-247
-197
-93
36
127
243
350
442
515
567
616
642
615
555
471
383
321
231
88
-136
-306
-332
-320
-396
-535
-631
-641
-616
-618
-558
-384
-161
-78
-138
-169
-118
-14
91
209
308
329
300
280
252
205
166
105
36
-63
-74
14
17
-99
-242
-350
-464
-564
-526
-321
-177
-163
-181
-122
22
128
159
131
130
158
215
268
178
-35
-268
-413
-459
-504
-596
-759
-988
-1201
-1232
-1094
-973
-1040
-1224
-1368
-1425
-1327
-1055
-709
-517
-521
-576
-521
-354
-142
35
193
331
436
530
689
937
1213
1398
1399
1263
1022
836
748
736
684
556
392
213
82
22
100
167
109
-11
-93
-164
-248
-215
-18
208
266
213
207
293
462
654
807
821
651
391
201
193
296
343
268
89
-121
-215
-183
-145
-184
-354
-573
-681
-644
-481
-307
-217
-214
-182
-51
76
101
70
60
74
85
89
85
61
55
165
363
525
577
543
460
352
252
223
244
221
122
4
-17
57
151
189
144
72
15
49
203
385
434
345
271
328
478
582
587
510
377
230
96
17
-67
-235
-455
-665
-784
-827
-865
-920
-995
-1086
-1166
-1140
-1003
-855
-781
-771
-710
-596
-467
-370
-301
-239
-172
-106
-94
-108
-80
-15
21
14
-37
-104
-138
-92
65
227
261
125
-59
-141
-140
-101
-52
-50
-130
-280
-378
-324
-160
1
64
48
-5
-31
29
169
315
350
251
111
50
88
179
272
302
237
93
-56
-107
-40
74
95
-31
-208
-289
-196
-7
165
230
184
106
105
221
362
439
434
370
288
255
294
381
410
315
177
61
-38
-112
-147
-150
-148
-182
-219
-196
-120
-54
-37
3
121
238
282
231
170
193
285
401
493
522
505
455
408
400
379
315
221
131
71
33
35
52
16
-81
-212
-311
-355
-388
-432
-483
-523
-558
-598
-634
-649
-630
-573
-499
-392
-253
-121
-18
59
145
242
309
347
400
474
515
466
371
283
226
186
146
91
30
-55
-147
-205
-257
-313
-373
-440
-467
-454
-426
-391
-357
-294
-206
-123
-57
30
151
234
244
243
296
352
321
236
207
240
240
141
44
41
117
197
227
224
211
216
271
394
547
652
648
547
484
536
650
698
630
510
402
328
290
308
356
340
195
-16
-160
-171
-98
-54
-62
-100
-136
-154
-163
-137
-80
-66
-142
-264
-355
-354
-295
-232
-183
-155
-155
-184
-184
-110
25
130
146
99
62
65
58
9
-41
-79
-164
-344
-548
-661
-695
-754
-887
-999
-1036
-1022
-1002
-959
-849
-718
-620
-547
-456
-319
-176
-47
75
196
289
324
304
267
262
269
248
189
128
89
51
-8
-64
-90
-105
-116
-115
-98
-100
-136
-158
-116
-36
19
29
5
-38
-84
-69
12
106
128
62
3
26
138
277
374
387
342
327
398
516
608
617
558
483
438
456
519
562
537
467
419
434
476
496
499
510
552
599
629
637
625
599
576
578
579
523
394
232
89
0
-63
-160
-309
-491
-630
-684
-665
-620
-604
-650
-721
-737
-641
-476
-357
-327
-334
-329
-307
-266
-188
-113
-112
-202
-309
-356
-374
-432
-516
-580
-600
-624
-684
-747
-790
-788
-753
-702
-657
-638
-647
-661
-637
-547
-397
-266
-217
-229
-222
-149
-40
89
209
295
322
315
359
476
612
692
685
629
563
519
520
554
563
499
359
215
141
145
163
133
58
-14
-38
-17
23
76
124
145
144
150
189
228
225
189
178
217
268
264
194
120
88
104
128
132
105
59
32
51
122
226
310
340
337
362
451
559
618
612
577
555
542
528
508
477
421
338
249
173
113
42
-35
-85
-110
-136
-188
-262
-321
-347
-352
-342
-352
-397
-462
-509
-505
-457
-402
-386
-415
-462
-484
-463
-415
-350
-300
-294
-343
-398
-405
-363
-322
-327
-370
-432
-504
-562
-581
-566
-556
-575
-601
-619
-605
-550
-464
-367
-291
-242
-185
-87
26
133
223
297
354
387
404
420
453
491
507
495
467
447
433
418
421
447
480
486
454
410
391
399
414
416
404
365
301
235
193
187
193
172
117
56
10
-14
-26
-39
-58
-94
-142
-170
-155
-110
-66
-56
-70
-89
-99
-86
-56
-26
-14
-21
-36
-42
-15
43
107
155
183
213
243
262
283
314
343
350
331
303
272
235
185
132
89
58
15
-60
-147
-222
-261
-272
-278
-287
-290
-281
-275
-265
-236
-194
-175
-191
-220
-233
-228
-225
-236
-259
-284
-316
-341
-361
-375
-393
-409
-416
-417
-410
-408
-412
-403
-365
-294
-220
-185
-186
-198
-184
-128
-54
2
13
-23
-68
-65
12
113
182
198
194
213
268
351
426
461
445
417
415
451
497
521
511
483
448
412
385
362
344
321
301
289
279
265
238
215
197
186
169
139
97
51
6
-23
-37
-62
-104
-174
-234
-258
-256
-264
-285
-318
-343
-351
-342
-317
-286
-254
-230
-200
-154
-92
-36
-12
-2
15
46
71
86
97
97
101
109
123
138
141
124
99
87
90
99
86
49
8
-19
-25
-38
-67
-103
-139
-172
-185
-182
-177
-180
-197
-219
-236
-239
-241
-240
-233
-211
-170
-135
-113
-104
-90
-66
-56
-56
-58
-54
-54
-61
-64
-54
-42
-51
-61
-47
-18
12
28
18
0
-8
8
47
103
151
160
152
167
215
265
280
266
248
260
290
312
315
304
280
254
242
246
253
235
186
139
124
140
148
128
78
25
0
8
30
34
11
-30
-64
-63
-39
-26
-46
-89
-126
-133
-119
-109
-131
-171
-202
-216
-226
-255
-293
-328
-341
-332
-314
-294
-295
-313
-321
-296
-234
-182
-168
-177
-170
-121
-48
11
33
23
10
22
71
132
166
152
105
77
86
116
124
89
35
-4
-6
8
12
-17
-70
-119
-138
-114
-86
-82
-103
-125
-126
-101
-71
-56
-57
-53
-24
21
55
48
24
10
29
80
126
147
125
90
73
92
136
170
171
150
149
181
227
248
228
197
189
218
256
293
306
289
273
275
287
289
264
218
182
169
172
161
126
82
41
29
44
69
71
43
6
-8
19
45
46
27
4
-8
3
25
27
-6
-53
-93
-100
-77
-62
-86
-153
-222
-256
-261
-262
-282
-311
-336
-345
-344
-343
-360
-394
-418
-425
-410
-383
-358
-345
-329
-297
-252
-196
-143
-96
-56
-13
38
95
136
149
152
167
197
226
245
242
216
187
171
170
160
134
105
91
92
98
89
50
-9
-61
-81
-64
-33
-22
-48
-86
-102
-94
-83
-84
-92
-105
-107
-90
-61
-31
-29
-51
-77
-68
-23
28
50
45
32
28
45
76
116
149
171
186
207
235
257
262
264
271
277
283
268
238
207
194
185
160
130
105
91
92
103
104
74
25
-17
-38
-29
-4
13
16
12
20
46
72
86
69
32
11
16
31
34
10
-39
-87
-111
-109
-106
-117
-157
-214
-256
-274
-283
-298
-321
-346
-368
-370
-354
-340
-336
-340
-333
-312
-275
-230
-189
-154
-129
-117
-109
-90
-62
-38
-13
25
61
78
86
96
110
132
149
147
137
139
163
195
215
208
188
162
138
129
127
114
81
27
-10
-14
5
24
12
-32
-87
-117
-107
-83
-68
-73
-110
-145
-149
-126
-90
-76
-102
-135
-135
-82
0
60
80
82
89
110
150
197
233
255
264
271
277
283
286
280
263
246
224
198
175
150
137
129
116
97
71
53
49
56
58
44
9
-20
-25
-3
22
28
8
-18
-23
-4
30
62
73
53
22
14
37
53
33
-35
-110
-159
-174
-168
-174
-200
-252
-309
-346
-355
-347
-343
-361
-393
-410
-397
-361
-332
-321
-314
-302
-277
-231
-187
-150
-120
-93
-64
-25
31
90
141
184
219
251
287
327
362
394
421
435
430
410
390
385
389
384
347
297
249
222
210
205
193
147
85
30
6
-6
-19
-51
-97
-135
-153
-141
-123
-127
-154
-190
-211
-199
-166
-136
-130
-146
-157
-136
-93
-47
-17
-3
3
8
23
50
75
84
71
60
60
63
62
53
36
10
-18
-26
-17
-2
1
1
-4
-18
-35
-54
-69
-77
-90
-101
-108
-106
-102
-88
-47
-7
10
21
27
31
29
27
36
42
25
6
14
39
63
62
40
7
-26
-34
-31
-39
-75
-133
-185
-205
-202
-202
-208
-215
-221
-220
-199
-174
-160
-159
-156
-142
-124
-95
-62
-30
-7
15
50
101
156
205
248
281
295
307
331
357
376
380
375
372
356
338
332
331
326
305
274
244
210
184
169
145
97
40
-5
-31
-45
-62
-87
-131
-188
-232
-240
-220
-207
-219
-246
-273
-286
-279
-265
-244
-238
-241
-238
-227
-210
-193
-175
-162
-155
-140
-110
-76
-53
-49
-52
-50
-37
-25
-18
-20
-41
-64
-76
-73
-72
-79
-84
-83
-84
-98
-113
-123
-125
-124
-107
-80
-57
-43
-41
-24
0
22
38
43
45
64
90
113
127
130
139
158
177
196
198
182
150
112
94
96
90
67
32
1
-21
-35
-46
-58
-81
-103
-111
-101
-86
-91
-106
-121
-117
-100
-69
-29
15
52
75
100
128
166
202
219
228
237
259
279
290
291
294
300
302
291
272
251
224
202
185
166
140
95
54
32
13
-9
-52
-90
-117
-137
-148
-151
-161
-195
-236
-262
-263
-254
-251
-256
-262
-256
-228
-194
-164
-142
-124
-103
-79
-49
-25
-11
-14
-17
-7
21
51
69
68
66
72
76
73
58
40
17
-2
-11
-4
5
3
-8
-22
-28
-31
-46
-63
-78
-86
-74
-53
-35
-24
-20
-19
-1
32
64
75
73
72
75
85
91
86
85
83
79
77
80
81
67
37
19
17
23
18
-8
-36
-47
-48
-43
-35
-33
-37
-49
-58
-56
-56
-59
-71
-84
-82
-69
-64
-67
-67
-57
-43
-34
-21
-2
11
12
17
37
56
70
73
73
88
112
125
120
113
103
91
85
88
97
89
61
23
-11
-31
-46
-71
-95
-105
-108
-111
-127
-150
-169
-189
-198
-183
-158
-152
-167
-181
-166
-126
-89
-67
-61
-56
-50
-37
-4
40
66
71
60
56
72
95
114
120
121
142
162
161
152
146
145
138
129
136
131
97
46
7
7
20
21
9
-12
-31
-41
-45
-34
-22
-38
-65
-72
-49
-22
-20
-35
-40
-22
-2
2
-4
-8
-5
14
39
57
71
72
58
50
56
74
80
50
12
-9
-6
-6
-21
-45
-63
-81
-93
-89
-77
-69
-80
-79
-66
-56
-59
-67
-71
-64
-52
-51
-48
-39
-23
-10
3
29
65
94
95
88
96
133
161
157
134
113
106
94
81
73
57
19
-14
-21
-11
-21
-69
-106
-124
-120
-116
-125
-136
-154
-172
-167
-155
-148
-157
-185
-197
-180
-135
-87
-68
-70
-62
-29
22
60
66
69
72
88
112
