4
3
3
-4
-7
-6
-4
1
1
-2
-6
-5
-6
-2
6
9
13
15
16
17
9
2
-6
-7
-6
0
5
4
-1
-8
-6
-2
10
16
14
8
0
1
10
20
26
23
6
-7
-13
-9
0
8
7
2
-4
-6
-5
0
4
2
-2
-3
1
7
13
13
11
8
-1
-3
-5
-9
-10
-7
-4
1
6
5
5
3
3
5
12
13
15
15
13
11
10
9
2
-2
-8
-9
-7
-6
-5
-1
3
7
12
13
8
1
-4
-2
6
14
16
11
3
-10
-14
-12
-8
-6
-9
-15
-19
-13
-5
7
8
0
-9
-15
-15
-7
4
11
11
3
-7
-10
-13
-14
-14
-17
-17
-18
-12
-7
-2
2
2
-1
-4
-4
-7
-5
-5
-3
-1
0
-1
-4
-9
-14
-17
-17
-10
-3
3
8
10
9
7
2
3
2
1
2
2
3
2
3
4
5
-1
-7
-12
-15
-8
2
11
17
17
11
7
5
5
10
12
11
7
6
3
2
5
3
-2
-8
-12
-12
-5
3
10
15
15
12
10
7
7
7
3
3
4
4
7
3
-1
-6
-13
-15
-14
-10
-3
2
7
7
6
7
7
4
5
2
-5
-4
0
5
10
9
2
-7
-13
-15
-12
-8
-4
-1
0
3
5
10
8
4
-1
-6
-7
-2
3
7
7
0
-5
-9
-10
-8
-9
-11
-9
-5
-1
6
11
11
4
-2
-6
-5
0
4
9
10
8
4
3
0
-2
-5
-7
-9
-6
-2
-2
1
-1
0
-4
-3
-3
-3
-5
-2
2
4
7
5
1
-6
-10
-14
-15
-11
-7
-4
-4
-1
-2
-4
-6
-7
-8
-8
-8
-6
-3
-2
0
1
0
-4
-7
-13
-14
-10
-6
0
-1
-2
-6
-9
-8
-4
0
0
2
5
7
9
14
11
5
1
-2
-2
1
3
2
0
1
5
7
7
6
1
-4
-5
3
10
13
14
10
1
-3
-1
1
4
2
1
-1
-1
-2
2
4
3
2
-2
-4
-2
1
6
10
11
8
7
1
-2
3
9
9
10
8
4
2
5
7
6
4
-3
-5
-1
7
14
15
10
4
1
-1
7
13
12
6
0
-4
2
8
7
0
-7
-16
-16
-7
4
6
1
-6
-12
-11
-6
0
2
-5
-10
-11
-7
-1
1
-1
-9
-19
-24
-20
-15
-12
-10
-4
-4
-9
-4
-3
-4
-4
1
3
1
1
0
1
2
5
4
-5
-11
-9
-9
-7
4
8
0
-11
-10
-7
-4
0
4
-1
-7
-6
5
13
10
8
-2
-11
-14
0
10
9
6
0
-7
-5
3
9
6
-2
-6
-6
-1
10
14
11
1
-3
-7
-6
3
7
2
-1
1
3
6
4
4
2
-3
-4
3
9
8
10
13
13
10
9
8
5
3
8
16
14
11
11
8
2
5
11
4
-1
2
2
1
10
14
7
-1
-1
-3
-4
4
8
1
-8
-4
-2
-7
-6
-2
-12
-21
-13
-5
-5
-5
-2
-9
-15
-13
-7
-7
-14
-13
-10
-9
-6
3
3
-6
-10
-6
-4
-3
4
7
1
-7
3
11
5
1
7
1
-11
3
24
15
3
14
15
-4
-2
15
10
-6
3
17
8
4
20
20
1
2
10
1
-3
8
5
-4
-2
6
-4
-12
-5
-5
-14
-13
-6
-9
-16
-10
-2
-3
-5
-3
-6
-12
-8
3
7
7
4
-1
-5
-3
0
3
1
-5
-6
-8
-4
7
9
0
-8
-5
-6
-7
4
12
1
-10
-3
6
2
1
10
6
-10
-7
7
5
0
6
6
-4
-7
6
5
-1
3
4
-4
-5
6
7
2
4
9
1
-7
-1
1
-4
-3
5
2
-4
-5
0
0
-1
2
1
-7
-11
-5
-1
-2
-3
-2
-7
-13
-7
3
6
2
0
-1
-5
-6
6
9
2
-5
-8
-7
-6
2
7
2
-4
-6
-5
-2
4
6
-1
-5
-1
0
2
8
10
2
-6
-4
-1
-3
-7
-2
-1
-7
-7
-2
-3
-6
-6
-8
-6
-5
-7
-7
-4
2
1
-1
1
-2
-11
-12
1
8
-1
-3
3
1
-6
-1
9
3
-7
-9
-2
0
3
11
11
1
-3
1
5
9
14
14
8
7
14
15
14
16
15
7
0
6
16
14
10
15
15
7
4
11
11
4
4
9
8
6
12
14
8
3
4
2
-4
-1
6
7
7
11
10
3
2
1
0
-3
-4
-5
-6
-5
-1
2
0
-2
-9
-12
-8
-6
-4
2
5
3
-1
3
3
0
3
5
-1
-3
-3
0
3
2
-5
-9
-9
-7
-5
-8
-3
1
-1
1
8
12
1
-3
-1
-5
-9
-7
0
6
3
-5
-8
-7
-7
-10
-13
-13
-14
-15
-14
-2
2
-7
-5
0
-1
-6
-6
2
8
0
-2
6
2
-1
-6
-1
-1
-15
-1
7
3
4
7
4
15
13
0
-1
12
24
14
10
15
15
5
-14
-5
-7
-29
-30
-14
-8
-25
-14
-7
-9
-23
-31
-3
-22
-32
-2
-15
-37
-17
-6
-22
-30
-22
-24
-51
-47
-12
-16
-37
-24
-1
-17
-33
-5
6
-17
-14
3
2
-12
-10
-4
-20
-34
-25
-32
-47
-40
-28
-18
-16
-23
-11
-4
-25
-9
5
-24
-24
-15
8
1
-23
-3
11
-13
-38
1
5
-22
-14
1
22
-25
-22
52
49
-3
27
61
43
18
38
69
34
3
48
32
-13
-13
6
18
12
-2
7
6
-24
15
-4
1
-19
-32
0
8
-24
-2
10
-24
1
-7
-41
-34
-33
-47
-25
-18
-21
-32
-11
26
8
-28
7
25
-30
21
22
8
-26
-13
20
-18
1
-19
-15
-27
-27
-1
4
-24
-20
0
8
11
-43
8
11
8
16
3
-27
-1
-61
-37
2
-70
-49
-56
-30
-52
-43
-37
-3
29
-40
-15
19
-18
3
29
5
8
-18
3
-2
-28
-10
-41
-23
-26
-26
-59
-26
-33
-26
-6
-21
-10
-37
-13
26
13
-46
-6
-8
-23
-7
-55
-29
-52
-24
-39
-13
10
-63
-32
41
24
-69
-44
56
8
-75
-13
62
-45
-90
93
15
-39
-35
-1
10
-97
7
71
-62
-85
58
61
-89
-48
62
47
-83
-36
105
-70
-77
45
1
23
-106
-48
38
-82
-75
38
-61
-14
45
-113
40
42
-7
-11
48
154
0
-87
164
123
-117
-51
148
-2
-204
84
55
-55
-132
25
191
-78
-131
90
79
-181
98
83
-16
-65
53
79
-63
-7
-101
53
-104
-187
44
-43
-190
-30
30
-154
-76
33
-43
-38
-68
78
-65
-44
-9
-14
-80
-108
-46
-93
-59
-127
-48
-74
-97
-72
-7
-107
-99
-92
-38
16
-135
-84
101
-62
-177
-19
41
-125
-137
-4
-127
-123
-30
1
-57
-170
-78
68
-40
-183
28
-41
-61
-40
-53
31
-31
-41
43
159
-144
-42
91
19
35
-186
119
134
-165
-47
122
114
-85
18
159
170
-77
87
277
-28
37
207
119
-24
77
183
114
-30
74
277
-57
-35
242
28
-12
111
102
112
104
41
152
242
-5
-61
301
145
-163
41
136
72
-88
12
141
-108
-9
74
2
-79
12
83
-197
51
125
-36
-175
98
123
-171
11
-42
95
-195
-38
-60
-72
-165
-190
22
-260
1
-107
-87
11
-40
102
-222
3
205
-91
-109
-7
22
71
-186
-88
217
-125
-237
35
254
-88
-251
122
286
-150
-188
229
284
-72
-166
351
168
-89
-32
237
91
-61
-29
151
114
-86
133
38
209
21
68
301
-29
54
342
4
62
273
33
92
228
-44
115
87
73
5
162
155
-42
171
221
145
86
54
274
205
-27
171
232
45
138
12
198
103
34
64
94
283
-100
26
333
108
-208
225
219
-52
-80
149
184
-34
-137
172
203
-222
-74
217
-71
-212
42
44
32
-261
-22
214
-150
-161
94
92
-155
-170
141
-69
-175
-123
22
208
-384
-205
378
-62
-599
168
286
-459
-95
110
156
-229
-46
308
9
-115
-4
320
-109
-272
115
302
-162
-227
424
158
-251
68
402
18
-149
192
338
-12
-253
295
349
-286
-53
496
31
-164
212
314
-14
-85
185
136
-60
-84
134
-53
-64
28
-10
30
-263
113
-53
-289
197
-136
-235
27
-27
-255
-10
-26
-201
-26
45
-118
-183
-75
25
-124
-240
-4
61
-306
-170
87
-108
-384
-297
179
-242
-497
-25
110
-429
-262
43
-48
-258
-397
77
-26
-470
-66
31
-233
-249
-20
-113
-245
-158
100
-316
-192
90
-201
-141
-217
129
-277
-274
68
-220
-286
120
-277
-301
345
-315
-252
153
110
-332
-3
380
-205
-123
106
368
-284
81
141
199
10
-86
423
17
-80
276
171
-63
189
98
132
190
96
129
272
125
19
140
357
105
15
154
116
259
-222
256
373
-270
156
457
-115
-15
216
173
56
89
87
64
-31
-14
228
-198
116
136
-31
-109
20
-28
-134
-123
-15
61
7
-161
-14
146
-177
18
21
73
-184
-37
82
-35
-16
-145
130
-159
42
-120
-108
197
-289
-46
249
-264
-355
245
-78
-242
-62
10
41
-193
-152
4
-61
-290
23
-96
-119
13
-191
17
6
-65
-138
28
-36
-10
-157
67
-17
-44
-55
-35
149
-133
-105
273
-141
-59
0
224
-32
-243
298
-186
29
-59
111
24
-32
8
182
-170
-19
-103
108
11
-220
180
76
-238
-199
312
-127
-281
171
260
-283
81
134
-82
24
-273
260
164
-324
13
326
-124
-339
242
91
-158
-56
293
-58
20
-69
199
26
-78
213
189
26
211
257
-110
314
11
69
60
107
-15
94
66
-9
133
-46
267
-19
-28
79
127
79
-179
144
-124
124
-19
-3
272
-190
6
503
-297
-15
432
-323
51
382
-183
-13
102
1
94
182
-169
148
293
-211
-35
205
229
-556
305
141
-31
-158
169
222
-292
508
-376
327
92
-349
344
54
-332
-34
372
-265
-317
381
47
-429
-39
311
-191
-270
113
108
142
-461
-137
673
-631
-245
424
-101
-286
251
-383
-21
446
-1194
529
168
-820
126
331
-541
60
133
-493
161
-234
52
-356
222
-156
-297
221
-92
-346
114
-41
-245
159
-310
203
-151
-309
128
205
-238
-388
416
222
-318
-279
700
-13
-389
246
441
-203
-136
262
39
41
53
-57
361
107
-358
671
-102
-141
497
293
-288
361
525
-278
164
284
272
-200
163
301
10
210
-293
286
557
-672
397
457
-663
438
309
-599
489
307
-871
663
-58
-657
505
-219
-244
362
-427
16
153
-288
31
69
-172
-72
33
-72
-160
-380
502
-421
-207
294
-79
-269
-68
-22
-86
105
-569
226
335
-532
-452
756
-121
-953
660
182
-510
47
50
-113
221
-517
-147
570
-633
-315
609
-437
-142
225
-251
155
-193
-54
-6
-4
-346
323
-227
-109
20
-55
149
-530
674
-217
-341
208
14
-147
-318
315
-102
-65
-273
483
-312
-559
377
11
-307
-311
561
56
-706
361
495
-472
-356
580
-21
-244
-112
436
3
-576
663
-186
-94
-7
19
106
-83
-134
311
-150
-357
639
-427
-138
440
-54
-228
98
483
-184
-281
496
23
-283
246
174
278
-246
47
439
-81
-213
269
5
109
-115
-177
865
-504
-303
965
-484
-205
696
-487
444
58
-526
816
-108
-583
551
307
-658
96
273
-44
-234
-224
657
-394
-280
266
216
-148
-429
412
-5
-187
-247
435
-20
-220
119
-101
151
-200
-285
44
582
-557
-223
881
-128
-617
527
226
-619
469
-357
53
284
-248
-191
709
-142
-344
707
-153
-227
248
-15
-240
513
-514
225
195
-30
-186
194
291
-499
115
111
-374
-79
113
-88
224
-403
152
214
-428
-162
413
-219
-395
758
-610
89
115
-417
374
-223
-115
199
-46
-237
-45
172
83
-415
-66
707
-742
-226
349
-19
-397
-308
965
-639
-128
306
-13
12
-686
920
75
-802
520
566
-743
-22
370
214
-275
-497
1205
-585
-481
759
-236
57
-179
113
168
-64
-269
444
132
-680
563
202
-477
73
94
134
-265
121
384
-446
10
79
82
-151
-55
-137
297
173
-813
873
-121
-713
643
191
-427
149
339
-440
395
-188
43
345
-605
278
253
-269
-348
808
-536
-45
528
-446
549
-595
438
10
-299
335
353
-162
370
40
305
97
-301
534
-284
114
23
549
-545
346
-190
128
-12
-482
966
-857
297
30
-184
449
-830
559
-36
-265
34
140
93
-397
134
-210
369
-537
293
-95
-379
456
-427
88
-80
-47
105
-375
735
-465
-239
258
92
-530
42
679
-961
817
-270
-189
307
-471
283
178
-536
498
427
-476
-56
731
-483
-120
674
-600
413
35
-78
109
243
-472
470
-7
-26
434
-621
167
465
-468
-12
311
36
-83
-20
-10
-108
224
-502
87
53
53
45
-383
323
-131
13
-426
446
-113
-257
140
-128
318
-581
47
203
-407
99
143
-315
-135
641
-1012
403
97
-359
130
-201
312
-216
175
-244
-151
426
-442
-310
833
-633
-387
767
-651
38
163
-103
-56
79
321
-307
418
-432
58
445
-337
181
531
-258
-433
1215
-784
308
178
-349
586
-508
248
169
-297
164
-311
692
-528
-36
477
-185
203
-110
132
-87
71
-375
679
-159
-510
1202
-746
-71
694
-534
131
-116
204
-716
738
-599
-143
371
-799
748
-825
605
-597
114
-50
-443
441
-592
267
-258
218
-401
527
-705
327
-219
-146
326
-455
635
-593
798
-580
165
-149
-116
49
-203
474
42
-177
84
486
-696
76
321
-145
-31
159
113
54
14
255
-130
242
148
-185
140
335
21
-666
695
5
-494
641
-567
672
-507
-437
1127
-546
-700
615
401
-1288
803
313
-999
1038
-452
48
479
-123
-18
150
86
-173
80
108
-94
64
486
-504
705
-90
-175
596
-320
-513
410
1
-751
615
345
-550
170
390
-472
181
-25
-382
445
-163
-399
281
-77
-152
-103
-111
317
-400
206
-274
190
-227
151
99
-483
593
-430
47
-159
275
-353
319
-81
-429
745
-823
-55
273
-456
-335
1
416
-897
451
105
-20
-53
-479
1034
-1301
704
-103
283
-304
-72
874
-1350
627
351
-602
189
288
-657
443
-177
-149
255
-11
-483
418
-211
-426
508
-501
671
-623
-79
672
-902
848
-722
480
329
-890
703
-5
-603
493
-67
-333
550
-583
356
157
-520
310
-262
-442
337
14
-270
302
-307
581
-698
771
-498
87
124
-86
621
-905
1472
-1122
161
555
-301
-224
565
-470
36
216
-434
402
-495
539
-71
-427
993
-323
-218
542
-242
-151
574
-699
64
743
-945
750
-134
9
215
-563
210
305
-102
-548
740
-39
-969
889
-257
-436
818
-434
688
-844
601
-217
-477
262
399
-487
-446
1166
-1082
570
-371
331
-15
-3
71
340
-94
-371
206
604
-621
-308
1215
-1836
1617
-498
-275
925
-533
113
-35
1091
-2311
1711
-110
-944
506
155
175
-1340
1697
-859
231
-617
685
-471
-792
1174
-1118
1374
-1244
889
212
-1075
623
283
-252
-826
1387
-779
-534
1139
-260
-384
354
301
-563
114
81
51
-47
-129
527
-24
-362
303
402
-529
-158
696
-444
-401
509
216
-692
28
586
-692
-192
352
-461
118
-112
-89
426
-179
-224
300
-93
-371
188
338
-614
912
-658
-52
238
-498
352
-232
304
-308
241
-242
612
-588
59
950
-1115
267
621
-852
44
-34
862
-931
346
338
-341
425
-668
561
-217
471
-945
1152
-244
-396
1107
-953
697
-544
278
80
-2
300
-484
275
586
-857
661
-394
129
-550
711
-67
-328
29
297
273
-948
723
145
36
-1095
1430
-759
-254
-93
732
-380
-262
790
-1270
2100
-2022
987
610
-1435
1265
-679
826
-267
-445
776
-629
254
-438
722
-148
-797
1731
-1190
190
24
-210
202
-236
-268
609
83
-1022
698
470
-1250
708
-171
-798
734
-535
-10
64
-81
-313
518
-766
311
545
-1136
1272
-945
88
823
-1083
414
374
-710
-438
898
-952
100
115
-124
266
-703
647
-42
-342
-284
194
-87
-755
969
-66
-360
364
-217
776
-1036
540
435
-660
466
-264
339
-332
248
-520
1093
-713
-120
1192
-948
647
-321
794
-583
138
876
-1219
1236
-311
-66
174
185
-184
84
379
-980
1256
-1101
669
-38
-49
-335
324
756
-1569
1506
-1146
881
-444
-291
596
-1071
1172
-1056
310
103
290
-593
226
-41
-510
108
-217
517
-579
388
-255
96
-147
-597
442
35
-709
821
-340
-110
184
-340
-38
314
-231
390
-297
618
-803
296
1079
-1997
1936
-546
-24
364
-3
93
-53
554
-573
270
542
-956
976
-147
-455
1086
-1222
443
413
-14
-914
810
406
-1247
1379
-299
-208
224
4
159
-302
293
-514
502
-518
74
174
125
-367
-383
804
-723
-125
1
639
-844
-167
916
-700
-173
733
-446
-410
1264
-1987
1568
-683
-727
660
-215
-316
-732
2083
-2350
1096
351
-669
329
245
-324
-545
620
-751
376
-166
789
-1233
1204
-342
-876
1665
-1746
610
189
-969
551
-59
-187
-44
660
-736
340
697
-1212
1186
-429
-286
142
-235
20
133
-62
63
571
-854
713
-224
-877
1306
-694
-756
1883
-1816
124
1180
-875
-489
1509
-808
-614
2212
-2300
826
905
-1449
779
381
-505
-205
1105
-1339
352
658
-716
365
-249
488
-1356
1661
-1082
-308
1133
-662
-689
1372
49
-1865
2364
-1212
340
-332
528
-356
-218
-317
-47
1764
-2665
1106
653
-485
-717
1130
-707
-466
770
-990
1238
-415
-1040
1280
717
-1419
402
1145
-1328
1002
-651
290
578
-1138
591
405
-1141
234
825
-1351
1007
-684
316
728
-1277
694
568
-422
-689
1547
-791
-181
1191
-916
257
500
-150
-570
1744
-1425
230
1193
-1271
338
276
-66
-44
-301
164
999
-2221
1540
188
-1504
763
-537
976
-163
-1173
1238
568
-2014
1184
172
197
-1147
278
776
-801
-221
27
1333
-1046
-2
519
441
-489
-819
1486
-176
-618
-21
1466
-686
-332
810
-994
1207
-1931
1019
442
-274
-774
557
1241
-2582
1753
-206
-360
78
-215
1183
-781
60
120
461
-152
636
-827
1177
-371
-893
1743
-1606
1572
-896
1064
-481
494
82
-719
1416
-1612
946
-55
45
-102
637
-669
263
574
-1463
1322
-529
-341
998
-966
-66
714
-193
-497
828
-1161
564
319
-382
328
557
-170
-389
847
-46
-1073
840
-53
-604
1143
-1498
868
752
-1220
243
1555
-1818
419
1157
-1660
441
956
-1172
221
1117
-651
533
-434
715
-1095
1165
-252
-341
551
-241
-337
984
-80
-1224
1688
-1168
-270
953
-1143
-286
820
-408
169
-60
69
350
-49
423
-17
183
-427
-420
568
-556
-116
-114
450
348
-583
376
736
-823
380
517
-1706
1325
-1001
-323
1938
-2160
442
1223
-928
-277
785
-835
-277
146
-420
835
-495
-883
1218
439
-1538
711
-63
-509
-335
132
1059
-628
-132
521
770
-491
264
603
87
-18
-571
597
201
-1858
1181
202
-1084
576
-933
604
-309
-1073
1525
-32
-1170
825
-80
-44
-822
-85
1654
-818
-787
1761
55
-1896
422
508
-85
-779
190
1149
-610
-547
969
132
-1354
964
-107
-551
30
-459
556
-415
-450
610
52
-1197
213
-284
-100
217
-324
250
-330
-34
677
-26
-1300
803
124
-547
510
-219
8
-751
470
170
326
-678
-7
1030
-221
-348
-74
956
-1390
-434
1268
-945
5
6
-303
488
-104
-218
-32
-184
-1082
683
-430
-1005
1292
-832
328
455
297
565
-691
405
79
186
-312
249
-591
-288
-606
443
667
-1726
1000
354
-387
-373
922
-278
-636
187
-372
623
-420
-836
1581
-35
-1520
2223
-251
-691
588
-362
-193
491
-722
-652
2244
-1370
132
851
-1363
479
-151
-113
-92
-558
441
-206
115
714
157
1310
-654
-835
951
-1341
-1198
1149
-852
-744
112
-239
763
-122
604
1218
448
-591
1432
23
-861
-70
279
-295
-295
737
-313
1391
126
618
873
-324
-418
269
-135
-1055
443
-748
75
-572
-625
1203
-497
-764
-28
337
182
-295
-250
535
-336
-31
815
-194
138
-49
-421
1312
695
-578
329
-177
-28
706
-169
-345
669
-208
46
729
-57
-142
56
-780
-855
740
-622
-907
324
345
-130
758
406
-258
-698
16
1087
-371
143
-419
-163
476
-693
67
275
-329
-73
634
292
-287
-659
-465
806
-467
-107
535
-41
-74
-653
389
-614
-1507
-233
387
-634
379
-20
-613
423
-794
356
674
-478
210
497
238
403
174
241
-432
342
150
-628
625
-485
42
64
-249
-986
-518
-674
91
13
-565
786
-516
295
-643
-49
-121
-547
120
-490
403
-110
-414
144
-146
-49
470
-155
295
-322
-421
535
-235
482
-290
-163
-93
-354
484
-360
127
-254
434
164
-294
507
190
-39
227
-199
-21
197
-305
69
-172
626
537
-286
676
-292
-317
233
-689
298
25
-362
465
587
-562
-264
76
-987
129
172
88
521
109
-208
707
243
-198
655
-286
-27
308
428
32
108
41
35
547
-422
934
528
-310
146
354
-105
-484
72
-153
-188
-280
482
47
218
-165
103
380
-395
319
99
416
222
416
530
-548
-287
44
-13
-63
52
799
7
-528
-296
-51
-366
-492
165
201
36
301
829
244
-421
-499
-91
-235
-177
286
-81
75
-236
191
394
-295
120
499
503
392
354
-90
173
30
148
560
520
307
265
433
-165
-378
-223
-377
-298
253
214
-69
-56
-182
-325
-14
-174
1
288
-9
405
256
-133
-315
-502
-609
-369
-559
-770
-374
-740
-272
-620
-717
-1010
-1484
-1179
-1253
-1048
-1276
-928
-1052
-677
-1184
-1129
-948
-1240
-893
-699
-643
-989
-470
-283
-255
177
466
638
658
912
1053
1087
1244
1034
1688
1576
1954
1976
2164
2201
2007
2116
2203
2214
1929
1980
1975
2259
1701
1947
1645
1372
1486
1400
1086
952
741
384
379
250
113
-96
-103
-451
-393
-688
-884
-729
-653
-724
-509
-281
-542
-488
-422
-537
-520
-547
-543
-357
-720
-532
-696
-787
-640
-1119
-919
-1125
-1191
-885
-1139
-1466
-1562
-1556
-1905
-2132
-2335
-2602
-2377
-2692
-2674
-2858
-2963
-3167
-3281
-3149
-3597
-3638
-3526
-2915
-1950
-374
497
722
1193
741
657
776
567
820
1790
2584
3546
4021
3463
3251
2821
2387
2369
2312
2305
2428
2528
2624
2687
2016
1378
1181
774
902
943
943
618
497
221
-86
-872
-1096
-1236
-1353
-1068
-922
-634
-782
-504
-359
-243
-99
-163
237
1554
1724
2426
2440
2237
2839
2563
3104
2498
2015
2180
2049
1806
1279
931
818
881
679
448
-34
-952
-1140
-1238
-1336
-1702
-1831
-1686
-1673
-1427
-1688
-2044
-2388
-2248
-1737
-1533
-1412
-1571
-1519
-1685
-1986
-2161
-2873
-3424
-3680
-3528
-3757
-4555
-5330
-5960
-6393
-6490
-6179
-5012
-1880
1045
2555
2595
599
-210
-528
-362
764
1180
2835
5323
6767
6937
5060
2827
2340
2475
3125
3511
3584
3980
3805
3617
3265
2110
599
75
811
1861
2514
1949
687
-296
-1020
-1540
-2331
-2767
-2620
-2146
-1360
-1178
-1326
-1675
-1979
-1604
-961
-270
23
139
952
1707
2007
2168
1908
2163
2832
3072
3209
2627
1626
789
352
456
190
-96
-216
-451
-715
-1517
-2465
-3357
-3450
-2783
-1868
-980
-826
-758
-579
-320
-247
52
298
821
1713
2205
1988
1178
-5
-806
-1198
-1545
-1664
-2501
-2823
-3123
-4237
-4769
-6136
-7306
-7372
-7627
-7367
-7267
-5989
-4036
293
3404
4268
4219
2028
2094
2199
2458
3528
4181
5628
7737
8189
7195
4702
2003
1248
1586
1913
2120
1725
1561
1756
1673
1356
627
-107
-79
1060
2316
2744
1963
858
-66
-368
-158
-498
-715
-750
-899
-446
-834
-1831
-2690
-3101
-2458
-1485
-893
-1008
-1362
-1048
-541
-208
-20
248
792
1688
2201
2450
1810
1242
1300
1555
2196
2079
1519
569
-365
-876
-1400
-2205
-2665
-2572
-1734
-1112
-819
-1021
-1636
-1393
-675
-125
514
670
699
1447
1672
1152
368
-687
-1167
-880
-1323
-1990
-2820
-3531
-3562
-3341
-3622
-4455
-5247
-5844
-5858
-6004
-6422
-7470
-6707
-1801
4776
8772
8039
4139
1626
1133
1386
2624
2996
3713
6548
9814
10620
6932
1283
-1407
-306
1690
2759
2757
2014
1697
1702
2354
2000
123
-1186
-350
2768
5284
4486
1499
-1036
-1996
-1747
-1853
-2469
-3064
-3185
-2847
-2725
-3570
-5323
-6984
-6869
-4849
-2712
-2128
-2693
-3041
-2116
-842
-115
421
849
1960
3102
3901
3835
2296
706
-61
502
1729
2578
2282
1299
421
-549
-1987
-3429
-4053
-3261
-1353
257
1150
1348
728
60
798
2223
3386
4605
5663
6183
5885
4500
2551
1153
231
296
682
439
-338
-1285
-2606
-3619
-4118
-5249
-4822
-4276
-5154
-4517
-5999
-7251
-7122
-8624
-7440
-7435
-3810
4703
8906
9950
5323
720
778
157
1278
3000
3308
5197
8183
9038
5825
-1207
-5163
-3023
-82
1724
1785
1099
356
-432
195
1128
-40
-1801
-1017
2403
5494
4484
944
-2024
-2941
-1920
-980
-1573
-2439
-3250
-3242
-2856
-4199
-5977
-7876
-7368
-4284
-1768
-782
-2287
-3290
-1897
258
2277
3186
3713
5016
6622
7030
6004
3449
684
-309
38
1610
1945
631
-705
-1476
-1818
-2940
-4336
-4406
-2755
-181
1900
2569
2171
1567
2104
3907
5894
6686
6730
6950
7345
7001
5259
2979
1389
1055
1741
1669
300
-1665
-3842
-4571
-5163
-5973
-6514
-6509
-6322
-5289
-4723
-6005
-6681
-8366
-7861
-7104
-7150
-6731
-3893
4647
10528
11778
7081
994
-260
-1140
-169
1955
2590
3820
6232
7413
4533
-2733
-7954
-6120
-1875
579
894
394
-47
-1558
-1541
371
742
9
558
3894
7625
7232
3050
-373
-938
156
1697
1383
-123
-1384
-2612
-2973
-4044
-6054
-7676
-7275
-4092
-1032
-234
-1664
-3054
-2060
572
3052
3844
4253
5146
5949
6462
5779
4135
2153
386
364
1828
1882
-119
-2272
-3170
-2695
-2781
-3469
-3296
-2215
140
1980
2965
2767
1705
2324
4262
6451
7152
6387
6264
6596
6294
4723
2104
-140
-802
-504
-200
-1208
-3567
-5638
-6140
-5809
-5424
-5861
-6788
-6253
-5259
-4077
-3768
-5034
-6346
-5978
-5036
-4036
-4228
-5505
-5804
-162
7697
11020
8789
1420
-1201
-704
-217
1167
439
103
1866
5196
6427
1651
-5176
-6163
-1790
2053
3043
1809
1121
234
91
2594
3910
2486
522
1518
5770
8318
5811
1240
-1099
-1122
-274
-446
-2119
-3934
-5108
-4685
-4067
-4742
-7050
-8498
-6286
-3123
-924
-606
-1396
-697
1365
3198
4895
5645
5995
6625
6417
6147
4685
2213
511
-774
-733
-476
-1460
-2985
-4189
-4157
-3222
-2762
-2089
-1160
-233
1292
2478
3434
4016
4523
5639
7041
7603
7202
6503
5414
4114
2394
1137
-17
-1312
-2200
-2974
-3865
-5575
-7217
-7541
-6933
-6574
-6402
-6376
-5994
-5423
-5085
-4816
-4996
-4652
-4470
-3521
-2470
-2670
-3013
-4769
-440
7884
11233
9368
1974
-1048
43
-33
869
1259
804
1722
4444
5922
2961
-3922
-5157
-258
3477
4074
2046
1345
1200
583
2507
5053
4439
2327
2010
5236
8289
6063
1392
-1347
-1845
-1002
-1282
-2769
-4140
-5697
-6018
-5931
-6903
-8036
-8924
-7139
-3867
-1679
-570
-1442
-1357
729
3048
5269
6154
7000
7717
7246
6124
4225
2042
-389
-1944
-1915
-544
-557
-2391
-4022
-4773
-4351
-3881
-3460
-1958
318
2576
4244
4877
4705
4190
4297
5624
6761
7205
7048
6111
4807
2673
499
-1123
-2421
-2888
-3051
-3185
-3740
-4846
-5756
-6470
-6568
-6275
-5549
-4230
-3009
-1915
-1283
-696
-939
-1761
-1871
-1894
-730
-667
-1681
-3024
-3870
1480
6660
8295
5274
-472
-958
-264
566
1570
822
153
1907
5265
6639
3622
-1172
-859
1886
3111
2963
1561
873
-23
280
3223
4693
2342
-555
-696
2493
4486
1809
-1906
-4257
-4743
-3813
-4017
-4815
-5634
-6864
-6561
-5905
-5551
-5750
-6795
-5407
-2639
-79
1280
1054
1510
2673
3687
4598
5438
5766
5303
4521
3721
2635
430
-1814
-2955
-2739
-2054
-1958
-2052
-2477
-2828
-2410
-1451
4
1262
2404
3526
4597
5679
6148
6158
6266
6602
7226
7183
5794
4050
2449
1569
1225
184
-1337
-2770
-3927
-4341
-4663
-5092
-5430
-5412
-4402
-3148
-2036
-1548
-2300
-2783
-2022
-1669
-1152
-1215
-1559
-958
-1690
-3077
-4882
-7456
-8834
-3580
4222
9092
8662
2617
-523
-1804
-2061
-525
-4
865
3332
6824
8523
4964
-1524
-4087
-2901
-1096
213
241
405
17
-923
118
1193
-189
-1928
-2050
1024
4145
3114
39
-2577
-3593
-3128
-2974
-3192
-3122
-4025
-4434
-4309
-4592
-4881
-5870
-5568
-3249
-335
1812
1999
1653
1851
2666
3831
5142
6044
5737
5097
4110
3620
2527
529
-1051
-1915
-1214
-189
-51
-936
-1813
-1684
-660
635
1544
2249
2959
4033
5793
7192
7361
6474
5613
5872
6228
6078
4935
3294
1652
397
-646
-1896
-3131
-4360
-4729
-4690
-4797
-4992
-5492
-5018
-4043
-3167
-2240
-2144
-1920
-2118
-2235
-1981
-2119
-2399
-2575
-2683
-2727
-3600
-5028
-7060
-6813
-263
6238
9288
6435
1074
-859
-1964
-2177
-1666
-1275
106
3032
5666
5941
2229
-2533
-3881
-3202
-1963
-937
-468
218
257
274
1534
1719
176
-1230
-1152
1492
3652
3147
1469
-474
-1534
-1760
-2549
-3266
-3562
-3740
-3412
-3839
-4027
-4120
-4401
-3552
-1956
488
2093
2319
2551
3274
4351
4811
5236
5881
6159
5903
4874
4168
3347
1867
-391
-1898
-1652
-651
68
78
230
361
104
-9
121
783
1922
3566
5583
6827
6512
5194
4249
4143
4551
4342
3608
2862
1834
976
-289
-1662
-2739
-3716
-4172
-4304
-4182
-4111
-4447
-4865
-4693
-3964
-3278
-3180
-3401
-3574
-3321
-2738
-2795
-2788
-3268
-3898
-3668
-3447
-3477
-4044
-5956
-6032
-1316
3928
7094
5484
1121
-682
-1767
-2045
-1665
-1704
-474
2308
5128
6373
3963
29
-1666
-2047
-1511
-1108
-776
523
1265
2128
3868
4447
3045
392
-1275
173
2407
2877
1960
851
552
32
-1538
-3085
-3853
-3981
-3888
-3954
-3212
-2029
-1471
-860
46
1511
2322
2057
2206
3179
4613
5381
5395
5404
4975
4161
3140
2130
1085
-155
-1350
-1597
-956
-330
-20
-297
-474
-518
-701
-891
-1048
-245
1480
2766
3266
2829
2460
2815
2966
3069
2764
2174
1811
1461
1481
1312
475
-504
-1449
-2222
-3088
-4299
-5312
-5601
-5038
-4097
-3432
-3483
-4022
-4293
-4534
-4868
-4691
-4024
-2792
-1397
-739
-441
-514
-849
-1394
-1993
-2296
-2194
-2383
-1886
372
2846
4033
2852
910
158
-166
-362
-815
-1593
-1570
-649
788
1991
2403
2748
3369
3253
2225
863
176
393
765
1763
3611
5341
6112
5293
3506
1994
464
-1266
-2654
-3269
-2707
-1767
-1758
-2459
-3149
-3636
-4311
-5396
-5661
-4450
-2292
-200
1126
1820
1943
1736
1705
1987
2736
3369
3669
3682
3726
3847
3608
2959
2048
1439
1129
1016
977
1025
918
415
105
-95
-338
-521
-566
-452
-575
-1101
-1299
-916
-591
-637
-838
-508
-29
268
480
810
1223
1187
543
-47
-230
-355
-422
-455
-187
31
-373
-1057
-1732
-2189
-2630
-2876
-2478
-1733
-1013
-834
-1038
-1303
-1443
-1581
-1546
-1099
-319
433
546
31
-803
-1712
-2748
-3463
-3059
-1122
1082
2132
1592
461
-302
-795
-1183
-1586
-1797
-1494
-672
201
707
999
1657
2436
2747
2298
1422
812
360
15
-17
697
2092
3030
3083
2410
1510
543
-719
-2043
-2817
-2718
-2125
-1483
-979
-634
-337
-328
-655
-1117
-1438
-1281
-788
-403
-167
-202
-12
622
1221
1708
1856
2002
2064
1967
1796
1855
2085
1988
1841
1942
2311
2457
2096
1606
1088
645
407
108
-25
-306
-632
-438
-295
-416
-859
-1074
-507
190
533
408
252
294
453
890
1470
1758
1706
1574
1590
1464
964
284
102
542
705
619
260
-358
-820
-1160
-1390
-1294
-1142
-932
-423
-93
-61
-409
-1514
-2277
-1998
-1201
-626
-973
-1532
-1981
-2533
-3408
-4464
-4352
-3130
-1499
-380
-207
-464
-1176
-1996
-2680
-3069
-2983
-2612
-1779
-559
576
1258
1468
1222
349
-659
-1278
-1242
-984
-1071
-776
482
2179
3298
3317
2712
2217
1763
1324
1101
1092
1097
797
577
1022
1584
1583
899
25
-280
-266
-507
-1134
-1634
-1592
-965
-144
531
1109
1633
2095
2120
1768
1275
861
704
647
866
1443
2067
2449
2149
1432
752
322
99
-177
-274
6
345
337
-50
-604
-791
-508
-124
310
884
1346
1594
1353
906
845
914
1113
1412
1774
1871
1380
840
591
547
259
-175
-278
-1
256
205
68
-218
-678
-1242
-1569
-1611
-1593
-1504
-1592
-1655
-1867
-2273
-2590
-3025
-3378
-3453
-3461
-3472
-3552
-3463
-3311
-3635
-3923
-3547
-2469
-1377
-1148
-1543
-1914
-1978
-1803
-1783
-2110
-2436
-2360
-1854
-902
247
1329
2240
2471
2117
1518
1009
918
1042
1668
2913
4444
5746
6022
5442
4599
3761
2989
2298
1753
1571
1737
1749
1416
811
298
102
62
231
542
798
748
188
-646
-1202
-1239
-808
-218
406
780
726
314
-411
-1001
-1353
-1389
-1246
-1023
-855
-651
-295
-6
36
-151
-240
-94
274
559
737
889
1025
1096
1181
1203
1209
1351
1571
1624
1381
931
643
723
869
887
501
102
-145
-227
-298
-377
-314
-244
-29
147
322
341
154
58
133
118
-41
-238
-673
-917
-928
-777
-487
-510
-1002
-1397
-1641
-1869
-2154
-2812
-3212
-3294
-3265
-3122
-3181
-3400
-3857
-4536
-4641
-3898
-2776
-1696
-1039
-427
255
488
199
-432
-1055
-1056
-285
839
1837
2433
3089
3976
4381
3820
2506
1487
1129
951
924
1233
2003
2879
3287
3250
3018
2648
1917
1096
699
717
1116
1420
1509
1613
1621
1567
1243
672
151
-220
-574
-1250
-2112
-2682
-2783
-2540
-2172
-1866
-1402
-730
-170
-26
-463
-968
-929
-446
45
288
569
1082
1516
1529
1160
809
455
169
190
538
1002
871
201
-329
-322
-43
24
11
125
538
904
850
628
413
220
128
302
562
642
256
-272
-385
-178
73
63
-83
-171
-48
153
187
70
-141
-223
-278
-443
-684
-956
-1207
-1504
-1762
-1965
-2074
-2117
-2373
-2654
-2865
-2959
-2941
-2942
-2854
-2892
-3146
-3362
-3406
-2832
-1759
-561
372
734
842
722
541
276
-275
-743
-832
-284
535
1263
1844
2295
2742
2587
1882
1117
739
981
1538
2396
3319
3962
4047
3687
3390
3250
2994
2347
1530
982
869
934
858
631
498
512
469
209
-257
-782
-1243
-1625
-1964
-2161
-2042
-1570
-1091
-754
-767
-1020
-1167
-1429
-1517
-1343
-1001
-707
-661
-740
-690
-404
-85
265
537
819
1101
1179
943
533
231
101
-70
-222
-218
-263
-440
-779
-1017
-1018
-825
-577
-340
-156
73
456
802
1184
1193
1241
1407
1547
1663
1592
1531
1406
1150
686
286
-138
-272
-429
-513
-522
-847
-1322
-1887
-2211
-2254
-2066
-1842
-1358
-1032
-917
-876
-962
-1061
-1322
-1530
-1460
-1252
-1338
-1531
-1852
-2160
-2554
-2754
-2465
-1894
-1068
-729
-635
-610
-401
-96
-128
-345
-383
247
1161
1980
2590
3252
4019
4201
3601
2564
1644
1335
1329
1693
2430
3125
3654
3733
3482
3001
2336
1619
1027
794
854
1180
1432
1462
1271
880
444
-147
-945
-1619
-1945
-1958
-1986
-2192
-2416
-2384
-2183
-2021
-1927
-1833
-1551
-1329
-1239
-1244
-1317
-1425
-1664
-1778
-1555
-1109
-608
-218
89
356
365
8
-324
-327
18
518
846
1031
1030
972
949
785
561
348
401
604
839
965
1100
1308
1476
1616
1580
1633
1651
1582
1676
1869
2002
2144
2099
1925
1932
2050
2024
1599
993
467
16
-516
-1044
-1293
-1509
-1668
-1861
-2096
-2287
-2596
-2869
-3041
-2980
-2781
-2649
-2540
-2419
-2224
-2073
-2096
-2279
-2783
-2999
-2350
-1144
-3
86
-452
-912
-1267
-1456
-1921
-2431
-2441
-1838
-670
509
1365
2065
2861
3294
3096
2589
2219
2462
2783
3220
3892
4505
4920
4720
4003
3155
2334
1419
420
-435
-961
-990
-865
-802
-819
-955
-1308
-2193
-3243
-3896
-3939
-3458
-3073
-2726
-2284
-1701
-1069
-825
-775
-833
-688
-313
-1
315
404
356
266
119
-24
-205
-290
-228
-72
65
149
195
147
157
333
823
1332
1502
1479
1539
1798
2057
2267
2407
2729
3132
3379
3509
3452
3229
2792
2247
1848
1687
1485
1384
1235
1047
702
400
229
-234
-551
-968
-1261
-1211
-1152
-1368
-1602
-1740
-1745
-1539
-1643
-1594
-1640
-2043
-2572
-3102
-3388
-3578
-3596
-3646
-3680
-3845
-4157
-4589
-5174
-5772
-6151
-5207
-2985
-580
862
894
542
397
504
652
415
254
930
2472
4159
5257
5492
5347
5013
4018
2681
1471
1007
1171
1501
2190
2995
3581
3464
2524
1392
514
-60
-622
-1112
-1143
-449
481
766
451
-106
-474
-952
-1905
-2847
-3260
-2931
-2390
-2101
-2072
-2093
-1989
-1981
-2058
-2002
-1706
-1176
-701
-147
548
1272
1657
1551
1287
1072
1136
1214
1235
1293
1504
1967
2146
1766
976
214
-115
-280
-388
-220
251
830
1094
1094
1125
1250
1364
1392
1548
2107
2835
3376
3728
3743
3467
2933
2242
1685
1289
1128
1122
956
536
-235
-1145
-1892
-2599
-3126
-3422
-3508
-3390
-3353
-3322
-3336
-3517
-3729
-3796
-3601
-3168
-2918
-2923
-2933
-2959
-2959
-3155
-3805
-3946
-2509
134
2751
3511
2538
1323
622
483
255
-278
-401
595
2317
3795
4118
3481
2689
1775
939
430
435
1023
1442
1872
2692
3656
4100
3298
1658
305
-24
66
-145
-739
-1097
-855
-821
-1318
-2124
-2706
-2967
-3395
-3691
-3419
-2474
-1405
-891
-858
-840
-713
-632
-558
-349
128
820
1435
1785
1751
1501
1184
498
-404
-1192
-1448
-1119
-605
9
477
701
477
11
-273
-252
-47
60
346
876
1608
2109
2264
2336
2239
2218
2183
2277
2521
2743
2930
3011
3044
2854
2506
2055
1608
1331
1175
1102
878
404
-131
-588
-966
-1430
-2067
-2504
-2615
-2629
-2603
-2702
-2888
-2890
-2939
-2992
-2893
-3000
-3013
-3029
-3218
-3476
-4097
-4917
-5567
-4530
-1268
2547
4472
3259
1010
-464
-733
-497
-604
-663
42
1908
3799
4304
3006
1084
-145
-846
-1079
-937
-406
263
499
863
1583
2098
1633
293
-597
-67
1352
2054
1634
786
320
164
-552
-1449
-1883
-1662
-1371
-1374
-1165
-698
-337
-601
-1198
-1331
-941
-298
170
710
1449
1939
1959
1551
1288
1287
1407
1359
1137
1008
835
765
674
606
773
799
485
-202
-893
-1088
-831
-498
-336
-270
-19
567
1231
1727
2039
2344
2814
3566
4414
4936
4908
4414
3766
3196
2668
1988
1210
539
135
-71
-432
-1182
-2206
-2981
-3190
-2994
-2827
-2887
-2873
-2518
-2027
-1685
-1832
-1922
-2015
-2107
-1838
-1849
-1636
-2024
-2600
-3276
-4112
-4722
-5419
-6296
-5381
-1391
2310
3593
952
-2013
-2693
-2519
-1663
-1283
-852
379
2528
4180
3393
787
-1388
-1305
-231
484
1170
1657
1668
1347
1325
2053
2462
1446
296
508
2060
3664
3224
1305
136
-167
-3
-670
-1683
-1282
-455
-52
-344
-681
-514
-399
-550
-385
499
1282
1391
1240
1596
2493
2824
2213
1362
1138
1417
1518
1156
334
-380
-1000
-1245
-1197
-1210
-1120
-1066
-921
-879
-994
-1104
-1031
-466
444
1320
1874
2121
2358
2736
3190
3595
3873
3908
3770
3495
3061
2425
1541
652
-1
-311
-470
-783
-1367
-2047
-2476
-2579
-2342
-1936
-1527
-1227
-1114
-1002
-1090
-1216
-1303
-1368
-1133
-985
-852
-864
-1212
-1878
-2734
-3672
-4322
-4662
-5044
-4982
-5239
-5716
-6715
-6781
-3950
-216
2284
1470
-580
-1440
-1185
-246
303
640
1326
2796
4390
4646
2928
730
-45
554
1613
2085
1964
1575
962
1025
1538
1860
1567
674
559
1240
2020
1888
513
-690
-1008
-533
-90
26
274
575
544
157
-57
-67
37
169
555
1242
1431
1078
504
306
540
410
181
158
448
937
918
717
328
-343
-1038
-1501
-1160
-281
416
512
375
106
-46
-121
-95
385
865
1442
1897
2213
2399
2349
2415
2391
2568
2776
2836
2836
2429
1875
1152
435
-19
-385
-673
-967
-1237
-1398
-1401
-1386
-1367
-1368
-1334
-1148
-1175
-1268
-1235
-905
-437
-335
-374
-377
-530
-890
-1456
-1943
-2502
-3013
-3345
-3491
-3439
-3869
-4161
-4933
-5718
-6813
-7216
-4379
-209
3265
3329
1078
-243
-494
74
635
756
1061
2351
4279
5263
3724
897
-310
96
1081
1512
1300
1252
755
578
915
1133
1125
411
251
1192
2379
2625
1182
-537
-1003
-269
419
394
203
355
412
6
-382
-552
-423
-132
294
1007
1162
613
-84
-546
-319
-57
175
543
969
1244
893
242
-377
-875
-1290
-1374
-874
-152
292
178
-147
-303
-160
149
280
453
849
1371
1812
1984
1979
1926
1956
2032
2258
2544
2705
2460
1888
1388
1000
715
228
-247
-443
-518
-535
-594
-471
-287
-222
-362
-650
-747
-689
-585
-494
-371
-34
174
-24
-628
-1130
-1565
-1966
-2276
-2846
-3028
-3230
-3394
-3677
-4307
-4706
-5041
-5283
-5784
-6179
-6505
-5523
-2522
1069
3497
3190
1625
269
-156
320
813
985
1266
2640
4524
4819
2688
33
-906
-144
903
1285
1107
763
448
635
1253
1697
1457
892
1145
2327
3481
3264
1824
768
914
1864
2245
1677
887
258
-96
-272
-412
-682
-1156
-1517
-1337
-796
-651
-1124
-1650
-1519
-755
-93
297
393
519
850
1036
1011
463
-446
-1077
-1137
-565
-40
71
101
59
245
79
-485
-820
-862
-371
249
713
988
1101
1240
1578
1994
2101
1912
1833
2180
2608
2674
2202
1624
1295
967
796
687
660
720
505
228
-144
-514
-835
-1094
-1031
-871
-784
-851
-1045
-1168
-1353
-1682
-1790
-1891
-1813
-1699
-2104
-2395
-3008
-3332
-3433
-3980
-4135
-4282
-3913
-4036
-4769
-5649
-6249
-4446
-1033
2514
3889
2568
880
12
2
267
580
931
1946
3685
5027
4657
2434
541
224
882
1680
1850
1922
1926
2072
2652
2859
2337
1266
669
1249
2434
3111
2624
1614
958
1048
1099
457
-419
-984
-885
-617
-528
-916
-1772
-2313
-2296
-1659
-1229
-1619
-2017
-1844
-934
-58
176
57
-5
406
970
1234
791
-368
-1445
-1720
-1126
-467
-299
-596
-691
-447
-542
-1003
-1664
-1768
-1002
301
1757
2686
2863
2590
2470
2800
3227
3476
3586
3857
4224
4219
3526
2348
1302
760
652
600
326
-99
-526
-831
-1029
-1216
-1490
-1695
-1658
-1319
-968
-1065
-1441
-1831
-1801
-1630
-1560
-1571
-1688
-1629
-1889
-2354
-3060
-3856
-4514
-4646
-4181
-3840
-3373
-3682
-4415
-5034
-5735
-5853
-5248
-3417
-336
2649
3753
3311
2144
886
355
294
874
1655
2508
3912
4827
4405
2747
976
476
774
1397
2232
2815
3195
3296
3111
2662
1980
1493
1665
2384
3165
3393
2755
1743
767
145
-424
-1163
-1539
-1543
-1272
-942
-1094
-1658
-2589
-3335
-3196
-2527
-1789
-1360
-1023
-488
-46
132
101
14
217
674
1073
1238
868
167
-538
-999
-1177
-1322
-1300
-1189
-1019
-810
-816
-774
-535
-89
601
1358
2117
2808
3344
3747
4109
4385
4460
4299
4106
4073
3996
3637
2921
2065
1324
682
119
-434
-914
-1206
-1402
-1577
-1869
-2079
-2030
-1893
-1716
-1530
-1352
-1259
-1335
-1374
-1217
-1043
-1117
-1276
-1473
-1712
-1930
-2424
-3041
-3568
-3872
-3785
-3693
-3719
-4108
-4511
-4866
-5143
-4810
-4802
-4870
-4867
-4318
-1971
781
2907
3618
2820
2363
2192
2350
2564
2323
2481
3200
4407
5469
5214
3915
2600
1851
1788
1860
1699
1588
1601
1849
2193
2064
1480
592
-47
-19
453
990
1111
748
398
137
-263
-779
-1444
-1753
-1632
-1458
-1282
-1369
-1637
-1887
-2102
-2061
-2037
-2116
-2014
-1645
-879
-162
60
-205
-742
-1011
-948
-696
-495
-639
-872
-924
-712
-337
-163
-74
327
1076
1879
2361
2513
2616
2792
3062
3383
3540
3469
3252
3183
3317
3424
3268
2836
2407
2182
2088
1797
1202
542
116
29
10
-48
-135
-306
-458
-570
-702
-898
-1145
-1201
-1054
-894
-964
-1402
-1916
-2337
-2495
-2578
-2753
-2942
-2999
-2860
-2718
-2759
-3064
-3508
-3842
-3754
-3451
-3102
-2914
-2761
-2661
-2652
-2799
-3024
-3276
-3040
-1664
498
2652
3758
3707
3003
2215
1630
1458
1583
2005
2843
4022
5049
5064
3944
2367
1154
760
972
1323
1532
1549
1655
1670
1262
448
-409
-804
-682
-172
555
1045
1037
548
-27
-403
-686
-1030
-1421
-1626
-1556
-1313
-1220
-1418
-1756
-2042
-2133
-2154
-2269
-2295
-2182
-1878
-1410
-955
-701
-656
-636
-403
-4
314
494
583
805
1375
2028
2578
2765
2628
2546
2622
2759
2715
2521
2308
2255
2362
2461
2311
2036
1895
2023
2325
2512
2519
2422
2326
2205
1937
1626
1382
1248
1141
935
589
110
-491
-1059
-1360
-1358
-1305
-1467
-1848
-2217
-2441
-2681
-3021
-3365
-3391
-3147
-2816
-2613
-2578
-2621
-2772
-2898
-2901
-2736
-2543
-2371
-2204
-2026
-1994
-2227
-2446
-2602
-2544
-2402
-2258
-2077
-1964
-1820
-1555
-1013
-232
611
1308
1876
2207
2356
2362
2306
2158
2079
2345
2964
3647
3958
3871
3468
2803
1918
952
210
-157
-30
402
825
1013
841
457
-13
-362
-417
-236
9
267
493
559
307
-256
-929
-1504
-1877
-1958
-1819
-1645
-1653
-1910
-2225
-2429
-2500
-2467
-2290
-2016
-1700
-1382
-1044
-633
-206
119
350
537
805
1186
1533
1771
1914
2009
2136
2193
2167
2119
1967
1763
1630
1575
1581
1562
1468
1393
1338
1347
1472
1663
1918
2118
2104
1942
1622
1333
1155
1043
993
883
741
581
449
242
-159
-535
-755
-767
-776
-1005
-1283
-1473
-1556
-1654
-1779
-1908
-1977
-1969
-1809
-1528
-1432
-1630
-1951
-2092
-2063
-1992
-1996
-2019
-1955
-1844
-1677
-1557
-1548
-1621
-1708
-1690
-1524
-1310
-1081
-788
-397
-14
171
115
-9
-5
138
311
374
283
85
-83
-124
-50
10
-53
-206
-265
-51
301
551
587
534
585
763
993
1131
1211
1322
1486
1702
1852
1819
1566
1211
903
682
502
383
335
338
340
297
197
-47
-433
-788
-953
-922
-858
-808
-729
-674
-647
-750
-939
-1115
-1194
-1120
-989
-822
-704
-636
-592
-567
-495
-369
-192
33
299
539
761
999
1275
1628
1998
2256
2355
2347
2373
2390
2314
2131
1930
1785
1652
1531
1420
1320
1309
1388
1499
1555
1521
1473
1396
1319
1263
1261
1290
1290
1266
1208
1046
729
307
-166
-582
-866
-1083
-1297
-1530
-1779
-2018
-2245
-2455
-2690
-2897
-2975
-2925
-2833
-2775
-2700
-2607
-2487
-2342
-2183
-1964
-1680
-1387
-1187
-1071
-991
-921
-876
-890
-901
-894
-846
-785
-760
-763
-745
-625
-386
-107
126
256
409
653
943
1210
1389
1553
1638
1704
1775
1764
1653
1460
1349
1338
1317
1246
1131
950
767
670
584
419
170
-15
-78
-127
-110
8
139
203
177
137
66
-52
-209
-329
-427
-522
-578
-627
-636
-626
-665
-745
-831
-914
-1034
-1155
-1133
-883
-522
-181
135
345
466
536
637
851
1041
1136
1200
1289
1448
1588
1601
1588
1618
1695
1740
1777
1842
1867
1847
1904
1996
1923
1647
1340
1227
1248
1237
1111
912
747
580
415
231
36
-153
-372
-549
-681
-809
-1063
-1413
-1682
-1838
-1890
-1910
-1901
-1833
-1805
-1857
-1978
-2146
-2290
-2407
-2416
-2268
-1945
-1571
-1403
-1483
-1629
-1726
-1785
-1857
-1909
-1827
-1627
-1370
-1174
-1111
-1119
-1142
-1164
-1219
-1263
-1125
-815
-421
-46
241
405
392
307
278
475
834
1124
1229
1154
1081
999
890
769
632
511
340
257
261
267
324
382
572
873
1160
1396
1471
1479
1430
1312
1174
986
813
768
856
934
868
654
402
189
-40
-291
-494
-620
-646
-622
-566
-535
-564
-622
-665
-601
-473
-321
-177
-51
139
362
567
687
750
838
931
1046
1150
1237
1349
1434
1456
1413
1317
1208
1078
1022
1050
1090
1102
1120
1212
1294
1301
1190
1071
1065
1156
1329
1405
1321
1144
950
800
619
414
168
-65
-190
-279
-427
-753
-1146
-1427
-1563
-1630
-1778
-1983
-2188
-2303
-2280
-2204
-2160
-2200
-2270
-2300
-2267
-2163
-2026
-1941
-1909
-1885
-1778
-1608
-1565
-1655
-1754
-1760
-1650
-1567
-1641
-1762
-1819
-1772
-1564
-1265
-854
-399
-13
255
360
358
389
546
829
1168
1448
1613
1667
1726
1798
1783
1674
1592
1646
1814
1928
1972
1973
1960
1975
2024
2133
2208
2189
2109
1973
1785
1556
1315
1069
873
727
583
413
198
-65
-405
-840
-1219
-1425
-1465
-1370
-1245
-1175
-1205
-1339
-1497
-1606
-1600
-1462
-1189
-868
-606
-478
-471
-581
-728
-742
-605
-328
3
286
473
536
524
490
559
827
1237
1662
1976
2162
2273
2262
2138
2055
2085
2225
2406
2586
2656
2551
2283
1847
1370
995
880
924
888
734
516
292
-37
-456
-800
-1058
-1240
-1352
-1363
-1348
-1445
-1648
-1859
-1971
-2042
-2170
-2319
-2415
-2453
-2435
-2441
-2537
-2659
-2787
-2858
-2857
-2831
-2822
-2802
-2751
-2659
-2503
-2366
-2201
-2044
-1894
-1731
-1566
-1324
-1030
-586
-91
362
650
635
520
429
579
951
1314
1616
1800
1976
2178
2317
2352
2233
2102
2084
2210
2411
2487
2449
2310
2169
2096
2000
1862
1618
1356
1128
947
789
568
358
133
-47
-121
-187
-260
-438
-698
-962
-1210
-1370
-1466
-1525
-1547
-1528
-1435
-1328
-1263
-1290
-1393
-1477
-1524
-1491
-1414
-1317
-1226
-1090
-841
-556
-277
-90
96
325
555
821
1099
1424
1757
1995
2185
2314
2391
2421
2390
2399
2456
2525
2531
2478
2449
2385
2313
2162
1982
1865
1661
1448
1304
1232
1145
947
690
371
100
-145
-361
-557
-810
-1042
-1278
-1483
-1691
-1917
-2153
-2395
-2570
-2713
-2783
-2834
-2913
-2976
-3030
-3001
-2934
-2889
-2822
-2783
-2733
-2645
-2513
-2347
-2194
-2035
-1900
-1803
-1756
-1731
-1673
-1594
-1439
-1135
-667
-97
375
658
738
696
723
891
1225
1630
1993
2350
2640
2817
2814
2646
2428
2250
2218
2230
2249
2171
1999
1863
1725
1566
1383
1249
1164
1059
916
765
587
362
107
-156
-361
-476
-470
-402
-429
-605
-860
-1143
-1418
-1651
-1759
-1705
-1603
-1508
-1470
-1484
-1528
-1628
-1708
-1652
-1481
-1199
-844
-497
-175
73
294
498
657
784
903
1055
1237
1402
1540
1624
1654
1689
1796
2006
2228
2394
2484
2561
2647
2615
2478
2348
2275
2216
2160
2189
2252
2168
1860
1461
1074
748
506
347
215
1
-273
-506
-703
-915
-1176
-1447
-1664
-1802
-1853
-1883
-1963
-2082
-2231
-2350
-2411
-2454
-2513
-2581
-2659
-2713
-2750
-2738
-2716
-2701
-2639
-2522
-2369
-2202
-2036
-1889
-1741
-1582
-1352
-1092
-923
-796
-610
-316
90
603
988
1139
1113
996
1008
1058
1170
1330
1468
1634
1848
2089
2056
1746
1447
1267
1252
1238
1313
1362
1301
1259
1238
1218
1020
806
681
525
352
165
53
-38
-163
-246
-409
-635
-838
-944
-981
-1103
-1333
-1600
-1759
-1803
-1788
-1729
-1675
-1578
-1506
-1405
-1242
-1096
-937
-789
-646
-522
-461
-383
-247
-23
190
361
525
661
862
1093
1287
1415
1476
1574
1718
1909
2154
2365
2477
2458
2345
2252
2224
2186
2084
1939
1813
1731
1680
1551
1340
1108
820
606
481
391
312
193
37
-202
-457
-688
-838
-942
-1092
-1230
-1380
-1582
-1834
-2101
-2295
-2462
-2598
-2689
-2709
-2700
-2743
-2772
-2811
-2781
-2702
-2584
-2400
-2227
-2070
-1958
-1867
-1759
-1626
-1454
-1236
-1004
-865
-782
-701
-613
-430
-231
80
505
762
863
810
775
873
1032
1243
1393
1561
1806
2190
2521
2481
2283
2026
1854
1757
1687
1730
1623
1457
1364
1332
1229
1009
860
715
535
343
208
164
76
26
-11
-95
-213
-286
-207
-173
-238
-380
-570
-683
-835
-931
-922
-912
-855
-846
-832
-803
-817
-806
-771
-715
-658
-534
-301
-21
240
419
602
812
1005
1209
1344
1430
1466
1473
1530
1586
1650
1685
1733
1740
1653
1627
1668
1675
1550
1336
1136
1013
1013
1105
1222
1252
1138
997
839
667
515
410
384
329
169
-65
-365
-668
-940
-1185
-1397
-1549
-1647
-1712
-1775
-1917
-2122
-2290
-2335
-2272
-2166
-2034
-1857
-1694
-1559
-1524
-1553
-1609
-1631
-1495
-1331
-1202
-1150
-1143
-1058
-952
-866
-838
-873
-922
-938
-824
-576
-117
431
736
831
721
664
732
867
1054
1112
1215
1485
1861
1988
1786
1570
1367
1288
1296
1392
1446
1299
1245
1265
1224
1107
1060
1184
1160
996
840
742
630
444
343
226
103
60
109
148
-27
-327
-676
-976
-1186
-1380
-1403
-1348
-1306
-1280
-1292
-1285
-1350
-1395
-1349
-1212
-1056
-938
-725
-495
-300
-175
-92
58
165
275
401
475
468
358
287
250
290
387
540
730
823
831
805
808
859
932
1024
1087
1138
1176
1178
1169
1025
778
478
181
11
-101
-180
-320
-559
-829
-1053
-1205
-1325
-1424
-1507
-1500
-1410
-1339
-1299
-1324
-1396
-1467
-1468
-1377
-1272
-1205
-1184
-1131
-1066
-1043
-1057
-1062
-1028
-931
-781
-680
-629
-627
-643
-635
-613
-551
-472
-383
-276
-173
-107
-118
-149
-21
401
867
1070
992
765
644
684
833
961
915
904
1130
1465
1527
1287
1047
887
826
855
1021
1116
1028
1032
1139
1174
1057
1003
1031
899
692
548
494
412
287
218
111
2
17
108
124
-15
-208
-358
-416
-424
-445
-422
-405
-398
-415
-457
-453
-464
-477
-511
-574
-673
-801
-787
-638
-492
-412
-393
-321
-218
-94
18
97
135
138
214
310
383
439
509
587
587
568
648
728
711
594
428
293
213
240
325
326
216
125
136
126
28
-117
-266
-357
-396
-376
-348
-352
-427
-495
-486
-466
-414
-339
-285
-257
-274
-333
-380
-396
-398
-410
-408
-391
-387
-429
-520
-613
-680
-708
-710
-695
-674
-610
-491
-366
-313
-358
-429
-459
-441
-394
-343
-290
-104
333
807
1015
887
605
435
439
570
746
776
735
861
1163
1247
958
656
515
485
479
558
604
470
415
581
777
817
903
1160
1307
1232
1129
1099
1046
940
918
881
771
700
687
672
482
168
-126
-351
-532
-757
-941
-1067
-1125
-1155
-1214
-1197
-1162
-1122
-1075
-1054
-1079
-1143
-1131
-1007
-867
-756
-664
-504
-341
-262
-231
-263
-308
-393
-451
-441
-437
-478
-507
-403
-273
-169
-78
-4
74
111
168
266
397
516
579
630
642
620
594
569
521
437
345
283
193
77
-5
-39
-52
-62
-63
-70
-129
-218
-302
-407
-504
-581
-603
-540
-467
-408
-398
-422
-510
-627
-656
-612
-536
-495
-469
-433
-413
-410
-412
-405
-373
-333
-315
-291
-248
-187
-157
-138
-57
148
428
654
711
583
456
440
531
666
743
790
885
1053
1192
1189
1089
943
867
906
1013
1099
1068
1044
1073
1059
974
871
823
750
629
503
353
188
32
-128
-294
-435
-517
-558
-610
-709
-818
-911
-1004
-1104
-1177
-1181
-1127
-1030
-969
-973
-998
-1009
-969
-910
-850
-838
-826
-727
-592
-506
-491
-515
-534
-509
-416
-292
-213
-167
-97
36
160
239
307
364
442
551
638
685
726
765
760
684
624
600
559
525
471
404
308
220
196
172
128
51
-59
-154
-234
-296
-348
-412
-459
-496
-498
-477
-423
-363
-364
-402
-440
-444
-436
-423
-408
-397
-371
-346
-320
-297
-281
-251
-217
-197
-186
-137
-18
95
194
281
367
467
566
669
741
795
841
906
969
1038
1128
1194
1234
1232
1244
1274
1279
1249
1190
1143
1065
964
869
786
717
622
537
466
378
255
78
-85
-214
-307
-362
-419
-491
-552
-586
-634
-701
-733
-734
-736
-753
-757
-722
-681
-649
-623
-597
-540
-491
-451
-389
-343
-325
-340
-363
-341
-298
-231
-182
-166
-129
-85
-4
34
29
23
21
48
68
116
175
204
212
219
224
173
48
-97
-234
-339
-391
-386
-339
-304
-259
-243
-265
-323
-396
-447
-481
-498
-480
-437
-405
-359
-292
-240
-213
-215
-215
-198
-140
-44
45
121
169
216
291
367
466
569
619
641
643
609
535
441
376
379
418
475
561
618
611
550
438
323
234
178
185
245
326
375
350
253
152
101
75
41
33
42
52
87
103
99
67
20
-2
-19
-38
-75
-124
-200
-275
-328
-358
-395
-417
-409
-367
-320
-309
-308
-335
-355
-350
-325
-274
-209
-117
-67
-46
-37
-59
-73
-104
-113
-89
-45
-17
-14
-1
6
0
0
1
-2
1
7
7
19
70
124
146
153
137
106
94
93
89
61
5
-48
-94
-139
-186
-239
-274
-316
-360
-372
-370
-372
-373
-383
-391
-371
-292
-173
-75
-31
-44
-111
-169
-218
-260
-282
-329
-396
-463
-521
-580
-648
-748
-850
-888
-881
-833
-763
-702
-658
-638
-620
-584
-523
-432
-327
-237
-166
-112
-69
-61
-66
-59
-23
61
173
304
419
516
544
544
538
530
553
616
713
819
907
962
1004
1020
1004
970
932
953
1011
1074
1133
1134
1115
1088
1025
929
834
785
738
691
631
551
459
364
280
188
111
38
-14
-45
-80
-95
-99
-109
-126
-142
-156
-183
-203
-219
-244
-267
-254
-217
-195
-192
-215
-243
-232
-198
-141
-90
-54
-38
-26
-3
-9
-21
10
87
181
242
232
186
118
50
-5
-53
-73
-96
-128
-142
-182
-263
-371
-476
-531
-549
-518
-472
-438
-427
-454
-510
-578
-638
-671
-666
-649
-631
-644
-688
-757
-836
-898
-930
-936
-909
-860
-795
-719
-663
-628
-600
-566
-501
-388
-242
-74
85
200
274
345
414
481
542
596
627
660
703
743
778
775
757
738
747
790
839
867
865
846
831
827
821
817
814
809
790
755
729
683
614
523
448
397
348
290
218
133
24
-89
-202
-301
-371
-424
-459
-490
-533
-562
-578
-590
-590
-586
-572
-554
-513
-448
-415
-409
-437
-470
-465
-441
-420
-423
-428
-409
-383
-353
-310
-251
-189
-125
-49
34
118
196
274
343
410
484
554
623
679
712
729
717
707
687
647
595
533
482
437
397
368
335
301
262
220
165
101
52
-3
-62
-123
-151
-169
-198
-256
-344
-433
-516
-580
-618
-658
-693
-719
-741
-761
-771
-777
-795
-811
-810
-794
-747
-687
-656
-656
-656
-660
-668
-664
-647
-619
-601
-596
-592
-575
-533
-474
-418
-382
-352
-274
-177
-94
-50
-24
14
49
96
165
234
287
304
304
327
326
308
282
297
339
367
399
417
445
444
412
390
364
353
384
440
521
574
592
597
592
581
565
564
547
543
535
527
501
437
353
261
216
209
215
213
200
169
149
147
156
157
146
135
140
168
193
199
181
169
165
170
167
146
118
119
129
113
81
48
24
0
-17
-49
-87
-137
-187
-239
-291
-311
-342
-373
-397
-405
-405
-425
-445
-475
-502
-517
-531
-558
-598
-644
-664
-653
-626
-608
-602
-612
-615
-589
-584
-609
-631
-631
-598
-549
-485
-414
-372
-342
-326
-278
-210
-130
-37
35
114
204
278
333
398
469
529
578
623
685
758
812
826
817
788
782
810
826
824
814
810
788
778
765
742
705
635
588
549
494
428
355
285
230
195
149
102
48
-20
-101
-172
-228
-284
-326
-365
-389
-419
-456
-472
-480
-476
-480
-485
-496
-516
-505
-483
-454
-426
-400
-368
-329
-300
-273
-251
-241
-236
-224
-204
-166
-120
-91
-80
-52
-5
42
72
113
169
216
268
301
314
324
350
386
429
478
530
569
590
619
626
627
626
623
614
591
570
532
476
415
355
292
234
172
124
72
0
-96
-191
-271
-343
-378
-404
-432
-448
-476
-541
-595
-631
-647
-642
-637
-614
-587
-558
-552
-562
-580
-592
-585
-577
-552
-506
-466
-452
-445
-443
-452
-446
-426
-376
-300
-235
-169
-104
-53
-21
4
33
56
99
154
206
268
312
330
332
332
342
374
403
427
445
454
462
460
461
465
464
465
479
480
475
456
415
370
322
311
309
301
295
261
215
146
89
49
23
9
19
30
31
15
-28
-86
-140
-170
-179
-161
-142
-142
-159
-187
-220
-250
-275
-283
-289
-289
-280
-252
-245
-253
-250
-251
-206
-163
-126
-76
-44
-3
37
75
102
117
135
155
168
171
167
154
148
152
160
151
116
81
46
7
-4
-20
-27
-26
-26
-21
-26
-42
-68
-81
-84
-99
-110
-108
-127
-143
-162
-188
-191
-217
-264
-293
-322
-324
-319
-335
-350
-349
-341
-325
-311
-306
-298
-284
-250
-216
-188
-168
-133
-79
-28
25
85
126
147
183
220
250
283
305
316
322
326
353
378
399
424
445
477
499
492
476
455
462
494
525
555
555
545
510
483
449
389
357
340
311
281
240
182
111
36
-17
-50
-87
-127
-163
-207
-254
-303
-342
-379
-410
-422
-425
-435
-447
-473
-504
-540
-574
-593
-591
-590
-579
-569
-561
-530
-514
-499
-480
-441
-392
-340
-276
-215
-146
-88
-31
26
63
114
188
247
315
378
408
431
447
475
493
519
552
578
597
611
625
635
634
625
631
634
643
633
605
564
531
491
448
413
355
296
236
163
74
-14
-111
-199
-261
-309
-348
-393
-437
-506
-575
-623
-656
-667
-687
-691
-699
-697
-681
-676
-672
-679
-673
-653
-650
-635
-624
-613
-598
-596
-580
-546
-503
-458
-421
-389
-345
-299
-232
-157
-88
-5
67
128
191
241
283
341
396
437
488
524
563
575
573
578
568
556
560
570
575
575
580
547
492
438
385
371
374
384
387
375
345
303
253
195
145
100
75
59
48
30
-11
-58
-108
-144
-174
-207
-226
-245
-272
-305
-328
-345
-361
-375
-375
-361
-339
-323
-319
-320
-327
-322
-299
-271
-245
-208
-172
-147
-137
-123
-111
-102
-72
-41
-16
3
10
31
54
67
81
83
85
73
68
66
56
48
24
5
-13
-22
-33
-51
-68
-96
-106
-121
-124
-112
-99
-97
-89
-88
-98
-98
-115
-108
-88
-68
-61
-79
-95
-104
-113
-109
-110
-120
-120
-130
-130
-127
-132
-143
-152
-148
-125
-82
-24
40
94
143
172
203
253
312
364
427
487
539
585
601
617
617
614
612
629
639
643
636
598
559
504
462
434
414
399
375
334
288
223
147
77
24
-4
-27
-52
-105
-167
-218
-278
-362
-430
-474
-505
-531
-565
-592
-628
-660
-687
-693
-682
-659
-630
-623
-613
-603
-590
-556
-496
-445
-390
-337
-280
-203
-144
-90
-33
37
109
172
238
316
375
428
465
499
533
565
611
626
642
658
672
676
660
636
621
625
616
604
570
522
451
378
309
248
198
144
93
33
-52
-130
-201
-290
-359
-418
-456
-495
-546
-600
-655
-686
-716
-737
-749
-769
-783
-791
-788
-753
-726
-699
-676
-643
-579
-508
-432
-367
-294
-238
-175
-101
-12
74
151
244
327
421
500
565
622
671
727
779
821
845
868
885
896
901
919
926
915
903
888
861
805
733
648
575
501
420
334
232
131
31
-57
-142
-229
-317
-398
-480
-564
-646
-721
-785
-830
-867
-889
-907
-914
-932
-950
-940
-943
-927
-919
-907
-877
-830
-770
-716
-659
-605
-541
-468
-383
-305
-218
-120
-18
87
173
257
325
397
462
528
609
678
725
775
817
844
867
883
892
893
898
891
872
835
792
755
711
673
624
565
501
427
342
265
187
94
7
-67
-158
-243
-337
-427
-506
-588
-673
-753
-812
-880
-934
-978
-1014
-1027
-1043
-1045
-1026
-986
-947
-924
-892
-844
-776
-702
-626
-547
-466
-375
-291
-212
-131
-50
26
97
167
246
326
415
481
548
638
703
786
854
923
993
1031
1066
1080
1098
1111
1125
1140
1133
1112
1074
1019
935
851
778
689
607
529
459
361
249
140
48
-33
-123
-199
-280
-348
-414
-486
-556
-624
-682
-734
-779
-814
-834
-864
-908
-939
-954
-978
-1000
-1004
-999
-985
-954
-923
-882
-843
-805
-759
-699
-619
-533
-444
-360
-278
-193
-111
-29
57
149
241
323
396
467
525
568
609
659
707
751
766
775
790
799
786
788
793
786
772
760
749
720
687
636
581
524
461
388
305
226
153
76
3
-70
-131
-193
-256
-315
-381
-424
-467
-495
-507
-520
-528
-530
-520
-513
-506
-517
-518
-506
-488
-467
-453
-424
-397
-367
-339
-318
-281
-243
-199
-153
-100
-45
5
53
114
177
238
302
365
430
472
506
537
558
581
582
592
603
601
610
584
552
498
442
387
336
304
260
221
169
122
70
14
-29
-76
-114
-146
-177
-220
-259
-312
-377
-422
-463
-514
-541
-568
-578
-590
-619
-651
-692
-718
-726
-713
-692
-659
-618
-596
-572
-532
-508
-472
-417
-353
-261
-167
-88
-15
34
85
123
149
192
251
313
361
417
469
516
555
588
607
631
648
650
684
692
677
653
627
611
574
535
495
455
431
385
345
295
231
175
118
63
8
-36
-72
-122
-187
-222
-257
-290
-335
-367
-388
-421
-450
-483
-501
-525
-544
-560
-563
-561
-553
-544
-519
-476
-440
-391
-333
-271
-223
-178
-136
-87
-42
9
57
99
154
197
241
272
294
307
326
357
391
420
439
458
484
502
509
507
521
525
518
497
464
443
406
374
322
274
224
171
109
46
-18
-81
-134
-201
-251
-304
-337
-383
-426
-457
-485
-506
-531
-524
-516
-514
-517
-506
-487
-461
-437
-400
-373
-363
-353
-344
-333
-317
-289
-263
-220
-167
-100
-42
16
70
122
173
213
263
318
382
440
481
530
597
632
646
655
661
643
632
609
581
578
552
509
459
425
383
341
289
240
197
160
125
78
36
-9
-52
-99
-139
-180
-226
-263
-291
-332
-365
-400
-431
-446
-475
-505
-528
-549
-569
-571
-560
-555
-552
-522
-487
-468
-421
-372
-329
-289
-262
-228
-195
-149
-105
-60
-7
40
102
158
198
249
291
309
355
393
442
484
498
510
522
530
515
508
496
488
473
435
409
385
354
304
268
224
175
131
88
33
-38
-90
-156
-204
-272
-326
-353
-404
-439
-470
-500
-534
-551
-587
-615
-623
-650
-673
-695
-692
-684
-669
-647
-616
-581
-542
-490
-444
-397
-351
-302
-261
-205
-139
-79
-15
56
115
178
241
298
345
388
427
468
524
566
599
616
634
649
648
652
652
641
615
612
621
601
593
576
559
508
447
398
353
295
236
184
135
92
25
-33
-96
-158
-228
-292
-342
-384
-414
-440
-458
-502
-550
-578
-584
-587
-588
-591
-578
-567
-556
-531
-530
-510
-484
-446
-406
-367
-325
-283
-242
-203
-159
-101
-29
28
85
143
192
237
283
322
354
395
433
457
506
550
580
600
609
617
605
594
581
561
537
526
504
462
419
383
333
274
224
177
131
87
30
-18
-75
-136
-181
-234
-272
-312
-348
-371
-408
-445
-485
-515
-534
-534
-543
-552
-561
-559
-548
-542
-528
-525
-503
-485
-473
-448
-411
-372
-327
-287
-249
-206
-178
-137
-99
-68
-18
24
64
100
128
160
208
244
276
302
339
378
390
400
399
389
372
346
350
353
321
305
290
276
262
237
207
178
150
129
89
51
12
-32
-60
-100
-139
-165
-194
-207
-228
-248
-255
-256
-264
-270
-260
-254
-245
-237
-230
-230
-220
-219
-203
-179
-154
-126
-93
-42
-4
35
69
109
139
164
199
229
262
297
330
365
386
401
428
444
461
468
475
491
497
511
504
495
475
452
433
405
384
358
324
276
234
210
172
124
92
47
14
-25
-84
-131
-167
-200
-241
-266
-282
-304
-320
-344
-367
-381
-388
-409
-425
-427
-419
-414
-432
-432
-428
-398
-369
-356
-347
-337
-313
-278
-249
-236
-208
-178
-142
-108
-64
-22
-7
22
51
75
90
111
142
143
154
163
168
177
174
169
181
179
172
176
169
171
173
164
134
100
68
44
14
-22
-48
-79
-100
-108
-118
-140
-159
-162
-182
-201
-205
-214
-226
-234
-241
-231
-237
-239
-221
-208
-192
-169
-146
-135
-128
-114
-101
-92
-57
-32
-2
24
30
46
77
100
121
156
182
214
239
259
276
294
310
310
316
324
334
362
386
397
401
395
395
384
370
364
337
310
279
262
239
214
199
183
171
151
130
122
102
77
64
37
28
22
11
-7
-24
-26
-42
-49
-55
-70
-74
-83
-86
-69
-64
-59
-47
-41
-33
-35
-38
-34
-39
-35
-27
-26
-30
-26
-21
-20
-34
-41
-58
-77
-69
-83
-96
-106
-105
-113
-115
-116
-122
-114
-122
-136
-146
-158
-175
-184
-193
-208
-211
-221
-235
-234
-239
-252
-260
-271
-285
-294
-306
-320
-335
-326
-328
-330
-318
-318
-305
-292
-286
-270
-254
-233
-215
-197
-174
-156
-128
-114
-97
-65
-34
8
32
50
68
96
114
127
148
168
194
204
235
259
278
293
288
295
301
311
322
327
327
332
339
325
313
309
295
277
265
242
224
202
176
162
142
125
100
70
46
34
14
-10
-38
-40
-34
-54
-61
-58
-65
-87
-99
-103
-119
-119
-116
-116
-98
-86
-71
-56
-44
-24
-12
-10
1
14
27
58
82
87
97
110
124
134
143
151
150
160
164
165
170
172
173
165
163
161
158
149
142
139
136
125
114
101
88
91
84
71
53
45
26
2
-8
-33
-42
-46
-58
-59
-71
-94
-107
-121
-130
-134
-152
-178
-190
-200
-197
-195
-190
-171
-163
-143
-152
-166
-168
-164
-165
-168
-157
-143
-128
-113
-101
-101
-106
-103
-97
-94
-85
-70
-62
-65
-60
-50
-39
-24
-23
-23
-29
-45
-57
-70
-76
-80
-77
-74
-66
-57
-63
-63
-59
-50
-45
-39
-32
-30
-22
-22
-19
-2
16
22
28
32
29
29
22
22
29
41
54
62
58
65
69
71
84
88
95
106
101
96
100
101
121
127
133
139
143
149
132
124
109
97
99
94
92
85
83
89
85
74
62
56
53
48
29
13
5
-8
-7
-6
-2
1
0
-4
-17
-25
-30
-32
-34
-38
-42
-52
-58
-61
-59
-66
-75
-76
-72
-73
-80
-75
-76
-77
-67
-62
-64
-62
-67
-73
-72
-68
-71
-70
-63
-67
-57
-45
-36
-33
-36
-33
-34
-30
-26
-26
-23
-6
-2
-1
7
-2
-11
-19
-25
-29
-27
-24
-20
-24
-22
-21
-28
-29
-32
-39
-35
-34
-38
-49
-55
-65
-67
-71
-80
-79
-86
-89
-96
-96
-90
-88
-79
-71
-66
-54
-53
-41
-34
-31
-22
-15
-9
-18
-11
-3
12
25
31
44
48
51
59
61
65
75
82
95
108
121
131
143
159
166
177
175
166
162
148
129
124
119
111
108
95
80
67
57
53
41
39
33
19
10
-7
-20
-24
-27
-30
-35
-33
-34
-32
-26
-19
-13
-20
-19
-19
-20
-23
-22
-19
-11
-2
-9
-12
-7
-5
15
32
55
65
70
74
65
72
66
81
96
99
121
134
145
153
154
160
160
166
170
172
171
165
165
162
156
154
147
140
131
122
112
105
85
66
57
37
22
0
-20
-39
-63
-77
-103
-128
-138
-156
-169
-186
-197
-204
-213
-230
-243
-251
-260
-264
-267
-266
-278
-284
-288
-298
-290
-287
-275
-257
-243
-219
-203
-177
-159
-139
-110
-97
-74
-48
-25
3
20
42
67
83
96
106
123
139
165
186
199
218
232
241
239
235
238
238
241
241
235
221
207
200
181
164
143
130
117
92
63
41
20
2
-21
-46
-68
-101
-119
-140
-167
-191
-209
-222
-232
-244
-249
-257
-263
-266
-267
-262
-257
-241
-235
-228
-215
-206
-194
-181
-165
-145
-124
-103
-83
-58
-39
-17
9
27
51
69
86
105
119
138
145
160
175
189
202
200
207
210
214
219
218
221
216
209
204
193
183
166
159
151
141
135
120
108
91
73
53
31
17
0
-21
-37
-54
-66
-77
-87
-96
-113
-120
-123
-128
-127
-130
-128
-126
-131
-130
-127
-130
-128
-128
-123
-120
-112
-103
-94
-74
-63
-48
-34
-25
-12
1
10
26
43
55
63
71
74
74
79
77
79
82
83
83
80
81
78
76
68
59
52
33
16
7
-3
-21
-38
-43
-55
-69
-79
-96
-108
-117
-126
-132
-143
-154
-161
-173
-187
-193
-201
-202
-195
-189
-181
-171
-161
-151
-141
-130
-123
-112
-91
-82
-73
-52
-21
0
14
35
56
71
92
108
127
139
154
167
175
190
204
214
222
226
230
232
236
236
242
248
247
245
241
233
219
201
189
179
159
139
117
93
74
53
31
13
-1
-16
-27
-45
-56
-69
-81
-96
-101
-100
-106
-110
-118
-120
-133
-144
-143
-149
-154
-145
-139
-141
-136
-129
-121
-101
-85
-72
-59
-54
-38
-23
-18
-4
8
15
21
36
46
57
70
74
85
87
90
97
100
111
112
118
120
109
101
95
97
87
78
69
56
48
37
26
17
13
6
-4
-23
-38
-57
-73
-80
-92
-106
-114
-121
-126
-122
-125
-124
-123
-131
-131
-140
-140
-151
-161
-168
-170
-169
-164
-148
-143
-140
-142
-139
-129
-121
-108
-93
-76
-66
-59
-51
-41
-33
-26
-15
-2
9
17
30
42
51
61
73
87
100
111
120
123
120
116
114
114
110
110
106
104
105
101
96
88
73
64
49
36
18
5
4
-12
-14
-25
-32
-37
-50
-49
-43
-35
-30
-36
-48
-58
-67
-66
-64
-68
-72
-67
-64
-55
-49
-47
-41
-30
-22
-14
7
19
27
44
50
54
59
56
57
67
65
69
81
94
100
110
116
121
131
140
145
146
146
133
125
123
118
117
111
106
94
82
76
59
44
29
21
8
-8
-25
-34
-43
-62
-79
-94
-101
-120
-134
-135
-149
-161
-167
-168
-167
-171
-172
-170
-169
-167
-164
-157
-154
-151
-148
-142
-131
-113
-91
-80
-69
-58
-45
-31
-22
-10
5
26
42
55
70
84
95
107
120
132
142
155
159
164
165
160
157
150
151
145
138
135
130
123
112
100
82
59
46
38
28
23
8
-7
-20
-35
-49
-56
-66
-74
-87
-100
-103
-108
-111
-113
-117
-124
-128
-125
-122
-115
-112
-111
-108
-104
-93
-85
-83
-74
-63
-44
-34
-20
-4
7
30
41
57
77
90
100
114
130
138
150
158
167
179
185
188
196
204
210
208
205
203
198
196
196
195
183
172
161
152
145
136
125
112
103
84
66
53
33
11
-17
-37
-56
-72
-84
-100
-110
-123
-138
-156
-169
-179
-190
-195
-198
-201
-201
-202
-203
-205
-204
-202
-202
-189
-180
-169
-158
-144
-130
-119
-104
-90
-72
-59
-41
-23
-12
1
15
29
42
58
72
82
93
102
111
113
117
117
114
113
112
111
111
113
113
101
89
79
68
59
44
32
16
2
-12
-28
-37
-52
-69
-83
-96
-116
-135
-151
-162
-178
-192
-200
-210
-208
-209
-208
-206
-196
-193
-191
-189
-189
-186
-180
-172
-163
-153
-141
-127
-111
-92
-76
-56
-37
-20
-1
18
33
52
69
91
110
126
148
163
178
193
207
220
229
234
247
256
261
261
254
255
251
238
223
215
199
190
178
164
157
142
123
99
80
56
38
18
-7
-26
-42
-61
-80
-97
-117
-132
-148
-159
-172
-175
-185
-186
-177
-183
-182
-182
-180
-172
-168
-160
-156
-144
-129
-117
-105
-90
-71
-54
-32
-6
16
32
45
58
72
91
110
126
134
141
151
161
166
172
175
178
185
182
179
179
176
172
164
157
149
136
123
112
96
80
55
41
25
6
-6
-25
-37
-51
-74
-95
-111
-130
-147
-158
-162
-168
-166
-163
-169
-171
-172
-171
-171
-166
-164
-162
-159
-153
-147
-144
-134
-127
-119
-104
-88
-68
-49
-35
-14
7
29
50
67
85
98
112
123
134
143
153
161
172
190
208
224
229
233
233
234
232
224
216
208
205
197
189
184
168
151
133
119
102
87
70
50
34
13
-1
-10
-30
-45
-59
-70
-75
-85
-98
-111
-118
-123
-124
-115
-115
-120
-119
-108
-98
-91
-80
-77
-65
-47
-36
-23
-8
-5
-4
8
19
29
39
47
58
69
73
80
88
94
94
98
95
91
90
81
75
70
66
62
57
54
50
40
32
26
11
1
-17
-35
-52
-69
-86
-99
-113
-125
-138
-149
-158
-167
-175
-181
-175
-178
-180
-175
-170
-161
-157
-157
-163
-161
-155
-148
-139
-130
-120
-112
-99
-84
-73
-56
-47
-36
-16
-2
12
25
33
42
50
58
64
75
81
81
81
81
85
86
86
84
74
63
53
47
41
30
17
-5
-17
-32
-42
-51
-61
-69
-79
-97
-117
-134
-150
-160
-169
-174
-182
-190
-201
-213
-211
-212
-210
-203
-197
-188
-184
-183
-182
-177
-161
-146
-128
-113
-96
-84
-69
-53
-39
-20
3
25
43
64
81
98
115
130
140
153
164
168
176
184
199
211
221
225
227
234
234
232
233
228
230
225
222
214
205
193
175
161
146
128
110
97
80
62
45
31
17
-2
-22
-37
-45
-50
-56
-60
-65
-70
-71
-74
-79
-87
-91
-95
-100
-101
-106
-108
-105
-108
-111
-117
-110
-92
-77
-64
-51
-40
-24
-12
-2
10
22
32
41
55
70
85
91
99
102
105
107
109
115
117
116
117
117
116
115
111
114
113
110
107
102
105
103
94
84
74
67
55
43
29
21
9
-8
-22
-34
-43
-49
-55
-64
-67
-74
-83
-88
-96
-98
-100
-106
-104
-100
-90
-84
-80
-75
-69
-65
-56
-46
-42
-39
-34
-29
-21
-10
3
17
27
32
36
46
55
63
64
65
74
83
90
99
102
106
112
110
106
102
103
103
99
93
86
81
78
66
52
48
43
37
26
16
4
-8
-23
-48
-59
-63
-62
-69
-74
-78
-85
-86
-95
-100
-113
-124
-128
-133
-135
-130
-129
-129
-131
-131
-123
-118
-120
-120
-117
-111
-99
-90
-78
-67
-63
-57
-49
-41
-34
-26
-19
-13
-7
0
5
9
12
18
21
21
20
21
25
27
22
20
20
23
30
36
39
34
32
31
26
18
12
3
-1
-6
-14
-16
-21
-27
-33
-40
-48
-55
-59
-57
-54
-57
-55
-60
-65
-65
-69
-69
-69
-74
-76
-73
-68
-57
-50
-45
-39
-32
-25
-18
-8
-1
5
10
16
20
24
29
32
39
43
55
63
71
79
85
95
100
104
103
105
110
114
110
109
107
108
111
106
101
99
100
98
93
88
81
66
52
40
31
24
12
3
-1
-4
-6
-7
-7
-5
-12
-19
-28
-41
-50
-57
-60
-67
-81
-89
-89
-87
-86
-83
-79
-72
-69
-61
-50
-43
-36
-33
-29
-28
-28
-26
-25
-29
-31
-28
-26
-22
-13
-4
4
9
13
22
30
34
34
30
25
20
18
17
15
9
7
8
9
10
9
14
19
15
14
16
8
4
0
-5
-8
-10
-12
-15
-14
-7
-1
0
1
-1
5
10
7
7
5
5
2
-1
-1
0
0
1
8
16
20
23
28
31
36
37
38
41
39
41
43
41
35
31
32
39
37
31
32
35
41
45
45
40
37
32
30
24
13
6
-4
-8
-14
-13
-16
-13
-9
-9
-7
-7
-8
-12
-12
-17
-23
-28
-30
-35
-39
-35
-38
-39
-33
-28
-24
-18
-12
-5
1
0
2
6
11
13
11
12
13
17
22
27
30
34
40
47
49
50
49
49
50
48
47
45
44
39
37
34
30
28
27
23
21
17
11
12
9
4
-1
-10
-17
-24
-30
-37
-46
-54
-56
-59
-59
-58
-58
-54
-53
-53
-52
-54
-55
-58
-60
-63
-68
-70
-73
-69
-66
-58
-50
-43
-34
-27
-18
-12
-9
-5
-3
-1
1
2
2
4
5
10
13
13
15
19
24
28
30
35
38
36
36
36
32
30
27
26
26
26
25
23
21
18
20
17
15
12
10
8
6
3
0
-6
-10
-14
-17
-17
-20
-22
-22
-20
-20
-19
-18
-15
-15
-13
-10
-11
-14
-13
-14
-14
-15
-15
-11
-6
0
6
10
13
16
22
28
29
26
27
26
26
25
24
23
22
26
30
33
35
36
40
42
43
41
39
34
29
26
24
19
15
14
14
13
9
6
4
1
-4
-8
-9
-11
-17
-20
-22
-27
-32
-36
-39
-39
-42
-42
-41
-42
-41
-39
-37
-36
-35
-35
-33
-33
-32
-32
-33
-32
-32
-30
-27
-25
-22
-16
-11
-5
2
8
10
11
13
15
15
14
16
17
19
19
20
24
25
28
31
34
35
34
34
34
31
26
21
17
13
10
6
5
3
3
3
4
2
0
-1
-2
-7
-12
-17
-22
-26
-30
-34
-36
-37
-39
-34
-31
-29
-26
-23
-20
-19
-19
-18
-18
-19
-18
-15
-16
-16
-15
-13
-8
-6
-1
5
8
13
19
22
23
23
23
23
24
23
22
23
23
23
24
25
25
28
29
28
28
25
23
20
17
15
10
5
2
-1
-3
-3
-5
-7
-9
-9
-10
-11
-13
-14
-17
-20
-21
-22
-25
-27
-29
-31
-31
-32
-32
-29
-25
-21
-18
-15
-14
-13
-11
-10
-9
-8
-7
-6
-4
-1
0
3
8
14
18
22
23
24
29
29
30
28
24
21
19
19
18
16
17
18
17
17
17
15
15
12
10
8
4
2
-2
-5
-8
-11
-15
-18
-21
-23
-24
-24
-25
-25
-25
-24
-26
-26
-27
-27
-28
-29
-28
-28
-25
-24
-22
-20
-17
-14
-12
-9
-6
-5
-3
0
2
3
5
6
7
8
11
15
16
19
22
24
26
26
28
27
26
25
23
20
17
15
13
12
14
12
13
13
12
11
9
9
8
3
1
-1
-4
-6
-9
-10
-11
-11
-12
-10
-8
-7
-6
-4
-3
-2
0
-1
-2
-3
-3
-2
-2
0
2
4
3
5
8
10
13
16
18
20
21
22
24
26
26
27
27
28
30
30
31
30
29
29
27
25
22
19
18
17
14
12
8
5
5
2
1
0
-2
-2
-3
-4
-4
-5
-7
-9
-12
-14
-15
-18
-21
-24
-28
-28
-30
-31
-30
-31
-30
-28
-26
-24
-23
-19
-16
-17
-16
-14
-15
-14
-12
-13
-13
-11
-9
-7
-4
0
2
3
7
10
9
10
11
14
15
15
16
17
17
19
20
19
20
18
19
18
15
13
8
4
1
-2
-4
-6
-8
-10
-10
-10
-10
-10
-8
-7
-6
-3
-2
-1
-2
-4
-4
-7
-7
-9
-11
-13
-15
-16
-18
-19
-18
-18
-19
-17
-16
-15
-13
-10
-7
-8
-6
-3
-1
3
6
9
13
14
16
14
10
9
8
4
1
1
0
-2
-1
0
1
5
10
13
17
19
20
22
21
21
21
19
17
14
10
6
4
2
-2
-5
-6
-9
-12
-15
-16
-20
-21
-21
-19
-18
-17
-12
-11
-10
-9
-7
-8
-9
-9
-9
-11
-11
-12
-14
-16
-18
-18
-18
-19
-19
-18
-18
-16
-13
-9
-3
1
5
9
13
17
20
21
21
22
19
19
16
14
13
11
9
8
8
8
7
7
7
7
8
9
11
12
13
16
17
17
17
16
15
13
12
9
4
1
-1
-5
-8
-11
-13
-18
-20
-21
-21
-21
-21
-19
-18
-17
-13
-13
-13
-12
-9
-6
-5
-3
-1
1
0
1
0
0
0
-1
0
0
1
1
3
5
6
8
10
12
13
13
16
19
21
21
22
23
23
21
19
16
12
7
6
2
-2
-4
-6
-9
-11
-11
-14
-14
-14
-12
-11
-8
-5
-3
0
0
4
4
4
6
5
4
1
-2
-4
-6
-10
-11
-12
-13
-14
-14
-14
-11
-13
-12
-11
-9
-7
-4
0
4
7
11
13
12
12
11
9
10
9
7
8
7
5
4
6
6
7
8
8
10
11
13
17
20
22
23
25
25
23
21
16
12
8
6
1
-3
-7
-11
-14
-19
-20
-22
-22
-25
-26
-24
-23
-21
-17
-11
-6
-5
0
4
8
9
8
8
9
8
5
3
2
0
-2
-3
-2
-4
-4
-3
-4
-2
-2
-1
2
5
8
11
15
17
18
15
13
11
7
3
-1
-4
-7
-12
-13
-14
-16
-17
-19
-18
-16
-16
-14
-11
-7
-4
-2
1
5
8
8
8
5
4
0
-1
-3
-5
-10
-12
-13
-12
-14
-17
-19
-22
-23
-23
-24
-23
-19
-17
-14
-11
-6
-4
-3
-1
1
0
-3
-3
-1
-2
-3
-3
-3
-4
-4
-3
-3
-3
-5
-4
-2
-2
-1
1
5
8
11
13
16
17
17
15
14
11
9
6
4
2
-1
-6
-8
-11
-13
-14
-16
-16
-17
-16
-14
-10
-7
-4
1
4
8
7
7
9
9
6
2
0
0
0
-1
-3
-1
-1
0
-1
-2
-2
-1
0
0
1
1
3
6
9
11
13
14
12
13
13
12
10
6
5
4
1
-3
-6
-6
-11
-12
-12
-11
-6
-5
-1
2
6
10
14
18
20
20
20
19
17
12
8
3
0
-3
-4
-6
-8
-9
-7
-7
-9
-8
-8
-8
-6
-6
-8
-4
0
2
4
7
10
12
13
12
12
9
6
3
2
0
-5
-7
-8
-10
-13
-15
-11
-9
-5
0
9
12
14
19
21
23
21
20
19
16
9
4
1
-2
-8
-12
-12
-11
-14
-12
-10
-8
-8
-8
-3
2
6
8
8
11
13
12
12
12
11
7
6
6
4
3
2
2
2
1
-1
-1
1
0
0
1
2
4
4
11
17
21
24
24
27
27
23
21
19
14
6
1
-2
-8
-12
-14
-14
-14
-14
-12
-10
-6
-4
-1
6
8
10
12
13
14
10
7
5
1
-2
-5
-4
-4
-7
-7
-8
-7
-7
-8
-9
-7
-7
-9
-6
-3
-2
-2
0
2
6
6
6
9
9
7
1
-2
-4
-8
-14
-16
-18
-22
-26
-24
-21
-19
-16
-10
-3
1
4
7
11
12
11
9
9
4
-2
-4
-6
-12
-18
-20
-18
-18
-18
-15
-13
-10
-10
-8
-3
1
1
2
2
3
1
1
3
3
0
-4
-7
-9
-13
-14
-17
-18
-19
-20
-19
-18
-18
-17
-17
-13
-10
-7
-2
3
7
9
10
13
13
12
9
10
9
3
-3
-7
-9
-13
-17
-16
-13
-12
-9
-5
2
6
10
13
16
19
22
25
27
24
20
18
14
9
6
5
3
-1
-5
-7
-6
-6
-7
-7
-5
-3
-4
-3
-1
-1
-1
-4
-3
-3
-2
-4
-4
-5
-6
-7
-11
-12
-12
-11
-12
-12
-15
-15
-13
-9
-7
-6
-4
-2
0
4
9
14
16
17
17
21
23
20
19
20
18
15
11
9
8
7
5
5
7
6
7
10
11
14
17
20
21
22
23
22
21
18
16
13
8
5
3
3
1
-4
-5
-4
-3
-4
-3
-2
2
1
1
1
2
3
3
3
5
5
4
4
3
4
3
3
3
1
0
-2
-1
-3
-3
-4
-3
-3
-2
1
6
10
11
16
20
24
23
22
22
20
16
11
9
6
1
-3
-6
-6
-6
-6
-5
-3
0
1
5
7
8
8
8
8
6
2
0
-2
-6
-10
-13
-13
-15
-17
-14
-11
-10
-10
-9
-8
-6
-8
-7
-5
-4
-3
-5
-4
-4
-2
-2
0
2
4
6
5
8
6
5
4
1
-2
-4
-6
-8
-10
-12
-12
-8
-5
-5
-2
3
4
3
1
1
0
-2
-5
-6
-7
-11
-16
-18
-19
-21
-22
-20
-19
-19
-17
-15
-14
-13
-15
-14
-13
-14
-16
-17
-17
-19
-18
-16
-11
-6
-4
-3
-2
-3
-7
-9
-10
-12
-16
-18
-18
-20
-21
-20
-17
-13
-7
1
6
12
15
16
16
14
12
7
2
0
-4
-11
-14
-14
-15
-18
-15
-8
-6
-4
0
5
4
1
0
2
1
0
-2
-2
-4
-7
-6
-7
-6
-4
-2
0
0
-1
-4
-8
-10
-15
-15
-15
-12
-11
-11
-7
-4
1
5
14
21
22
23
23
24
19
10
4
1
-5
-6
-9
-8
-10
-8
-4
1
7
14
20
24
26
23
21
18
15
12
9
7
4
4
2
2
5
5
9
12
18
19
18
18
15
9
3
1
2
0
1
5
6
9
12
16
21
25
28
29
26
23
16
11
6
0
-4
-7
-5
-4
-2
0
4
8
13
16
22
24
24
22
18
13
5
0
-3
-5
-4
-3
-1
1
3
7
11
15
18
20
22
20
15
11
7
5
2
2
4
4
6
8
11
15
17
20
22
23
21
18
13
6
-1
-7
-11
-11
-11
-10
-5
-1
4
8
12
18
21
24
24
22
15
8
0
-7
-11
-13
-14
-13
-12
-7
-4
-2
4
8
12
15
15
15
11
8
5
-1
-6
-7
-5
-2
-2
4
9
11
14
16
17
18
15
14
9
3
-2
-8
-12
-13
-11
-9
-6
-2
2
6
9
12
14
11
12
10
7
1
-5
-9
-14
-17
-17
-16
-15
-10
-8
-4
-2
0
3
3
3
2
-1
-4
-8
-11
-15
-17
-17
-15
-11
-9
-5
0
-2
-3
-3
-5
-6
-8
-12
-15
-18
-19
-19
-16
-15
-13
-7
-1
1
4
2
4
1
-1
-4
-10
-14
-18
-21
-25
-24
-24
-23
-18
-15
-10
-6
-3
0
1
0
-1
-6
-11
-15
-18
-24
-27
-28
-26
-21
-18
-14
-9
-3
0
3
2
1
2
0
-2
-3
-8
-9
-9
-8
-9
-8
-4
0
2
2
5
9
9
12
11
7
4
2
0
-5
-6
-6
-5
-3
-5
-5
-2
0
3
4
4
4
4
2
2
0
-1
-3
-2
-3
-2
-4
-4
-1
-4
-5
-3
-4
-4
-4
-5
-6
-5
-4
-4
-2
-1
1
5
6
6
5
2
2
0
-2
-2
-5
-7
-8
-9
-9
-9
-8
-4
0
3
6
9
8
8
9
7
6
3
0
-2
-6
-8
-8
-7
-6
-3
0
3
7
11
10
12
10
9
9
5
1
-2
-5
-6
-6
-10
-8
-6
-2
1
6
4
4
7
5
4
0
-4
-4
-5
-7
-9
-11
-9
-8
-8
-7
-4
-1
0
3
1
-2
-3
-3
-4
-4
-6
-4
-2
-2
0
1
0
2
3
5
6
6
7
6
5
3
4
5
4
6
7
6
8
7
8
10
9
10
9
9
9
6
-1
-3
-2
-2
0
3
5
10
11
10
12
12
11
11
11
7
7
4
-2
-4
-9
-9
-6
-4
-1
2
4
7
9
9
9
10
6
5
3
-3
-6
-8
-11
-10
-9
-8
-4
-2
0
3
2
2
3
2
0
-1
-3
-7
-10
-13
-14
-16
-14
-11
-6
-4
-2
-1
-2
0
0
-1
-1
-3
-5
-8
-12
-14
-14
-12
-12
-8
-6
-3
2
4
4
5
5
4
4
0
-1
-4
-7
-9
-11
-10
-10
-5
-3
1
4
5
5
5
3
2
-1
-4
-5
-8
-13
-12
-12
-11
-8
-5
-2
3
5
6
8
7
6
5
3
0
-3
-7
-9
-9
-9
-7
-5
-3
-1
1
3
4
5
3
2
1
-2
-6
-7
-12
-12
-13
-12
-9
-5
-1
4
8
9
12
11
10
7
3
1
0
-3
-6
-8
-10
-10
-9
-6
-2
1
4
6
7
6
6
5
3
1
0
-2
-2
-3
-4
-4
-3
-1
2
4
9
12
12
11
