1
7
4
-3
-7
-12
-15
-14
-17
-23
-27
-24
-18
-10
-5
-7
-9
-6
2
5
2
0
-4
-5
-1
-4
-11
-16
-18
-19
-17
-18
-21
-23
-15
-2
8
9
3
2
7
11
15
10
-4
-15
-16
-11
-8
-6
-11
-18
-18
-9
-1
2
2
1
2
8
12
10
9
8
0
-7
-10
-9
-5
2
1
-8
-9
-5
1
8
9
-2
-14
-12
3
19
22
7
-12
-21
-14
-1
2
-8
-24
-26
-13
2
13
9
-9
-21
-17
-9
-4
-1
-8
-16
-11
-3
3
8
8
-3
-17
-21
-14
-5
6
2
-15
-29
-28
-17
-6
-5
-13
-30
-29
-18
-5
3
-2
-14
-25
-26
-21
-16
-19
-29
-35
-34
-28
-15
-8
-18
-36
-47
-48
-39
-17
2
10
7
1
-4
2
6
-7
-35
-52
-47
-32
-11
6
8
-10
-13
-1
2
3
0
-17
-26
-9
13
23
17
-5
-38
-55
-48
-41
-42
-53
-57
-56
-32
12
34
23
10
4
10
18
27
18
4
5
12
15
-2
-14
-24
-32
-23
-15
11
45
75
114
124
119
137
150
135
98
60
30
30
61
40
2
-10
-9
30
57
61
42
3
27
91
156
174
139
92
59
64
70
40
-9
-45
-46
25
91
81
31
10
60
129
165
157
116
117
118
147
171
125
124
122
90
61
41
36
39
61
37
-17
-8
40
125
196
178
88
37
48
67
110
92
0
-51
-39
17
82
97
68
-7
-60
-59
-40
-12
15
9
-44
-51
21
109
111
71
18
-23
25
22
-43
-81
-70
-68
-82
-56
-33
-10
36
45
12
-35
-82
-55
29
116
119
60
39
-4
-7
5
-49
-122
-152
-142
-153
-158
-105
-32
21
-2
-70
-116
-134
-115
-107
-131
-162
-189
-209
-184
-117
-64
-65
-127
-213
-248
-164
-96
-93
-163
-206
-198
-49
56
188
323
53
-206
-174
73
88
-76
-202
-152
-41
7
154
123
-175
-319
-112
112
47
-167
-232
-193
-175
-175
-88
-110
-221
-265
-220
-103
-131
-201
-203
-161
-163
-27
63
-45
-91
-55
42
-34
-45
-24
13
8
60
93
43
98
71
60
27
45
119
119
-43
15
113
12
-57
25
2
-107
-172
-141
40
-127
-149
-35
37
-38
-149
-65
92
-16
-164
-91
43
34
-107
3
179
27
-73
126
196
179
31
61
160
178
108
100
227
67
81
208
178
118
132
93
131
193
78
117
205
190
117
16
-22
70
47
-2
38
128
112
128
107
104
88
105
124
86
98
32
79
102
-46
74
100
46
-14
108
-17
39
118
64
10
-13
40
-21
168
9
6
198
87
48
-67
163
216
-58
-55
175
308
-86
93
243
137
4
104
373
187
19
-4
268
208
-101
42
178
-14
142
38
-209
62
181
-46
-41
-28
265
48
-173
144
329
2
-14
74
5
83
-87
19
107
122
-22
-123
247
27
-18
-109
8
349
58
-184
198
521
15
-69
172
203
259
-43
-11
118
121
169
13
60
-28
179
-33
-30
165
-91
-175
205
261
-147
39
42
74
35
-28
52
77
-27
-44
129
70
-75
121
167
-24
114
25
3
231
49
-59
-11
71
128
-177
97
669
-15
-119
410
248
48
-391
-127
332
-122
-489
190
261
-216
-211
98
184
-58
-340
147
85
-224
-270
-38
30
-377
-144
-98
-21
-273
-287
-65
-150
-419
-110
22
-294
-200
-96
-1
-141
-133
-182
155
-37
-111
109
17
-114
-155
85
-199
-186
-206
-180
-94
-323
-157
-12
-279
-431
-106
-29
-393
-439
-50
-187
-192
-347
-157
67
-320
-85
-112
96
-242
-295
108
208
-195
-234
88
215
124
-440
64
137
-140
-300
-43
-85
-212
-70
-231
59
-151
-321
-203
108
-123
-118
-77
-234
-20
-145
-252
17
22
-149
-151
192
121
-193
-60
54
-20
-238
-57
171
-156
-365
83
332
-215
-477
169
305
-220
-168
88
315
-67
-325
359
226
-300
-220
214
234
-421
-187
47
304
-2
-360
148
196
-72
-355
269
86
-226
48
114
4
-314
80
72
-84
121
-197
113
210
-130
-222
313
-38
-25
177
47
83
211
-62
120
239
-233
114
-89
229
-191
-207
333
57
-45
-215
413
90
-107
-14
410
108
-243
391
207
-71
-101
226
538
-474
42
455
7
57
3
240
87
-124
120
160
-158
-45
180
46
-88
178
-263
297
111
-64
-124
183
173
-419
278
119
-101
-177
190
126
-80
-128
150
490
-502
-15
565
120
-285
171
399
-233
369
-236
409
-194
21
10
247
-31
-263
376
257
-70
-362
493
78
-69
-69
224
401
-313
-26
553
-227
-67
-54
508
-51
-467
220
519
-199
-311
104
610
-215
-246
586
2
-75
-217
629
-461
31
-389
598
-30
-739
594
-22
-50
-476
540
83
-465
246
501
-63
-90
34
548
-76
-273
-68
867
-493
-462
665
-9
-69
-221
693
212
-660
381
706
8
-686
312
1005
-526
-584
760
659
-1308
400
869
-408
-593
203
1123
-882
-373
650
572
-989
-516
1506
-739
-631
560
673
-492
-661
758
431
-673
-663
779
186
-730
-279
811
63
-839
3
780
-112
-688
-105
626
-135
-518
84
455
-240
-457
119
415
-419
-588
184
468
-489
-788
860
-211
-156
-750
713
154
-744
-244
87
316
-747
-209
502
-14
-817
165
384
-388
-426
-233
521
-226
-781
247
920
-831
-458
652
509
-935
-476
1163
-253
-917
-64
870
-254
-1306
572
845
-810
-830
681
463
-894
-355
537
-122
-421
-299
818
-610
-524
526
78
-556
-463
572
223
-769
38
494
158
-709
61
737
-411
85
118
331
272
-449
-13
866
-907
226
426
-232
-399
915
-326
-425
963
-323
403
-640
861
174
33
-431
-131
1448
-1192
-166
564
238
-343
-246
194
336
-384
-175
316
145
-378
530
-128
-274
454
-202
-8
-252
671
-73
-458
-244
1023
-271
-921
239
461
325
-1058
-253
1516
-775
-1023
628
495
-330
-919
1037
-371
24
-731
470
702
-1305
234
110
710
-1398
149
620
-305
-640
208
865
-1141
230
727
-388
-91
-217
464
527
-1065
847
-201
7
140
-36
328
-345
150
-401
1236
-983
-153
530
-15
449
-863
781
-185
526
-265
89
1081
-1037
1003
-346
492
-159
230
243
-391
827
-532
499
-364
203
869
-778
1017
-20
42
-161
189
334
-413
-82
314
-103
-356
415
-310
275
-279
-130
697
-413
-836
1055
-96
-658
435
312
197
-202
115
301
458
-460
-54
814
-509
-132
691
-518
50
176
455
-444
181
-147
72
605
-1178
388
334
-530
-641
573
-71
-324
-135
-112
159
610
-1465
174
978
-900
-594
588
-116
-996
1150
-306
-623
696
-340
-227
748
-965
363
539
-773
475
335
-160
-677
1088
-472
-201
345
-756
800
-559
66
-335
460
-587
379
-84
-672
902
-413
-64
-612
912
-557
-525
380
-759
544
-451
-1058
1003
69
-1082
-177
1182
-538
-518
639
-339
614
-294
-171
371
470
-1315
1118
-179
-536
544
-516
-270
307
-225
-1001
889
-627
311
-427
-272
181
145
-643
261
71
-637
766
-783
-271
50
-4
-309
-796
470
157
-827
-125
181
707
-1009
-443
1145
249
-1382
886
-130
-237
-198
-255
451
-398
-208
-98
810
-1182
423
-109
-140
-676
393
715
-1209
47
691
430
-968
-220
978
260
-1526
14
1081
-916
-525
482
14
486
-1276
820
673
-535
-620
673
698
-943
609
52
274
-722
583
83
-612
14
911
-318
-212
573
65
180
-496
394
157
-109
-169
710
-252
89
612
-544
666
-447
385
-78
-391
511
251
-442
69
795
-159
-349
224
847
-698
461
258
111
-71
407
140
-205
427
-590
912
55
-728
749
-260
-24
336
203
-1170
771
802
-1198
803
64
76
-294
662
347
-425
327
120
214
243
-605
491
625
-791
461
419
12
-113
137
238
-155
261
-154
268
-183
76
90
105
-116
-338
757
-583
-404
310
-150
-102
-50
-170
537
-12
-873
956
313
-675
-24
778
157
-654
551
204
322
-149
-380
762
-225
281
-857
951
320
-1077
705
377
-391
59
564
-601
885
-521
375
968
-1067
587
-236
848
-1588
1023
-542
-90
400
-1304
1911
-1758
1185
-203
479
-426
-61
960
-767
782
-813
1122
-712
759
-583
-470
1027
-1228
-26
778
-753
-248
863
-399
89
169
-265
520
9
-385
-75
145
-365
-200
413
-864
247
-69
-401
103
-638
138
-7
-680
432
202
-555
-82
407
-497
313
-454
-216
363
-706
-143
500
-372
-637
292
-58
203
-786
152
339
-527
-358
798
-751
738
-1024
1060
355
-1702
1301
-191
-324
-361
473
-184
-460
421
-210
-200
229
-717
413
233
-969
39
1293
-1042
3
869
-238
373
-538
621
449
-845
456
154
160
-265
2
947
-553
-191
125
891
-709
509
-229
471
205
-559
827
46
-601
21
1276
-1178
243
247
-182
172
-38
228
-84
6
-708
1141
-680
-476
353
80
-404
-247
605
-802
173
-24
131
-785
388
-129
-535
417
-588
355
-293
-324
204
118
-439
-32
253
-82
-493
137
-143
-92
143
-1116
1445
-812
-444
1016
-776
435
0
-315
203
207
-880
466
239
-1342
1756
-1255
22
731
-1048
317
114
-176
-78
183
-1001
1120
-1023
-166
723
-78
-830
831
234
-958
522
-81
454
-711
766
41
445
-354
-49
1241
-944
49
820
-345
723
-795
453
1065
-1209
224
421
514
-1311
1007
592
-861
638
51
573
-291
262
13
213
237
-1254
1561
-546
-891
903
87
-643
68
916
-934
417
15
-274
788
-1068
296
778
-1587
1055
369
-627
-270
925
268
-1173
932
42
-124
-566
403
340
-540
60
3
588
-267
-514
1018
-210
-550
481
690
-1062
30
1186
-1079
463
485
-98
461
-502
519
254
-751
-233
539
-179
-725
980
-169
-154
241
378
-44
-282
605
-175
-518
427
373
-1239
1340
-1008
393
377
-1095
1202
-495
-379
884
-109
-221
385
370
-651
218
438
-582
504
-880
1605
-789
-211
673
-811
956
-970
424
404
-656
553
33
136
-98
858
-467
123
617
-191
78
-457
905
-375
-20
15
-60
390
-447
-320
189
602
-1348
916
142
-817
916
-578
608
155
107
-492
251
687
-1814
1567
-589
-727
482
-30
-322
-384
671
-1329
750
-94
-1129
602
219
-1071
474
676
-1385
715
862
-1850
1260
-490
-583
285
-242
-108
-869
1231
-1318
558
80
-830
242
398
-126
-716
404
189
-402
142
-801
1273
-1731
630
272
-1063
1247
-1742
1848
-1324
335
-715
920
-864
-765
1778
-1988
1174
-378
-408
781
-969
305
10
-410
-758
422
349
-1445
572
249
88
-795
733
519
-1480
1163
-603
449
-87
-1672
2491
-1925
687
60
75
99
-1046
1553
-924
210
-506
556
-93
-1000
868
368
-814
297
987
-456
-121
556
-860
857
-116
-1187
1128
30
-1366
831
740
-1569
1208
-598
-36
131
-366
-440
960
-282
-740
1398
-1055
766
-790
854
-401
-712
1266
-1481
1207
-125
-721
1407
-320
-386
155
743
-1451
996
-207
-673
971
-1071
968
-390
576
-739
973
-436
130
278
-739
1372
-1061
1005
-482
682
-317
-276
631
-644
576
-700
711
300
-526
265
885
-974
62
214
-3
-588
447
109
-359
1101
-1199
1084
-409
-523
927
-507
694
-821
663
-167
252
501
-734
1211
-1273
961
-124
-329
493
-161
314
-36
798
-367
-1
872
-743
215
706
-378
43
1114
-903
626
119
-55
161
222
-537
228
691
-1669
1253
-346
-589
1007
-162
-280
781
-467
119
912
-834
-71
1404
-1151
6
264
89
-475
-245
809
-918
768
-1322
776
-21
-1337
1340
-46
-575
257
374
-537
-137
798
-625
143
333
-76
143
-575
361
88
-134
288
-412
701
-1244
530
766
-1288
554
-111
330
-834
835
-99
-648
458
-934
1109
-610
-918
712
28
-167
-253
974
-792
739
-294
-110
1190
-1218
248
828
-960
312
-468
347
-130
-644
1038
-804
-84
1
721
-951
121
1296
-1751
1685
-839
286
884
-1412
747
597
-1342
379
485
-695
-78
666
-233
-1117
1213
-736
-129
268
-726
518
-662
537
-12
-380
804
-916
818
-101
-738
729
-312
-419
-104
899
-1915
1213
142
-516
59
246
397
-1510
1129
-1195
-125
346
-355
18
68
-283
455
-78
-632
1244
-1354
644
110
-361
571
-195
-116
-435
1760
-1969
898
-453
184
-61
-1263
1764
-1777
825
-794
-261
728
-847
170
35
181
-1030
742
439
-329
-94
476
-124
-178
586
-668
-288
1405
-1361
1018
554
-1582
2339
-1961
529
723
-2238
1720
135
-1611
1044
19
-679
661
-674
12
693
-1099
292
669
-769
443
362
-166
574
-251
98
954
-1042
547
-172
301
44
199
48
-567
614
-1168
1288
-747
-208
1067
-321
-99
1143
430
-859
1267
-424
-256
838
-578
348
475
-654
518
458
-479
-357
683
-298
-844
988
-1228
650
-1193
956
-474
-323
-90
-486
1147
-1020
-174
1062
-579
-507
1185
-318
-615
498
-454
-464
523
-444
-176
803
-856
270
1226
-1432
581
588
-751
-323
538
-172
-1196
1609
-1140
91
1147
-1526
596
433
-1122
-465
1566
-1889
1293
657
-1687
1867
-979
362
-33
665
-120
-865
2006
-2166
1171
-489
538
336
-497
949
-620
270
-391
1062
-331
-896
1155
579
-1244
967
352
-80
335
-458
1292
-240
-709
1024
425
-975
213
971
-614
145
52
-53
197
-56
400
74
17
135
-799
629
409
-782
128
-21
513
-636
315
273
288
-817
92
734
-1333
-30
421
345
-796
222
1131
-1142
1198
-664
-144
1592
-2755
1346
560
-1127
112
489
193
-722
266
7
565
-671
-480
1615
-1641
276
145
-722
1009
-1449
1093
120
-1026
170
1088
-1033
-175
628
-253
83
-447
-65
-341
14
-520
526
137
-853
896
213
-161
112
-473
-243
126
-527
-628
1368
-1434
53
1058
-807
825
-791
395
74
-819
591
272
-746
633
-689
486
661
-1458
864
370
-1639
1508
11
-1986
2188
-1628
696
598
-1339
1169
-428
-349
1007
-413
-334
395
-455
1317
-1630
1009
-62
-875
1000
-400
-106
-184
1296
-895
604
-26
-19
302
-997
-57
298
-333
-1094
1334
-945
-213
-133
1092
-715
-294
554
-617
443
-1125
1078
-1175
176
43
-311
549
-172
42
332
-556
-131
217
-317
-231
67
290
-1343
886
60
-535
-61
-228
1084
-846
250
552
-753
-282
524
-384
-425
280
-459
486
56
-34
103
-510
876
-1225
953
-430
-938
2046
-1485
1384
-551
107
766
-651
522
-424
898
-1078
1240
-1223
1311
491
-1496
1389
-106
-457
-834
1733
-724
-319
843
-572
1406
-1271
163
502
-236
190
56
227
-117
108
-471
617
-566
239
-316
590
-680
227
426
-444
612
-497
328
-569
213
226
-560
-211
1398
-2199
1751
-75
-2041
2319
-1229
538
-223
-66
-14
359
-312
-846
1330
-1557
854
-298
317
-145
-1686
1591
-291
-1184
250
500
-587
138
159
-36
250
-1813
843
711
-1872
851
449
117
328
-507
2073
-1258
227
412
-576
648
-1479
1100
-169
-694
254
1215
-945
-401
1176
-932
187
134
475
-535
783
40
-554
1481
-1062
-135
1190
-732
175
270
815
-1588
1590
19
-1745
1534
-525
465
-1215
1681
-1133
1911
-800
-24
1412
-1840
1609
-1230
1144
-908
382
436
-851
749
-486
813
-1353
576
378
-558
-693
110
1119
-1627
145
231
374
-994
460
803
-1169
-625
1084
-200
-1099
1453
-1837
1994
-490
-503
1756
-681
-379
671
629
-1675
1085
-545
733
686
-2374
1981
-616
-406
-419
-158
728
-1466
1275
-1173
1743
-2228
1077
585
-1250
808
-1248
1537
-1712
1311
-1681
569
908
-2299
1177
-41
-1345
1972
-1605
-403
2281
-2375
958
911
-1260
-201
1320
-677
22
786
-368
491
-468
-306
446
-789
321
-435
171
536
-71
417
448
-275
-703
1273
-1214
302
-912
528
537
-1009
1182
-878
970
-487
259
991
-1582
1743
-1210
1117
-765
8
415
-878
1733
-2537
2631
-1640
263
1100
-1779
1401
-908
904
-1347
1017
-632
-19
1193
-517
116
196
405
1
80
870
-107
-615
947
-723
316
-502
95
566
-1064
1366
-74
-711
1239
-1009
-389
452
205
-651
101
818
-1397
969
190
-610
102
357
-663
375
354
-1269
-209
1727
-1613
-590
2976
-2744
937
476
-419
57
-427
181
-483
999
-1290
1600
-70
-782
542
112
82
-1085
907
326
-1175
1049
575
-844
-247
-1306
1643
-980
-938
1144
-913
524
-462
755
-706
-441
-146
436
-82
-679
1042
-381
695
-1064
960
8
-1366
1013
40
183
-196
-423
671
311
-918
498
193
-791
-351
602
-246
-763
1417
-769
-82
972
-467
518
-238
-81
-120
-664
584
-329
-230
53
-657
1757
-908
-846
1590
-1252
334
-400
850
-293
-493
-407
211
175
-1489
1175
-334
89
-137
117
640
-459
210
302
249
-584
336
-198
-158
357
-145
414
854
-587
393
305
-151
-256
-288
452
-1014
1295
-724
-177
1534
-1269
838
-121
-427
368
-441
-211
813
536
-1439
476
615
-795
-71
-19
103
-327
40
968
-1114
-335
276
230
-259
202
31
-114
438
-524
1977
-273
-434
385
404
-260
-771
1096
-1788
1243
-805
69
1110
-1568
683
-212
162
-683
910
-638
-40
609
-593
762
-40
-481
388
21
-253
461
-123
-385
-257
1000
-415
206
142
-198
-189
-927
565
-1076
-70
182
-121
1152
42
264
30
574
-201
-963
588
-754
835
-569
771
21
-314
740
-1421
783
34
-39
-565
517
-730
-18
1175
-776
223
135
434
-556
389
-45
151
477
-850
1020
507
-776
-503
816
-198
-351
866
-969
200
1286
-778
-15
549
-404
228
-184
-509
513
-110
-342
1123
843
-1435
-233
269
5
-58
-1290
446
399
-409
186
1218
-973
-538
31
-54
-295
-1309
838
107
-560
-798
953
323
-645
58
1106
-312
-1109
1376
-529
182
-786
594
364
-323
-11
-72
770
-442
323
1100
108
-311
1284
-932
-171
758
-971
-122
59
-699
143
239
-1513
299
593
-328
-95
-250
189
-340
-338
504
210
7
-103
119
296
-1005
-506
-201
-514
-631
825
312
-133
387
353
375
-134
480
621
-175
789
244
471
-244
-31
245
-405
159
-442
1345
5
14
1099
-1193
-448
-154
-1349
271
-121
-756
402
527
-1317
-27
491
-675
378
294
-770
-187
205
-50
-354
-809
493
965
391
-562
272
545
-1643
35
599
-1010
-579
71
-35
276
233
-669
-157
975
-726
350
780
-517
447
-95
-369
319
378
-512
342
215
-416
454
-90
-455
599
-248
-8
-308
335
-177
-300
874
-794
265
87
-398
306
-282
-375
-436
33
-141
288
66
-346
-386
56
-182
-440
580
-258
508
582
394
-370
171
230
-472
77
-172
267
-745
118
676
470
767
-121
233
342
-248
-131
585
40
-534
794
648
-569
290
-96
-1094
900
-109
-337
20
-139
-196
193
146
-395
493
-855
-36
759
-424
18
-110
481
-465
38
-178
-470
-329
-594
993
-848
-162
397
-138
506
-147
939
2
-526
-138
279
-80
-685
667
519
-58
-232
-435
-307
-821
-308
585
-231
-241
239
355
19
179
306
-50
-83
-8
298
335
-182
-22
-31
208
149
-165
260
70
182
-353
532
238
-307
-142
4
599
117
383
-280
-16
-295
-321
140
-205
-666
-163
42
-729
-92
50
93
138
266
256
267
-75
3
623
-111
23
-208
508
640
-183
391
531
-139
-282
-394
-22
-412
-817
-374
364
-392
-585
776
-476
-471
-3
-302
241
-393
-11
627
322
187
415
422
-471
-252
185
370
-272
348
717
-265
143
-273
-421
-811
-406
307
376
-46
203
344
-245
-2
-236
-138
-369
-228
363
288
70
29
-132
-559
65
187
183
-400
35
294
-90
-81
-6
-277
159
808
45
66
235
-34
-173
257
163
77
84
449
1174
418
-95
670
39
-151
-160
549
783
-368
274
573
-232
-760
440
266
-373
-25
713
678
151
65
214
-299
-1356
243
687
-366
190
843
-173
-595
-226
-301
-584
-900
-306
176
-218
-442
183
-486
-1065
-480
-553
-1097
-918
-792
-648
-927
-551
-301
-1131
-1134
-609
-790
-926
-705
-549
-549
-722
-331
-460
-658
-393
-272
-108
68
17
246
-138
115
393
546
285
772
1174
766
1129
856
1349
1063
1365
1893
1749
1738
1755
1806
1534
1512
1392
1449
1370
1281
1468
1317
1281
1034
786
658
334
359
398
264
259
184
179
98
-144
68
-33
-142
99
-179
-206
-115
-575
-530
-184
-518
-544
-503
-420
-634
-714
-689
-937
-1031
-1086
-926
-1253
-1060
-987
-1465
-1854
-1662
-1514
-2063
-2303
-2166
-2175
-2306
-2584
-2044
-2461
-2913
-2527
-2661
-3197
-3479
-2567
-1811
-1096
-241
608
779
391
513
257
234
57
694
1967
1959
2644
2784
2594
2120
2049
2452
2426
2303
2425
3184
2831
2496
2460
2005
1353
1198
1571
1458
1247
1238
1148
818
73
-43
-229
-947
-879
-667
-449
-827
-311
339
-31
207
111
304
232
958
1457
1292
1740
1631
2219
2092
1815
1765
1355
1669
1568
1941
1567
927
1084
728
582
70
-207
-514
-878
-1039
-1259
-1651
-2162
-2048
-1944
-2102
-2180
-2210
-2399
-2259
-2111
-1954
-2105
-2234
-2226
-2223
-2489
-2930
-3418
-4225
-4518
-4966
-5191
-5017
-5413
-5013
-3934
-2614
-723
-173
128
-65
-678
-380
-810
81
354
1171
2583
3204
4120
3226
2962
2463
2469
3167
3516
4092
3851
4448
4368
3944
3253
2298
2358
1960
2418
2255
1912
1578
562
209
-789
-1513
-2006
-2461
-1729
-1547
-1335
-1544
-1576
-1483
-1515
-780
-736
-418
13
353
1328
1372
1834
1955
1711
2533
2296
2189
2036
1903
1869
1925
1850
1462
1231
591
277
-6
-683
-1088
-1459
-1648
-1726
-1700
-1598
-1437
-1361
-954
-771
-720
-505
-227
184
695
807
695
389
-179
-375
-1063
-1480
-2016
-2633
-3220
-3617
-4531
-5724
-6849
-7703
-8685
-8846
-8410
-6881
-4427
-1093
2362
3146
3097
1325
806
771
593
2540
3669
5665
6813
7398
7064
4440
2615
1842
2714
3117
3746
3997
3583
3112
2227
1816
976
385
731
1563
2436
2259
1824
609
-417
-969
-1269
-1073
-1296
-969
-357
-466
-482
-1285
-1647
-1717
-1575
-969
-842
-983
-1486
-1345
-1096
-968
-649
-194
225
1167
1492
1290
808
-357
-240
210
724
1463
1792
1776
1019
483
-626
-1724
-2347
-2425
-1488
-781
-438
-563
-749
-836
-919
-694
-91
287
899
1375
1363
884
-87
-966
-1475
-1787
-2324
-2425
-2920
-3535
-3880
-4656
-5681
-6456
-7074
-7643
-7985
-8277
-7050
-4758
-1067
2629
4340
4525
3152
2318
2004
1602
2450
3560
4980
6678
7740
7631
5562
3283
2117
2480
2985
3360
3460
3164
2936
2692
2510
1768
1365
1432
2527
3619
3640
3121
1874
634
18
-319
-783
-1111
-1327
-1487
-1823
-2582
-3328
-3838
-3862
-3387
-2631
-2460
-2728
-3287
-3426
-2877
-2453
-1515
-694
560
1742
2100
2133
1387
353
-147
294
825
1866
2235
1966
1524
105
-851
-1597
-2159
-2033
-1433
-1024
-495
-560
-819
-774
-917
-124
665
1689
2886
3569
3946
3472
2783
1932
1320
1046
560
147
-656
-1479
-2121
-3037
-3877
-4590
-5018
-5458
-5642
-6711
-7601
-8982
-8537
-5631
-2850
2571
4599
5225
4722
2438
2734
1349
1694
2614
4122
6708
7606
7910
5329
2544
389
328
1447
1807
2215
2000
1915
1291
743
221
-353
421
1540
3250
3657
2709
1351
-634
-1334
-2215
-2048
-1908
-2438
-2316
-3041
-3909
-5290
-5888
-5651
-4706
-3306
-2951
-2776
-3134
-3320
-2760
-1968
-882
649
2249
3782
4580
3923
2783
1606
1040
1456
1859
2573
2857
2267
1427
7
-1433
-2652
-3012
-2366
-1427
-585
25
59
-178
-111
45
840
2300
3806
5416
6357
6063
5206
4098
3149
2622
2430
2138
1744
1128
112
-1157
-2563
-3816
-4705
-5138
-5745
-5916
-6719
-7532
-8200
-8960
-9808
-9054
-6389
-2302
3562
5788
6375
4486
2182
2254
1665
3074
3708
4557
6109
6774
6992
4120
622
-1558
-1545
-21
859
851
-79
-820
-1329
-874
-470
-667
-152
482
2091
2830
2025
475
-1274
-1686
-1491
-977
-826
-1641
-2232
-3093
-3656
-4220
-4657
-4371
-3389
-1953
-1389
-1709
-2494
-2726
-1748
87
2081
3520
4277
4795
4711
3990
3139
1961
1331
1357
1991
2468
1616
41
-1433
-2804
-3148
-3056
-2546
-1461
-664
141
555
513
326
832
1953
3468
5100
6385
6795
6571
5792
4875
3937
3333
3105
2805
2216
1006
-726
-2383
-3951
-5085
-5808
-6144
-6272
-6501
-6614
-7480
-7664
-8674
-8702
-8271
-8646
-8395
-7276
-4399
651
6380
8556
8223
4927
2167
1681
1402
2202
2657
3859
4880
5766
5515
2308
-1630
-4310
-3504
-1066
641
638
-366
-777
-857
-110
818
1046
1593
2945
5043
5891
5031
2645
435
2
226
999
573
-1021
-2390
-3808
-4814
-5697
-6295
-6002
-4575
-2807
-1579
-1659
-2082
-1549
-254
1908
3335
4128
4906
5394
5761
5417
4119
2350
1122
642
948
1124
270
-876
-2193
-3121
-3268
-3439
-3069
-2520
-1301
115
859
1316
1519
2278
3411
4939
5989
6702
6845
6786
6673
5743
4618
3397
2472
2017
1116
-208
-2112
-4370
-5710
-6689
-7162
-7177
-7208
-7504
-7300
-7688
-8625
-8838
-9665
-9162
-8257
-7544
-6373
-4915
-92
6075
9523
9247
5379
2189
1125
1438
3029
3712
3422
3281
4401
5537
3573
-1025
-4576
-4121
-1172
1390
1771
654
-419
-599
1026
2655
3220
2858
3069
4885
6286
6223
4175
1638
560
855
1181
630
-1379
-3534
-5006
-5584
-5733
-6077
-5846
-4907
-3479
-2444
-2361
-2867
-2572
-880
1607
3584
4473
4840
5129
5223
5007
3870
2173
863
396
670
777
91
-1664
-3325
-4143
-4022
-3217
-2302
-1295
-133
743
1214
1226
1341
1942
3418
5358
6910
7752
7652
6898
5848
4510
3073
1852
1141
770
121
-1140
-3140
-5338
-6907
-7518
-7672
-7414
-7090
-7023
-6492
-6452
-6929
-7312
-7716
-7263
-5942
-4984
-4836
-4590
-3966
-318
6110
10557
11507
7557
3123
1479
1289
2543
2507
2301
2363
3424
5619
4867
941
-3662
-4372
-801
3013
4260
3118
1489
420
1296
2820
3655
3624
3430
5063
6853
7153
4980
1384
-1139
-2223
-1825
-1772
-2959
-4499
-6230
-7397
-8271
-8963
-9082
-7862
-5777
-3605
-2020
-1655
-1502
-935
402
1950
3573
5142
6524
7299
6828
5380
3030
766
-827
-1451
-1238
-1004
-1347
-2204
-3326
-4235
-4445
-4137
-2993
-1525
-92
1150
1999
3075
4039
4894
5621
6080
6802
7461
7855
7243
5696
3719
2065
1117
650
-52
-1505
-3129
-4739
-5790
-6452
-6780
-7224
-7431
-6820
-6264
-5324
-4732
-4605
-4180
-3947
-3508
-3527
-3839
-3711
-3161
-1711
1761
7011
10469
9992
5428
1245
-578
-869
662
1792
2904
3181
3693
5128
4282
1025
-2481
-2465
510
3124
3765
2918
1760
808
957
1691
2433
2626
2719
3851
4683
4397
2203
-1162
-3618
-4964
-5015
-4863
-5093
-5615
-6808
-7758
-8511
-8367
-7758
-6512
-4845
-3282
-1371
-107
1130
2133
3069
4025
4928
5983
6608
6523
5420
3936
2272
786
-541
-1405
-1705
-2046
-2402
-3025
-3396
-3239
-2796
-1970
-729
446
1550
2392
3236
4245
5260
6359
7189
7969
8398
8157
7402
6079
4505
3098
2017
1298
781
-117
-1513
-3188
-4772
-5833
-6617
-6755
-6572
-5878
-4954
-4307
-3939
-4262
-4906
-5316
-5421
-4895
-3760
-3195
-2981
-3915
-4252
-2861
1459
6157
7807
6715
3252
1757
1257
1615
1987
1354
1754
2763
5535
6658
4464
282
-2820
-2412
-876
567
636
163
-175
-262
623
868
610
68
252
1745
2620
2694
886
-1364
-3263
-4479
-4556
-4516
-4175
-4482
-5245
-6113
-6704
-6645
-6173
-5019
-3908
-2144
-506
1193
2834
3432
3688
3584
4463
5602
6505
6666
5519
3983
1954
701
-181
-804
-1213
-1620
-1287
-1111
-812
-1039
-1209
-984
-537
618
1803
3197
4505
5832
6940
7392
7307
6890
6587
6332
6345
5960
5125
3887
2156
667
-739
-2110
-3264
-4235
-4839
-5105
-5591
-5955
-6101
-6276
-5886
-5603
-5349
-4842
-4672
-4510
-4085
-3852
-3697
-3709
-4229
-4688
-5092
-5171
-1864
3835
8744
10250
6937
2790
-318
-1346
-817
-420
192
510
2205
4606
4897
2024
-2769
-5791
-5849
-3746
-1536
9
642
579
733
921
1312
1031
523
621
1299
2677
3264
2631
1074
-1221
-3062
-4376
-4760
-4636
-4663
-4871
-5134
-5004
-4362
-3398
-2553
-1511
-661
383
1867
3648
5519
6599
6794
6311
5796
5647
5668
5537
4733
3485
1902
546
-85
-419
-591
-1097
-1339
-766
87
748
570
-21
-262
626
2577
4895
6445
6620
5948
5144
5053
5019
4919
4510
3788
3151
2276
1276
-129
-1732
-3252
-4522
-5229
-5343
-5150
-5037
-5142
-5679
-6102
-6147
-5925
-5419
-5118
-4934
-4680
-4295
-3823
-3817
-4144
-4567
-5004
-4938
-4416
-2612
745
4261
6311
5617
3018
371
-1352
-1909
-1814
-1488
-865
436
2503
4318
4537
2967
770
-876
-1608
-1724
-1297
-314
880
2268
3568
4525
4741
3829
2142
307
-908
-1105
-496
417
1060
1067
229
-1383
-3194
-4766
-5760
-5966
-5418
-3965
-1809
601
2517
3179
2683
1621
888
1233
2451
4054
5383
6179
6432
6019
5040
3490
1570
-454
-1867
-2025
-950
514
1573
1580
940
-42
-1007
-1401
-1520
-1013
28
1431
2699
3296
3276
2771
2258
1877
1763
1771
1922
2201
2332
2207
1782
1408
852
61
-759
-1754
-2703
-3482
-4111
-4299
-3952
-3565
-3479
-3956
-4560
-5111
-5533
-5490
-5356
-4913
-4350
-3543
-2723
-2177
-1890
-2119
-2420
-2956
-3531
-3697
-2758
-668
1769
3544
3622
2523
999
-237
-824
-1299
-1768
-1950
-1145
611
2639
3997
4143
3573
2629
1613
655
202
461
1041
2170
3630
5073
6115
6185
5455
3924
1867
-381
-2208
-2873
-2497
-1802
-1281
-1025
-1215
-1800
-2678
-3447
-3891
-3892
-3157
-1963
-580
625
1267
1552
1613
1630
1772
1908
2025
1997
2154
2466
2884
3114
3148
3023
2820
2957
3021
2840
2231
1438
692
288
252
416
483
269
-1
-410
-778
-1036
-1367
-1751
-2135
-2089
-1346
-294
647
1230
1346
969
225
-365
-542
-339
41
541
1124
1256
737
-343
-1378
-2337
-3114
-3574
-3489
-2766
-1968
-1408
-1440
-2000
-2859
-3443
-3369
-2749
-2053
-1634
-1578
-1844
-2299
-2901
-3653
-3952
-2910
-1107
1060
2458
2403
1638
301
-502
-699
-787
-762
-806
-168
871
2040
2977
3423
3606
3234
2347
1288
656
272
209
332
855
2096
3197
3941
3755
2564
788
-1304
-2766
-3494
-3606
-3357
-2677
-1388
-126
495
239
-678
-1955
-2919
-3161
-2691
-1611
-461
630
1465
2108
2378
2073
1772
1668
1943
2364
2698
2928
2825
2539
2303
2199
2364
2518
2454
2239
1778
1075
323
-443
-1032
-1353
-1414
-1057
-671
-429
-446
-677
-723
-795
-838
-700
-348
436
1496
2358
2873
2844
2383
1698
1036
820
794
966
1322
1518
1353
701
-48
-578
-998
-1435
-1528
-1447
-1540
-1415
-1263
-1304
-1634
-2102
-2400
-2306
-1940
-1641
-1598
-2147
-2892
-3609
-4242
-4563
-4039
-2551
-813
445
849
640
-83
-1010
-1915
-2792
-3513
-3649
-2747
-958
985
2076
2456
2278
1551
479
-948
-1972
-2205
-1608
-625
494
1759
2811
3560
3731
3207
2196
856
-241
-588
-378
-37
236
520
963
1249
1069
564
-117
-792
-1314
-1619
-1449
-996
-294
668
1526
2187
2544
2609
2616
2290
1692
1039
668
796
1116
1497
1772
1914
1860
1434
779
131
-466
-891
-1013
-890
-519
-207
-149
-254
-430
-475
-312
-73
144
312
519
891
1246
1616
1574
1522
1584
1689
1819
1495
1054
587
536
617
492
362
118
140
34
-62
-262
-817
-1510
-2030
-1905
-1703
-1335
-1286
-1501
-1646
-2036
-2385
-2856
-3419
-3830
-4088
-4132
-4085
-3992
-4129
-4368
-3953
-2790
-1467
-718
-734
-1088
-1537
-1940
-2319
-2556
-2725
-2571
-1874
-800
396
1309
2181
2836
2845
2117
1003
286
475
1298
2291
3271
4210
5238
6038
6182
5409
3780
2090
961
624
783
959
1112
1292
1344
882
12
-877
-1428
-1424
-1069
-661
-412
-396
-455
-519
-452
-274
-45
381
785
895
584
101
-339
-432
-251
84
486
594
617
461
222
-169
-721
-1125
-1248
-765
-91
430
523
235
67
105
448
921
1348
1485
1559
1776
2096
2165
1921
1647
1147
690
361
377
568
765
944
805
342
-144
-281
-460
-544
-800
-1019
-997
-1235
-1134
-1117
-1345
-1576
-1737
-1421
-1036
-678
-781
-1377
-2085
-2690
-2976
-3276
-3677
-4305
-4848
-5254
-5073
-4075
-2912
-2151
-2116
-2292
-2305
-1979
-1369
-967
-985
-1200
-1085
-301
888
2157
3402
4513
5168
5232
4654
3799
3196
2815
2683
2545
2663
3118
3666
4140
3979
3328
2269
1154
209
-571
-970
-1004
-491
211
805
1039
810
428
-63
-478
-851
-1031
-1062
-959
-668
-462
-283
-320
-539
-782
-879
-580
28
681
1032
927
452
-72
-331
-113
417
921
1349
1444
1267
862
364
-19
-373
-584
-502
54
777
1210
1105
633
227
-14
30
410
773
1081
1144
1113
929
608
425
321
452
695
939
802
348
-119
-480
-619
-682
-839
-897
-943
-886
-628
-675
-968
-1419
-1847
-2051
-2037
-1951
-2064
-2427
-2848
-3134
-3235
-3330
-3528
-4006
-4674
-5476
-5925
-5138
-3442
-1537
-455
-280
-298
-373
-176
-100
-341
-734
-1024
-492
671
2114
3248
3961
4371
4278
3756
2748
1873
1394
1243
1289
1499
2240
3364
4509
4990
4547
3466
1954
543
-478
-945
-877
-425
274
907
1280
1084
588
-38
-837
-1659
-2314
-2371
-1977
-1266
-675
-293
172
452
578
455
189
60
141
238
226
156
88
174
442
774
828
536
49
-317
-375
-290
-110
153
462
658
682
612
510
364
182
137
249
358
258
-40
-279
-442
-383
-248
-119
25
174
410
560
736
893
854
756
766
709
454
52
-341
-640
-839
-972
-1158
-1287
-1482
-1709
-1822
-1870
-2017
-2326
-2778
-3228
-3346
-3293
-3146
-3062
-3080
-3293
-3659
-4235
-4290
-3225
-1528
143
908
1034
822
698
795
454
-318
-1407
-1654
-595
1143
2837
3859
4614
4831
4492
3526
2245
1409
1065
1346
1879
2798
4001
5124
5661
4852
3313
1427
-110
-824
-1060
-863
-577
-57
552
756
607
84
-556
-1268
-1850
-2288
-2365
-2078
-1720
-1174
-721
-158
201
196
-64
-609
-980
-1075
-799
-364
7
299
525
787
884
811
456
-44
-528
-1036
-1246
-1422
-1412
-1352
-1342
-1308
-1361
-1232
-1039
-777
-537
-307
101
706
1354
1886
2260
2347
2187
1881
1597
1612
1812
1873
1832
1744
1593
1503
1389
1060
761
241
-279
-600
-633
-336
-46
157
4
-106
-334
-545
-575
-755
-1018
-1489
-1930
-2280
-2580
-2908
-3358
-3863
-4508
-5221
-5836
-5211
-3384
-1078
618
673
173
-414
-531
-343
-551
-960
-1182
-208
1692
3632
4735
4850
4467
3571
2253
698
-208
-295
145
833
1328
2167
3216
3970
3728
2249
562
-779
-1170
-951
-504
167
907
1732
2080
1707
596
-629
-1573
-2293
-2670
-2713
-2014
-1039
-246
35
-394
-747
-1142
-1509
-1815
-2106
-1918
-1317
-540
19
345
356
217
37
-94
-34
-97
42
266
595
968
1126
1031
450
-352
-1194
-1601
-1461
-939
-285
182
661
1065
1423
1568
1594
1677
1718
1794
1852
2267
2981
3708
4105
3934
3566
3118
2807
2481
1932
1267
497
-138
-691
-1137
-1430
-1677
-1998
-2381
-2887
-3444
-3825
-4115
-4264
-4452
-4623
-4565
-4512
-4494
-4783
-5240
-5824
-6253
-4686
-1320
2405
4308
3382
1590
79
-301
-252
-690
-1317
-1526
-127
2231
4133
4312
3265
1887
437
-621
-1334
-785
607
2176
3356
3745
4351
4903
5126
4316
2439
899
218
716
1455
1854
1795
1260
641
-296
-1375
-2484
-3190
-3461
-3341
-2581
-1461
-43
616
164
-894
-1831
-1651
-831
120
768
1200
1901
2754
3291
2909
1758
42
-1510
-2453
-2490
-1754
-1072
-621
-812
-1278
-1757
-2237
-2572
-3187
-3529
-3262
-2100
-266
1374
2433
2766
2765
2746
3122
3778
4480
4948
4953
4741
4350
4105
3705
3071
2143
1045
375
-26
-241
-604
-1274
-2224
-3112
-3634
-3801
-3470
-2961
-2501
-2318
-2384
-2541
-2627
-2470
-2372
-2568
-2735
-2937
-3073
-3284
-4008
-4845
-5962
-4315
-139
4013
5713
2756
-617
-2755
-2689
-1348
-905
-582
-359
1773
4664
6159
4952
1829
-130
-1069
-699
-74
1495
3600
4606
5108
4093
3354
2674
1772
1111
-186
155
1467
3274
3935
2281
26
-2189
-2952
-2989
-2569
-2006
-1533
-880
-525
373
689
700
-256
-1844
-2185
-1482
772
2312
2373
1366
-100
-632
-750
-392
-500
-894
-1649
-2358
-2330
-2178
-1690
-2107
-2760
-3307
-3158
-1968
-1248
-785
-1029
-1089
-641
8
964
1467
1806
1901
2412
3198
4118
4903
4936
4639
3864
3504
3394
3176
2607
1353
330
-166
73
267
-25
-777
-1770
-2419
-2816
-2934
-2931
-2736
-2290
-1880
-1375
-1176
-1365
-1622
-1882
-1959
-2147
-2177
-2510
-3093
-4117
-5262
-5901
-3461
2418
7220
7953
3006
-1897
-3625
-3131
-1204
-487
-155
161
2262
5670
6563
3436
-1837
-4154
-3465
-1454
511
2227
3540
2697
1818
1392
1757
2089
1574
1724
1562
1872
2488
2697
1988
-563
-2580
-3075
-2161
-1212
-1249
-1617
-2417
-3175
-3646
-2717
-1474
-808
-848
-1313
-540
515
1700
1948
1070
468
286
1056
1726
1800
1316
337
-728
-1660
-1849
-1764
-1836
-2618
-3387
-3393
-2807
-1745
-1537
-1919
-2048
-1340
430
1993
2950
3293
3323
3677
4510
5676
6684
7209
7017
6238
5046
3944
3139
2213
952
-672
-1891
-2297
-2256
-2452
-3251
-4204
-4646
-4227
-3048
-1925
-1255
-825
-670
-303
45
444
933
1259
1478
1334
811
160
-876
-2525
-4426
-6308
-7335
-8026
-3897
3148
7181
6139
-832
-4825
-5477
-4357
-1792
-607
499
691
3205
6549
6194
1134
-4260
-4017
-1582
1013
2199
3367
3807
1036
-329
-448
788
1298
701
1779
2079
1964
680
-696
-2099
-4520
-5130
-3997
-1451
-359
-788
-1484
-2641
-3506
-3813
-1351
1506
3178
3055
1912
2530
2922
3120
2368
1227
1256
1535
2286
2439
1704
488
-896
-2079
-2526
-2279
-1941
-1602
-2152
-2543
-2478
-1972
-1041
-1029
-770
113
1451
2669
2978
3150
3335
3637
4092
4845
5571
5975
5638
4422
2927
1175
299
125
134
-80
-964
-1689
-2410
-3141
-3763
-4017
-3501
-2452
-1095
127
849
828
321
-133
-109
543
1322
2249
2501
2136
1226
200
-763
-2441
-3794
-4861
-5144
-4726
-5137
-5794
-7994
-8690
-3713
2092
4815
1433
-3760
-4862
-3799
-1027
1711
3321
2658
1987
4069
5939
4113
-1462
-3404
-876
1896
2818
2071
2222
518
-1843
-2066
-686
1023
648
648
1181
1283
428
-662
-497
-1126
-1806
-1355
723
2771
1932
-200
-2019
-1950
-853
905
3135
4061
3857
2152
1027
946
848
624
-337
-632
-81
879
1622
1331
286
-1202
-2425
-2953
-2487
-1528
-558
-29
-360
-1058
-1854
-1572
-430
322
510
282
706
1574
2434
2892
2921
2754
2826
3478
3900
4038
3269
2059
1165
492
495
383
173
-425
-1341
-2078
-2473
-2223
-1776
-1204
-841
-513
-149
-8
-34
-292
-174
325
1119
1689
1445
1104
165
-956
-1956
-2616
-2750
-3017
-3572
-4402
-5138
-6056
-6971
-8078
-9584
-10910
-6721
755
5776
5284
-646
-2967
-2819
-1086
1862
3385
3943
2428
3966
7018
6276
1089
-3746
-1772
2063
3902
3328
2607
1696
-1093
-2047
-1005
969
1260
978
2467
3450
3045
634
-810
-1328
-1892
-903
757
3277
3424
1237
-909
-2132
-1635
-897
712
1888
2137
1162
-543
-1100
-1524
-1598
-1931
-1592
-205
1115
1947
1323
199
-1605
-3121
-3312
-2408
-540
429
797
594
-62
-558
-629
103
541
651
812
1646
2672
3097
3149
2731
2431
2403
2777
3306
3593
3454
2827
2149
1389
1081
970
856
625
30
-369
-560
-325
-97
-178
-527
-1041
-1157
-903
-351
83
106
-259
-676
-800
-882
-1234
-1501
-1504
-1744
-2208
-2629
-3188
-3394
-4085
-5113
-5518
-6550
-6843
-7389
-7816
-7947
-8676
-3408
3043
7014
5901
228
-857
-1561
-271
2129
3622
4360
2963
5353
7823
5880
-191
-3966
-928
2558
3505
1844
1277
401
-1223
-719
353
1733
625
662
2513
3040
2426
-290
-771
-433
106
1550
1846
2025
69
-1671
-1956
-1633
-1367
-2071
-1736
-1172
-502
-1042
-2096
-2343
-2327
-1185
-476
353
1113
1358
1681
1342
859
320
-260
-149
602
1412
1661
1185
505
60
-427
-787
-944
-794
-434
-187
362
861
1221
1272
1233
1657
2333
3032
3086
3065
3374
3854
3835
3131
2465
1824
1555
1155
797
376
-416
-948
-1309
-1296
-1303
-1543
-1732
-2020
-2302
-2571
-2402
-1915
-1507
-1386
-1435
-1077
-816
-602
-773
-1589
-2085
-2751
-2946
-2853
-3041
-3371
-4143
-4705
-5599
-5979
-6778
-7235
-7863
-5338
1807
6533
7275
2156
-1236
-1039
-927
1468
3059
4393
3807
3717
6393
6000
1839
-2743
-1761
1820
3046
2339
1635
1730
72
-692
25
1027
997
120
2153
3912
4099
2196
-186
-193
-288
494
850
561
204
-1072
-1602
-2194
-2856
-3543
-3142
-1714
-484
-439
-2010
-2707
-2605
-1637
-713
-322
837
1809
2451
2368
1597
614
-214
-322
212
1291
1599
1193
193
-918
-1450
-1993
-2149
-2018
-1182
316
1429
1951
1597
1280
1398
2317
3581
4635
5476
5592
5495
4679
3690
2747
2208
2339
2150
1961
1100
111
-993
-2221
-2723
-2992
-2584
-2094
-1672
-1202
-1210
-1480
-1857
-1816
-1279
-555
49
381
311
1
-597
-1262
-1744
-2642
-3061
-3018
-2783
-2582
-3046
-4081
-4870
-5716
-6631
-6234
-6387
-5849
-6226
-6058
-762
3840
6533
4370
638
610
-58
844
2107
3531
4101
3438
5306
6244
3955
-639
-1804
1076
3113
3363
2555
2580
1137
-359
57
1391
2374
1135
1411
2282
2494
1760
-558
-1274
-1921
-1593
-397
131
376
-881
-2116
-3243
-4026
-4423
-3723
-1639
221
1470
458
-906
-1637
-1798
-515
451
1655
2382
2087
1700
1054
580
-21
-1211
-1935
-1604
-1018
-313
-569
-1462
-1942
-1764
-409
711
1262
1922
3011
4257
4667
4667
4390
4136
4091
4626
5672
5936
5462
4483
3465
2258
837
-141
-776
-1003
-1325
-1487
-1678
-2278
-2857
-3320
-2876
-2046
-1319
-704
-537
-287
-29
292
462
236
-101
-298
-188
-263
-731
-1786
-2906
-3599
-4117
-4336
-4686
-5104
-5334
-5766
-6019
-5820
-5654
-5108
-4914
-4914
-4834
-4687
-4447
-4654
-1505
3607
7779
8484
5246
3764
2428
1071
1194
2370
4133
4174
5232
6789
5619
1383
-2181
-1509
129
798
795
1261
1099
-213
-312
40
263
-419
-355
1470
3119
4063
3055
1251
-454
-1072
-228
-37
18
-333
-743
-1264
-2226
-2781
-3404
-3630
-3581
-2406
-944
-579
-565
-1070
-866
-805
-1144
-836
-684
-140
405
643
765
-182
-887
-490
442
1519
1778
1759
1847
2037
2462
2593
2445
2285
2502
2869
2970
2927
2775
2468
2152
2272
2644
2709
2200
1523
1210
887
639
741
834
902
709
375
-146
-1075
-1750
-1778
-1007
-150
186
19
-778
-1634
-2219
-2381
-2209
-2158
-2254
-2259
-2151
-2135
-2217
-2621
-3316
-3744
-3669
-3265
-2907
-2989
-3110
-2890
-3018
-3182
-2985
-2587
-2090
-1888
-1835
-1599
-1787
-2340
-2515
-3165
-2435
1035
4983
7330
5977
3810
3040
1796
943
879
1605
2255
3042
5478
6829
4363
-86
-2411
-2016
-1533
-1312
-435
550
461
70
506
881
214
-513
277
1877
3251
3501
2407
967
-646
-1254
-1266
-1655
-1686
-1690
-1616
-1794
-2680
-3772
-4625
-4729
-3925
-2713
-1994
-1529
-1152
-873
-273
223
870
1504
1916
2805
3583
3883
3471
2626
2107
1847
1749
1794
1967
1932
1680
1318
1125
842
498
637
1072
1414
1571
1891
2622
3188
3226
3049
2896
2787
2679
2709
2775
2540
1900
1223
768
311
-320
-1130
-1811
-2171
-2309
-2363
-2448
-2539
-2694
-2765
-2636
-2510
-2607
-2981
-2989
-2301
-1525
-1063
-1051
-1068
-903
-914
-1113
-1490
-1913
-2153
-2169
-1970
-1810
-1970
-2155
-2344
-2452
-2536
-2872
-2942
-2587
-1896
-1226
-864
-920
-1106
-1666
-2367
-1547
1386
4811
6074
4726
2983
2285
1634
893
588
526
501
1070
3047
4528
3026
81
-1682
-1819
-1743
-1703
-587
699
984
1228
2302
3276
2650
1106
167
104
488
1153
1784
1491
476
-406
-1098
-2129
-3357
-3870
-3721
-3314
-2542
-1368
-500
-669
-1168
-1243
-1037
-720
-145
879
2071
2998
3631
3620
2871
2100
1698
1428
865
435
713
1358
1954
2333
2177
1251
239
87
842
1520
1649
1818
2117
2366
2270
1981
1536
679
132
373
1142
1602
1419
1053
637
166
-285
-697
-1136
-1458
-1343
-844
-360
-373
-831
-1316
-1608
-1706
-1804
-2003
-2159
-2123
-2018
-1886
-1823
-1737
-1691
-2056
-2529
-2758
-2804
-2898
-3005
-2729
-2089
-1618
-1379
-1115
-682
-296
-128
24
115
63
227
714
1036
662
-176
-658
-460
-282
-471
-1035
-1761
-2323
-2441
-1703
-297
798
1170
1204
1380
1830
1862
1541
926
183
-255
274
1795
2885
2517
1305
281
-244
-669
-970
-926
-661
-188
582
1366
1663
1251
535
94
152
550
973
1076
787
411
51
-231
-493
-762
-963
-1185
-1084
-586
34
284
-91
-562
-946
-1072
-718
88
1166
1897
2048
1841
1704
1664
1545
1430
1424
1673
1840
1809
1517
1017
697
524
552
611
556
480
349
259
81
-65
-59
66
266
480
833
1093
1089
898
854
1076
1336
1342
1069
785
616
631
479
6
-681
-1232
-1248
-1059
-991
-1180
-1493
-1596
-1507
-1275
-1139
-1275
-1459
-1445
-1126
-731
-494
-501
-600
-615
-373
26
189
15
-109
98
183
-305
-1337
-2036
-1848
-1277
-800
-856
-1128
-1346
-1499
-1593
-1844
-1890
-1791
-1484
-946
-449
-65
-206
-835
-1631
-1860
-1184
-361
30
-275
-865
-1395
-1680
-1727
-2055
-2472
-2563
-1590
92
1194
1243
286
-580
-792
-173
1001
1750
1878
1816
2313
3027
3262
2847
1943
1072
571
967
1627
1667
1150
598
689
749
617
536
464
638
668
744
808
569
481
701
913
710
271
104
211
183
-75
-363
-628
-720
-575
-62
496
538
307
155
384
709
728
512
204
205
520
876
1051
879
530
313
261
298
439
529
474
252
14
27
275
728
1142
1307
1189
849
595
637
949
1334
1525
1499
1605
1747
1648
1228
546
148
-74
-233
-395
-741
-1065
-1469
-1750
-1739
-1627
-1594
-1797
-1958
-1963
-1878
-1808
-1753
-1682
-1765
-1889
-1876
-1672
-1553
-1534
-1443
-1453
-1594
-1825
-1744
-1438
-1288
-1266
-1386
-1683
-2237
-2741
-2835
-2733
-2552
-2044
-1192
-436
-414
-921
-1267
-1208
-690
62
613
652
554
1090
2049
2475
1920
1068
554
704
1524
2395
2636
1855
1075
1045
1384
1605
1390
1209
1094
1043
1283
1289
1052
587
308
453
586
943
1363
1682
1638
1180
733
162
-254
-269
28
161
-208
-631
-806
-884
-1173
-1556
-1748
-1741
-1416
-748
-19
188
-122
-323
-25
546
945
1203
1344
1412
1519
1630
1708
1430
969
741
830
1046
1153
1295
1297
1068
759
666
963
1271
1444
1496
1534
1600
1638
1700
1689
1509
1211
1066
1055
1017
920
821
843
759
333
-256
-860
-1362
-1693
-1895
-1863
-1672
-1482
-1382
-1517
-1793
-2065
-2252
-2167
-1951
-1633
-1225
-986
-984
-1282
-1644
-1843
-1986
-2012
-1867
-1535
-1176
-1149
-1421
-1827
-2236
-2376
-2136
-1644
-1171
-972
-987
-1182
-1418
-1480
-1190
-427
364
870
926
603
266
21
-4
-54
-434
-770
-539
287
1007
997
529
74
-207
-137
370
862
858
711
1182
2181
2783
2781
2529
2148
1678
1249
1179
1209
1134
1037
856
499
-174
-656
-698
-591
-486
-510
-488
-487
-425
-232
-196
-557
-1083
-1131
-543
278
684
620
318
-100
-393
-479
-280
8
223
588
1039
1233
932
332
-41
-106
58
430
826
1166
1210
1031
868
656
573
623
895
1264
1505
1716
1710
1589
1454
1248
1054
858
918
1222
1400
1254
835
475
155
-151
-351
-391
-256
-191
-206
-375
-690
-960
-1165
-1247
-1375
-1515
-1573
-1562
-1538
-1573
-1546
-1599
-1713
-1797
-1745
-1585
-1608
-1588
-1407
-1092
-721
-505
-298
-248
-360
-389
-321
-279
-480
-703
-588
-308
-235
-519
-989
-1391
-1610
-1550
-1022
-299
156
133
-220
-539
-665
-427
29
346
355
339
797
1462
1795
1465
804
284
101
390
633
521
87
-278
-119
207
470
609
579
503
345
322
360
410
522
585
590
453
369
402
403
277
14
-191
-384
-517
-578
-605
-634
-769
-759
-600
-321
-51
16
-25
-216
-229
-41
105
237
345
659
1111
1351
1374
1182
861
612
486
547
669
734
873
1085
1193
1028
774
691
885
1109
1241
1311
1237
1107
931
948
1038
940
829
715
780
769
579
404
134
-111
-425
-600
-504
-306
-22
56
-79
-402
-715
-713
-628
-575
-601
-590
-454
-247
-95
-220
-584
-975
-1047
-846
-660
-562
-605
-690
-809
-884
-864
-892
-954
-962
-832
-709
-773
-966
-1099
-1144
-1205
-1290
-1312
-1259
-1223
-1230
-1349
-1608
-1783
-1519
-815
-183
-88
-471
-853
-891
-621
-356
-365
-492
-328
287
849
963
719
450
439
672
966
953
553
103
49
314
545
723
900
1142
1281
1276
1143
824
556
485
616
748
757
788
796
679
434
122
-205
-526
-713
-713
-703
-860
-1078
-1153
-1076
-972
-868
-651
-405
-268
-236
-243
-174
-168
-64
224
493
649
680
854
1090
1030
617
125
-133
-105
119
456
745
751
620
582
623
585
440
452
642
843
947
1024
1091
963
820
801
1021
1371
1553
1639
1510
1240
951
656
480
306
232
255
246
89
-295
-700
-1022
-1234
-1352
-1326
-1133
-897
-725
-679
-759
-965
-1209
-1313
-1235
-1012
-795
-648
-566
-644
-807
-1004
-1145
-1179
-1172
-1136
-1141
-1138
-1135
-1168
-1172
-1240
-1264
-1191
-1001
-760
-703
-818
-975
-842
-374
181
470
271
-130
-369
-170
227
261
-135
-537
-370
186
543
456
80
-168
-151
215
584
536
193
-26
161
495
755
1040
1298
1346
1064
706
395
66
-151
-231
-250
-316
-297
10
456
671
482
39
-353
-486
-326
-98
60
137
184
279
283
232
165
181
301
412
472
424
297
138
10
38
226
500
788
974
1086
1132
1060
928
809
722
762
921
1208
1499
1636
1635
1532
1405
1287
1242
1247
1153
931
777
807
855
814
804
945
1107
1132
1039
887
690
495
416
394
283
103
-42
-91
-200
-513
-905
-1236
-1468
-1605
-1640
-1535
-1393
-1267
-1099
-924
-819
-823
-814
-700
-567
-480
-443
-398
-342
-339
-410
-539
-682
-779
-865
-954
-1037
-1095
-1078
-1056
-1067
-1079
-1093
-1131
-1203
-1270
-1258
-1239
-1037
-543
-10
293
87
-295
-484
-399
-114
17
-49
-177
-64
299
455
355
67
-211
-333
-246
106
239
31
-187
-122
77
164
390
764
1143
1297
1259
1151
797
372
16
-163
-197
-157
22
169
148
-137
-520
-744
-847
-859
-867
-838
-762
-659
-463
-258
-56
90
242
503
679
745
774
817
863
782
646
609
736
923
1040
1015
796
502
242
110
24
-68
-104
-29
248
602
841
925
867
846
896
1003
1149
1198
1151
1039
971
928
833
761
692
578
420
207
-14
-230
-408
-437
-386
-309
-189
-13
148
129
-48
-263
-348
-274
-146
0
49
-5
-130
-267
-340
-403
-405
-346
-300
-310
-330
-284
-256
-324
-432
-401
-179
113
277
248
75
-150
-288
-374
-447
-558
-680
-718
-769
-957
-1295
-1667
-1966
-2083
-1767
-1170
-720
-683
-981
-1213
-1344
-1358
-1265
-1307
-1431
-1318
-675
-13
43
-339
-751
-893
-943
-744
-444
-553
-835
-998
-835
-708
-576
-136
304
580
538
504
541
478
543
478
384
417
680
1171
1475
1579
1431
1238
1155
1051
962
735
551
413
354
469
562
609
579
687
837
796
688
551
558
553
536
649
741
846
871
931
915
706
549
425
411
309
190
211
172
238
445
794
1020
910
752
688
792
881
893
881
793
739
721
792
852
794
682
588
645
721
715
684
643
614
526
428
408
429
488
601
714
694
522
335
236
214
205
177
88
-68
-239
-420
-623
-853
-1050
-1124
-1111
-1131
-1276
-1489
-1681
-1871
-2009
-1999
-1813
-1569
-1405
-1316
-1294
-1389
-1595
-1815
-1956
-2017
-2001
-1930
-1954
-1947
-1768
-1435
-1159
-1259
-1625
-1934
-1916
-1598
-1307
-1297
-1468
-1400
-987
-505
-216
-161
-157
-137
-19
130
131
48
49
290
585
783
1035
1324
1559
1586
1485
1348
1108
923
812
724
619
584
762
995
1101
972
681
425
338
434
510
484
363
261
246
334
543
700
760
764
743
736
710
679
606
458
270
140
195
362
512
499
277
2
-206
-307
-363
-374
-303
-152
65
285
506
668
711
729
829
1072
1312
1494
1657
1764
1826
1784
1759
1729
1610
1531
1493
1516
1464
1278
1069
802
530
343
281
268
152
-26
-170
-182
-175
-238
-263
-253
-259
-299
-300
-275
-330
-464
-590
-638
-727
-840
-905
-972
-1071
-1280
-1524
-1716
-1855
-1946
-2045
-2106
-2154
-2226
-2222
-2158
-2026
-1918
-1858
-1764
-1735
-1726
-1644
-1460
-1220
-1060
-1010
-971
-957
-979
-1013
-1055
-1096
-1158
-1122
-947
-739
-577
-478
-358
-250
-198
-137
-61
25
129
246
408
598
758
869
917
974
1047
1077
1078
1086
1056
899
619
413
345
360
460
508
491
397
292
302
286
217
104
19
56
152
312
484
582
557
461
398
384
438
504
624
738
742
719
706
756
801
837
984
1199
1329
1304
1176
1107
1110
1166
1282
1367
1382
1331
1335
1315
1174
1000
870
901
982
1045
1038
914
753
588
500
419
370
381
479
630
655
594
434
265
138
21
0
7
3
-65
-231
-480
-747
-922
-1022
-1047
-1107
-1277
-1465
-1577
-1581
-1552
-1551
-1566
-1543
-1463
-1385
-1307
-1259
-1255
-1260
-1270
-1209
-1121
-1055
-979
-911
-787
-683
-633
-596
-586
-583
-646
-737
-772
-750
-677
-632
-566
-439
-348
-274
-212
-121
-18
32
96
120
131
139
172
221
248
277
316
399
416
352
208
-5
-230
-484
-659
-743
-716
-569
-468
-420
-442
-488
-487
-475
-404
-313
-206
-86
68
297
511
650
712
774
880
1051
1228
1339
1345
1254
1187
1172
1180
1200
1265
1381
1481
1529
1544
1500
1375
1209
1097
1049
998
1001
1085
1178
1211
1137
1014
900
797
751
747
719
681
641
588
516
409
291
212
153
70
-9
-73
-150
-249
-444
-655
-790
-870
-890
-894
-865
-823
-766
-682
-574
-483
-444
-394
-355
-357
-368
-365
-329
-328
-387
-424
-434
-468
-520
-556
-601
-690
-770
-813
-776
-652
-455
-217
-33
46
62
70
80
110
103
67
93
195
291
283
198
129
87
9
-92
-194
-339
-493
-583
-581
-618
-729
-800
-772
-733
-747
-729
-689
-691
-726
-786
-885
-1032
-1162
-1202
-1162
-1073
-946
-807
-693
-673
-767
-930
-1090
-1165
-1128
-1027
-878
-662
-459
-326
-256
-233
-228
-177
-34
152
317
449
564
656
732
840
988
1107
1189
1230
1239
1224
1176
1155
1173
1193
1230
1302
1392
1396
1305
1186
1090
1020
961
920
899
840
715
577
444
307
148
-19
-132
-206
-292
-391
-519
-642
-702
-741
-752
-749
-748
-757
-776
-758
-732
-699
-635
-538
-373
-194
-52
51
81
71
61
113
262
428
535
599
644
679
707
734
757
774
854
987
1104
1207
1291
1314
1298
1248
1205
1154
1050
960
831
661
495
362
228
52
-113
-272
-427
-578
-712
-788
-888
-984
-1043
-1110
-1182
-1210
-1171
-1156
-1162
-1193
-1239
-1256
-1286
-1305
-1310
-1322
-1340
-1368
-1350
-1331
-1331
-1354
-1357
-1332
-1329
-1319
-1277
-1192
-1046
-848
-659
-461
-224
33
292
473
573
626
672
737
831
982
1143
1263
1336
1373
1363
1282
1169
1108
1136
1179
1226
1288
1347
1322
1198
1127
1096
1061
1049
1045
1044
992
875
715
483
232
44
-36
-60
-125
-258
-415
-553
-655
-726
-765
-790
-843
-917
-944
-886
-803
-753
-669
-528
-360
-201
-75
15
57
62
113
197
264
332
392
444
450
440
478
560
658
743
849
1001
1138
1231
1291
1345
1396
1448
1557
1677
1716
1644
1506
1372
1241
1107
955
795
652
519
385
271
141
-53
-290
-523
-721
-866
-968
-1051
-1155
-1284
-1435
-1584
-1689
-1761
-1824
-1884
-1926
-2001
-2098
-2202
-2306
-2385
-2442
-2445
-2394
-2332
-2280
-2222
-2109
-1968
-1818
-1681
-1549
-1368
-1138
-855
-545
-270
-59
138
354
555
729
910
1092
1232
1301
1354
1408
1433
1437
1440
1456
1427
1373
1333
1321
1313
1261
1198
1158
1113
1050
992
927
858
790
706
616
504
362
178
-24
-200
-345
-494
-663
-858
-1021
-1164
-1281
-1339
-1395
-1465
-1523
-1551
-1577
-1614
-1615
-1558
-1457
-1354
-1251
-1145
-1040
-945
-868
-789
-706
-640
-559
-432
-294
-180
-97
-35
10
76
178
330
477
594
692
790
891
985
1112
1270
1442
1593
1716
1812
1849
1855
1837
1790
1762
1771
1816
1875
1881
1809
1702
1561
1411
1282
1173
1054
930
783
624
473
341
227
117
29
-83
-181
-279
-442
-647
-875
-1056
-1190
-1274
-1318
-1296
-1239
-1197
-1202
-1277
-1367
-1409
-1403
-1376
-1349
-1331
-1250
-1166
-1098
-1033
-960
-870
-756
-616
-461
-282
-145
-77
-42
-13
69
218
397
577
729
841
893
914
947
1000
1033
1017
986
979
1021
1078
1110
1089
1008
924
862
804
745
657
555
491
444
368
260
164
93
22
-81
-183
-253
-334
-447
-576
-700
-805
-899
-960
-981
-1014
-1072
-1128
-1151
-1158
-1153
-1117
-1056
-1018
-980
-920
-860
-793
-714
-601
-476
-329
-187
-67
31
118
270
448
620
759
855
945
1031
1111
1169
1211
1227
1245
1269
1296
1309
1293
1235
1170
1153
1160
1151
1098
1055
1020
998
976
918
826
725
631
560
517
452
370
248
74
-111
-280
-451
-588
-680
-757
-839
-947
-1044
-1100
-1163
-1223
-1242
-1250
-1259
-1276
-1252
-1193
-1142
-1131
-1138
-1117
-1061
-992
-925
-850
-791
-739
-678
-619
-557
-501
-442
-374
-301
-199
-92
11
73
129
232
353
458
531
585
647
721
789
812
791
759
733
708
637
545
457
406
373
334
291
211
101
-26
-130
-175
-170
-138
-91
-83
-129
-204
-281
-342
-370
-380
-408
-451
-505
-541
-580
-603
-620
-650
-669
-667
-651
-641
-626
-590
-532
-458
-413
-401
-406
-396
-330
-246
-180
-175
-196
-188
-139
-100
-66
-26
-22
0
48
90
120
111
84
95
135
184
232
295
366
425
464
504
546
589
653
694
705
698
687
710
738
760
801
820
810
746
670
629
606
606
592
568
531
472
415
362
312
278
237
188
152
150
150
126
65
0
-50
-107
-161
-196
-203
-206
-227
-249
-261
-285
-346
-430
-468
-478
-466
-454
-457
-462
-500
-542
-554
-521
-463
-400
-357
-324
-297
-287
-283
-259
-237
-239
-239
-199
-130
-93
-95
-118
-130
-139
-123
-78
-51
-68
-109
-105
-63
-13
7
-5
-14
-13
0
19
39
50
81
127
169
186
178
163
166
185
190
198
200
200
174
141
116
90
53
11
-3
-6
10
4
-25
-68
-105
-81
-36
-12
11
22
40
57
65
102
158
200
238
269
293
319
356
394
423
425
394
380
405
448
472
476
485
479
504
524
515
511
499
509
510
499
497
499
491
460
432
414
398
371
335
327
286
225
173
123
51
-20
-61
-84
-128
-200
-265
-299
-334
-386
-456
-517
-520
-514
-512
-527
-560
-596
-618
-633
-645
-657
-659
-628
-616
-625
-642
-669
-672
-632
-584
-550
-532
-512
-495
-465
-425
-391
-351
-315
-250
-196
-143
-85
-40
12
48
41
4
-11
12
55
100
135
173
199
196
171
137
113
82
70
91
118
100
40
-25
-77
-97
-108
-108
-127
-165
-192
-206
-208
-230
-252
-261
-260
-256
-235
-214
-205
-215
-219
-213
-212
-207
-206
-178
-144
-129
-111
-107
-98
-87
-68
-46
-20
24
76
140
180
195
182
177
206
263
329
369
383
393
396
382
370
386
427
469
485
478
462
441
434
445
466
475
470
453
433
396
369
351
328
316
306
296
268
226
174
108
46
8
0
-5
-22
-76
-142
-182
-222
-265
-289
-310
-302
-284
-265
-289
-354
-406
-431
-416
-387
-347
-335
-332
-322
-318
-336
-366
-372
-337
-297
-274
-242
-234
-237
-253
-276
-263
-215
-130
-59
-14
9
18
47
92
145
182
206
230
292
350
371
361
325
303
285
281
279
276
235
185
148
113
98
90
103
125
120
92
80
75
66
56
49
49
47
43
39
20
-3
-29
-45
-52
-68
-60
-54
-51
-50
-61
-77
-101
-114
-117
-114
-134
-150
-170
-176
-172
-185
-174
-148
-128
-82
-41
-12
14
8
27
64
107
155
185
181
176
177
178
175
169
157
160
187
203
201
195
197
203
221
227
218
227
248
266
263
251
256
260
265
275
273
259
250
248
253
262
251
240
223
198
170
140
108
61
5
-58
-117
-167
-208
-235
-254
-255
-267
-280
-269
-252
-243
-241
-248
-250
-249
-250
-254
-262
-257
-246
-221
-212
-214
-223
-246
-264
-270
-262
-254
-247
-227
-189
-141
-90
-61
-50
-41
-22
20
76
124
144
125
124
160
184
175
165
146
136
122
100
75
29
-21
-70
-73
-60
-60
-65
-76
-89
-109
-129
-159
-190
-201
-189
-156
-140
-153
-183
-216
-231
-226
-210
-219
-236
-237
-230
-237
-245
-244
-238
-247
-245
-221
-196
-162
-133
-105
-81
-47
0
56
128
166
181
196
200
212
222
234
256
290
340
363
385
400
394
391
421
468
509
542
543
555
580
614
643
652
656
650
652
639
611
577
515
454
401
356
322
282
245
196
143
93
39
3
-35
-86
-148
-199
-246
-304
-353
-391
-434
-472
-503
-521
-539
-578
-614
-659
-688
-703
-718
-738
-749
-746
-726
-691
-662
-654
-651
-645
-619
-582
-534
-478
-424
-378
-344
-297
-245
-196
-166
-138
-106
-94
-85
-55
-23
6
32
57
80
76
78
92
104
122
143
176
201
230
257
259
258
251
270
292
301
304
282
261
233
207
183
161
135
109
93
68
21
-36
-69
-69
-59
-35
-13
-2
-6
-23
-38
-45
-49
-61
-55
-35
-6
18
25
16
-11
-36
-29
-4
48
103
148
196
223
247
260
275
282
302
338
374
413
438
438
420
418
422
446
482
502
512
510
501
487
458
448
449
450
454
438
398
348
287
231
192
164
145
134
131
110
56
-3
-52
-83
-83
-78
-86
-105
-140
-166
-179
-184
-201
-210
-216
-224
-229
-225
-234
-277
-320
-357
-369
-371
-383
-406
-432
-445
-462
-472
-467
-460
-456
-439
-416
-389
-360
-340
-332
-323
-305
-265
-216
-178
-137
-104
-76
-60
-44
-35
-39
-45
-50
-52
-63
-79
-95
-118
-132
-141
-149
-148
-149
-149
-140
-135
-140
-156
-165
-158
-170
-175
-169
-175
-188
-192
-187
-188
-190
-197
-198
-197
-183
-163
-146
-122
-93
-47
12
55
94
123
150
189
226
261
270
253
225
198
204
219
230
241
236
218
209
215
219
235
253
268
293
309
324
326
326
310
303
307
318
324
307
279
231
191
160
143
133
112
85
62
44
46
45
36
34
32
38
40
55
66
61
47
42
44
47
46
48
48
43
36
29
24
11
-17
-48
-65
-67
-60
-68
-76
-96
-134
-154
-148
-125
-94
-65
-53
-52
-63
-78
-95
-118
-132
-127
-113
-101
-110
-138
-174
-210
-225
-220
-206
-198
-199
-213
-240
-275
-305
-331
-342
-337
-331
-320
-308
-306
-315
-342
-362
-379
-393
-378
-354
-320
-293
-274
-259
-239
-202
-170
-135
-81
-10
54
97
114
125
139
145
162
181
207
235
251
264
279
277
279
299
335
380
415
436
445
434
415
397
374
367
352
322
308
285
252
212
157
103
57
3
-29
-47
-74
-92
-111
-129
-149
-164
-168
-176
-174
-161
-149
-136
-136
-138
-149
-157
-164
-165
-138
-111
-95
-88
-87
-103
-120
-126
-108
-56
16
69
92
110
131
156
187
232
281
312
337
364
389
390
361
331
332
342
369
392
387
362
325
297
280
264
234
218
208
191
182
176
149
113
80
54
48
51
43
11
-47
-98
-141
-168
-189
-219
-253
-287
-324
-347
-362
-374
-383
-389
-394
-394
-360
-328
-327
-346
-369
-370
-342
-323
-318
-316
-318
-324
-326
-312
-297
-281
-256
-215
-170
-135
-115
-103
-97
-93
-79
-51
-28
-13
-4
-19
-32
-29
-28
-12
9
26
28
12
7
11
27
35
39
49
57
44
26
6
-14
-16
-22
-18
-7
-3
-17
-35
-59
-78
-97
-100
-95
-86
-69
-64
-48
-28
-12
0
8
25
27
22
27
37
54
69
80
94
126
166
203
248
288
311
336
365
390
403
415
428
441
447
448
447
438
398
350
329
317
310
310
306
281
252
216
178
150
137
129
116
105
83
50
25
-7
-33
-47
-72
-86
-98
-123
-157
-195
-224
-240
-257
-279
-287
-281
-278
-277
-281
-281
-274
-265
-251
-233
-213
-203
-199
-182
-167
-159
-159
-157
-144
-133
-130
-127
-121
-120
-122
-121
-110
-90
-78
-61
-39
-14
21
49
65
79
96
109
119
125
125
126
128
119
103
94
90
76
57
63
65
67
72
66
61
68
83
88
96
109
97
80
67
63
66
59
44
29
8
-18
-26
-45
-65
-83
-88
-86
-81
-63
-46
-34
-21
-2
17
26
30
25
21
32
50
61
74
77
69
67
72
81
79
68
52
41
35
29
38
43
53
74
88
99
108
106
98
87
91
107
122
133
122
105
78
49
32
21
13
-1
-16
-20
-24
-30
-26
-4
14
32
47
67
84
65
48
45
57
76
86
85
75
79
76
71
78
81
71
51
42
31
10
-3
-14
-18
-22
-31
-41
-43
-44
-56
-73
-91
-108
-118
-124
-129
-133
-145
-167
-191
-214
-236
-242
-239
-240
-243
-240
-242
-244
-233
-218
-189
-166
-147
-119
-104
-113
-133
-144
-160
-169
-169
-161
-148
-144
-145
-143
-134
-131
-134
-127
-104
-77
-51
-31
-19
-5
11
25
38
54
79
99
98
89
81
82
82
75
65
55
45
27
9
-12
-29
-38
-31
-24
-21
-8
9
36
70
85
95
106
112
109
102
95
87
81
65
54
40
41
46
44
28
7
4
3
19
29
36
34
29
42
53
76
106
140
173
198
221
227
216
207
199
189
181
172
157
146
123
100
87
73
66
56
37
29
28
16
1
-8
-27
-44
-54
-51
-44
-32
-22
-33
-46
-61
-78
-100
-120
-135
-147
-159
-171
-178
-188
-204
-210
-205
-195
-176
-163
-144
-113
-84
-62
-47
-37
-30
-21
-13
3
19
37
42
41
39
31
41
56
77
87
86
74
49
34
12
2
-13
-20
-26
-52
-69
-67
-68
-64
-60
-67
-83
-100
-112
-127
-138
-141
-139
-144
-147
-145
-136
-135
-147
-156
-173
-178
-175
-179
-177
-169
-155
-158
-158
-156
-150
-136
-116
-83
-69
-66
-62
-47
-37
-17
21
56
90
112
129
144
156
168
178
190
204
218
225
233
250
259
259
251
254
259
264
279
286
290
292
298
298
292
284
275
282
288
293
289
271
251
228
202
173
146
115
86
52
18
-25
-66
-101
-128
-149
-166
-171
-181
-186
-187
-186
-186
-182
-174
-164
-147
-117
-91
-80
-67
-55
-45
-39
-33
-20
-9
0
7
2
-5
-13
-21
-16
2
18
37
58
72
72
72
80
94
116
142
166
183
187
187
181
175
167
165
168
171
163
134
93
50
22
3
-9
-17
-29
-46
-75
-102
-122
-137
-136
-127
-127
-131
-133
-142
-158
-182
-193
-201
-211
-223
-236
-256
-277
-302
-326
-336
-341
-340
-336
-330
-331
-335
-343
-346
-339
-326
-302
-275
-246
-221
-191
-157
-129
-94
-57
-23
16
55
90
117
139
166
188
214
247
278
309
330
348
357
358
348
339
328
313
304
291
277
264
253
238
217
197
176
150
117
93
66
29
-11
-46
-79
-105
-124
-131
-135
-145
-162
-191
-223
-256
-279
-290
-292
-296
-306
-312
-326
-342
-346
-333
-311
-284
-251
-221
-196
-171
-151
-121
-79
-33
22
70
110
132
148
159
174
198
224
257
279
294
296
289
285
285
292
305
316
330
335
343
341
329
326
334
344
352
361
352
331
299
256
214
165
128
94
62
26
-20
-74
-128
-181
-227
-261
-288
-312
-340
-361
-377
-399
-418
-428
-423
-407
-394
-394
-388
-382
-378
-366
-341
-316
-290
-262
-238
-216
-192
-161
-122
-83
-48
-14
16
52
93
133
174
215
251
279
304
324
343
363
372
385
393
391
387
380
370
363
362
358
344
318
277
231
184
149
125
102
80
52
11
-32
-69
-100
-122
-135
-132
-141
-159
-179
-201
-224
-239
-242
-244
-254
-268
-279
-284
-282
-287
-288
-284
-273
-267
-265
-255
-240
-223
-188
-144
-107
-69
-38
-19
7
38
82
124
162
197
228
258
284
309
330
351
375
389
392
398
398
391
384
375
367
359
349
340
332
315
297
271
244
219
188
148
117
87
53
21
-11
-39
-72
-101
-118
-142
-169
-194
-228
-253
-282
-298
-291
-292
-296
-306
-305
-315
-330
-329
-319
-310
-292
-274
-258
-240
-234
-224
-213
-197
-181
-159
-132
-109
-104
-95
-85
-71
-56
-31
3
24
49
68
87
104
123
132
139
146
148
141
124
107
91
67
50
46
37
25
16
5
-6
-17
-27
-42
-58
-69
-81
-91
-93
-99
-120
-133
-138
-150
-156
-154
-169
-191
-197
-204
-215
-225
-218
-207
-193
-181
-177
-163
-138
-122
-111
-93
-64
-45
-27
6
29
53
69
79
82
81
82
87
93
91
101
106
111
124
140
161
181
201
224
232
238
247
244
245
260
260
251
257
243
222
199
174
156
142
129
115
97
69
26
-6
-22
-32
-44
-57
-64
-76
-85
-100
-108
-108
-107
-102
-94
-99
-117
-126
-130
-139
-140
-137
-151
-163
-165
-161
-156
-144
-128
-116
-96
-68
-47
-16
22
43
58
82
100
115
130
139
151
165
170
170
184
195
192
196
204
209
203
195
197
195
195
191
180
176
159
151
147
153
158
159
156
140
117
96
84
74
66
54
33
5
-32
-66
-81
-88
-99
-108
-100
-96
-96
-102
-107
-109
-121
-119
-117
-107
-103
-112
-128
-143
-149
-154
-156
-159
-151
-139
-140
-143
-143
-145
-127
-104
-84
-73
-58
-41
-35
-30
-21
-12
-7
0
6
15
17
24
37
43
41
41
38
39
48
37
24
27
30
24
25
32
26
17
-1
-19
-28
-37
-49
-62
-71
-88
-102
-113
-117
-116
-118
-109
-105
-106
-113
-114
-111
-109
-91
-70
-49
-32
-25
-27
-29
-29
-31
-21
-4
4
1
0
1
-1
3
18
28
41
57
68
65
69
73
74
85
98
105
99
116
126
124
114
107
94
81
65
54
35
10
-8
-30
-51
-61
-80
-98
-98
-100
-97
-93
-88
-101
-106
-113
-110
-100
-101
-105
-117
-129
-144
-153
-149
-142
-150
-149
-150
-155
-155
-151
-137
-124
-113
-98
-71
-47
-27
-6
6
19
30
50
74
97
108
106
100
93
88
84
92
105
106
97
92
88
84
77
82
88
100
109
109
109
108
99
81
75
62
46
38
34
22
-4
-25
-41
-55
-68
-72
-78
-79
-91
-106
-115
-125
-130
-135
-134
-128
-121
-112
-103
-97
-94
-91
-83
-67
-56
-48
-37
-27
-25
-27
-17
0
15
30
46
61
65
65
71
80
94
104
128
151
166
173
182
188
193
197
199
205
199
195
183
180
171
162
155
153
159
156
154
143
128
117
108
100
92
86
76
66
56
46
33
25
19
6
-5
-12
-16
-23
-30
-32
-29
-29
-31
-33
-32
-29
-25
-25
-20
-20
-29
-43
-50
-58
-69
-65
-55
-52
-58
-58
-51
-49
-47
-38
-27
-18
-9
-2
10
23
34
42
55
62
56
51
54
57
50
44
40
32
26
20
11
7
6
-3
-7
1
9
11
15
22
11
3
5
5
2
2
2
-8
-17
-25
-33
-40
-45
-55
-66
-73
-81
-91
-100
-103
-106
-109
-100
-87
-76
-72
-69
-65
-62
-56
-44
-32
-24
-19
-13
-11
-13
-12
-15
-20
-22
-26
-32
-41
-47
-68
-82
-82
-76
-60
-43
-27
-16
-11
-11
-4
4
13
12
9
16
9
4
8
17
27
31
36
41
35
28
15
8
-3
-8
-4
6
24
37
48
52
58
56
50
45
40
28
21
24
26
34
43
52
54
50
47
39
32
19
4
-10
-16
-24
-38
-49
-45
-39
-30
-12
-1
4
1
-4
-11
-17
-20
-23
-26
-27
-31
-33
-32
-34
-34
-31
-28
-31
-42
-57
-71
-93
-111
-121
-122
-118
-113
-109
-109
-106
-102
-89
-69
-43
-22
-10
2
1
-7
-13
-14
-12
0
15
32
38
35
29
21
18
20
24
29
29
22
12
6
3
5
10
22
33
41
44
43
33
23
15
8
8
10
11
4
-3
-15
-31
-46
-59
-74
-88
-99
-107
-113
-113
-105
-99
-88
-75
-60
-45
-32
-23
-15
-6
6
21
31
41
47
49
53
62
66
66
63
56
50
46
51
61
71
84
93
103
114
120
124
127
130
132
130
130
125
118
117
120
130
143
156
159
151
130
104
77
57
40
20
2
-17
-35
-51
-61
-64
-66
-65
-63
-64
-69
-79
-93
-109
-120
-126
-125
-122
-120
-122
-126
-127
-120
-113
-101
-89
-84
-90
-99
-112
-126
-139
-141
-136
-120
-95
-73
-53
-36
-27
-21
-9
9
29
44
56
60
59
60
62
69
76
84
93
98
100
94
85
76
67
56
49
45
39
32
26
25
29
36
42
47
44
38
32
31
38
43
43
39
30
17
5
-8
-18
-29
-38
-43
-44
-45
-45
-47
-54
-61
-66
-71
-77
-78
-78
-74
-60
-39
-14
15
35
49
59
65
74
77
75
65
52
39
34
34
41
53
65
77
87
94
97
96
87
74
61
56
56
58
59
58
54
50
46
43
41
35
26
13
-3
-21
-42
-57
-69
-77
-81
-83
-84
-90
-101
-109
-115
-113
-108
-100
-94
-93
-96
-99
-103
-108
-110
-114
-109
-98
-80
-59
-37
-21
-16
-15
-19
-22
-26
-34
-39
-45
-49
-46
-35
-18
0
16
30
44
54
56
52
44
28
14
5
1
8
19
28
36
40
46
56
65
74
81
80
72
63
49
37
30
18
8
-6
-21
-33
-40
-38
-24
-6
13
28
37
42
40
32
17
-7
-32
-53
-60
-54
-35
-10
13
35
52
69
82
87
80
58
27
-6
-31
-39
-30
-6
24
51
74
91
98
98
87
68
47
29
14
9
12
15
22
29
31
33
30
22
10
-8
-29
-51
-68
-76
-71
-56
-33
-14
-4
-9
-20
-41
-64
-83
-96
-100
-92
-73
-46
-18
4
15
12
-2
-17
-27
-31
-32
-33
-41
-47
-47
-33
-8
18
41
51
47
34
20
9
-1
-4
-5
1
15
36
57
74
80
71
55
34
16
4
-2
-5
-5
-2
2
13
23
30
25
10
-16
-43
-66
-78
-77
-68
-49
-34
-22
-14
