-129
-94
-102
-109
-91
-54
-22
-8
-8
-28
-18
27
53
40
29
44
83
124
129
113
111
132
148
146
132
117
115
130
154
145
118
121
143
146
134
120
101
94
104
96
68
56
64
69
64
60
57
43
47
61
42
8
9
28
21
12
10
14
20
36
49
34
12
13
27
25
17
5
1
19
39
38
30
24
21
21
21
8
-13
-26
-21
-12
-20
-34
-39
-44
-43
-45
-63
-83
-90
-95
-103
-107
-120
-139
-144
-135
-132
-143
-154
-149
-147
-150
-149
-151
-164
-165
-154
-146
-143
-137
-129
-115
-101
-93
-85
-75
-66
-60
-54
-39
-23
-14
4
27
39
48
69
80
86
92
101
112
123
137
146
155
165
180
182
183
190
190
188
189
192
181
174
177
175
168
161
154
144
134
131
122
105
90
83
72
59
51
38
24
13
1
-8
-17
-32
-46
-61
-66
-71
-84
-97
-106
-114
-120
-119
-120
-135
-147
-147
-137
-133
-141
-148
-150
-141
-137
-130
-127
-132
-129
-112
-94
-95
-104
-99
-86
-76
-67
-60
-61
-54
-37
-21
-18
-17
-13
-6
-4
3
4
-6
-5
11
21
14
12
17
17
18
19
18
7
1
9
18
16
12
20
29
29
32
33
32
31
31
37
39
38
44
54
60
60
64
71
73
75
74
75
72
79
89
89
87
86
93
99
99
96
87
83
86
88
86
79
76
75
79
79
73
60
46
41
38
29
13
-3
-15
-20
-25
-34
-49
-64
-77
-84
-88
-105
-125
-136
-137
-141
-151
-158
-163
-164
-164
-163
-166
-176
-179
-173
-166
-168
-172
-166
-153
-142
-138
-133
-127
-117
-102
-87
-79
-72
-61
-47
-31
-21
-11
1
17
35
48
58
70
87
93
93
95
99
108
113
124
136
146
155
172
189
182
168
165
169
164
156
155
160
154
155
163
162
146
127
116
102
85
65
52
44
32
21
16
14
8
-5
-12
-14
-17
-26
-28
-24
-30
-34
-31
-28
-32
-35
-29
-28
-24
-23
-18
-8
-4
2
2
-5
-1
8
18
20
22
29
47
65
61
51
31
11
4
5
-5
-31
-44
-38
-28
-37
-58
-74
-108
-138
-153
-179
-213
-231
-219
-220
-233
-245
-246
-245
-270
-306
-342
-362
-361
-336
-323
-335
-321
-258
-180
-155
-175
-181
-160
-115
-42
20
18
21
137
292
339
318
335
378
401
432
477
443
380
431
560
582
499
470
502
507
479
459
409
332
314
363
360
255
178
191
195
148
79
23
-36
-69
-56
-87
-187
-269
-266
-255
-314
-366
-385
-402
-401
-367
-360
-424
-461
-417
-390
-438
-483
-465
-436
-414
-371
-331
-341
-336
-264
-205
-218
-256
-229
-154
-101
-63
-31
3
52
117
189
202
179
182
230
272
270
258
262
280
303
319
307
277
266
280
276
243
224
225
230
225
202
180
186
193
174
134
86
65
67
84
59
-15
-54
-31
4
-44
-121
-164
-191
-174
-138
-144
-209
-244
-189
-136
-151
-205
-226
-202
-164
-139
-149
-176
-180
-127
-81
-80
-114
-135
-87
-33
-24
-47
-48
4
53
99
100
69
75
112
160
164
126
111
128
162
176
136
72
37
37
29
-11
-50
-75
-77
-58
-57
-84
-117
-129
-110
-109
-138
-162
-160
-128
-95
-88
-106
-111
-94
-74
-65
-73
-76
-40
16
47
59
55
72
102
116
133
151
185
224
287
323
321
331
343
362
343
297
273
297
322
313
313
307
312
327
338
326
285
261
263
274
240
180
139
118
102
69
18
-44
-81
-104
-132
-169
-232
-277
-296
-314
-363
-426
-451
-451
-445
-461
-478
-484
-475
-453
-448
-473
-506
-509
-490
-479
-494
-516
-531
-520
-510
-531
-575
-595
-560
-519
-501
-501
-506
-488
-440
-385
-370
-383
-339
-194
-56
29
93
165
256
370
477
487
425
426
541
655
674
676
707
773
859
907
909
847
825
893
953
926
847
829
838
784
681
575
481
437
467
493
447
354
312
312
253
165
79
41
26
9
-6
-57
-87
-102
-107
-135
-185
-196
-171
-143
-149
-166
-201
-218
-220
-233
-255
-292
-284
-253
-228
-221
-234
-235
-223
-193
-184
-199
-198
-202
-203
-209
-216
-213
-226
-233
-240
-238
-230
-224
-219
-237
-273
-289
-265
-248
-254
-286
-302
-320
-338
-343
-389
-435
-481
-531
-561
-594
-642
-674
-696
-717
-743
-758
-762
-783
-793
-794
-801
-813
-815
-809
-777
-760
-741
-734
-709
-594
-393
-182
-42
53
187
363
527
652
719
756
812
984
1175
1240
1250
1264
1343
1387
1436
1485
1462
1460
1493
1524
1460
1329
1243
1173
1049
882
754
671
608
541
464
366
234
186
164
68
-83
-209
-256
-314
-396
-453
-511
-584
-602
-614
-626
-628
-603
-550
-520
-497
-493
-457
-376
-350
-361
-335
-326
-311
-257
-187
-130
-21
119
189
234
286
337
388
418
414
393
444
520
548
541
534
517
546
566
547
530
547
589
581
537
470
409
350
278
169
78
43
27
13
-69
-123
-140
-193
-216
-296
-419
-474
-530
-612
-717
-793
-855
-906
-915
-960
-1008
-1030
-1055
-1074
-1096
-1115
-1096
-1081
-1082
-1115
-1127
-1127
-1121
-1052
-1062
-1052
-1036
-955
-790
-607
-356
-170
-9
142
267
366
455
493
523
589
708
814
858
924
1001
1071
1147
1214
1266
1292
1327
1367
1364
1302
1264
1196
1082
917
752
652
543
462
406
333
242
177
134
42
-110
-210
-305
-390
-495
-580
-636
-676
-675
-684
-672
-633
-565
-469
-342
-250
-161
-57
18
95
152
217
263
294
330
376
446
486
541
602
639
687
750
775
762
721
691
689
645
568
465
396
335
294
267
232
186
152
114
44
10
-38
-95
-163
-238
-298
-356
-434
-491
-578
-668
-745
-833
-882
-935
-997
-1113
-1192
-1296
-1378
-1431
-1505
-1558
-1629
-1674
-1715
-1716
-1710
-1724
-1727
-1704
-1643
-1584
-1553
-1512
-1454
-1386
-1330
-1305
-1267
-1163
-893
-585
-347
-83
94
343
576
775
919
965
1041
1157
1352
1455
1531
1589
1686
1828
1914
2021
2096
2139
2176
2207
2211
2182
2127
1973
1725
1466
1280
1157
988
794
627
500
451
362
265
120
-25
-93
-201
-359
-530
-662
-746
-825
-883
-896
-876
-834
-791
-717
-613
-476
-341
-253
-184
-96
3
32
23
-10
-15
43
119
166
200
277
388
472
505
485
471
471
480
468
410
379
327
271
220
201
181
116
77
32
0
-10
-31
-65
-126
-162
-201
-246
-315
-390
-469
-562
-647
-719
-768
-804
-838
-906
-995
-1040
-1077
-1101
-1150
-1253
-1335
-1406
-1439
-1451
-1503
-1547
-1571
-1575
-1557
-1542
-1503
-1478
-1456
-1448
-1447
-1394
-1366
-1378
-1363
-1137
-717
-342
-124
33
320
641
844
985
1016
1053
1199
1419
1586
1574
1609
1781
1974
2011
2023
2161
2281
2315
2231
2171
2126
2037
1885
1572
1259
1061
994
859
581
386
314
332
261
148
39
-110
-235
-420
-611
-800
-934
-1033
-1180
-1268
-1273
-1146
-1056
-1031
-943
-784
-559
-411
-307
-205
-88
7
23
12
1
95
199
246
260
299
465
610
681
747
799
838
824
800
766
720
691
598
487
410
397
417
413
400
386
404
407
368
314
256
206
139
56
-47
-130
-185
-261
-333
-394
-453
-530
-626
-700
-744
-770
-843
-967
-1067
-1157
-1222
-1299
-1378
-1430
-1451
-1468
-1507
-1552
-1597
-1589
-1636
-1688
-1750
-1812
-1857
-1933
-2017
-2023
-1661
-1219
-905
-753
-585
-56
309
506
631
695
876
1001
1248
1254
1147
1268
1579
1848
1687
1755
2103
2396
2415
2274
2395
2460
2412
2161
1881
1629
1433
1321
1003
733
564
583
505
223
99
61
48
-145
-395
-563
-712
-827
-1037
-1260
-1398
-1433
-1428
-1471
-1464
-1302
-1009
-780
-618
-438
-188
65
184
228
207
228
331
387
440
475
588
707
754
863
974
1062
1084
1056
1083
1060
969
844
673
488
321
216
113
12
-62
-102
-133
-170
-186
-207
-271
-359
-446
-540
-636
-754
-859
-921
-953
-992
-1065
-1159
-1197
-1215
-1236
-1266
-1349
-1410
-1442
-1455
-1486
-1562
-1626
-1677
-1695
-1711
-1691
-1659
-1659
-1679
-1688
-1680
-1687
-1716
-1769
-1827
-1864
-1565
-1160
-850
-673
-481
74
466
739
945
1107
1360
1537
1842
1873
1789
1951
2306
2540
2327
2373
2754
3154
3233
3101
3161
3274
3331
3122
2856
2533
2275
2032
1635
1344
1088
940
674
339
205
164
97
-156
-419
-610
-746
-937
-1247
-1561
-1783
-1897
-2022
-2161
-2240
-2161
-1999
-1825
-1646
-1414
-1121
-829
-585
-431
-309
-262
-202
-117
-1
135
206
300
371
589
830
945
967
977
1130
1204
1165
1045
909
796
640
505
388
332
256
188
126
69
92
94
75
-6
-69
-120
-221
-367
-501
-593
-703
-797
-910
-965
-956
-982
-1064
-1182
-1240
-1235
-1266
-1367
-1460
-1553
-1640
-1691
-1712
-1727
-1763
-1765
-1767
-1772
-1768
-1761
-1774
-1851
-1889
-1966
-1996
-1774
-1428
-1078
-867
-620
-142
334
683
862
1028
1289
1568
1828
1870
1817
1958
2305
2500
2367
2333
2677
3134
3308
3257
3284
3441
3580
3488
3205
2858
2606
2383
2026
1597
1198
916
603
295
76
-49
-169
-412
-681
-865
-942
-1062
-1384
-1772
-2028
-2175
-2337
-2578
-2752
-2713
-2565
-2423
-2268
-2025
-1704
-1350
-1043
-820
-586
-348
-114
37
132
242
354
489
608
787
1006
1180
1271
1355
1540
1707
1734
1651
1539
1447
1359
1222
1025
787
589
472
357
243
150
81
14
-77
-144
-222
-307
-438
-576
-698
-843
-989
-1138
-1227
-1257
-1268
-1337
-1436
-1481
-1482
-1498
-1581
-1661
-1727
-1770
-1786
-1816
-1858
-1914
-1976
-2018
-2017
-2059
-2115
-2138
-2205
-2280
-2299
-2161
-1890
-1609
-1386
-1152
-734
-256
161
421
647
954
1264
1539
1582
1578
1791
2218
2511
2436
2402
2726
3258
3566
3589
3662
3938
4226
4254
4018
3685
3448
3255
2892
2372
1906
1554
1192
788
433
253
129
-24
-250
-450
-550
-729
-1050
-1460
-1752
-1942
-2180
-2509
-2808
-2900
-2839
-2737
-2645
-2467
-2128
-1722
-1360
-1059
-756
-415
-142
17
116
198
352
483
572
701
876
1073
1228
1362
1510
1672
1778
1742
1638
1491
1303
1076
783
475
183
-32
-218
-424
-550
-610
-639
-677
-732
-739
-743
-782
-880
-989
-1078
-1177
-1298
-1407
-1452
-1442
-1422
-1474
-1508
-1490
-1434
-1394
-1422
-1434
-1429
-1407
-1446
-1495
-1551
-1625
-1649
-1688
-1745
-1837
-1856
-1887
-2023
-2153
-2049
-1721
-1437
-1263
-1129
-658
-81
304
548
672
985
1334
1600
1655
1559
1776
2247
2570
2443
2341
2771
3413
3787
3795
3855
4290
4746
4848
4591
4269
4171
4017
3556
2872
2293
1945
1587
1133
629
324
157
-71
-351
-615
-722
-881
-1218
-1620
-1885
-2041
-2284
-2653
-3030
-3172
-3155
-3133
-3138
-3017
-2649
-2221
-1866
-1547
-1136
-660
-242
-20
84
239
469
651
650
657
789
1015
1158
1228
1359
1495
1605
1587
1512
1430
1318
1134
824
527
291
56
-254
-532
-681
-743
-783
-849
-889
-872
-825
-842
-934
-991
-991
-1018
-1173
-1364
-1402
-1338
-1309
-1354
-1408
-1318
-1189
-1153
-1174
-1269
-1304
-1332
-1415
-1508
-1662
-1755
-1853
-1953
-2076
-2199
-2251
-2397
-2597
-2771
-2531
-2062
-1766
-1636
-1412
-707
9
435
607
792
1239
1733
2015
1865
1770
2092
2588
2712
2403
2496
3158
3775
3911
3827
4089
4758
5183
5044
4616
4365
4413
4162
3436
2562
2031
1768
1336
639
-22
-226
-277
-459
-828
-1096
-1142
-1264
-1539
-1923
-2143
-2285
-2487
-2846
-3178
-3199
-3084
-3009
-2967
-2670
-2143
-1639
-1233
-799
-230
330
727
848
916
1100
1335
1319
1081
1001
1159
1365
1318
1187
1169
1311
1427
1293
1041
867
800
579
179
-210
-445
-613
-844
-1082
-1253
-1260
-1205
-1186
-1187
-1078
-902
-812
-802
-784
-720
-721
-806
-921
-966
-964
-1014
-1139
-1237
-1233
-1218
-1311
-1483
-1597
-1651
-1723
-1967
-2255
-2485
-2634
-2822
-3158
-3492
-3796
-4065
-4095
-3587
-3009
-2619
-2386
-1781
-633
208
800
1055
1329
1905
2478
2761
2419
2401
2925
3435
3269
2757
3137
3946
4443
4316
4090
4632
5428
5559
5001
4384
4366
4470
3833
2685
1688
1339
1144
500
-502
-1133
-985
-852
-1114
-1572
-1571
-1161
-993
-1195
-1514
-1504
-1296
-1215
-1592
-1927
-1773
-1490
-1326
-1338
-1077
-548
-39
361
636
916
1247
1474
1360
1163
1084
1022
784
465
339
312
199
20
-45
-49
-6
-84
-339
-536
-572
-534
-711
-979
-1086
-1024
-991
-1026
-1041
-976
-713
-514
-480
-475
-313
-67
-45
-134
-185
-183
-194
-313
-490
-675
-772
-856
-1143
-1478
-1688
-1832
-2087
-2416
-2760
-3040
-3281
-3548
-3837
-4294
-4539
-4756
-5039
-5427
-5159
-3905
-3025
-2395
-2064
-824
1047
2078
2716
2720
3161
3981
4574
4314
3389
3392
3861
4144
3190
2314
2870
3543
3692
2980
2585
3433
4149
3798
2816
2164
2545
2607
1607
349
-270
89
71
-640
-1547
-1330
-214
123
-186
-409
410
1430
1655
1294
1133
1508
1994
1975
1191
878
1132
1296
913
334
376
624
557
154
-174
-295
-178
-354
-981
-1393
-1414
-1303
-1549
-1784
-1647
-1337
-1189
-1127
-896
-638
-396
-467
-657
-626
-358
-267
-565
-765
-543
-137
-106
-189
-186
4
279
199
-123
-332
-239
-296
-736
-1208
-1278
-1209
-1390
-1696
-1881
-1751
-1461
-1435
-1825
-2082
-2004
-1902
-2109
-2608
-2933
-3094
-3313
-3709
-4149
-4458
-4548
-4704
-5185
-4586
-2885
-1352
-498
-95
1436
3517
4755
5052
4571
4359
4931
5258
4098
2419
1856
2285
2211
735
-216
369
1244
1452
811
720
1968
3032
2648
1497
1188
1948
2231
1259
41
-132
562
1071
740
108
852
2350
2837
2372
2146
2917
3559
3024
1967
1325
1258
1409
811
-440
-885
-452
-121
-511
-922
-621
-160
-133
-454
-719
-709
-484
-625
-1208
-1416
-913
-501
-572
-609
-277
282
562
593
462
299
257
-17
-595
-1037
-1134
-1353
-1737
-1838
-1489
-1033
-787
-635
-450
-155
152
77
-380
-570
-469
-620
-1079
-1409
-1376
-1350
-1509
-1673
-1689
-1542
-1328
-1454
-1954
-2160
-2055
-2220
-2806
-3575
-4088
-4255
-4515
-4898
-5429
-5867
-5643
-5741
-5928
-4342
-1987
-260
526
1346
3754
6049
6854
6604
5548
5105
5772
5404
3109
985
391
742
-26
-1987
-2427
-1511
-643
-558
-1076
-259
1837
2848
1975
1166
1886
3120
3132
1827
1059
1655
2535
2915
2256
1810
3089
4086
3600
2601
2347
3005
2633
923
-494
-850
-657
-777
-1868
-2830
-2253
-1116
-638
-781
-527
486
1250
1315
1356
1622
1979
2029
1355
731
1074
1820
1769
1092
740
1016
1142
562
-313
-1355
-2180
-2737
-3491
-4133
-4213
-3835
-3461
-2893
-1720
-236
982
1774
2436
3018
3526
3721
3108
2110
1400
882
84
-999
-1721
-2192
-2770
-3309
-3639
-3728
-3879
-4180
-4608
-4967
-4846
-4587
-4711
-5018
-4963
-4429
-3965
-3841
-3591
-3205
-2737
-2407
-2567
-3003
-3090
-730
2157
3076
2871
3336
6108
7979
7394
5643
3704
2909
2974
1755
-1672
-4141
-4128
-3202
-4054
-6045
-5173
-2531
-605
-22
294
2482
5870
7287
6038
4933
5971
7429
6450
4143
2998
3510
3811
3148
1941
1050
1914
2108
472
-1255
-1385
-526
-1365
-3237
-3742
-2533
-1179
-348
-213
228
2076
4032
4778
4607
4989
5500
4844
3370
2466
1946
860
-573
-2215
-3135
-2852
-2448
-2935
-3649
-3273
-2199
-1686
-1670
-1258
-728
-255
248
740
1485
2571
3389
3395
3536
4265
4711
3948
2596
1614
637
-622
-2127
-3719
-5054
-5567
-5801
-6215
-6221
-5465
-4489
-4115
-3691
-2693
-1560
-891
-775
-773
-624
-215
-130
-777
-1585
-1894
-2067
-2607
-3148
-3564
-3741
-4102
-4556
-5044
-5588
-6434
-5904
-2466
458
1894
2124
3839
7643
9103
8324
5966
3372
2612
2637
236
-3794
-5501
-4391
-2990
-4601
-5654
-2997
294
1971
1887
2173
4814
7791
7239
4617
3555
4968
5907
4099
2173
2359
3636
3929
3471
2242
1993
2812
1728
-567
-2241
-1818
-1266
-2637
-4113
-3480
-1418
227
1064
1014
1762
3306
3948
3369
2516
2093
1451
61
-1339
-1484
-1364
-1439
-1625
-1947
-1408
-319
384
363
298
451
511
448
601
967
781
371
318
696
1165
1199
559
-128
-171
-262
-1000
-1992
-2486
-2671
-3103
-3483
-3344
-2941
-2558
-2208
-2110
-1821
-1101
-391
-327
-828
-880
-513
-387
-790
-1449
-1876
-2223
-2710
-3387
-3947
-3927
-4076
-4378
-4462
-4412
-3879
-3680
-3905
-4274
-5066
-5841
-3594
1490
4769
5264
4586
6930
10573
10247
7148
2473
-1160
-1708
-1928
-4886
-8230
-7924
-4630
-2670
-3856
-2798
1662
4933
5468
4709
5417
8454
10126
7639
4457
4273
6463
6871
4507
2912
3469
3913
2784
930
-1360
-2415
-2993
-5124
-7165
-7107
-4872
-3205
-3104
-2009
1378
4838
6860
7653
7374
7267
6991
5562
3473
1532
-238
-2269
-4098
-4595
-3734
-3234
-3203
-2980
-2488
-1477
-645
-520
-518
-77
390
767
1436
2669
3589
3268
2473
2077
2031
1565
283
-1612
-2800
-2850
-2995
-3533
-3967
-3607
-3020
-2897
-2617
-2012
-1357
-945
-848
-838
-425
399
880
649
256
439
694
237
-856
-2049
-2914
-3618
-4316
-5003
-5312
-4963
-4624
-4440
-4135
-3590
-3231
-3088
-3273
-3769
-4568
-5720
-3173
2490
5740
5913
5217
7167
10341
9538
5607
799
-2883
-3206
-3040
-5841
-8329
-6826
-3196
-1316
-2186
-1079
3575
6633
6565
5554
5949
8734
10029
7420
4301
4355
6114
5834
3490
1631
1423
909
-1097
-3007
-4604
-5283
-5020
-5694
-6007
-3855
-400
2286
3508
5016
7752
9907
10283
9552
7928
5727
3649
1233
-1043
-2711
-4482
-6053
-6786
-6180
-4793
-4069
-3817
-3199
-2159
-1101
-313
393
1382
2652
3452
3665
4215
5110
5159
3833
1740
203
-656
-1751
-3382
-5016
-5600
-5052
-4449
-4222
-3575
-2474
-1654
-1380
-1076
-449
65
250
158
259
634
1039
1075
407
-341
-764
-1379
-2435
-3532
-4335
-4680
-4819
-4961
-4600
-3764
-3002
-2752
-2726
-2669
-2793
-3272
-3824
-4203
-4733
-5645
-6949
-4689
1484
6543
7447
6426
7921
10726
10363
6246
824
-3760
-5167
-4816
-6462
-8458
-6904
-2673
-201
-779
187
4228
7261
6826
5099
4787
6882
8479
7036
4507
4316
5913
6025
4373
2808
1896
398
-1974
-3897
-4966
-5277
-4786
-4239
-3518
-983
2868
5845
7214
7973
8796
9008
8023
6188
3813
768
-2049
-4086
-4932
-4960
-5154
-5473
-5211
-3664
-1724
-640
-228
127
647
1112
1451
2097
3229
4292
4617
4151
3843
4024
3384
1283
-1619
-4070
-5425
-6163
-6785
-7050
-6368
-4778
-2957
-1258
603
2293
2973
2621
2266
2230
1947
1247
314
-395
-786
-1092
-1438
-2021
-2739
-3378
-4080
-4838
-5251
-5108
-4732
-4497
-4292
-3339
-2191
-1256
-1086
-1617
-2070
-2644
-3285
-4064
-4399
-4751
-5433
-6536
-3747
3025
8299
9071
7674
8352
9751
8738
4382
-1288
-5904
-7315
-6511
-6849
-7308
-4647
-202
1977
1498
2511
5630
7947
7186
5193
4709
6481
8176
7784
6062
5733
6581
6066
4269
2203
271
-2190
-4688
-6205
-6654
-5854
-3997
-1833
190
3093
6743
9420
10085
9576
8716
7109
4910
2503
164
-2387
-4454
-5471
-5283
-4361
-3822
-3537
-3163
-2347
-1263
-699
-342
184
917
1728
2528
3701
5036
5792
5434
4122
2557
1067
-816
-3167
-5559
-7367
-7982
-7442
-6107
-4234
-1946
225
1917
3340
4615
5211
4422
2696
1277
361
-550
-1540
-2303
-2722
-3076
-3526
-4041
-4492
-4790
-4937
-5209
-5368
-4921
-3854
-2486
-1507
-989
-418
294
534
-128
-1552
-2848
-4003
-4795
-5366
-5561
-5431
-5323
-5760
-5718
-1251
5341
9581
8863
7090
7464
7635
5375
582
-4571
-8197
-8322
-6318
-5246
-4320
-973
3206
4023
2606
3104
5684
6748
4979
3167
3445
5974
8120
8000
6197
5555
5492
3605
715
-1581
-3392
-5837
-7610
-7125
-5319
-2937
51
2726
4675
6863
9066
9706
7986
5960
4118
1809
-524
-1961
-2593
-3600
-4326
-4182
-3376
-2249
-1602
-1908
-2821
-3122
-2537
-1859
-1074
3
1320
2517
3962
5619
6632
6405
4725
2123
-464
-2291
-3902
-5583
-6824
-6870
-5775
-4267
-2257
62
1910
2920
3085
2883
2749
2388
1347
-359
-1673
-2167
-2288
-2267
-2229
-2355
-2748
-3031
-2987
-2926
-2890
-2808
-2699
-2542
-2070
-1240
-660
-773
-1281
-1854
-2461
-3368
-4385
-4981
-5603
-5896
-5917
-5112
-3961
-3135
-3190
-3512
-4273
-2331
3124
7796
9295
7294
6817
7280
6171
3023
-1621
-5976
-7970
-6483
-4356
-3391
-1726
1564
4068
3268
2639
4340
6257
5976
4516
3823
5481
7928
8796
7664
5594
4769
3659
1460
-263
-1458
-2964
-4397
-4002
-2103
-351
1277
3014
4012
4408
5144
5949
4898
2584
1082
-9
-813
-1305
-1189
-1489
-2343
-2387
-1851
-1050
-695
-949
-1872
-2973
-2735
-1508
-429
329
1098
1816
2732
3854
4768
4469
2520
30
-2329
-3868
-4406
-4722
-4924
-4913
-4049
-2305
-299
1555
2650
2766
2303
1695
1199
585
-295
-1442
-2503
-3041
-3083
-2790
-2395
-2189
-2267
-2489
-2233
-1607
-1253
-1222
-1280
-1188
-947
-600
-438
-835
-1581
-2360
-3182
-4114
-4941
-5328
-5300
-4737
-4127
-3208
-2335
-1725
-1386
-1719
-2138
-3050
-4593
-3143
1321
6191
7609
6101
6050
6375
5457
2275
-1978
-5343
-5788
-3611
-1702
-1176
466
4128
6322
4896
3402
4363
5357
4672
3513
3347
5124
6720
7137
6104
4588
4397
3786
1743
-258
-1230
-1563
-1936
-1687
-820
10
1128
2315
2752
2546
2668
2913
1343
-683
-1393
-1282
-1344
-1564
-1090
-939
-1066
-371
698
998
137
-986
-2001
-2619
-2026
-1044
-850
-851
12
1561
2713
3307
3526
2675
685
-1103
-2190
-2801
-3262
-3774
-3959
-3639
-2393
-662
381
855
1099
1105
619
-139
-673
-1081
-1487
-1741
-1600
-1112
-409
224
373
115
55
162
-92
-750
-1502
-1872
-2212
-2533
-2679
-2900
-3391
-4104
-4573
-4682
-4612
-4650
-4434
-3786
-2680
-1227
34
767
584
166
-521
-1022
-2220
-3850
-5833
-6645
-3447
1689
6126
6553
5587
5612
5435
4279
1224
-2015
-4217
-4041
-1677
169
1217
3392
6384
7044
5061
3678
4372
4531
3624
2857
3202
4374
5200
5918
5540
4768
4528
3780
1873
-41
-782
-996
-1404
-1965
-1882
-1473
-244
1086
1463
1124
1140
1476
568
-421
-754
-578
-710
-733
330
768
407
287
608
726
89
-761
-1829
-2945
-3221
-2596
-1905
-1251
-359
523
1000
1242
1900
1969
1000
-492
-1807
-2195
-2095
-1515
-1196
-1276
-818
-43
656
781
593
420
-280
-1213
-1670
-1408
-846
-544
-378
-201
104
613
955
714
115
-343
-782
-1498
-2133
-2153
-2024
-2432
-3001
-3178
-3045
-3104
-3204
-3087
-3004
-2694
-2107
-1424
-920
-557
-523
-915
-1753
-2128
-2544
-3478
-4350
-5320
-5712
-6808
-5434
-981
4639
7759
7281
7021
6998
7054
5364
2031
-1182
-2813
-1574
751
1309
1472
3205
5141
4824
2453
1573
2202
2101
1789
1998
3614
5018
5873
6040
5379
4821
4131
3016
1035
-891
-1733
-1961
-2109
-2076
-2070
-1620
-516
433
1092
704
297
-325
-981
-906
-729
-518
-705
-416
372
840
1207
1364
966
-292
-2006
-3093
-3651
-4038
-4100
-4023
-3102
-1360
625
2046
2358
2412
2296
1681
404
-1271
-2373
-2562
-2145
-1635
-1398
-1136
-562
-122
-51
-262
-503
-678
-890
-561
186
930
1185
1140
1173
1141
944
384
-322
-1109
-1589
-1638
-1642
-1908
-2335
-2521
-2471
-2315
-2255
-2221
-2353
-2613
-2701
-2446
-2036
-1871
-1880
-1912
-1671
-1243
-768
-596
-918
-1554
-2284
-3139
-3910
-4547
-4755
-5232
-4959
-1947
3460
8888
10727
10433
9637
8263
6126
2345
-1469
-4332
-5090
-2847
-629
329
1431
3727
5959
5729
4084
3309
2641
1909
1740
3078
5080
6076
6441
6106
5440
4630
3830
2796
312
-2542
-4265
-4650
-4158
-3796
-3111
-1746
-250
1424
2534
2579
1733
445
-142
-815
-1603
-1785
-1450
-745
-450
52
923
1041
146
-1576
-2997
-3845
-4347
-4538
-4556
-4066
-2654
-522
1313
2268
2418
2542
2294
1223
-309
-1974
-3189
-3829
-3593
-2463
-1339
-662
-162
496
1270
1746
1840
1480
885
560
492
485
343
233
156
-135
-384
-529
-744
-1125
-1540
-1778
-2076
-2424
-2481
-2194
-1804
-1390
-958
-817
-1071
-1432
-1426
-1362
-1665
-2108
-2326
-2156
-1899
-1440
-917
-680
-799
-1325
-1899
-2484
-2968
-3273
-3584
-4149
-3539
-678
4063
7807
8755
8217
7001
5862
3754
704
-2246
-4355
-3715
-937
1496
2724
3341
4776
5596
4724
3635
2771
2207
1577
1396
2522
3462
4047
4087
3629
3083
2081
1470
592
-852
-1974
-2176
-978
34
133
333
938
1704
1698
935
-6
-1677
-3201
-3859
-3999
-3870
-3854
-3111
-1885
-775
391
976
677
-371
-1289
-1507
-1775
-2238
-2509
-2445
-1850
-836
290
1163
1315
909
307
-492
-1471
-2765
-3763
-3897
-3134
-1736
-247
1365
2644
3378
3797
3685
2934
1493
52
-769
-1084
-946
-563
-239
30
231
553
704
350
-307
-927
-1299
-1594
-1824
-1735
-1141
-335
185
368
602
750
503
-128
-915
-1650
-2227
-2426
-2045
-1470
-955
-441
171
547
221
-564
-1455
-2229
-2943
-3484
-3534
-3202
-2528
-1712
-479
1588
3778
5102
4969
3982
3085
2450
1777
856
-335
-747
699
3208
4931
4982
4484
4165
3657
2646
1114
-485
-1728
-1880
-821
344
804
827
1204
1979
2673
3003
2962
2754
2686
2871
2900
2262
1066
68
-259
-394
-992
-2048
-3116
-3870
-4270
-4395
-4474
-4675
-4662
-3822
-2290
-971
-241
324
1002
1754
2168
2140
1671
838
54
-703
-1513
-2373
-2898
-2922
-2771
-2699
-2857
-2891
-2589
-1959
-1284
-722
-159
274
809
1425
1931
2182
2137
2195
2322
2147
1728
1374
1323
1290
969
400
-359
-804
-743
-592
-663
-999
-1027
-449
372
888
798
473
285
444
652
530
229
-42
-111
-179
-338
-476
-487
-538
-835
-1316
-1779
-2090
-2413
-2602
-2587
-2470
-2348
-2007
-1172
-255
328
454
357
141
-317
-809
-893
-260
510
619
18
-623
-533
310
1211
1374
625
-33
585
2056
2656
1902
1138
1312
2132
2831
3169
3148
2902
2937
3473
3633
2815
1910
1793
2136
2011
1589
1359
1408
1513
1332
620
-762
-2120
-2567
-2310
-2192
-2382
-2213
-1330
-298
453
837
719
64
-680
-1108
-1524
-2257
-2897
-2853
-2466
-2412
-2645
-2662
-2399
-2183
-2118
-2223
-2436
-2558
-2158
-1437
-1013
-960
-731
83
995
1430
1443
1366
1130
767
518
469
438
428
766
1489
2143
2425
2548
2650
2510
2104
1602
1177
873
727
896
1270
1679
2034
2408
2701
2545
2031
1449
910
450
-32
-367
-550
-697
-809
-876
-796
-720
-624
-474
-495
-784
-1180
-1440
-1574
-1724
-1879
-1823
-1547
-1321
-1032
-729
-722
-1001
-1286
-1417
-1678
-2260
-2570
-1812
-585
-131
-669
-1449
-1537
-871
-24
397
384
552
1925
4182
5159
4358
3078
2741
2901
2380
1609
933
648
1038
2007
2686
1964
941
1027
1596
1349
228
-452
-239
317
961
1278
911
254
186
827
921
129
-556
-606
-586
-1179
-1989
-2631
-3204
-3472
-3222
-2820
-2849
-2927
-2260
-1292
-982
-1334
-1627
-1559
-1524
-1602
-1550
-1428
-1226
-819
-321
-148
-503
-917
-923
-736
-753
-829
-457
424
1324
2001
2526
2819
2973
3053
3139
2867
2204
1752
1712
1755
1301
758
619
821
1154
1430
1673
1841
1952
2100
2098
1784
1278
1019
1148
1187
1058
981
1133
1274
1026
460
-197
-947
-1772
-2421
-2831
-3064
-3147
-2978
-2605
-2248
-2073
-1892
-1626
-1462
-1429
-1630
-1913
-2197
-2324
-2224
-2286
-2571
-2871
-2875
-2540
-1621
-55
1050
950
-208
-1254
-1360
-992
-682
-932
-1489
-1259
372
2062
2247
1423
1207
1909
2254
1848
1417
1330
1485
1771
2067
1805
1090
939
1400
1510
746
-4
-17
269
411
270
-255
-1209
-1877
-1474
-725
-616
-812
-438
293
379
-71
-461
-805
-1238
-1613
-1785
-2086
-2305
-1771
-863
-489
-824
-1157
-1084
-1026
-1186
-1429
-1735
-1803
-1375
-477
324
608
791
1205
1699
1958
1911
1879
1983
2038
1862
1532
1262
1106
1189
1440
1674
1738
1815
2092
2375
2351
2141
2063
2114
2030
1812
1742
1675
1572
1542
1510
1315
875
415
120
-167
-542
-761
-674
-544
-548
-689
-896
-1167
-1504
-1738
-1908
-2126
-2357
-2436
-2210
-1924
-1763
-1591
-1418
-1358
-1647
-2057
-2241
-2271
-2290
-2415
-2557
-2540
-2437
-2271
-2142
-2111
-2152
-1898
-783
369
675
147
-399
-218
195
523
665
500
491
1449
2875
2904
1417
277
470
807
323
-245
-325
-11
626
1568
1957
1232
625
1071
1621
1166
320
472
1386
2066
2162
1693
669
-519
-974
-932
-1390
-2268
-2428
-1500
-599
-350
-249
-165
-344
-710
-769
-715
-997
-1104
-548
119
207
-44
50
430
450
83
-332
-454
-265
118
461
401
109
133
684
1263
1356
1309
1570
2076
2312
2144
1886
1614
1408
1340
1313
1104
858
1064
1555
1607
1173
828
969
1156
1008
809
768
894
1082
1370
1532
1213
648
196
-75
-460
-1049
-1434
-1422
-1220
-1060
-901
-679
-583
-654
-841
-1151
-1546
-1915
-1930
-1687
-1594
-1642
-1561
-1310
-1246
-1419
-1489
-1438
-1509
-1683
-1837
-1961
-2068
-1992
-1735
-1544
-1583
-1647
-1498
-1141
-79
1321
1676
642
-1005
-1842
-1656
-1319
-1136
-1285
-1344
-481
1442
2751
2310
1388
1270
1543
1150
522
425
544
774
1189
1478
878
51
234
679
327
-545
-594
181
891
1336
1495
1175
532
500
1164
1201
542
317
872
1224
711
224
-13
-449
-921
-986
-796
-1044
-1274
-706
16
172
56
370
894
993
875
853
918
1012
1234
1536
1359
756
305
276
336
93
-151
-156
45
190
257
492
739
891
997
1104
1219
1236
1336
1410
1220
801
444
360
267
62
-91
-132
-118
-280
-497
-576
-618
-588
-568
-565
-664
-810
-725
-474
-368
-548
-827
-893
-916
-1038
-1187
-1383
-1606
-1784
-1790
-1591
-1393
-1214
-971
-725
-535
-475
-370
-236
-308
-654
-1079
-1318
-1328
-1336
-1354
-1388
-1489
-1617
-1598
-1345
-1153
-1151
-1181
-978
-551
-194
39
192
235
261
234
174
61
-115
-124
30
145
6
-248
-296
-147
39
57
44
105
330
748
1112
1307
1314
1435
1702
1810
1660
1381
1245
1196
1028
820
670
632
662
830
1119
1307
1367
1409
1534
1628
1619
1561
1417
1223
1050
937
846
677
558
507
375
176
42
64
118
15
-76
16
218
412
513
546
504
481
543
601
494
217
-53
-203
-348
-558
-804
-1012
-1115
-1089
-926
-654
-348
-95
57
78
30
-11
14
58
-10
-143
-219
-162
-65
-228
-611
-963
-1162
-1177
-1051
-803
-567
-293
106
524
795
818
728
638
511
340
197
96
60
74
33
-199
-464
-584
-636
-711
-804
-763
-608
-444
-307
-183
-80
-25
76
209
303
331
304
196
-43
-358
-662
-904
-1120
-1246
-1314
-1437
-1525
-1539
-1502
-1508
-1555
-1464
-1265
-1052
-778
-441
-104
143
357
528
575
507
339
172
37
13
104
213
306
419
611
767
787
783
856
983
1129
1289
1435
1571
1662
1699
1669
1586
1495
1399
1234
1042
902
784
624
442
326
288
347
433
479
458
397
328
265
168
-7
-272
-618
-906
-1027
-1030
-983
-941
-924
-921
-923
-927
-960
-1021
-1111
-1189
-1214
-1164
-1026
-848
-634
-499
-544
-660
-773
-865
-946
-906
-740
-616
-495
-270
96
357
427
523
676
803
824
812
774
722
715
692
585
478
526
750
957
986
901
876
848
764
598
378
259
198
222
355
464
555
585
544
380
58
-194
-352
-570
-920
-1373
-1735
-1976
-2133
-2244
-2365
-2445
-2350
-1649
-462
220
-22
-717
-1036
-865
-687
-592
-760
-1067
-950
-82
553
113
-531
-374
117
-35
-401
-210
262
778
1482
2119
1927
1282
1403
1938
1809
1027
752
1125
1349
1399
1437
1220
656
447
893
1019
505
199
585
1028
881
660
625
483
221
107
62
-313
-704
-622
-463
-773
-1269
-1393
-1168
-1112
-1260
-1318
-1219
-1034
-797
-525
-526
-833
-1070
-989
-819
-960
-1256
-1337
-1157
-967
-889
-863
-891
-913
-826
-665
-554
-478
-259
155
497
614
630
683
805
846
733
512
370
399
515
692
828
884
972
1133
1285
1259
1077
956
944
986
1001
1068
1193
1339
1460
1478
1406
1208
907
653
468
296
147
84
162
243
258
252
343
477
538
559
530
470
407
324
185
-55
-308
-447
-451
-420
-463
-511
-552
-614
-708
-801
-869
-936
-963
-929
-819
-653
-476
-330
-330
-529
-812
-1038
-1140
-1207
-1262
-1285
-1286
-1246
-1141
-942
-742
-688
-732
-748
-738
-716
-635
-506
-426
-454
-484
-468
-456
-477
-490
-441
-387
-331
-233
-164
-176
-212
-166
-15
100
139
121
100
176
296
330
192
17
-26
-22
-29
-47
-31
-19
-74
-88
-22
50
51
60
155
280
378
427
461
486
459
386
266
141
119
251
422
523
614
752
886
950
993
1033
1063
1075
1093
1140
1196
1291
1439
1568
1609
1553
1461
1425
1415
1390
1270
1085
954
921
986
1012
955
823
699
691
750
773
688
545
400
236
93
-28
-102
-172
-281
-378
-486
-591
-667
-719
-807
-1027
-1304
-1518
-1625
-1620
-1574
-1571
-1661
-1754
-1711
-1589
-1537
-1626
-1705
-1684
-1614
-1457
-1240
-1011
-864
-778
-723
-726
-690
-600
-469
-420
-427
-370
-265
-145
-24
51
36
-55
-115
-95
-11
137
336
604
848
1064
1210
1238
1156
1021
854
648
444
298
186
111
91
122
169
132
65
-6
-93
-187
-271
-308
-284
-262
-241
-241
-250
-224
-214
-286
-463
-652
-750
-795
-838
-880
-854
-766
-640
-468
-289
-160
-101
-90
-86
-91
-119
-94
-31
79
241
395
565
753
900
1003
1041
996
853
685
626
684
819
975
1123
1298
1466
1610
1714
1685
1578
1477
1398
1306
1200
1169
1213
1242
1168
1060
987
930
888
846
774
637
499
437
461
486
460
379
236
69
-73
-187
-343
-532
-702
-810
-903
-1001
-1057
-1012
-924
-893
-902
-916
-941
-1005
-1072
-1140
-1211
-1293
-1354
-1384
-1406
-1411
-1412
-1383
-1368
-1415
-1499
-1575
-1561
-1471
-1349
-1200
-1006
-805
-632
-483
-418
-430
-495
-593
-697
-786
-818
-785
-719
-632
-522
-394
-263
-137
-42
-30
-73
-101
-116
-117
-97
-39
32
81
93
83
85
45
-12
-41
-46
-14
45
140
292
477
646
726
691
623
594
597
584
524
477
523
635
767
836
864
945
1019
1051
1046
1064
1136
1217
1306
1379
1421
1482
1580
1692
1738
1703
1664
1633
1590
1484
1360
1270
1192
1162
1166
1182
1163
1149
1171
1179
1124
1011
917
825
710
618
564
537
491
419
336
196
1
-240
-433
-552
-655
-703
-712
-707
-677
-641
-609
-608
-622
-657
-729
-840
-971
-1042
-1048
-1076
-1163
-1271
-1327
-1298
-1251
-1247
-1252
-1284
-1317
-1325
-1338
-1353
-1350
-1271
-1143
-1026
-950
-904
-844
-789
-758
-763
-807
-846
-824
-737
-616
-468
-336
-266
-232
-202
-153
-97
-93
-123
-167
-200
-185
-113
-29
-22
-60
-107
-118
-30
114
223
210
171
225
342
430
465
510
524
464
390
329
260
206
174
131
52
10
120
335
521
622
675
677
659
666
678
635
516
425
380
373
366
364
381
375
336
290
231
171
155
257
449
478
360
254
213
245
264
285
237
163
206
378
444
236
24
-67
-70
-68
-92
-120
-213
-201
-85
-57
-146
-252
-228
-224
-296
-347
-357
-291
-210
-139
-187
-368
-509
-601
-649
-720
-764
-687
-576
-453
-405
-387
-319
-299
-313
-417
-511
-494
-415
-325
-316
-301
-258
-169
-76
-68
-107
-169
-151
-92
-84
-103
-168
-230
-271
-264
-234
-199
-112
3
114
132
112
135
165
174
85
-20
-70
-96
-93
-108
-166
-226
-228
-169
-136
-143
-134
-137
-190
-293
-378
-435
-508
-554
-584
-607
-575
-477
-322
-183
-100
-61
-66
-86
-127
-198
-278
-344
-374
-347
-275
-170
-63
28
104
148
215
323
425
483
478
457
458
500
562
606
592
552
522
507
506
524
536
511
493
482
485
526
583
662
718
725
712
691
673
628
547
431
331
272
228
210
182
137
85
25
-15
-65
-147
-209
-218
-206
-196
-174
-123
-65
-40
-67
-140
-222
-247
-237
-243
-291
-340
-352
-337
-289
-212
-126
-39
28
71
101
69
15
-52
-131
-182
-221
-204
-171
-136
-73
-4
65
98
100
122
161
186
198
185
160
138
107
64
22
-38
-105
-141
-127
-104
-98
-118
-146
-185
-204
-223
-266
-284
-305
-323
-359
-380
-382
-377
-352
-333
-345
-383
-385
-366
-379
-375
-354
-351
-359
-345
-310
-266
-225
-179
-117
-54
30
126
226
322
398
462
548
631
677
726
764
759
710
674
677
707
754
815
882
923
940
961
971
941
896
846
775
686
584
494
419
356
341
347
319
285
262
240
201
139
66
6
-33
-47
-16
29
52
37
-13
-80
-150
-223
-309
-420
-546
-642
-687
-689
-669
-624
-568
-502
-437
-383
-323
-251
-188
-169
-153
-127
-84
-18
57
120
176
209
218
212
188
171
172
205
280
357
451
547
634
682
671
647
573
473
384
308
247
203
205
251
303
326
333
342
331
297
228
125
19
-81
-149
-201
-243
-271
-277
-269
-270
-312
-368
-428
-504
-594
-699
-764
-806
-811
-788
-761
-738
-707
-636
-541
-472
-410
-341
-300
-290
-285
-256
-224
-199
-192
-231
-288
-303
-266
-207
-155
-119
-66
22
119
171
174
143
104
65
35
4
-40
-81
-93
-105
-107
-81
-52
-24
14
43
28
3
-23
-50
-66
-81
-96
-92
-59
-9
41
50
40
9
-28
-60
-115
-184
-223
-207
-173
-105
-35
11
79
162
217
242
248
242
238
230
236
268
295
313
324
320
306
283
270
259
227
172
129
117
110
108
105
97
67
25
-21
-65
-102
-134
-154
-172
-168
-136
-80
-27
1
2
-10
-51
-107
-155
-205
-252
-293
-297
-281
-265
-246
-242
-262
-302
-345
-370
-367
-352
-317
-297
-293
-295
-295
-309
-338
-369
-391
-367
-297
-208
-128
-73
-49
-39
-34
-57
-92
-153
-228
-295
-333
-332
-326
-294
-226
-157
-101
-55
-2
60
105
117
95
48
9
12
62
108
144
184
237
315
387
418
396
340
276
227
179
130
111
143
196
243
296
343
370
381
367
317
241
194
202
233
250
253
259
274
276
258
245
231
198
145
75
29
15
14
22
9
-1
-2
20
57
78
50
4
-15
-23
-38
-65
-74
-68
-66
-69
-74
-89
-97
-81
-63
-67
-79
-70
-28
29
57
71
82
86
79
69
39
-4
-55
-86
-101
-116
-135
-139
-121
-108
-92
-97
-121
-168
-206
-219
-207
-192
-182
-187
-201
-223
-235
-234
-249
-253
-269
-299
-328
-341
-322
-314
-333
-356
-387
-402
-409
-416
-429
-439
-417
-373
-322
-265
-216
-180
-137
-110
-112
-132
-147
-152
-158
-166
-150
-119
-73
-5
51
95
134
191
255
302
335
338
348
375
396
401
395
380
379
381
364
357
358
366
373
392
426
449
474
497
503
482
473
467
453
437
419
397
365
347
335
310
264
229
212
200
174
143
108
76
64
57
59
55
51
41
39
24
-23
-80
-133
-182
-225
-242
-256
-261
-227
-179
-117
-83
-81
-65
-53
-67
-104
-140
-161
-179
-179
-174
-195
-217
-235
-218
-192
-196
-204
