12
8
11
15
9
9
10
4
6
15
18
21
16
24
36
37
38
49
57
53
50
51
57
48
30
23
32
26
4
-16
-10
4
-5
-22
-17
-2
0
-2
-4
-1
3
1
3
10
15
5
-4
1
8
9
-5
-24
-23
-15
-22
-34
-42
-45
-45
-42
-45
-42
-38
-31
-23
-18
-13
-14
-13
-13
-12
-15
-18
-21
-22
-18
-18
-20
-27
-32
-35
-35
-37
-44
-47
-36
-24
-29
-31
-23
-10
-2
0
5
14
14
7
2
7
5
4
1
0
8
9
6
0
1
-2
-12
-22
-26
-22
-23
-23
-22
-12
-3
6
6
4
11
15
16
11
3
1
-2
-9
-12
-9
-7
-11
-12
-15
-10
-5
-10
-19
-19
-11
-9
-3
-2
6
14
19
21
21
27
23
17
12
9
10
4
-10
-16
-15
-14
-15
-13
-5
7
9
5
10
16
25
27
26
32
34
27
26
30
26
21
10
7
8
11
12
9
8
9
6
0
1
2
4
2
4
16
18
9
4
8
13
13
6
3
-3
-12
-11
-5
-7
-18
-23
-19
-11
-10
-12
-10
-13
-16
-19
-23
-25
-20
-20
-15
-6
1
-5
-14
-10
5
7
-3
-9
-5
2
-9
-17
-19
-22
-26
-32
-29
-25
-18
-18
-10
1
5
2
1
11
24
25
23
24
23
28
26
14
7
4
3
1
-8
-3
0
1
0
-1
11
16
17
19
21
25
29
33
30
26
18
14
16
20
24
25
16
0
0
10
12
9
12
22
26
24
34
40
40
30
32
40
42
38
31
30
28
28
27
28
32
32
23
16
18
26
25
15
9
16
22
22
17
18
18
11
16
19
20
15
13
19
21
26
26
25
24
21
15
8
1
3
0
-6
-16
-16
-11
-7
-5
-7
-5
-6
-8
-4
0
-3
-7
-7
-2
-5
-15
-20
-19
-18
-26
-40
-47
-50
-52
-44
-39
-36
-39
-36
-27
-21
-13
-16
-18
-16
-16
-18
-23
-26
-21
-22
-28
-34
-37
-32
-35
-44
-46
-40
-31
-30
-35
-35
-34
-38
-34
-24
-18
-26
-31
-32
-27
-28
-28
-27
-26
-21
-16
-14
-15
-14
-11
-10
-15
-13
-9
-8
-7
-12
-16
-18
-12
-7
-14
-20
-17
-13
-10
-10
-5
-9
-23
-20
-10
-3
-11
-19
-14
-12
-16
-16
-15
-9
-8
-15
-20
-18
-13
-1
7
4
3
9
17
20
21
20
14
12
12
10
9
4
-1
1
7
7
8
7
11
19
18
21
20
24
32
36
37
29
21
28
33
22
21
25
25
17
16
22
27
28
30
37
36
29
28
30
34
39
29
19
17
25
28
22
21
26
34
27
19
19
20
22
23
20
13
8
10
11
8
5
-2
-4
-1
-2
-2
-1
0
2
3
0
-7
-9
-1
-2
-5
-8
-15
-16
-14
-8
-8
-19
-21
-10
-7
-16
-21
-21
-19
-21
-28
-28
-16
-11
-10
-9
-11
-11
-11
-6
2
4
0
-8
-9
-3
0
-1
-5
-9
0
3
-1
0
10
17
14
8
2
7
11
8
9
7
3
1
-7
-9
-5
-5
-6
-4
-4
-4
-11
-15
-10
-9
-7
-16
-26
-21
-12
-15
-23
-28
-23
-14
-14
-15
-10
-9
-8
-7
-5
-4
-3
-3
-2
2
0
-4
0
11
20
19
13
6
12
20
26
28
24
22
22
23
23
21
20
23
29
31
26
26
30
36
37
33
34
35
31
33
30
26
25
22
16
13
14
17
16
16
23
21
16
17
19
20
14
4
9
21
14
8
0
1
6
-1
-7
-10
-7
-5
-11
-13
-11
-15
-14
-7
-4
-7
-18
-24
-18
-11
-12
-23
-30
-28
-23
-25
-28
-29
-30
-28
-27
-34
-42
-44
-46
-45
-42
-41
-48
-52
-51
-52
-50
-47
-44
-43
-38
-32
-30
-29
-25
-21
-14
-15
-17
-12
-9
-3
1
-2
-1
6
10
6
1
6
8
6
11
13
14
9
5
2
3
6
2
-2
-3
-2
-5
-6
-2
-1
0
-1
-8
-8
0
-4
-13
-17
-12
-6
-11
-13
-11
-12
-7
-2
0
6
4
2
6
16
18
11
10
13
15
11
6
7
12
15
18
25
26
26
29
38
43
43
37
34
40
43
39
31
33
34
27
24
25
23
22
19
18
25
31
28
21
20
26
24
18
15
22
23
15
12
14
16
15
11
9
18
18
10
12
20
23
20
12
11
10
7
0
-5
-4
-2
-1
-4
-3
1
2
-5
-5
-1
2
0
-7
-6
0
-2
-5
-13
-12
-11
-19
-29
-28
-27
-33
-33
-28
-22
-19
-24
-23
-19
-16
-19
-22
-21
-16
-16
-22
-20
-16
-16
-19
-16
-14
-14
-13
-10
-2
4
1
-4
-3
1
2
2
-1
2
4
2
6
9
7
7
6
7
14
17
6
1
4
5
0
-6
-8
-8
-11
-19
-17
-13
-12
-15
-14
-3
5
1
-4
3
9
6
1
-1
0
-3
-9
-14
-7
-3
-6
-10
-12
-8
1
2
3
8
16
14
12
14
19
17
6
4
10
16
14
11
17
27
23
16
19
22
23
19
20
24
28
25
18
14
16
9
5
5
-1
-1
4
4
1
0
2
2
1
0
2
2
1
-3
-3
1
3
-6
-11
-10
-14
-20
-25
-26
-25
-25
-23
-17
-11
-13
-20
-22
-19
-17
-17
-19
-14
-12
-16
-11
-7
-11
-13
-17
-19
-16
-13
-16
-16
-15
-18
-17
-15
-15
-16
-19
-22
-19
-12
-13
-12
-7
-6
-9
-15
-17
-14
-16
-23
-24
-21
-17
-22
-26
-20
-9
-11
-15
-8
-4
-6
-6
-1
6
13
13
9
10
11
3
-3
-4
-4
-4
-1
-3
-8
-7
-1
2
-4
-6
-8
-11
-13
-13
-3
7
2
-4
-2
-2
-5
-11
-14
-13
-7
-8
-15
-8
0
-1
-2
3
9
11
7
4
13
26
30
26
25
26
20
12
11
15
18
21
22
24
33
41
36
34
41
44
39
32
33
42
51
49
45
50
48
43
42
43
49
52
49
53
64
62
59
63
64
65
65
65
62
67
67
64
64
63
53
41
31
28
19
10
5
3
5
-4
-16
-14
-11
-5
-14
-28
-32
-47
-57
-66
-61
-54
-62
-64
-58
-58
-77
-96
-89
-76
-72
-70
-67
-71
-73
-87
-98
-89
-95
-107
-117
-105
-88
-71
-75
-93
-96
-80
-63
-61
-51
-42
-27
-18
-23
5
29
25
11
8
29
37
50
45
31
52
68
57
43
27
13
-1
-14
0
14
18
8
19
60
58
53
61
69
87
83
94
94
56
63
64
53
58
55
66
69
77
93
97
102
120
136
152
155
157
169
163
172
195
227
232
204
175
161
175
189
188
168
183
214
214
217
215
256
306
308
297
268
275
299
305
302
274
254
263
238
195
162
119
86
50
23
22
-12
-51
-66
-104
-145
-141
-123
-152
-184
-201
-204
-199
-205
-251
-294
-334
-374
-395
-435
-446
-459
-480
-493
-500
-473
-467
-486
-509
-513
-474
-465
-464
-454
-492
-518
-476
-432
-406
-406
-399
-371
-340
-299
-294
-307
-326
-320
-248
-189
-135
-89
-66
-37
31
74
107
115
93
71
49
44
31
21
20
60
34
11
48
124
162
195
238
271
304
295
268
197
169
180
233
258
227
158
73
113
135
144
78
66
85
147
121
139
302
315
342
420
452
597
692
544
436
47
-9
64
177
159
-34
-150
-183
82
520
547
259
-152
-366
-107
-56
19
24
-361
-296
-356
-210
-203
-582
-421
-375
-458
-374
-672
-465
-367
-425
-417
-667
-345
-211
-154
-458
-678
-554
-249
-92
-1
-328
-317
-405
-211
-179
-316
-485
-571
-389
-238
-319
-259
-192
25
194
-43
-1
60
338
647
574
564
482
585
1068
1072
1038
854
774
1075
1108
1170
1106
922
1111
1026
1004
872
655
671
538
441
339
63
-64
-256
-296
-265
-242
-318
-595
-688
-735
-501
-380
-339
-418
-476
-304
-194
-71
13
140
431
564
617
618
536
745
1043
1181
937
627
418
768
979
822
434
-17
114
91
70
-50
-494
-800
-1087
-1082
-849
-1254
-1522
-2024
-2308
-2440
-2785
-2912
-2893
-2066
-241
1266
755
-1399
-2791
-1581
1200
2540
1659
355
-417
416
2195
3507
3147
1163
408
1705
2581
1727
541
962
1794
1261
547
660
562
-471
-1403
-801
64
-662
-1845
-2186
-1792
-1784
-2197
-2175
-1945
-2278
-2651
-2615
-2227
-1764
-1404
-1047
-997
-1143
-828
-165
702
1834
2164
1771
1274
1575
2724
3306
3066
2534
2085
1967
2108
2570
2326
1359
806
892
1228
857
-62
-598
-383
-70
-36
-341
-967
-1170
-1058
-605
-36
-82
-445
-773
-607
-74
237
368
230
68
175
478
636
628
510
546
697
512
222
-118
-250
-262
-218
-479
-1181
-1602
-1867
-1662
-1404
-1960
-2288
-2561
-2702
-2352
-2360
-2448
-2731
-3356
-3415
-2771
-891
1928
2926
710
-2203
-2105
1520
4280
3621
1832
693
705
1956
4028
4726
2283
-414
575
3078
2815
337
-154
1454
1613
96
35
977
304
-1790
-2233
-435
-37
-1677
-2661
-2292
-1983
-2772
-3107
-2244
-2138
-2736
-2874
-2562
-2011
-1562
-940
-419
-675
-539
156
849
1755
2548
2554
1708
1363
2313
3227
2994
2360
2142
1816
1715
2074
2394
1739
378
155
737
916
482
-272
-454
-241
70
218
-111
-467
-737
-414
372
776
529
-84
-65
556
951
1046
999
813
533
579
829
767
580
465
498
454
136
-162
-687
-1095
-1046
-1043
-1238
-1866
-2505
-2572
-2532
-2075
-1828
-2083
-2388
-2900
-2894
-2680
-2599
-2072
-1899
-1241
183
1775
2762
1674
22
108
1974
4030
3895
2309
1275
1422
2604
3697
3822
2296
510
400
1569
1956
686
-140
341
302
-448
-1100
-754
-728
-1922
-2440
-2102
-1894
-2485
-3335
-2900
-2485
-2955
-3414
-3500
-2950
-2816
-2760
-2131
-1803
-1613
-1296
-893
-280
106
822
1591
1883
2096
2148
2216
2394
2789
3299
3168
2445
2015
2031
2183
2431
2509
2128
1382
720
814
1234
1242
961
657
596
538
446
611
627
545
531
712
1099
1017
503
436
742
1053
1127
1072
898
403
-77
-25
389
367
-100
-575
-948
-1257
-1521
-1656
-1937
-2164
-2264
-2536
-2740
-3418
-4061
-3775
-3395
-2946
-2864
-3563
-4138
-4330
-4125
-3222
-2432
-1580
746
2814
2029
-822
-2514
85
4077
4787
3318
1259
437
1072
3013
5493
4993
1590
-42
1566
3448
2070
-16
818
2378
1391
-701
-672
627
-383
-2591
-2175
-33
-231
-2747
-3754
-2201
-1437
-2635
-2916
-1756
-1667
-2899
-3156
-1272
292
-224
-479
127
725
789
807
2149
3471
3232
2534
1939
2367
3148
3104
2759
2068
1287
846
953
1722
1760
510
-459
-469
-115
-418
-1133
-1162
-778
-387
-322
-765
-1258
-1414
-857
57
423
206
-246
-427
0
515
886
1049
835
573
640
710
717
403
251
470
450
71
-510
-870
-1079
-1248
-1272
-1456
-1674
-1690
-2176
-2478
-2457
-2187
-1349
-320
-260
-910
-2075
-2957
-2245
-1279
-1239
143
2815
4075
2348
-1209
-1363
1934
4164
3807
1881
-324
-986
426
3472
3873
576
-2084
-976
1575
1229
-1493
-2452
-968
-69
-834
-1401
-1017
-1222
-2305
-2591
-1127
48
-621
-1803
-1749
-862
-669
-582
-153
148
65
-326
182
1268
1521
1407
1162
1027
1479
1731
2314
2797
2740
2272
1518
1417
2210
2569
2165
1076
200
271
642
1097
1134
483
-334
-666
-534
-37
-68
-411
-521
-287
178
242
-214
-394
-181
179
541
513
455
346
267
583
901
1079
991
764
692
467
216
26
26
234
-80
-596
-868
-1235
-1383
-1724
-1773
-1563
-1663
-2316
-2612
-2739
-2821
-2452
-2550
-2520
-2426
-2762
-2477
-2462
-2977
-2963
-2773
-3024
-2378
1072
4530
3631
-2126
-5620
-1597
4488
5825
2809
-1199
-2284
-956
2908
6018
4059
-971
-2769
856
3922
1651
-1398
-335
2019
1180
-1254
-318
1926
882
-2231
-2296
945
1964
-591
-2179
-1133
-233
-1136
-1743
-677
39
-1052
-1925
-860
784
909
119
-222
534
1239
1660
2493
3345
3153
1967
1216
2430
3828
3761
2583
1350
1032
1178
1827
2625
2128
380
-919
-628
620
614
-381
-1159
-973
-329
-166
-444
-1023
-1515
-1165
-81
828
486
-712
-1025
-78
1062
1558
1315
969
759
641
951
1416
1540
1390
898
642
554
-12
-500
-793
-766
-468
-701
-1740
-2371
-3052
-3397
-2651
-2421
-2429
-2916
-3991
-4031
-3666
-4014
-3268
-3426
-3934
-1172
2842
4580
610
-5210
-3772
3040
6682
4983
-51
-2701
-1833
1556
6140
5934
543
-3602
-1954
2513
2461
-1088
-1671
370
497
-1971
-2574
265
986
-1839
-3647
-1832
331
-525
-2802
-2232
-1088
-1646
-2203
-1644
-540
-916
-2629
-2023
157
1043
1015
65
130
978
1598
3139
4501
4163
2821
1403
2520
4961
5388
4119
2126
1406
1824
2290
3055
3153
1787
12
-863
-86
790
232
-625
-969
-414
-298
-998
-1289
-877
-461
-201
-157
-34
-22
-307
161
986
1583
1659
1254
1091
1285
1343
1400
1029
795
943
767
180
-673
-1406
-1449
-1557
-1942
-2284
-2737
-3138
-3822
-4234
-4232
-3678
-3432
-3607
-3769
-4186
-4382
-4581
-4433
-3300
-988
2174
3990
1730
-2254
-3420
653
5795
6523
3642
-40
-1364
431
3882
6202
4312
-52
-1578
222
2128
1470
199
634
895
-330
-1373
-475
830
-113
-2209
-2190
-350
406
-820
-2171
-2297
-1905
-1844
-1414
-536
-1048
-2512
-2966
-1270
1136
1337
-54
-833
-555
878
2125
3137
3726
2616
1508
1493
2952
4714
4427
2785
1250
810
1774
2699
2848
1913
519
66
168
291
-13
-747
-1044
-724
-255
-330
-1355
-2332
-1894
-773
-111
-412
-1173
-1207
-772
-267
426
905
1140
955
610
875
1370
1436
1176
1141
1384
1229
42
-973
-859
-500
-542
-1338
-2554
-3058
-3366
-3137
-2600
-3212
-4052
-4954
-5587
-5913
-6071
-5036
-1638
2485
3696
117
-4793
-4662
1313
7378
7713
3411
-788
-1213
2517
7636
9497
5992
1069
-321
2079
3747
3153
2845
3008
1598
-651
-1046
984
1491
-1200
-3315
-2756
-1186
-1465
-3113
-3374
-2871
-3124
-3543
-3416
-2858
-3288
-4353
-3863
-2033
-653
-591
-1238
-1432
-815
665
2496
3833
3839
2937
2318
2714
4375
5696
5396
3689
2106
2154
3154
3972
3873
2415
727
-143
63
698
344
-735
-1907
-2401
-1733
-1161
-1449
-2470
-3245
-2764
-1788
-1284
-1417
-1790
-1395
-505
251
389
69
-4
497
1107
1507
1642
1591
1589
1569
1390
945
474
-155
-454
-680
-1044
-1789
-2948
-3550
-3356
-3164
-3578
-4568
-5399
-5677
-5959
-5576
-5396
-4913
-4810
-2902
1255
2934
-136
-5016
-4363
2540
7630
6267
2192
-862
14
3686
8550
10160
4917
-1203
-1258
3561
6002
3934
1985
2054
1091
-1148
-964
1804
2506
-1057
-4514
-3737
-1099
-917
-2425
-3395
-3028
-3357
-3952
-3028
-1936
-2134
-3360
-3240
-835
1105
1080
84
-579
639
2851
4959
5783
4499
3013
3017
4566
6635
6990
5520
3668
2452
2831
4107
5089
4772
2893
945
459
1031
1322
567
-425
-715
-495
-358
-1041
-2044
-2413
-1782
-943
-843
-1575
-1953
-1499
-772
4
461
640
77
-524
-83
1240
2171
1830
1000
936
1321
947
377
8
-5
-317
-1113
-1845
-2373
-2933
-3619
-3480
-3265
-3838
-4973
-6386
-6183
-5643
-5682
-6372
-4107
788
3333
-83
-6377
-6689
-475
5759
6294
2872
-1474
-2619
627
6892
10540
6838
642
-1369
1794
4530
4536
4042
3597
1420
-1532
-1497
1540
2902
-182
-3875
-4702
-3226
-2808
-3285
-3755
-4080
-5223
-6591
-6063
-4526
-3889
-4686
-5247
-4044
-2018
-832
-990
-1501
-1189
331
2553
4448
4736
3553
2285
2713
5467
7602
7221
4854
2805
3004
4474
5782
5690
3924
1710
959
1907
2942
2145
-44
-1474
-1311
-237
85
-786
-2311
-3304
-3089
-1821
-1010
-1576
-2647
-2878
-1579
-312
-231
-620
-717
-302
105
449
1190
1906
1848
1264
854
1104
1386
948
525
236
255
-627
-2192
-3062
-2988
-2236
-2208
-3348
-5065
-6344
-6475
-5512
-4992
-5503
-3958
-458
1396
-1802
-6830
-5447
1115
5355
3647
127
-1343
-335
2635
7664
9920
5591
352
1049
5967
7040
4525
4318
5412
3385
-281
431
4151
3914
-1190
-4365
-3277
-1601
-2389
-4093
-4768
-5337
-6676
-7136
-5908
-4683
-5027
-6872
-6986
-4637
-1762
-410
-1424
-2399
-1663
491
3375
5227
5007
3795
2859
4118
6898
8229
7330
5134
3996
4693
5872
6439
5603
3664
1991
1949
3057
3183
1179
-1148
-1916
-816
412
-162
-2144
-4131
-4311
-2713
-1424
-1962
-3390
-4034
-3168
-1852
-1074
-649
-869
-1474
-1623
-666
1263
2097
1386
654
702
1363
1415
1169
1173
958
291
-593
-930
-1042
-1614
-2232
-2662
-3127
-4232
-5394
-5797
-5073
-4876
-5203
-3373
-590
-221
-4017
-6999
-3705
2280
4095
1397
-1272
-1394
949
4672
8774
8364
3592
1054
3803
7791
7770
6281
6451
5857
3299
2416
4925
6837
3910
-747
-2170
-933
-90
-977
-2608
-4092
-5590
-6989
-6877
-5920
-5454
-6383
-8207
-8216
-6147
-3899
-2928
-3195
-3162
-2259
-863
1069
2964
3799
3789
3547
4525
6355
7269
7133
6314
6181
6724
6949
6690
5924
4885
4116
3765
3813
3276
1505
-118
-827
-470
-159
-909
-2301
-3761
-4568
-3951
-2915
-2787
-3605
-4677
-4514
-3254
-2092
-1458
-1436
-1768
-1803
-1317
-316
1004
1745
1755
1418
958
1210
1769
2280
2249
1529
765
75
-640
-927
-705
-735
-1648
-3518
-4529
-4651
-4395
-5071
-5267
-4204
-2512
-1874
-3642
-5293
-4986
-2337
121
870
-387
-1970
-1840
1116
5448
7011
4672
1751
2290
5185
7222
7555
6994
5842
3727
2880
4934
7378
6444
2424
-1274
-1974
-635
484
279
-1697
-4964
-7754
-8313
-6643
-4703
-5020
-7424
-9515
-9391
-6898
-4249
-2911
-3251
-4154
-3942
-1855
1315
3508
3771
3055
3133
4492
6621
7863
7814
6983
6586
7402
8352
8324
7116
5724
5107
5212
5068
4242
2726
1143
278
161
323
-396
-2190
-3966
-4252
-3235
-2963
-4228
-5502
-5330
-4135
-3303
-3319
-3349
-3357
-3574
-3068
-1701
-177
298
-430
-1190
-684
433
1535
1947
1255
537
-396
-639
-193
522
198
-1377
-2785
-3250
-3068
-3246
-3953
-4647
-4563
-4087
-3207
-3216
-4276
-4915
-4425
-2955
-1688
-1498
-2404
-3173
-2460
447
3313
3650
2216
1075
1664
3473
5525
6954
6596
4585
3167
3849
5935
7159
6328
3966
1299
120
856
2059
1912
-259
-3055
-4937
-5509
-5025
-4329
-4752
-6364
-8224
-8674
-7044
-4997
-4053
-4768
-5812
-5375
-3173
-661
839
1029
952
1497
2711
4608
6144
6631
6012
5648
6649
8202
8741
7910
6898
6424
6296
6075
5953
5577
4515
2921
1721
1726
2024
1121
-827
-2170
-2136
-1718
-2288
-3400
-3665
-3277
-3159
-3413
-3442
-2980
-2727
-2990
-2739
-1772
-721
-225
-450
-670
-479
88
840
1379
1362
1071
347
246
661
952
967
-231
-1390
-1983
-1802
-1505
-1743
-2257
-2375
-2103
-2534
-2810
-2871
-2510
-2532
-2697
-2268
-1891
-2074
-2066
-851
556
1301
1414
1723
1552
1415
2745
4905
5809
4188
2776
3518
4963
5506
5463
4922
3595
1558
668
1794
2690
1925
-272
-2553
-4008
-4315
-3735
-3307
-4326
-6415
-7655
-7359
-5918
-4955
-4943
-5327
-5680
-5143
-3744
-1949
-617
-359
-741
-315
1393
3564
4617
4239
3990
4603
5800
6481
6676
6686
6438
5687
5069
5007
5306
5242
4120
2889
2089
1908
1642
809
-116
-636
-1091
-1941
-2725
-2968
-2640
-2681
-3303
-3773
-3810
-3776
-3879
-3587
-2702
-1971
-2077
-2579
-2636
-1868
-944
-458
-66
-135
-691
-1341
-1319
161
1238
862
-480
-1778
-1979
-1461
-926
-411
-971
-2609
-3393
-2900
-1395
-587
-1051
-2286
-3635
-3661
-1847
-34
-310
-1639
-1829
-176
1237
1673
2150
2319
1944
2003
3426
5295
5369
4068
3719
4271
5209
5707
5457
4673
3101
2036
2252
2844
3084
1935
-376
-2200
-2668
-1963
-1582
-2642
-3992
-4937
-5391
-4948
-4072
-3611
-4180
-5169
-4778
-3246
-2060
-1567
-1681
-1525
-939
36
1582
2487
2580
2574
3062
4065
4864
5028
4864
4458
4332
4710
5037
4870
4097
3281
2911
2724
2563
2217
1367
565
56
-283
-432
-807
-1266
-1671
-2160
-2390
-2443
-2611
-2661
-2685
-2772
-2763
-2713
-2384
-2133
-2153
-2055
-1701
-1183
-946
-1081
-1239
-1131
-740
-269
-260
-521
-1069
-1419
-1135
-982
-745
-1312
-1955
-2355
-2822
-3000
-2870
-2158
-1818
-1815
-2331
-2906
-3346
-3143
-1681
-387
-415
-1582
-2162
-1315
125
1482
2366
2078
951
322
1376
3465
4378
4052
3209
2634
2615
3175
4248
4561
3436
1790
1163
1689
2204
1968
1046
-296
-1436
-1853
-1358
-845
-1337
-2634
-3806
-3862
-3104
-2216
-2087
-2758
-3449
-3523
-2534
-1317
-671
-844
-1158
-912
72
1410
2312
2586
2364
2272
2836
3744
4435
4364
3829
3569
3850
4491
4632
4138
3477
3097
3268
3347
3018
2373
1821
1711
1709
1597
1182
575
116
-137
-76
-44
-180
-481
-893
-1204
-1370
-1243
-964
-899
-1142
-1513
-1664
-1587
-1364
-1067
-1025
-1146
-1777
-2208
-2253
-1832
-1124
-1135
-1685
-2468
-3014
-3022
-2637
-2185
-2016
-2885
-4144
-4528
-3605
-2110
-1303
-1739
-3001
-3700
-3221
-1515
-110
-34
-962
-1904
-1544
-112
1685
2223
1192
114
200
1522
2964
3386
2950
2148
1584
2153
3322
4066
3620
2131
899
865
1773
2583
2314
832
-687
-1369
-957
-187
-19
-681
-2040
-3026
-3147
-2448
-1519
-1407
-2277
-3260
-3440
-2488
-1153
-543
-757
-1348
-1561
-1038
76
1048
1173
566
164
686
1680
2367
2176
1607
1299
1643
2564
3002
2601
2106
2037
2481
2875
3028
2959
2436
1752
1681
2279
2712
2337
1523
983
876
895
805
789
557
-7
-632
-724
-393
-130
-279
-799
-1053
-1247
-1434
-1402
-1045
-700
-943
-1623
-2027
-1874
-1488
-1355
-1160
-1125
-1519
-2068
-2328
-1947
-1328
-1059
-1485
-2185
-2733
-2408
-860
307
336
-791
-1881
-1722
-822
558
1248
385
-1304
-1765
-227
1690
2043
1006
-76
-605
-208
1210
2714
2793
1125
-188
358
1910
3185
3335
2399
1119
85
770
2315
2861
1931
305
-545
-479
7
648
621
-561
-2158
-2856
-1911
-726
-773
-1799
-2930
-3156
-2445
-1754
-1535
-1839
-2598
-2895
-2579
-1720
-824
-868
-1582
-1940
-1263
1
665
417
176
259
947
1791
2513
2649
2135
1866
2346
3204
3646
3418
2919
2676
2670
2951
3182
2930
2442
1952
1644
1566
1416
1258
1051
516
-54
-556
-758
-809
-906
-1048
-1396
-1778
-2085
-2127
-2053
-2152
-2320
-2356
-2351
-2410
-2371
-2228
-1808
-1571
-1658
-1889
-1792
-1102
-577
-603
-936
-821
-496
-550
-745
-453
315
664
909
521
-322
-1013
-604
1084
1580
618
-757
-1063
-421
882
2160
2050
342
-982
-59
1892
2699
2425
2160
1687
917
1301
3466
4848
3741
1843
1268
2341
3127
3456
3351
2369
819
108
1010
2127
1867
393
-942
-1619
-1506
-1033
-805
-1435
-2853
-3868
-3684
-2872
-2421
-3093
-4276
-4541
-3993
-3258
-2887
-2901
-2908
-2952
-2709
-1920
-949
-726
-1133
-1086
213
1607
1825
1205
803
1320
2308
3043
3257
2759
1986
1860
2424
3264
3480
2727
1745
1164
1255
1638
1595
972
73
-556
-700
-694
-807
-1289
-1938
-2339
-2406
-2213
-2137
-2457
-2785
-2890
-2785
-2551
-2422
-2246
-2030
-1927
-1849
-1733
-1564
-1250
-850
-532
-387
-523
-490
-423
-318
-108
-50
-145
-675
-1521
-1084
74
1134
579
-1183
-1988
-1738
-510
140
262
-569
-1724
-1859
-498
1035
816
-133
-264
574
1080
1205
2062
2882
2376
1658
2274
4033
4644
3505
2965
3193
3546
3599
3927
4143
3177
1513
1029
1906
2338
1630
265
-684
-1166
-1237
-818
-799
-1641
-3038
-3743
-3187
-2327
-2016
-2409
-3342
-3841
-3349
-2316
-1138
-832
-1368
-2006
-1912
-550
1004
1408
858
429
861
1866
2563
3035
3088
2736
2689
3145
3857
3951
3457
3021
2962
3090
3143
2989
2576
2069
1621
1469
1281
954
464
-48
-334
-477
-647
-1018
-1429
-1604
-1385
-1327
-1495
-1777
-1922
-1671
-1356
-1083
-1109
-1345
-1620
-1541
-1166
-624
-452
-697
-1052
-1495
-1131
-743
-347
-556
-1180
-1471
-1775
-1673
-1605
-1523
-2097
-2196
-1794
-948
-1122
-2651
-3173
-2756
-1445
-1015
-1339
-1969
-2588
-2449
-973
681
785
-340
-1207
-306
1008
1889
2547
2742
1941
1250
1897
3812
4816
3475
2135
1662
2236
2691
3002
3038
2045
375
-405
353
1231
1023
-476
-1631
-2253
-2262
-1807
-1613
-1925
-2888
-3763
-3841
-3269
-2849
-2720
-3322
-3741
-3551
-3024
-2360
-2143
-2178
-2041
-1661
-1100
-277
117
384
504
792
1503
1924
2149
2181
2363
2810
3108
3266
3193
3049
3082
3306
3498
3421
3111
2827
2767
2714
2783
2746
2509
2102
1704
1664
1732
1708
1538
1187
871
667
475
462
466
434
370
133
-154
-364
-234
-4
3
-346
-709
-804
-633
-603
-665
-677
-793
-1024
-1494
-1694
-1361
-1107
-1203
-1751
-2460
-2659
-2400
-2249
-1931
-1515
-904
-977
-2530
-3267
-2235
-238
484
-557
-1653
-2012
-1613
-88
1876
1991
-8
-1693
-511
1840
2519
2125
2037
1581
577
706
2907
4615
3031
792
660
1950
2275
1789
1899
1683
-10
-1367
-608
581
79
-1835
-2761
-2629
-2936
-3261
-3169
-3250
-4245
-5290
-4948
-3851
-3727
-4361
-4825
-4707
-4316
-3955
-3299
-2826
-2937
-3039
-2588
-1712
-953
-780
-739
-646
-283
577
1210
1405
1296
1538
2375
3041
3251
3166
3078
3235
3704
4325
4634
4201
3566
3520
3930
4273
4122
3655
3186
2714
2466
2556
2672
2546
2072
1458
1003
622
472
471
358
148
-269
-778
-1247
-1496
-1227
-915
-989
-1465
-2099
-2181
-1888
-1434
-1140
-1198
-1423
-1553
-1427
-1064
-701
-472
-587
-910
-1103
-946
-511
-523
-425
-204
436
420
-399
-847
-504
611
1036
828
251
-79
89
955
2318
2698
1779
794
1199
2440
3137
3029
2946
2768
2314
2161
2995
3898
3357
1946
1176
1579
1937
1862
1373
690
-363
-1177
-945
-511
-923
-2308
-3271
-3429
-3396
-3488
-3628
-3969
-4784
-5423
-5227
-4421
-4187
-4663
-5119
-5060
-4590
-4076
-3511
-3279
-3382
-3358
-2626
-1628
-1200
-1245
-1123
-404
434
1139
1544
1709
1701
1989
2948
3916
4150
3740
3476
3726
4232
4654
4880
4674
4159
3650
3561
3751
3631
3204
2554
1939
1490
1233
1143
813
176
-497
-984
-1288
-1441
-1500
-1642
-2036
-2524
-2661
-2533
-2528
-2687
-2715
-2536
-2373
-2437
-2371
-2059
-1844
-1722
-1642
-1291
-1067
-1180
-1246
-1054
-579
-365
-215
-258
-391
-591
-670
-349
160
741
1023
1016
437
-58
65
1007
1973
2052
1344
608
724
1563
2716
3193
2719
1742
1444
2154
2968
3213
2855
2411
2033
2042
2403
2814
2584
1644
891
860
1246
1215
685
-122
-799
-1146
-1092
-983
-1300
-2182
-3092
-3379
-3231
-3003
-3122
-3516
-4086
-4416
-4205
-3669
-3248
-3312
-3582
-3645
-3200
-2445
-1765
-1365
-1254
-1159
-673
100
817
1307
1454
1645
1999
2627
3291
3649
3645
3633
4020
4542
4779
4545
4215
4106
4250
4395
4291
3917
3396
2897
2625
2580
2373
1881
1250
783
475
202
-160
-577
-971
-1301
-1505
-1667
-1873
-2209
-2534
-2746
-2802
-2801
-2854
-2948
-3025
-3045
-3053
-3064
-2961
-2706
-2476
-2427
-2548
-2558
-2287
-1907
-1639
-1518
-1536
-1540
-1564
-1323
-819
-380
-271
-701
-1021
-979
-556
-39
363
613
422
-27
-304
-81
507
990
968
455
-9
-17
568
1297
1460
970
288
129
578
978
1005
615
145
-36
153
527
537
5
-679
-851
-490
-114
-104
-490
-913
-1249
-1297
-1064
-753
-760
-1133
-1458
-1443
-1153
-963
-883
-845
-816
-731
-581
-307
-40
151
212
215
422
722
1042
1239
1282
1468
1719
1849
1790
1866
2227
2539
2639
2700
2804
2794
2684
2696
3087
3437
3323
2894
2624
2749
2995
3141
3130
2864
2392
1977
1831
1913
1864
1465
934
538
323
186
-20
-336
-766
-1197
-1466
-1614
-1830
-2131
-2409
-2618
-2801
-2926
-2992
-3132
-3367
-3507
-3303
-2980
-2785
-2790
-2788
-2585
-2356
-2030
-1631
-1317
-1237
-1237
-991
-444
-8
123
117
204
409
577
797
930
972
931
867
819
753
586
377
244
272
300
158
-228
-849
-1248
-1330
-1135
-1029
-1283
-1775
-2178
-2189
-1983
-1795
-1820
-1983
-2166
-2119
-1760
-1302
-1092
-1128
-1077
-824
-400
-105
29
111
260
429
634
833
980
1024
968
978
1072
1183
1083
879
742
676
701
656
540
321
58
-87
-47
116
239
178
83
31
67
302
581
770
750
748
956
1304
1636
1833
1937
2007
2154
2396
2711
2901
2883
2776
2750
2833
2898
2852
2636
2376
2163
2070
2025
1864
1525
1070
717
550
464
298
-22
-393
-726
-886
-909
-979
-1168
-1368
-1448
-1427
-1457
-1572
-1584
-1536
-1493
-1434
-1348
-1232
-1164
-1043
-871
-730
-679
-663
-552
-451
-409
-285
-57
48
-88
-291
-337
-243
-143
-143
-245
-432
-674
-831
-844
-791
-811
-948
-1133
-1261
-1325
-1351
-1339
-1261
-1149
-1087
-1172
-1327
-1282
-983
-616
-493
-667
-924
-996
-769
-463
-255
-347
-612
-807
-775
-578
-433
-454
-628
-747
-780
-694
-608
-584
-639
-695
-693
-660
-601
-574
-591
-619
-560
-413
-272
-261
-314
-276
-99
145
308
390
397
403
634
980
1253
1298
1181
1175
1334
1518
1701
1791
1731
1573
1499
1620
1769
1771
1568
1366
1315
1377
1411
1325
1102
804
688
822
1021
966
646
315
203
310
463
538
416
163
-84
-58
235
523
513
327
226
240
410
592
756
790
679
516
458
496
577
614
561
421
188
48
13
22
-2
-125
-294
-380
-420
-368
-283
-274
-281
-318
-246
-138
-94
-41
18
152
325
426
476
475
422
403
527
731
769
630
467
372
443
539
517
314
52
-143
-221
-229
-327
-530
-822
-1058
-1151
-1247
-1380
-1617
-1881
-2042
-2090
-2060
-2054
-2152
-2294
-2283
-2156
-1954
-1856
-1829
-1784
-1706
-1546
-1327
-1051
-831
-733
-704
-521
-304
-56
78
97
188
326
522
627
668
654
734
876
965
948
826
690
630
719
782
745
505
251
152
182
259
246
76
-151
-227
-176
-114
-124
-164
-188
-140
-82
-47
-35
-90
-55
20
119
145
86
-13
-165
-174
-56
45
1
-161
-337
-459
-523
-430
-299
-259
-365
-533
-537
-358
-62
145
177
112
110
280
591
886
992
932
886
1023
1329
1605
1689
1619
1563
1618
1783
1957
1920
1733
1550
1514
1630
1700
1641
1436
1194
989
875
829
720
481
148
-137
-255
-281
-362
-514
-709
-847
-1005
-1137
-1214
-1292
-1338
-1344
-1339
-1407
-1472
-1476
-1380
-1306
-1250
-1192
-1154
-1136
-1195
-1114
-879
-648
-578
-658
-699
-630
-499
-277
-92
-75
-230
-408
-341
-114
65
69
-86
-235
-303
-243
-82
19
-42
-156
-229
-238
-220
-179
-109
-109
-153
-192
-167
-105
-105
-185
-291
-348
-289
-225
-257
-373
-521
-630
-569
-441
-421
-513
-701
-841
-848
-758
-648
-613
-684
-735
-725
-635
-532
-489
-472
-406
-259
-133
3
106
127
119
201
423
682
782
674
643
749
919
1049
1074
1050
1036
1074
1163
1272
1257
1164
1058
1018
1046
1136
1179
1102
962
830
777
740
681
576
523
460
352
248
170
142
113
81
69
77
24
-80
-129
-63
38
82
81
43
-26
-32
89
268
311
192
64
69
166
269
314
290
228
185
206
303
403
409
369
328
346
378
444
514
549
588
622
590
491
417
432
519
569
538
431
330
259
257
318
323
209
-37
-223
-253
-234
-275
-398
-558
-731
-847
-936
-1012
-1129
-1287
-1421
-1485
-1477
-1473
-1464
-1530
-1606
-1602
-1477
-1274
-1124
-1069
-1052
-1008
-907
-676
-393
-193
-185
-205
-115
87
310
465
546
561
534
542
679
790
824
799
714
664
662
680
656
594
474
374
284
153
76
11
-68
-222
-415
-555
-605
-645
-718
-788
-856
-888
-914
-930
-910
-881
-872
-875
-866
-807
-702
-589
-502
-471
-502
-488
-388
-254
-145
-114
-184
-307
-301
-160
3
46
-24
-60
-51
-39
33
154
285
347
330
421
553
627
690
794
933
1026
1041
1063
1122
1220
1337
1374
1329
1246
1231
1307
1402
1409
1277
1099
959
937
978
954
799
570
410
372
372
243
45
-148
-279
-291
-281
-321
-416
-546
-629
-572
-463
-416
-439
-500
-488
-333
-152
-75
-85
-58
54
183
301
416
483
468
452
486
586
680
665
596
535
537
556
522
451
361
274
191
145
73
-64
-236
-393
-465
-523
-613
-782
-954
-1049
-1080
-1112
-1177
-1241
-1278
-1266
-1242
-1219
-1219
-1212
-1215
-1182
-1100
-1030
-1022
-1053
-1051
-1004
-899
-825
-843
-945
-991
-928
-798
-722
-775
-873
-939
-892
-774
-645
-604
-651
-689
-630
-503
-412
-371
-377
-366
-328
-249
-123
-41
-26
-6
81
182
245
277
318
404
513
583
604
616
611
645
732
801
783
669
561
536
568
587
546
460
352
251
209
236
280
266
212
152
119
128
170
246
319
357
367
396
501
627
747
843
931
1009
1064
1155
1291
1431
1498
1494
1476
1486
1516
1552
1593
1602
1570
1487
1447
1492
1516
1440
1321
1227
1130
1043
985
925
821
634
481
401
354
276
160
48
-82
-197
-261
-289
-334
-423
-534
-629
-729
-817
-841
-828
-848
-919
-1022
-1144
-1190
-1149
-1107
-1108
-1168
-1276
-1348
-1329
-1241
-1124
-1093
-1182
-1294
-1299
-1152
-983
-923
-977
-1031
-1038
-947
-803
-699
-640
-651
-675
-623
-473
-344
-305
-318
-331
-307
-257
-201
-183
-183
-191
-209
-266
-311
-322
-313
-321
-373
-432
-493
-547
-601
-611
-563
-518
-544
-608
-603
-566
-508
-437
-374
-341
-341
-351
-311
-174
-38
-4
-42
-13
61
144
253
355
419
420
411
461
606
713
728
718
733
764
780
834
909
950
932
927
945
945
933
966
1025
1020
975
937
970
1016
1028
1039
1044
1025
1001
1037
1129
1203
1172
1089
1005
995
1040
1083
1078
965
791
654
636
664
632
505
329
159
37
18
22
-23
-138
-300
-415
-471
-468
-483
-539
-611
-704
-744
-715
-682
-668
-657
-639
-611
-587
-527
-433
-357
-291
-219
-186
-155
-132
-90
-35
18
68
50
-15
-90
-129
-100
-57
-89
-202
-355
-469
-474
-428
-370
-420
-577
-717
-774
-752
-715
-723
-778
-849
-920
-942
-904
-808
-769
-810
-857
-843
-765
-686
-607
-522
-434
-410
-389
-335
-228
-129
-112
-98
-79
-47
-19
-9
6
6
-40
-98
-102
-42
-17
-92
-152
-144
-133
-126
-131
-109
-83
-85
-107
-80
49
187
275
308
307
322
403
516
619
669
691
673
649
677
776
866
868
806
711
672
684
714
705
681
638
516
377
301
296
270
187
65
-54
-153
-225
-228
-204
-211
-278
-350
-379
-363
-299
-188
-103
-82
-98
-56
61
173
254
318
377
388
387
440
542
605
558
496
492
523
527
556
575
542
497
468
500
528
493
397
325
286
263
232
198
171
99
52
57
84
58
-5
-46
-57
-32
22
72
64
18
-24
5
73
116
95
32
-32
-106
-129
-98
-113
-213
-312
-427
-529
-565
-591
-620
-700
-818
-900
-907
-888
-884
-928
-955
-962
-926
-856
-804
-797
-827
-809
-731
-624
-530
-460
-444
-431
-379
-277
-162
-78
-26
-15
0
49
159
272
330
291
238
237
245
298
333
296
205
98
25
0
-7
-46
-132
-246
-321
-338
-331
-348
-413
-495
-540
-522
-485
-482
-503
-525
-542
-519
-459
-418
-420
-443
-462
-469
-447
-418
-409
-407
-422
-406
-360
-294
-268
-280
-283
-248
-171
-83
-24
7
3
16
125
265
351
362
353
369
468
593
712
776
770
765
831
950
1061
1118
1126
1129
1160
1234
1289
1325
1299
1219
1139
1110
1092
1045
961
863
780
704
651
603
531
414
283
171
77
2
-49
-106
-187
-298
-402
-436
-460
-495
-559
-622
-670
-686
-685
-674
-645
-651
-650
-631
-568
-512
-479
-446
-397
-354
-295
-219
-151
-99
-67
-33
-1
53
103
163
195
208
225
248
285
305
326
328
349
370
381
388
366
350
331
315
296
266
207
136
56
8
-15
-65
-144
-252
-347
-397
-444
-498
-561
-649
-735
-785
-791
-819
-874
-923
-955
-958
-968
-960
-934
-898
-850
-792
-750
-721
-679
-623
-540
-430
-355
-313
-280
-220
-99
22
105
157
180
228
334
477
630
711
727
723
740
801
856
867
842
795
752
730
739
745
713
658
584
521
453
422
391
361
317
243
175
123
107
96
62
5
-63
-122
-135
-109
-91
-93
-104
-127
-133
-123
-67
-7
18
-3
-45
-38
-3
37
60
74
64
53
84
149
218
239
212
211
252
321
419
495
509
464
432
480
569
638
620
546
461
420
432
481
509
449
357
264
243
264
256
208
127
32
-41
-67
-76
-130
-213
-308
-388
-455
-544
-646
-714
-766
-812
-859
-896
-927
-950
-941
-915
-896
-905
-916
-916
-861
-792
-726
-677
-649
-619
-559
-483
-391
-301
-215
-147
-103
-54
-8
63
137
183
197
199
226
275
325
368
363
323
279
251
235
227
208
136
65
24
16
3
-37
-89
-159
-213
-263
-310
-361
-403
-435
-460
-491
-532
-536
-531
-525
-517
-513
-532
-552
-553
-514
-475
-436
-433
-434
-416
-374
-304
-250
-212
-195
-164
-112
-5
109
196
279
343
407
497
600
728
810
853
877
910
985
1052
1104
1121
1109
1102
1128
1180
1211
1215
1196
1144
1113
1086
1095
1069
999
882
767
713
679
627
545
438
312
195
116
90
39
-67
-184
-263
-306
-325
-348
-369
-406
-459
-485
-473
-456
-465
-470
-462
-460
-449
-414
-383
-354
-326
-293
-246
-188
-141
-106
-60
-4
39
51
73
91
116
148
156
175
177
150
133
114
105
107
100
65
-1
-70
-105
-135
-192
-262
-323
-396
-473
-551
-609
-655
-713
-768
-839
-897
-958
-1014
-1033
-1043
-1046
-1050
-1077
-1109
-1109
-1081
-1037
-1022
-1014
-1007
-989
-939
-878
-820
-772
-728
-680
-603
-520
-458
-412
-380
-330
-264
-185
-103
-58
-36
-4
60
143
226
285
315
334
373
460
576
651
672
669
668
723
817
904
914
868
814
800
842
882
863
806
747
703
690
703
714
673
587
495
442
434
400
321
245
202
175
137
92
41
4
-11
-1
5
-4
-28
-77
-72
-17
61
117
129
116
119
184
265
345
394
427
438
473
545
628
702
743
750
772
808
823
836
818
791
756
708
661
592
516
437
368
298
207
98
-16
-110
-184
-240
-289
-336
-393
-466
-529
-550
-551
-578
-621
-665
-695
-709
-707
-721
-738
-745
-749
-735
-714
-711
-711
-707
-694
-683
-662
-631
-627
-619
-580
-533
-508
-491
-490
-478
-446
-414
-384
-354
-326
-324
-311
-278
-241
-217
-185
-146
-105
-48
3
59
110
176
237
300
370
412
446
473
494
508
516
510
489
455
416
375
347
316
259
195
128
66
4
-32
-74
-123
-180
-236
-270
-307
-355
-383
-398
-428
-460
-473
-471
-460
-448
-423
-384
-340
-295
-240
-163
-91
-29
39
116
191
276
346
398
444
489
528
565
597
608
599
570
544
528
518
510
493
483
474
460
452
442
441
452
450
428
398
380
365
355
346
322
279
234
188
164
162
131
74
24
-19
-35
-31
-21
-21
-65
-105
-134
-138
-137
-166
-208
-264
-323
-360
-377
-409
-463
-529
-585
-612
-612
-611
-623
-635
-625
-590
-535
-468
-403
-353
-305
-238
-153
-65
-5
20
55
120
191
248
286
287
271
282
307
330
337
316
284
274
289
296
286
272
237
213
211
187
157
121
69
21
3
-11
-38
-92
-148
-195
-223
-230
-247
-262
-286
-306
-303
-282
-250
-229
-221
-223
-213
-193
-182
-176
-169
-167
-174
-193
-211
-220
-226
-238
-249
-246
-246
-238
-219
-187
-156
-121
-86
-52
-9
37
90
137
184
219
243
276
301
333
367
382
373
362
360
374
389
387
374
357
355
356
356
344
313
269
228
202
172
122
60
-1
-58
-106
-149
-196
-243
-289
-335
-358
-364
-362
-357
-342
-331
-322
-293
-248
-203
-152
-109
-77
-28
26
66
113
155
171
189
213
229
236
240
245
244
247
246
240
237
233
220
214
214
200
180
168
161
152
149
136
120
108
92
72
52
21
-15
-29
-32
-48
-70
-88
-108
-117
-116
-124
-141
-168
-187
-191
-189
-206
-241
-271
-308
-350
-381
-406
-437
-479
-525
-547
-557
-563
-560
-557
-546
-531
-504
-453
-390
-339
-302
-266
-207
-137
-66
7
58
94
129
166
226
285
310
315
330
352
384
423
441
434
421
409
412
426
421
385
333
288
264
262
249
211
153
99
61
40
24
-3
-43
-85
-110
-115
-97
-90
-99
-109
-118
-111
-82
-54
-29
-23
-31
-28
-7
21
32
17
-1
-13
-6
9
5
-14
-35
-52
-49
-24
-9
-13
-31
-38
-18
22
52
61
69
81
102
130
155
169
165
162
166
181
197
199
188
180
177
170
167
169
160
143
124
114
104
91
63
23
-11
-36
-67
-109
-156
-204
-247
-280
-312
-344
-364
-389
-415
-424
-419
-416
-413
-407
-393
-362
-321
-282
-253
-218
-179
-140
-87
-42
-11
19
47
87
133
168
191
204
218
241
262
276
270
255
249
248
253
257
249
229
207
191
186
176
151
121
96
77
60
46
31
10
-16
-40
-53
-56
-59
-69
-83
-94
-95
-88
-81
-79
-81
-83
-80
-76
-76
-79
-85
-92
-96
-97
-95
-102
-110
-115
-118
-114
-113
-115
-108
-102
-95
-79
-61
-45
-35
-20
5
32
55
66
78
98
119
135
150
157
160
167
167
170
171
161
144
131
126
123
114
95
69
45
29
10
-9
-28
-61
-93
-107
-120
-132
-148
-170
-189
-200
-198
-185
-174
-172
-175
-165
-141
-107
-76
-55
-40
-18
19
54
88
110
124
140
159
179
198
212
213
201
193
200
205
202
187
163
142
131
136
138
119
92
67
51
46
41
26
4
-17
-32
-35
-31
-32
-50
-79
-105
-121
-121
-118
-115
-112
-123
-125
-107
-96
-97
-106
-117
-128
-126
-111
-101
-107
-117
-127
-128
-121
-123
-120
-116
-125
-129
-119
-95
-71
-64
-63
-56
-39
-14
6
23
28
16
19
49
69
73
74
72
60
42
34
28
19
1
-16
-12
-6
-10
-4
-2
-32
-63
-72
-74
-76
-81
-85
-83
-83
-91
-99
-97
-99
-109
-103
-98
-91
-66
-45
-37
-22
-12
-5
29
76
112
135
157
175
190
209
214
213
205
199
205
223
231
225
212
187
165
151
158
175
161
137
126
122
110
98
81
45
10
-4
14
31
18
-8
-17
-28
-51
-45
-42
-64
-78
-95
-107
-98
-73
-73
-76
-75
-68
-35
1
8
-10
-24
-43
-38
-18
-31
-43
-48
-57
-56
-35
-38
-55
-52
-58
-62
-44
-20
-1
6
-6
-16
6
4
-19
-18
-28
-46
-26
4
11
23
34
18
-1
-18
-50
-72
-82
-103
-107
-102
-105
-86
-67
-85
-101
-103
-125
-131
-101
-90
-103
-112
-123
-141
-145
-153
-152
-140
-139
-120
-65
-19
7
39
51
33
30
61
100
116
108
105
128
147
159
182
180
163
164
185
204
201
174
137
112
73
45
45
40
21
1
-12
6
43
30
-16
-32
-39
-54
-48
-43
-70
-96
-104
-108
-84
-73
-82
-61
-53
-72
-52
-10
8
30
50
46
63
99
91
75
74
65
66
92
110
110
127
119
109
114
92
83
75
51
23
39
56
58
75
75
76
73
47
39
77
81
51
71
77
34
10
4
-41
-87
-106
-125
-111
-104
-106
-100
-100
-103
-88
-63
-50
-54
-74
-111
-119
-92
-104
-132
-135
-150
-164
-157
-145
-154
-154
-142
-151
-130
-95
-42
-25
-33
-20
-15
-8
-11
-37
-38
4
41
99
134
153
161
145
133
108
64
36
4
-40
-50
-53
-54
-48
-47
-53
-13
27
52
85
127
93
52
35
-11
-63
-143
-188
-219
-244
-275
-285
-278
-272
-235
-224
-212
-208
-241
-227
-199
-155
-141
-121
-113
-119
-124
-169
-139
-102
-79
-68
567
842
625
870
774
384
-13
56
177
263
274
399
1025
1256
1080
1193
1175
447
278
754
591
449
526
52
-191
-169
-599
-1474
-1562
-999
-922
-863
-897
-839
-845
-1376
-1863
-1664
-1755
-2037
-1095
-325
-524
-441
-185
-202
-131
-238
-156
351
755
1195
1550
1704
1469
1408
1470
1126
1363
1602
1621
1921
2031
1972
1644
1279
894
654
423
124
127
19
-328
-746
-990
-1366
-1715
-1664
-1654
-1534
-1357
-1290
-1233
-1246
-1386
-1358
-1082
-936
-697
-339
-45
127
193
207
236
531
743
861
1028
1017
954
894
813
691
660
651
529
512
424
272
121
-52
-256
-399
-390
-397
-399
-535
-678
-683
-723
-771
-703
-659
-546
-319
-177
-95
-78
19
174
264
419
548
591
600
555
536
461
305
222
201
169
142
82
-82
-280
-465
-617
-714
-728
-689
-649
-646
-694
-702
-757
-807
-756
-573
-309
-42
127
224
298
248
271
436
490
557
717
822
856
841
803
730
625
572
568
562
553
455
323
167
-2
-149
-299
-414
-426
-404
-391
-359
-387
-449
-498
-453
-421
-386
-221
-25
97
235
328
376
417
366
337
369
455
504
470
444
429
329
206
118
35
-54
-137
-176
-224
-301
-344
-408
-493
-516
-597
-615
-563
-545
-433
-309
-238
-141
-55
-17
15
107
188
271
393
566
720
761
786
762
686
605
495
416
392
374
312
217
129
5
-147
-311
-467
-498
-508
-530
-535
-543
-574
-647
-635
-572
-495
-420
-346
-222
-142
-101
-56
-32
11
52
107
188
262
300
292
289
284
243
188
153
159
170
200
200
185
153
54
-7
-48
-89
-95
-143
-222
-261
-312
-337
-356
-359
-309
-275
-209
-159
-125
-60
-41
-12
52
131
177
217
272
281
293
256
152
101
76
93
64
27
-31
-163
-246
-272
-261
-276
-288
-249
-220
-202
-204
-190
-131
-85
-4
43
105
148
150
132
100
69
9
15
16
16
45
55
93
133
109
110
153
158
188
243
248
260
280
208
137
87
54
78
125
142
169
175
157
151
145
119
85
106
121
132
106
102
109
96
99
115
161
169
141
143
125
58
5
-25
-78
-123
-130
-148
-160
-155
-132
-112
-97
-104
-90
-95
-122
-106
-68
-66
-66
-33
-65
-102
-86
-122
-140
-120
-88
-44
-48
-39
-47
-66
-88
-100
-90
-119
-122
-105
-101
-100
-93
-100
-71
-52
-74
-25
50
65
93
115
121
115
113
140
147
183
201
181
202
231
207
175
149
99
51
20
-23
-29
-48
-140
-171
-149
-167
-196
-166
-141
-144
-128
-119
-108
-59
-86
-106
-62
-87
-109
-91
-71
-47
-20
-4
1
15
-2
-30
-14
-19
-29
13
27
30
41
42
14
0
1
-12
-2
7
-12
-16
-19
-29
-35
-52
-62
-69
-54
-49
-27
1
-9
5
35
33
21
27
19
18
13
-25
-9
26
12
-7
-8
2
-9
-27
-29
-13
-23
-47
-31
-34
-58
-70
-77
-77
-73
-29
14
65
106
96
91
79
55
45
40
64
102
126
141
136
116
80
21
16
35
37
57
65
34
-16
-64
-131
-184
-203
-212
-180
-137
-127
-118
-122
-145
-176
-174
-157
-144
-100
-90
-90
-70
-105
-142
-132
-110
-90
-57
-19
3
19
19
6
8
3
0
48
96
109
112
119
102
64
38
32
56
73
76
85
69
40
21
-19
-50
-40
-15
7
31
56
62
43
21
10
2
-1
-6
10
24
17
19
19
16
1
-9
-11
-15
4
27
42
60
73
86
82
74
82
83
83
112
146
163
165
161
132
77
34
-2
-8
4
6
17
15
12
5
-9
-12
-9
18
33
41
55
48
29
-4
-22
-38
-50
-13
17
33
53
52
51
36
14
3
-10
0
24
34
31
6
-16
-37
-80
-90
-72
-64
-49
-40
-65
-97
-111
-137
-142
-112
-84
-51
-12
4
7
11
7
29
68
94
147
205
208
173
138
88
35
1
-16
-8
-19
-29
-28
-74
-131
-169
-194
-208
-201
-156
-110
-84
-75
-92
-115
-140
-140
-112
-81
-22
33
63
81
79
65
38
41
86
130
168
200
207
182
128
78
38
15
4
3
20
2
-24
-54
-106
-150
-178
-183
-167
-145
-124
-121
-118
-123
-139
-137
-119
-82
-23
24
67
99
108
110
98
90
85
79
98
113
106
97
83
51
23
10
5
21
39
42
48
41
9
-23
-52
-81
-93
-85
-71
-52
-33
-37
-45
-34
-31
-31
-16
-3
23
40
43
43
45
51
39
40
50
50
58
58
57
53
35
23
7
-6
-20
-33
-40
-52
-56
-60
-75
-73
-59
-47
-34
-5
42
65
72
81
84
82
70
72
80
78
78
87
92
75
54
47
23
0
-15
-30
-39
-47
-65
-92
-115
-122
-128
-132
-136
-137
-121
-120
-121
-109
-116
-118
-98
-81
-67
-38
-6
-4
-8
-6
8
28
37
63
98
100
95
100
91
63
48
50
61
72
73
64
51
29
-6
-23
-27
-20
-9
-8
1
1
-9
-26
-31
-23
-20
-5
25
41
36
21
10
-5
-9
-11
-5
18
19
15
13
-11
-31
-38
-44
-36
-27
-10
6
7
-9
-34
-46
-57
-64
-54
-38
-14
4
6
5
-2
-8
-12
-1
20
32
44
65
71
54
44
42
42
53
63
75
97
97
80
75
58
39
36
19
5
6
5
-1
-2
-14
-37
-38
-39
-38
-24
-26
-27
-21
-26
-31
-28
-27
-32
-28
-18
-10
4
19
23
23
24
28
43
53
55
57
59
54
50
51
40
22
11
3
-3
-9
-9
-18
-32
-42
-56
-69
-79
-96
-108
-110
-105
-95
-77
-68
-64
-51
-35
-19
-3
6
18
36
42
42
43
36
32
30
27
22
24
21
9
1
-3
-12
-21
-30
-38
-50
-53
-51
-53
-55
-60
-58
-50
-50
-48
-41
-39
-30
-11
-4
1
16
26
31
40
38
45
53
44
50
57
59
60
51
29
13
11
3
0
2
-8
-13
-20
-32
-41
-58
-67
-56
-38
-21
0
17
21
21
20
31
47
68
94
114
130
140
135
119
107
90
81
86
93
96
85
56
24
-1
-34
-59
-68
-76
-82
-85
-97
-121
-137
-158
-176
-177
-165
-142
-124
-114
-108
-104
-97
-96
-81
-49
-18
22
58
80
91
91
91
99
119
135
149
171
180
172
156
133
116
106
94
91
101
106
92
73
49
25
13
4
7
11
15
17
13
1
-15
-27
-41
-44
-37
-32
-38
-51
-71
-93
-117
-132
-130
-129
-126
-122
-121
-127
-134
-149
-163
-154
-139
-124
-107
-91
-84
-84
-82
-72
-51
-30
-7
25
55
74
88
99
107
112
121
135
156
174
176
175
166
153
140
129
119
107
103
96
82
65
39
13
-11
-32
-40
-42
-47
-54
-63
-72
-85
-94
-102
-102
-99
-107
-105
-103
-110
-120
-130
-133
-130
-127
-122
-115
-104
-102
-97
-92
-85
-77
-68
-53
-36
-19
-3
9
22
33
45
60
77
94
106
120
130
139
150
151
154
161
162
161
156
145
131
123
109
92
87
75
55
36
14
-6
-21
-37
-52
-60
-64
-76
-78
-83
-90
-92
-91
-86
-76
-61
-55
-47
-33
-32
-32
-25
-17
-7
1
7
11
12
5
-9
-9
-13
-14
-8
-9
-11
-11
-19
-28
-28
-30
-25
-14
-3
6
18
19
15
21
27
33
44
56
63
69
69
61
61
60
