-13
-26
-30
-28
-16
-4
10
22
25
24
14
0
-14
-24
-28
-26
-19
-7
9
22
30
30
22
10
-3
-17
-23
-24
-18
-10
2
15
23
24
19
10
0
-9
-16
-16
-12
-4
8
22
28
29
22
12
-3
-14
-25
-29
-26
-16
-1
15
27
34
37
32
20
4
-9
-21
-24
-22
-12
-1
11
18
19
12
0
-10
-20
-30
-32
-28
-18
-6
5
13
14
7
-4
-17
-31
-43
-50
-48
-40
-30
-15
1
9
9
6
-4
-18
-32
-38
-40
-35
-28
-15
-6
-1
-4
-9
-13
-25
-34
-38
-38
-29
-17
-3
7
10
9
0
-14
-28
-38
-42
-41
-35
-24
-11
-2
4
2
-7
-17
-24
-25
-25
-24
-18
-12
-6
-2
-3
-8
-16
-27
-35
-34
-31
-21
-10
2
12
16
18
16
9
-1
-11
-16
-15
-7
7
18
22
24
22
20
13
5
-6
-17
-19
-9
8
23
30
32
29
19
8
-5
-18
-25
-23
-11
4
18
34
44
40
29
16
1
-5
-7
-5
2
11
27
43
53
52
41
28
15
2
-8
-11
-10
-5
3
15
27
36
39
31
18
8
-2
-9
-12
-12
-2
7
17
25
28
27
16
2
-12
-16
-19
-17
-14
-10
4
20
34
35
25
19
14
13
6
-13
-28
-34
-18
6
21
24
26
28
28
27
14
-4
-21
-25
-10
11
32
47
41
30
17
6
-4
-19
-33
-37
-28
-5
22
32
32
18
3
-4
-10
-8
-12
-17
-12
0
15
25
17
2
-12
-14
-2
5
0
-4
-2
12
27
23
10
-7
-12
-6
-4
-3
-2
-1
10
20
17
9
-4
-11
-7
-8
-9
-2
9
35
47
46
34
8
-6
-14
-18
-14
-12
-6
9
24
37
37
19
4
-10
-20
-12
-9
0
12
10
10
8
12
21
18
5
-6
-16
-7
11
14
8
-12
-21
-6
7
18
20
9
8
0
-1
-8
-21
-26
-26
-25
-15
6
22
33
23
-3
-24
-39
-28
-18
-15
-11
-10
7
26
31
21
-6
-35
-45
-42
-33
-21
-23
-17
-2
16
38
31
12
-10
-33
-40
-38
-34
-21
-9
4
14
15
22
22
4
-24
-50
-65
-40
-8
15
17
3
12
28
31
15
-22
-60
-67
-50
-14
8
8
8
-1
-3
8
8
0
-19
-38
-32
-17
10
26
16
-3
-15
-6
3
10
2
-11
-21
-15
11
23
27
18
4
-4
-4
6
4
-15
-27
-18
-1
15
17
9
6
8
27
18
-3
-5
-5
13
14
3
-12
-15
-8
14
4
-7
-6
2
20
18
19
3
2
-8
10
7
2
9
8
16
10
9
-8
-14
-21
0
7
14
20
20
23
26
18
-4
-25
-34
-9
-2
14
14
11
12
4
-4
-23
-37
-30
-11
8
22
31
34
32
24
-11
-35
-58
-60
-43
-19
5
28
26
18
20
-6
-12
-39
-49
-48
-39
-9
15
24
27
16
0
-16
-33
-45
-56
-42
-38
-16
-1
22
38
35
16
11
-5
-24
-34
-43
-39
-30
-2
-3
16
-4
21
15
1
-19
-32
-35
-15
19
1
27
-12
27
22
12
10
-14
-29
-33
-25
-35
-12
-27
14
7
19
30
41
41
28
7
-26
-33
-51
-19
-32
-9
2
22
40
37
37
-4
-21
-38
-20
-8
12
44
47
58
49
44
5
-40
-64
-71
-49
-33
13
27
54
61
72
43
11
-7
-43
-24
-35
9
18
32
38
43
15
-1
-6
-46
-32
-61
-2
19
59
77
74
59
22
22
-28
-45
-65
-53
-22
22
51
78
58
32
21
-23
-52
-44
-54
-16
28
49
86
51
29
10
-21
-56
-48
-72
-29
4
20
58
26
22
7
-3
-20
-7
-25
8
12
9
21
-9
6
-6
-9
-12
-5
10
40
29
14
-13
-48
-27
-25
3
21
22
47
44
37
9
-44
-62
-76
-65
-19
9
45
69
58
56
3
-39
-45
-76
-34
-13
17
66
69
67
51
-13
-62
-81
-88
-45
-2
39
70
69
66
65
9
-30
-44
-63
-29
-1
37
50
43
49
31
-7
-38
-43
-29
-24
7
30
25
36
42
17
-4
-28
-34
-3
-12
26
15
-2
8
-15
-1
-25
-38
-30
1
13
52
52
15
-3
-43
-13
-39
-38
-19
-43
1
34
49
57
2
-20
-43
-67
-36
-45
-33
-27
-12
13
31
12
-8
-40
-75
-59
-54
-5
1
17
28
6
3
-22
-40
-43
-57
-32
-15
1
29
26
38
-10
-27
-61
-60
-39
-15
24
7
44
38
34
28
-19
-45
-50
-36
-15
20
30
36
27
35
23
-12
1
-3
-4
11
24
19
14
16
25
23
3
21
-3
25
31
37
45
-9
6
6
9
9
1
-10
-2
27
59
61
35
20
11
-2
-7
-23
-23
-13
-4
36
48
59
24
32
-9
-45
-40
-48
-39
-19
13
28
51
29
34
-15
-32
-41
-45
-23
4
13
40
41
-7
8
-37
-37
-63
-26
-25
2
29
38
50
-26
1
-63
-57
-50
-36
-6
3
34
51
49
11
20
-43
-79
-72
-36
-33
12
41
35
39
11
31
-23
-21
-33
-4
-18
23
31
1
51
-33
4
-28
-27
2
33
27
34
34
2
17
-37
-27
-44
-30
-8
41
45
63
50
2
-1
-54
-39
-39
-22
-4
26
54
46
50
6
-10
-27
-43
-4
-22
-16
11
-1
9
-9
-23
14
-11
6
61
18
5
20
-21
-18
-33
-15
18
-14
40
31
28
46
7
7
-13
-22
9
18
12
15
4
1
3
14
20
28
10
29
15
15
-1
-14
5
-50
-10
0
13
17
11
47
18
25
31
15
-26
-39
-11
-23
-21
-12
39
17
25
47
16
23
-24
-3
-24
-50
-38
-1
17
-31
35
13
15
12
14
-7
-77
-43
-40
-16
-29
37
25
1
12
-3
18
-44
1
-20
-25
-30
-13
-6
-45
-3
-6
12
16
26
-6
-2
-47
-31
-24
-31
21
9
13
0
-20
-32
5
-45
-15
-14
0
40
32
47
-1
-36
-51
-25
-53
5
-9
11
14
33
51
43
29
-32
-48
-88
-65
-36
27
2
42
38
47
46
17
0
-36
-66
-57
6
-17
39
30
29
40
21
46
-2
-57
-47
-57
-21
24
25
70
30
-7
55
-7
-22
-5
-55
-4
-14
20
60
42
-11
7
-7
-28
12
10
24
-54
-14
-1
3
16
22
0
-41
-29
-8
-7
-38
-3
-10
12
42
31
42
3
-2
0
-41
-38
-42
-20
0
32
76
62
41
36
3
-49
-27
-82
-29
-2
21
106
30
47
-3
-6
-40
-44
-29
-24
14
-18
65
-31
-10
-11
-39
8
-25
39
-13
-17
-27
-45
-37
7
29
21
19
-13
-17
-9
1
-4
43
-8
-24
-14
-26
12
43
26
17
29
-9
11
-8
-37
-40
-29
17
37
35
24
-36
-38
-53
-3
-22
-34
11
-40
18
23
10
-6
-51
-62
-18
17
-1
-21
-36
-59
1
68
97
88
44
28
-48
-52
-67
-46
9
82
146
116
42
0
-15
-54
-49
-78
-30
-4
24
90
65
-8
7
-8
-56
-38
-42
-23
-43
-10
27
37
24
26
8
-4
-33
-52
-46
-82
-24
67
86
80
45
26
5
-21
-17
-21
-4
-3
30
55
55
74
36
49
-52
-53
-78
-46
9
10
92
27
26
-12
-3
-61
-36
-42
-73
-12
-38
50
40
42
-3
-6
-37
-66
-43
-38
-15
31
46
10
66
-24
12
7
3
14
-15
-27
-24
14
57
105
48
28
-20
-75
-63
-7
13
6
21
2
19
10
-36
-14
-25
-34
-16
-29
-65
-31
-46
-6
24
-27
28
-15
-24
-19
11
-31
15
13
20
46
-41
60
10
-16
25
9
5
-6
21
2
17
1
16
-12
-48
41
15
79
27
11
16
-78
-24
2
-7
16
40
46
36
1
12
-25
-70
-80
-62
-25
23
-1
51
4
31
37
2
15
-90
32
3
-8
42
39
31
39
89
22
108
17
3
-46
-71
-1
-20
79
25
121
30
105
48
-12
7
-98
-16
-38
49
53
126
24
38
-9
-30
25
-25
-1
-19
-18
-95
17
9
37
59
49
-2
-31
-34
-49
-58
-83
-20
12
22
4
46
-40
60
-35
-37
-46
-135
-45
-45
-12
33
57
-25
25
-39
8
49
-1
7
-36
-53
-67
-11
34
12
11
48
-27
-45
-54
-71
-42
-83
-39
-49
-63
1
6
-50
32
-43
-72
36
-49
4
-41
5
19
5
3
19
31
7
28
-49
-36
-21
8
-79
-57
27
90
131
29
-52
-121
-82
-43
43
-15
48
6
77
182
-33
-43
-96
77
49
-71
24
14
-26
8
55
10
-88
-59
66
-16
-104
-17
31
27
-54
-101
-1
-3
-11
88
-11
-53
-8
20
32
-16
71
37
-39
11
16
-49
16
69
38
8
-50
71
72
31
22
-33
-42
-7
61
49
145
40
45
102
28
-134
-106
7
76
140
17
55
18
-40
34
-39
-221
-76
-24
-36
24
18
-65
86
65
-109
-35
-135
-7
-8
-187
-62
-36
-41
49
49
13
-30
65
-113
-47
-160
-78
173
-40
-23
-75
106
28
218
5
-66
52
-139
97
-159
-97
-6
160
-42
-23
-43
-141
-12
14
40
-129
12
4
82
-66
-3
0
-46
75
128
-73
-118
133
-191
-57
-121
-68
146
-48
56
53
27
-74
-25
-18
113
39
84
241
-53
53
227
162
170
119
155
195
-20
33
28
69
83
108
180
80
45
123
2
0
9
-5
53
74
109
-67
-199
-60
-48
-146
-59
-80
-10
157
88
38
83
-18
27
16
-123
-94
-79
34
44
106
92
-25
-60
-197
-118
-185
-106
54
-26
62
143
133
114
138
127
170
64
3
48
35
-46
-1
101
-54
-96
-58
-153
-130
-225
-60
-20
-93
-49
6
103
-135
-33
-147
-138
-91
-16
12
-159
-131
-41
-30
-140
-181
-159
-126
-138
99
-9
-60
-103
-42
40
143
147
6
101
-14
112
-9
-77
25
19
226
194
-21
-79
-1
-134
-111
48
-22
-79
-63
18
44
-89
2
67
-11
59
45
68
-51
88
33
38
90
-65
48
-25
15
141
44
-13
60
105
-8
-6
-82
-79
-153
-154
-84
-57
44
47
199
227
186
155
89
-14
88
85
195
211
179
195
70
84
230
1
-155
-6
-148
-47
80
10
90
127
153
311
150
50
158
-29
30
28
-69
-80
-110
28
-40
29
32
27
-129
-185
-89
-230
-146
-174
-78
-61
101
229
98
197
50
-42
-67
-2
-59
7
76
76
215
40
311
163
-28
-136
-286
-152
-200
-82
101
235
164
200
2
-213
-309
-257
-117
-164
-49
60
6
219
86
-2
106
-56
-75
-182
-225
-155
-236
-189
-174
-212
-132
-23
11
36
-137
-264
-364
-447
-326
-301
-80
73
296
324
151
99
247
89
82
-13
-132
383
468
549
413
102
-93
-155
-265
-367
-377
-257
130
135
134
-50
8
92
140
171
-123
-100
-389
-282
-375
-356
-31
-82
-150
-215
-78
-211
-198
-318
-201
-203
-180
82
50
124
189
185
191
263
204
211
437
441
337
223
238
284
299
225
182
173
58
-127
21
-182
-110
62
-142
-79
-408
-277
-239
-366
-230
-85
-189
-42
-190
-296
-196
-368
-68
-243
-179
-93
2
231
118
158
167
67
-7
-38
-229
-74
-131
-84
41
-150
46
84
36
90
114
187
220
238
224
189
254
131
91
36
19
209
123
145
182
133
94
111
37
49
110
40
135
-16
58
132
78
151
111
22
-113
-80
-97
-33
-153
-40
-18
-99
-31
-41
-3
-129
-56
-80
1
20
-4
168
18
18
43
28
9
-57
15
-26
8
-57
-26
-96
-55
104
184
19
57
118
-48
156
64
18
-81
-160
-146
-158
-403
-363
-256
-259
-78
-232
-85
-72
-67
21
11
-26
21
83
103
35
23
41
-191
14
-19
-165
11
41
97
186
129
-19
189
21
59
278
-25
246
135
-87
-113
-2
-44
-245
83
-51
-71
-142
-11
199
103
181
171
174
-10
156
68
-220
-271
-235
-128
-146
32
133
205
121
97
156
-234
-80
-40
-205
253
56
25
159
161
179
258
97
1
45
-5
152
-105
148
56
92
213
133
268
-14
-57
128
232
83
83
-75
-48
52
123
229
-1
126
211
207
321
-59
-54
64
-250
-129
77
-212
-13
225
318
304
-45
112
-276
-179
-133
-208
157
-59
-38
181
66
35
242
-36
88
-60
10
99
-225
80
-57
-81
174
-12
-63
221
-132
-33
-7
-173
-17
-185
154
-85
62
354
128
234
225
58
154
22
-16
70
-324
47
73
-41
306
37
199
116
-263
-86
-153
-225
-111
-101
135
255
79
226
139
44
-40
-110
-112
-220
-119
27
92
67
228
89
1
-22
-123
-30
-131
172
105
-51
113
-36
-38
-173
-2
-85
-191
-199
-100
-30
-216
-2
2
67
-117
104
-43
-171
-64
-388
22
-81
-192
-173
-399
-281
-163
-72
-161
63
-67
-180
21
-218
19
-157
-158
-209
-139
-55
-159
98
-165
-139
-36
25
-109
-121
-193
-175
-81
-92
197
-154
-290
127
6
-138
-195
-281
-170
-111
-76
148
92
-96
162
163
112
91
-28
-67
-47
-224
59
69
-132
26
18
4
-41
-26
-60
-32
45
124
75
197
2
-76
411
310
254
24
14
-54
119
367
127
25
33
186
-227
-317
117
55
-127
366
243
52
-48
-10
160
7
139
279
212
-135
42
116
225
62
10
-259
-345
245
-353
-93
-85
-173
163
-76
84
37
-140
1
-237
-500
0
-170
-79
252
51
302
164
30
37
-398
-136
66
11
46
-133
-171
-53
135
-10
-125
-109
23
-195
122
198
-157
335
43
5
123
-143
-32
83
-58
21
-62
-349
-91
-76
-214
23
-243
-172
141
-213
121
-134
-150
178
29
-305
-48
-51
-234
279
-412
-140
-111
-194
43
-230
-24
-273
-47
82
-193
-285
-315
-258
-110
-96
33
66
-180
75
-75
-254
249
-138
-42
195
-117
72
121
-19
59
168
116
141
124
-116
-220
250
-133
231
336
-268
147
19
84
208
10
-33
297
291
300
217
64
514
-33
229
203
-222
128
21
423
108
111
157
188
445
290
227
109
130
-211
-135
-118
346
573
264
577
19
130
259
391
195
-23
199
251
412
-163
117
51
38
483
-58
-70
187
423
521
207
4
121
139
17
155
-51
166
54
-188
123
-322
-198
-122
37
62
-312
-104
-450
-146
-85
-24
-38
-112
-39
-1
-125
-473
202
-382
-259
-94
-299
-58
-367
55
51
-220
-207
81
-305
-274
-253
-490
-197
-490
-315
-163
-82
19
38
-73
-216
-18
-215
-11
-119
-398
-189
-207
-15
-120
-290
-446
-475
-211
-79
-68
-327
87
285
225
-35
-159
-422
-110
164
-74
111
-123
230
173
206
56
-107
-190
-5
189
-39
116
1
112
105
270
-121
-12
-77
-36
323
-45
266
247
101
246
-137
-24
-46
-128
273
-75
95
24
-105
109
-53
-16
169
43
262
60
-129
200
-169
81
139
-108
312
220
221
198
-189
205
156
109
50
106
116
64
338
166
-193
-133
61
46
133
-9
-34
-146
-190
9
-167
-49
-192
-10
69
-263
-50
-278
-305
-168
-231
-114
-73
-236
72
-126
-157
156
-82
149
-61
-72
157
-19
17
230
76
-253
162
235
339
203
44
24
23
170
127
268
33
572
256
-45
-68
-350
-483
-312
154
-112
243
177
143
149
-181
14
-262
-515
-346
-58
-58
254
304
22
257
-66
86
-54
4
-6
12
165
-260
-288
-457
-87
189
365
768
292
32
178
161
-70
-194
-159
0
204
148
503
288
264
102
5
-60
-502
-172
-159
158
325
214
313
127
20
-144
-130
-305
-329
7
-114
-229
-141
2
-79
-22
-142
-109
262
-141
213
-260
-346
114
70
430
-138
-134
-107
-26
20
86
74
30
178
267
270
28
65
192
104
297
-23
-192
93
-137
229
331
135
-42
84
-187
-227
-154
-281
-14
-246
99
150
138
238
-32
-88
-91
-100
-69
63
-206
-143
53
210
67
-417
-267
-289
-248
-59
-197
-416
-110
7
53
-13
-338
34
-163
-120
-196
-274
-201
-181
-52
-184
-219
-237
-73
-170
-136
-60
67
-157
90
415
15
281
-146
-284
12
-145
-166
172
28
-15
46
-31
-123
-221
-1
29
30
-99
9
-178
-120
-74
-53
-166
-179
184
-12
-143
-11
-183
-80
-29
-173
-41
33
33
149
-75
-111
139
201
382
311
186
167
-94
-117
47
-77
130
203
271
213
181
-34
249
192
-4
132
60
444
482
586
571
482
336
-37
19
-319
-156
40
81
534
141
60
101
60
-378
57
126
-68
108
-237
191
-172
-46
15
-183
-101
-125
-133
-197
-289
-410
-76
-337
-352
65
316
227
-248
-154
-444
-584
-248
73
154
289
113
113
187
-287
116
42
-155
-200
105
118
-21
97
23
221
51
182
-51
-39
206
320
270
-52
55
-250
-77
-36
349
601
425
433
187
252
108
91
-128
-99
-108
-157
37
174
337
131
209
12
-91
-168
-200
-31
35
243
261
228
284
390
304
221
10
-29
183
115
-39
179
314
187
-83
-208
-182
-324
-190
-221
-70
-39
-12
13
-114
-79
-236
-95
-140
-186
-169
53
207
216
217
69
32
-322
-460
-432
-322
-258
-202
-267
-221
-205
-150
-92
-286
-264
-329
-175
-35
142
92
-84
-108
22
265
148
117
32
134
56
-45
-34
-72
3
134
31
-30
-25
-133
-21
57
145
286
260
68
73
105
140
107
83
95
91
151
206
84
158
308
87
134
-56
-90
13
-51
100
-10
9
76
-9
30
-11
-213
-239
-214
-195
-257
-347
-87
9
22
58
-228
-289
-321
-313
-257
-310
-210
-93
-42
-162
-181
-230
-409
-456
-474
-399
-202
-175
-203
-255
-247
-51
-101
-195
-302
-488
-509
-387
-386
-348
-332
-398
-200
-264
-297
-313
-368
-229
-232
-132
-99
-17
100
82
57
-10
-55
-92
-130
-89
-1
51
157
268
285
381
438
430
402
425
309
274
329
359
438
430
413
411
438
436
511
495
490
450
404
390
320
425
440
448
439
422
410
313
264
222
233
247
313
362
382
398
475
393
358
348
315
283
153
207
150
167
81
2
-50
-218
-252
-416
-476
-518
-610
-660
-659
-671
-649
-645
-721
-816
-932
-984
-1075
-1164
-1200
-1256
-1303
-1352
-1445
-1462
-1467
-1461
-1467
-1448
-1329
-1176
-881
-319
384
1006
1464
1711
1879
1972
1875
1548
1144
757
565
505
575
796
1068
1360
1678
1933
2075
2156
2023
1758
1571
1432
1342
1213
1019
868
791
717
649
585
401
146
-72
-259
-303
-370
-557
-658
-667
-405
-159
18
180
292
424
514
535
589
620
564
543
519
520
513
480
339
202
45
-209
-246
-307
-387
-345
-392
-403
-390
-528
-666
-764
-782
-808
-995
-1178
-1418
-1602
-1722
-1805
-1895
-1986
-2062
-2045
-2047
-2158
-2314
-2679
-2966
-3225
-3593
-3946
-4412
-4601
-3237
-1211
794
2092
2252
3456
4454
4747
4095
2041
525
-564
-1527
-1987
-2325
-1924
-625
367
1592
2861
3768
4255
3476
2250
1733
1672
1446
528
-353
-122
810
1394
1636
1678
1752
1659
567
-364
-997
-1619
-2414
-3788
-4318
-3862
-2856
-1938
-1212
-146
1179
2353
3086
3754
4119
4067
3460
2588
2225
2054
1608
931
197
-146
-128
-362
-489
-629
-907
-1023
-1250
-1008
-527
-83
350
643
1333
2031
2314
2313
2089
1692
1193
491
-182
-555
-745
-768
-806
-623
-333
-227
-359
-757
-1177
-1702
-2336
-3001
-3440
-3611
-3616
-3569
-3459
-3160
-2941
-3079
-3436
-3848
-4401
-5039
-5844
-6414
-4848
-1273
2381
5016
5736
7038
8995
9196
7972
4630
1355
-651
-2772
-4137
-4873
-4698
-3109
-1690
-63
2126
3663
4677
4140
2579
1808
1824
1915
1262
296
568
2117
3568
4361
4545
4250
3587
1632
-902
-2873
-4818
-6776
-9170
-10489
-9619
-7627
-5320
-3146
-864
1647
3429
4474
5406
5844
5347
3805
2140
1384
1334
1117
591
252
486
509
37
-696
-1365
-2322
-3843
-5074
-5493
-4584
-3165
-1487
622
3131
5717
7526
8309
8003
7002
5151
2864
856
-601
-1359
-1680
-1551
-897
20
862
1125
636
-146
-1285
-2629
-3663
-4325
-4314
-3733
-2779
-1520
-203
1006
1559
1376
638
-656
-2282
-4057
-5730
-6713
-7215
-7429
-7593
-7352
-5172
-274
5108
8480
9381
8965
9685
9300
6660
2396
-2354
-4946
-6239
-6581
-5490
-3587
-893
1846
3732
5551
6617
6146
4180
1002
-1204
-1403
-781
-12
777
2412
5192
7518
8292
7510
5367
1958
-2711
-7835
-11264
-12986
-14017
-14590
-13815
-10248
-5129
-465
3265
6218
8246
8746
7774
6832
6283
5032
2670
492
-29
787
1140
499
-510
-1872
-3596
-5726
-7323
-7887
-8113
-8113
-6976
-3916
785
5097
7914
9890
11347
12042
11242
9063
6352
3436
530
-1571
-2328
-1685
-769
-227
293
1074
1861
1728
470
-1300
-2744
-3530
-3646
-2953
-1498
164
1716
2912
3830
4155
3396
1583
-885
-2967
-4376
-5277
-5881
-5967
-5388
-4570
-3990
-3920
-4193
-4900
-6253
-7770
-7958
-4439
1643
6302
8816
9513
10976
12059
9597
5206
-402
-5333
-8458
-10516
-10259
-8012
-5417
-2252
492
3016
5286
5573
4253
1870
-551
-1158
157
2006
3404
4410
5855
8050
8740
6990
3860
-613
-5479
-10391
-13500
-13775
-13197
-12263
-10365
-6403
-699
4269
7464
9444
9922
8898
6983
5641
5579
4942
2922
1087
1085
2299
2762
1569
-514
-3085
-6051
-8395
-9538
-9167
-7990
-6752
-4377
-299
5035
9822
12564
13958
14071
12752
10122
7116
4353
985
-2763
-5661
-6305
-5096
-4109
-3716
-3353
-2466
-1253
-781
-543
-79
274
482
860
2305
4347
5182
4546
3292
2139
763
-1426
-3862
-5621
-6553
-6939
-6742
-5778
-4359
-2955
-2336
-2324
-2080
-2345
-3312
-4432
-5574
-6042
-6350
-6506
-4598
-1164
4509
9492
11083
10747
8522
6838
3752
-1548
-6218
-9607
-10506
-8887
-6047
-1757
2318
5019
6897
7148
6285
4268
617
-2779
-4769
-4678
-1628
2265
5631
8064
9108
9602
8714
4936
-212
-6041
-11208
-14407
-15480
-13054
-8963
-5000
-1010
2779
6436
8620
8463
6968
4601
2048
165
-32
1623
3817
5094
5452
5834
5588
3754
205
-4309
-8482
-11986
-13815
-12817
-9461
-4783
-267
3883
8059
11467
13200
12488
9682
6315
3142
604
-1078
-1988
-2134
-2373
-2624
-2229
-1468
-1023
-1840
-3044
-3347
-2427
-659
1099
2862
4523
5662
5947
5552
4796
3225
426
-2536
-4146
-4372
-4027
-3792
-3323
-2128
-884
106
543
455
-46
-1317
-2677
-3123
-2938
-2799
-3009
-3477
-3668
-3601
-4161
-4830
-4286
-3426
-183
3778
6078
7836
6775
5704
4402
677
-2496
-5765
-7625
-6451
-4811
-1855
1264
3144
5208
5400
3761
1704
-1496
-4112
-5631
-6083
-3471
1034
5176
8382
9929
10592
10397
6827
1727
-3354
-8126
-11266
-13330
-12326
-8512
-4956
-1722
933
3412
5413
5368
4307
3315
2392
2002
2512
4217
6864
8443
7978
6416
3950
668
-3354
-7960
-11542
-13697
-13774
-11128
-6918
-1943
2548
5816
8372
9981
10192
8820
6096
3509
2080
1451
1438
1564
1286
405
-1077
-2378
-3285
-3993
-4640
-4565
-3264
-914
1881
4166
5919
6738
6152
4692
2871
1158
-598
-2512
-3332
-2682
-1314
-48
607
1135
1344
456
-1127
-2435
-3409
-4084
-4906
-5208
-4359
-3292
-2173
-2615
-3098
-3543
-4665
-5660
-6391
-5119
-2306
2246
6484
9522
10839
9319
6827
2593
-2448
-6068
-9170
-10323
-8732
-5620
-1342
1895
3709
4981
4000
1730
-1048
-3820
-4254
-3400
-1122
3358
8469
12478
14174
12796
9803
5298
-1309
-7615
-12639
-15121
-14712
-12591
-8063
-3086
798
3666
4477
4097
3029
1748
1563
2154
3724
6427
9393
12041
13057
11710
7942
2301
-4384
-10528
-14889
-16953
-16455
-13955
-9263
-3049
2847
7416
9876
10213
9124
7224
5407
3835
2641
2300
2785
3568
3815
3043
1040
-2011
-5047
-7372
-8076
-7065
-4887
-1564
2128
5725
8366
8957
7943
5602
2465
-456
-2693
-3423
-2913
-1959
-361
1197
2235
2294
810
-1119
-3260
-5247
-6395
-6517
-5493
-3559
-1682
-223
1127
1458
737
-479
-2452
-4168
-5547
-6721
-7280
-7067
-5571
-2791
2600
6909
8766
7980
4183
1783
-1381
-5148
-7031
-8470
-7111
-3712
-161
4174
5825
5435
4356
998
-1864
-3790
-5042
-3901
-1964
1584
7155
12054
14355
13274
9453
4985
-60
-5885
-9559
-11152
-10962
-9168
-6322
-1398
2602
3984
3939
2648
1577
784
907
2821
5188
7167
8780
10033
10502
8791
4340
-1387
-6933
-11451
-13855
-13736
-11501
-8070
-4623
-980
2757
5276
6273
5624
4061
2953
2382
2723
3519
4284
4544
3610
2279
709
-1297
-3762
-6505
-7866
-7490
-5785
-3070
-209
2486
4002
4444
4325
3667
2829
1232
-174
-478
-79
804
1263
1352
1168
348
-627
-1564
-2171
-2642
-3308
-3493
-2778
-1581
-504
-47
-143
-383
-577
-998
-1194
-1483
-2189
-2612
-3135
-3193
-3310
-4394
-6201
-7009
-6454
-2507
3794
7474
9355
7840
5652
4329
616
-2056
-3930
-5549
-4169
-1944
1096
4044
3680
2636
576
-2329
-3239
-3958
-3180
-546
2296
6901
11410
13450
12451
8222
3026
-1659
-6193
-8836
-8998
-7919
-5754
-3249
61
3028
3125
1375
-1056
-2828
-2970
-1521
1864
5854
8519
9371
8969
7746
5150
424
-5291
-9726
-11868
-11523
-8621
-4152
58
2291
2478
2015
1290
92
-1347
-2611
-2651
-1212
1138
4068
6572
7319
5960
3279
601
-1198
-2568
-3750
-4035
-3570
-2317
-389
1439
3011
3260
2264
1269
553
586
879
962
1181
1179
1460
2072
2359
2480
2063
1238
374
-587
-1111
-1204
-1306
-1410
-1713
-1703
-1333
-1280
-1484
-2178
-3023
-3451
-4033
-3788
-3099
-2983
-2601
-2546
-2324
-1893
-3181
-4397
-4793
-4029
976
5440
7346
7379
4619
3777
2262
-1244
-2812
-5016
-5790
-4220
-2832
269
1518
246
156
-818
-843
342
912
3525
5508
6522
8625
9440
8478
5088
189
-2593
-4166
-5667
-5806
-5196
-3984
-3138
-3226
-2026
-1037
-1474
-2173
-2486
-695
2111
4613
6874
7746
6639
3974
1236
-252
-1325
-3000
-4423
-4401
-3180
-1927
-1258
-1411
-2472
-4351
-6096
-6115
-4123
-733
2179
3754
5045
6140
6682
5810
3846
1863
-83
-1254
-1097
296
1796
1899
789
-544
-1145
-1148
-1265
-1308
-891
120
1521
3164
5019
6022
5373
3773
2267
1778
1896
1456
592
-573
-1603
-2099
-2126
-1654
-1484
-1853
-2319
-2387
-1758
-1198
-1049
-1444
-2219
-2685
-2367
-1130
-96
105
-64
-1099
-1880
-2981
-4671
-6098
-8556
-9393
-7850
-2405
5389
9606
9609
6892
4290
1160
-3188
-6152
-6633
-5483
-2500
1927
5568
6805
4819
2405
-596
-3631
-4555
-3915
-1269
1190
3630
6920
8998
8267
4731
1194
-611
-1877
-3158
-2531
-428
694
397
-369
11
-239
-1886
-2939
-2940
-1581
-153
1143
2666
3102
1925
-161
-1026
-87
1024
1335
1427
1737
1448
271
-1149
-2054
-3155
-4230
-4595
-3546
-1007
1132
2263
1971
1071
346
-443
-903
-799
-288
86
558
1248
2156
2526
1685
518
-580
-816
-248
436
1460
2183
2468
2472
2090
1849
1329
296
-377
-477
-3
547
507
210
-322
-1054
-1308
-1215
-663
-129
-18
372
705
990
582
-551
-1218
-2190
-3129
-3418
-3627
-3517
-4027
-4730
-5004
-4968
-4768
-4522
-4907
-5777
-5329
-3352
2172
8479
11194
9781
4896
960
-1557
-3300
-3022
-1801
-296
1756
3701
4009
2282
-1585
-4499
-5624
-5284
-2585
821
4601
7195
8052
8576
8330
6371
3243
1035
1050
2124
2498
2518
2303
625
-1795
-4136
-4961
-4631
-4685
-4530
-4241
-3236
-2020
-1015
195
1097
1385
1504
2526
4350
5742
5622
3936
1456
-1239
-3203
-4040
-4001
-3806
-4015
-4379
-4433
-3651
-2568
-2158
-2621
-2998
-2104
-253
1546
2729
3267
3101
2383
1841
2289
3521
4018
3515
2675
2319
2160
1230
184
-634
-1121
-1391
-1224
-197
808
1102
638
243
362
681
836
987
1332
1325
1153
1072
1197
1187
530
-25
-312
-568
-940
-1651
-2280
-3272
-4481
-4933
-4361
-3362
-2564
-2586
-3088
-3125
-3475
-3630
-4171
-5224
-5153
-4034
1020
7489
9956
8189
3222
-90
-1645
-2810
-1841
-65
1415
3285
4787
4698
2416
-2040
-4564
-4994
-4257
-1264
1882
5062
6288
5466
5770
6141
5165
3033
1581
2229
3226
2865
2016
732
-1695
-4079
-5539
-4918
-3519
-3388
-3822
-4596
-4679
-4199
-3214
-1122
794
1725
1959
2644
4000
4575
3670
1758
-304
-1522
-1539
-1021
-593
-1254
-3076
-5149
-6352
-5571
-3872
-2461
-1347
-446
707
1743
2012
1797
1182
735
1025
2103
4098
6006
6455
5546
4201
3331
2820
2178
1744
1441
1150
684
-56
-474
-1006
-1760
-2210
-2016
-779
668
1544
1707
1278
556
-105
-100
587
1515
1934
1793
1542
779
-228
-1521
-3027
-4079
-4350
-4186
-3794
-3179
-3430
-3893
-4683
-5907
-5918
-5956
-5495
-4799
-5100
-5140
-3375
2352
8241
10158
7062
2685
923
174
225
751
1248
1024
620
768
73
-2048
-3971
-3371
-1895
-190
1954
3562
4221
2398
1021
2154
3836
4365
3490
3432
4398
4226
2442
241
-1759
-3655
-4766
-4421
-2647
-1552
-1943
-2938
-3741
-3572
-3149
-2099
-492
519
485
-313
-451
349
1269
1787
1942
2048
2265
2474
2119
1318
-94
-2007
-3655
-3910
-2154
-234
219
-772
-1894
-2070
-2070
-2192
-1759
-402
1439
3144
4888
6867
7795
6918
5562
4905
4947
4771
4157
3640
2647
986
-961
-2287
-2635
-2984
-3340
-3320
-2481
-1253
-540
-138
402
915
1238
1713
2425
3058
2875
1644
304
-804
-1556
-2102
-2533
-2571
-2854
-3352
-3872
-4512
-4956
-5665
-6578
-6785
-6377
-5308
-3841
-2697
-2291
-2520
-2982
437
6258
8736
6676
1020
-1776
-1551
-975
812
2184
2485
2342
2024
1670
247
-2271
-2351
-334
1192
2834
3583
3855
2849
804
1526
3751
4617
3464
1390
623
383
-637
-1685
-2103
-1972
-1266
-353
678
1205
-338
-2815
-4794
-5093
-3800
-2132
-395
448
-51
-1224
-1864
-1387
-118
1263
1938
2071
1760
1292
585
-309
-690
-938
-1230
-1260
-631
435
531
-828
-2676
-3356
-2544
-1135
317
1827
3370
3940
3996
4510
5272
5327
4405
3660
3577
3835
3642
3116
2542
1501
261
-817
-1037
-690
-751
-998
-853
-168
488
593
611
768
636
213
-89
111
532
376
-250
-1132
-1930
-2601
-3063
-2956
-2648
-2390
-2160
-2197
-2175
-2346
-2919
-3320
-3598
-3110
-2806
-2793
-3048
-3689
-4979
-6156
-5808
-2028
2979
4510
2583
-1126
-1809
-204
1084
2688
3654
3786
3599
3205
2887
1635
31
357
1586
1749
1261
242
-466
-1097
-1444
266
2128
2247
1215
44
156
327
-266
-515
-208
388
651
253
-488
-1283
-2299
-2761
-2482
-1526
-406
-75
-250
-677
-1357
-1793
-1455
-217
1396
2174
1673
585
-474
-756
-547
-243
109
-177
-929
-1325
-1145
-919
-1324
-1640
-835
682
2052
2574
2592
2390
2155
2236
2545
2914
2722
2155
2073
2524
2895
2749
2533
2403
1757
961
435
459
844
948
1399
2155
2627
2378
1355
275
-645
-1274
-1541
-1384
-915
-931
-1665
-2664
-3475
-3901
-3952
-3637
-2756
-1675
-833
-486
-511
-765
-1275
-1820
-2155
-1760
-1294
-971
-1372
-2213
-3481
-4961
-6273
-6271
-4894
-2008
2590
4246
2659
-1405
-3630
-1867
43
1760
3149
3695
3675
3268
2984
2423
1038
860
2966
4243
3954
2677
1233
761
372
1269
2865
2321
166
-2199
-3303
-2825
-2299
-1894
-1538
-1462
-1290
-1032
-973
-536
-5
580
1290
1616
1345
648
-243
-459
-191
-251
-48
333
668
604
-786
-2122
-2685
-2611
-1620
-815
-256
-244
-820
-713
151
1059
1502
1316
1073
1080
1169
1158
962
688
1032
1955
2773
3088
2715
2189
1763
1670
1856
1877
1711
1371
1394
1862
2609
3122
3074
2756
2162
1486
581
-501
-1061
-1032
-573
-66
93
-82
-685
-1702
-2719
-3267
-3281
-2897
-2502
-2106
-1637
-1450
-1284
-1348
-1195
-1110
-1335
-1421
-1460
-514
-78
-446
-1045
-2247
-2817
-3416
-3842
-3451
-3938
-4155
-4720
-3875
-698
872
292
-2584
-3153
73
3168
4652
4478
3579
2253
1523
2262
3520
3872
4175
5787
6031
3881
1024
-696
-752
-895
-99
1345
614
-1924
-4071
-3683
-1692
-569
-604
-1499
-2280
-2394
-1814
-649
312
1258
1697
1249
742
-311
-936
-1203
-1162
-448
-724
-1449
-1924
-1949
-959
-145
388
827
666
417
31
-390
-274
-235
-327
-110
13
338
247
-383
-657
-562
-22
437
559
853
1247
1643
1885
2167
2353
2144
1833
1890
2468
2906
2801
2388
2213
2351
2724
3093
3036
2914
2656
2387
1945
960
-111
-1429
-2460
-2948
-3280
-3267
-3234
-2957
-2260
-1711
-1308
-1272
-1632
-1572
-977
-274
229
291
412
802
549
-255
-1464
-3138
-4088
-4603
-4523
-4204
-4239
-4127
-3868
-3582
-3784
-3567
-3108
-2213
-1262
261
2393
2575
553
-1227
-79
2483
3452
2997
2886
2918
2260
1771
1693
1170
742
1925
4299
4873
3180
1819
1893
1934
1395
907
198
-1311
-2477
-1591
571
1844
1656
437
-982
-1998
-2161
-1815
-1977
-2537
-2857
-2836
-2741
-2267
-1267
-33
608
771
774
333
-208
-265
371
1203
1149
563
96
38
471
805
736
200
-336
-40
813
1494
1625
1240
742
264
175
489
716
607
633
1098
1564
1776
1592
1384
1459
1790
2574
3205
3386
3151
2632
2286
1975
1846
1686
1159
791
333
-200
-679
-854
-367
128
265
123
-342
-958
-1504
-1528
-1012
-739
-982
-1703
-2642
-3330
-3637
-3589
-3396
-3416
-3356
-2879
-2348
-1865
-1492
-1457
-1407
-1818
-2069
-1812
-1438
-860
-493
-648
-962
-1342
-1309
-1324
-1119
142
545
-429
-2148
-1434
1609
3307
3072
2177
2011
2607
3410
4434
4248
2697
1983
2574
2727
1345
410
1068
2007
2035
2138
2330
818
-1589
-2221
-465
1534
1687
700
-435
-1265
-1286
-982
-890
-1462
-2170
-2682
-3478
-3958
-3985
-3739
-3562
-3556
-2808
-2455
-2847
-2923
-2193
-641
218
451
940
1456
1937
2399
2849
2862
2120
1361
1440
1977
2286
2243
1883
1665
1618
1426
1262
894
666
777
713
741
637
465
731
1101
1649
1757
1054
477
246
487
973
1398
1686
1344
693
360
448
563
476
475
442
207
-189
-412
-412
-564
-694
-586
-607
-923
-1286
-1255
-827
-610
-958
-1531
-2080
-2371
-2476
-2668
-2897
-3108
-3363
-3509
-3469
-3319
-2975
-2837
-2593
-2008
-1413
-775
-308
19
619
1112
1575
1570
1713
2871
3333
2595
1141
1117
2381
2318
1333
596
151
-272
-506
220
503
-441
-458
889
1554
299
-407
879
2086
1673
1180
1772
1542
-37
-730
319
1302
520
-773
-1280
-1333
-1283
-1347
-1424
-1947
-2482
-2634
-2694
-2664
-2592
-2315
-2202
-2516
-2337
-1915
-1622
-1226
-833
-327
-418
-922
-548
614
1664
2201
2368
2674
2720
2313
2182
2418
2678
2535
2221
2272
2557
2584
2227
1858
1717
1733
1649
1458
1530
1498
1184
901
683
722
398
-279
-717
-927
-919
-895
-882
-822
-851
-1054
-1267
-1169
-886
-576
-361
-267
66
437
922
1279
1251
974
529
257
267
236
-9
-442
-876
-1142
-1406
-1800
-2187
-2491
-2754
-2853
-2712
-2416
-2280
-2435
-2617
-2254
-1457
-594
-33
49
-61
-287
-525
-612
-374
-166
-316
65
670
532
-463
-1282
329
2368
2557
1732
856
906
1171
1630
2590
2331
1146
1003
1518
1280
109
69
1167
1210
49
-427
-92
-779
-1594
-851
747
1070
-282
-1363
-1442
-1351
-894
-313
-385
-1102
-1468
-1030
-559
-665
-802
-449
-533
-801
-756
-858
-888
-953
-824
-501
-1000
-1177
-647
-131
422
784
1380
1775
1368
1273
1850
2428
2624
2417
2438
2577
2397
2102
1985
1950
1747
1343
767
280
22
-6
263
610
769
526
-116
-572
-577
-612
-742
-781
-583
-341
-446
-614
-492
-378
-463
-555
-591
-340
28
262
415
274
149
259
257
218
27
-245
-403
-669
-834
-895
-939
-838
-715
-493
-163
100
121
-151
-657
-1106
-1420
-1593
-1449
-1331
-1293
-1327
-1375
-1147
-901
-944
-1162
-1437
-1422
-1272
-981
-201
256
-51
-636
-63
1634
2414
1872
1273
1239
1262
882
860
1143
902
766
1282
1504
477
-666
-385
464
191
-642
-757
-448
-537
-444
519
1413
1074
-3
-572
-481
-385
-439
-529
-629
-754
-1003
-1334
-1590
-1526
-1292
-1147
-1335
-1552
-1612
-1655
-1389
-977
-549
-420
-699
-670
-324
182
757
1006
1148
1203
1332
1674
1959
2237
2435
2432
2310
2327
2483
2435
1966
1384
1075
864
675
656
790
956
799
418
183
169
441
575
416
287
310
478
472
178
-179
-565
-768
-632
-450
-487
-802
-925
-699
-403
-159
-57
45
142
210
454
605
608
441
64
-201
-352
-347
-365
-672
-974
-1141
-1328
-1580
-1770
-1694
-1563
-1692
-1898
-1751
-1302
-867
-700
-790
-908
-1203
-1613
-1781
-1613
-1050
-833
-834
-273
226
88
-642
-548
916
1735
1072
227
222
758
1058
1420
1921
1841
1472
1691
2035
1440
501
389
875
799
266
329
544
26
-497
-197
416
345
-398
-870
-762
-497
-261
-348
-926
-1518
-1787
-1791
-1633
-1431
-1159
-1009
-1236
-1209
-849
-595
-357
-202
76
260
70
66
315
702
1042
1013
803
682
849
1172
1353
1348
1342
1383
1441
1796
2334
2646
2610
2306
2165
2074
1925
2043
2036
1736
1111
583
527
386
28
-358
-670
-965
-1293
-1539
-1569
-1293
-908
-584
-478
-653
-751
-799
-833
-720
-733
-874
-1155
-1299
-1058
-803
-638
-470
-346
-386
-548
-609
-430
-231
-218
-205
-117
-9
56
-72
-282
-584
-939
-1134
-1291
-1331
-1350
-1533
-1709
-1846
-1778
-1467
-1353
-1377
-1334
-1154
-871
-556
-60
287
8
-611
-466
502
1111
839
468
692
1325
1711
1951
2055
1722
1411
1337
1331
1048
661
740
948
647
180
-101
-333
-602
-702
-428
-123
-247
-554
-665
-605
-342
-95
-16
-60
-161
-285
-580
-914
-915
-754
-859
-1079
-1082
-946
-1005
-1162
-1063
-832
-822
-809
-561
-165
224
655
1153
1474
1516
1624
1934
2091
2036
1955
2012
2134
2164
2149
2194
2000
1590
1206
1025
1146
1196
1142
1080
1035
1207
1383
1418
1287
897
419
19
-170
-249
-487
-861
-1127
-1143
-1167
-1371
-1664
-1863
-1886
-1875
-1805
-1642
-1470
-1343
-1258
-1045
-689
-369
-185
-129
-104
-76
-42
81
279
397
400
369
335
151
-286
-820
-1266
-1577
-1741
-1741
-1716
-1842
-2040
-2177
-2135
-1980
-1610
-972
-330
55
282
533
597
442
420
973
1691
1788
1305
950
974
1236
1251
885
410
89
383
823
851
654
826
1323
1511
1301
1137
1141
987
675
658
809
639
48
-664
-972
-1003
-1005
-1059
-1169
-1188
-1199
-1393
-1594
-1547
-1280
-1041
-914
-717
-482
-444
-528
-341
-39
15
-163
-243
-93
-4
-38
108
370
476
373
241
319
407
429
478
723
1185
1543
1756
1848
1925
2037
2036
1988
1932
1885
1787
1725
1735
1661
1361
966
680
434
77
-353
-618
-732
-863
-1102
-1371
-1589
-1761
-1882
-1763
-1366
-913
-647
-590
-574
-514
-411
-239
7
182
105
-139
-345
-413
-478
-701
-906
-882
-745
-679
-720
-751
-659
-585
-589
-610
-508
-252
-75
-49
-163
-326
-517
-744
-875
-795
-523
-329
-369
-415
-206
21
-11
-85
205
815
1117
964
855
970
1162
1331
1411
1374
1143
1028
1213
1245
1017
850
863
695
104
-338
-281
-75
-61
-94
42
38
-283
-716
-964
-871
-676
-577
-606
-675
-653
-720
-896
-953
-822
-699
-796
-905
-733
-530
-575
-741
-804
-830
-988
-1132
-1057
-790
-538
-376
-202
35
287
459
596
841
1242
1695
2033
2205
2361
2432
2319
2116
1943
1911
1914
1834
1679
1371
969
589
284
130
45
-37
-168
-354
-504
-515
-439
-414
-508
-627
-745
-890
-982
-994
-871
-812
-893
-1083
-1315
-1458
-1520
-1482
-1313
-1028
-722
-523
-501
-571
-656
-670
-554
-338
-149
-96
-126
-138
-66
138
327
330
203
93
84
36
-36
-22
72
111
91
146
194
113
-31
-49
-22
-161
-212
118
532
705
692
852
1139
1216
1113
926
678
497
537
687
694
587
651
748
551
238
170
223
88
-153
-210
-180
-246
-360
-370
-264
-253
-310
-448
-619
-706
-716
-770
-916
-1060
-1156
-1161
-1017
-711
-451
-476
-680
-758
-647
-395
-134
103
248
230
180
220
321
425
476
501
502
432
384
400
577
866
1094
1125
1045
1025
1120
1194
1150
1097
1015
850
612
465
540
679
629
353
70
-90
-195
-314
-383
-319
-278
-384
-513
-657
-841
-1030
-1098
-993
-979
-1153
-1329
-1364
-1289
-1270
-1234
-1043
-817
-646
-525
-343
-109
93
244
377
461
532
641
724
714
562
475
472
417
294
234
266
255
180
106
104
64
-25
4
135
198
96
-14
85
273
324
301
364
467
419
222
88
91
86
37
34
88
135
115
109
120
16
-122
-207
-255
-345
-502
-556
-482
-366
-312
-364
-400
-361
-294
-286
-369
-375
-283
-223
-245
-269
-149
2
124
230
267
218
125
80
108
139
180
291
396
458
440
325
239
245
303
271
167
155
256
251
65
-160
-220
-162
-181
-181
-53
163
302
367
462
541
447
237
155
298
454
409
176
-98
-335
-593
-835
-1037
-1215
-1435
-1615
-1617
-1491
-1376
-1370
-1329
-1209
-1089
-922
-666
-361
-102
3
19
-28
-114
-55
184
454
510
397
337
437
561
589
639
767
830
783
704
689
779
827
798
698
570
474
427
417
369
302
255
253
242
178
117
124
184
181
136
80
35
11
0
13
-17
-102
-162
-157
-172
-261
-363
-350
-245
-122
-103
-234
-388
-527
-559
-545
-531
-495
-506
-555
-583
-555
-444
-307
-220
-102
23
137
273
410
516
543
550
608
714
746
753
761
731
662
546
460
402
350
312
251
175
122
90
115
161
254
326
285
175
105
162
263
317
286
240
246
322
395
318
150
-9
-154
-285
-436
-542
-576
-590
-621
-710
-825
-908
-936
-902
-802
-675
-576
-556
-606
-664
-712
-776
-813
-833
-859
-908
-918
-785
-564
-383
-264
-190
-91
31
178
370
545
641
633
566
471
408
384
396
408
374
310
291
359
468
445
256
50
-64
-94
-132
-176
-152
-89
-111
-248
-387
-440
-477
-511
-526
-424
-239
-145
-130
-122
-50
57
107
141
207
246
217
132
103
142
191
256
343
445
511
554
598
671
760
837
909
907
928
1085
1296
1398
1349
1295
1266
1206
1120
1029
888
703
489
332
235
110
-11
-85
-97
-90
-97
-120
-191
-323
-435
-443
-308
-118
-37
-71
-157
-249
-332
-438
-484
-457
-491
-619
-764
-852
-894
-913
-893
-848
-804
-827
-866
-830
-752
-646
-530
-406
-324
-358
-452
-510
-499
-491
-568
-694
-751
-716
-667
-683
-718
-666
-586
-560
-508
-333
-62
126
163
216
326
424
491
591
796
932
914
855
845
854
771
642
557
496
475
468
395
281
156
76
21
-30
-23
94
199
153
41
21
96
77
-43
-152
-218
-298
-369
-349
-269
-219
-255
-307
-300
-269
-248
-215
-162
-96
-34
-37
-21
64
166
239
252
272
328
368
367
373
413
442
406
341
270
206
160
123
72
18
-40
-108
-123
-85
16
151
199
187
199
239
291
300
333
368
345
307
309
367
320
164
8
-75
-139
-237
-276
-319
-457
-646
-718
-612
-492
-483
-523
-453
-357
-346
-326
-216
-107
-119
-220
-278
-245
-233
-291
-364
-403
-457
-537
-573
-550
-474
-403
-327
-192
-70
-9
5
21
61
66
58
105
239
372
393
374
352
287
211
203
284
336
308
270
247
200
123
62
53
81
133
174
156
106
44
-2
-45
-121
-146
-112
-106
-143
-191
-219
-306
-466
-595
-641
-611
-582
-592
-605
-563
-527
-501
-447
-367
-285
-187
-29
169
351
482
592
702
766
817
869
861
797
723
686
639
553
485
493
548
545
502
532
663
773
812
827
811
770
742
783
897
946
879
727
539
378
231
143
123
106
44
-45
-114
-128
-139
-158
-135
-126
-170
-250
-327
-344
-365
-390
-416
-451
-468
-491
-523
-564
-617
-655
-654
-663
-672
-664
-627
-580
-530
-447
-365
-312
-315
-360
-414
-466
-500
-485
-378
-252
-174
-156
-197
-285
-309
-237
-147
-71
-56
-76
-60
-8
51
86
56
64
97
115
169
238
285
238
178
182
193
181
160
172
189
193
180
181
142
62
6
-35
-38
-3
66
145
153
71
-28
-97
-107
-83
-42
31
66
47
27
26
33
54
99
159
175
157
180
249
266
195
134
160
242
289
329
397
463
444
351
265
180
76
-30
-79
-75
-66
-93
-164
-198
-163
-103
-76
-78
-83
-90
-131
-164
-150
-149
-196
-280
-328
-338
-333
-309
-283
-287
-338
-371
-348
-300
-258
-193
-97
5
34
31
85
156
219
221
161
63
-37
-90
-103
-103
-86
-60
-19
6
9
27
70
147
209
204
150
100
120
200
271
344
424
421
355
282
222
176
131
134
159
153
132
119
94
45
-28
-93
-151
-212
-236
-256
-279
-282
-260
-182
-129
-145
-175
-192
-217
-273
-290
-223
-178
-205
-260
-280
-270
-234
-158
-64
-16
-30
-32
-12
1
-27
-48
-7
60
98
115
101
36
-38
-41
52
121
121
91
66
40
-15
-27
5
50
79
99
128
143
163
191
191
175
156
133
104
92
124
147
124
76
30
-19
-52
-62
-74
-97
-121
-97
-58
-50
-89
-118
-80
-51
-53
-65
-67
-63
-70
-33
50
113
162
221
255
248
242
254
217
107
26
24
52
10
-91
-145
-148
-141
-137
-119
-47
8
19
42
69
97
97
87
83
70
43
31
25
36
28
-32
-91
-127
-138
-147
-186
-213
-206
-176
-103
4
81
75
-4
-59
-49
-48
-58
-72
-103
-139
-207
-236
-212
-176
-155
-183
-200
-184
-137
-56
39
118
152
160
165
166
169
193
234
261
284
298
308
305
307
314
304
285
258
221
155
81
20
-4
-6
-11
-54
-96
-119
-119
-122
-137
-100
-51
-23
-14
15
39
17
-26
-50
-35
-43
-71
-77
-87
-108
-169
-209
-218
-261
-310
-338
-327
-325
-302
-240
-184
-171
-175
-142
-85
-6
74
146
214
214
169
103
46
48
86
126
128
106
72
47
42
61
86
112
137
156
170
169
170
189
236
248
180
93
41
23
12
19
48
52
-14
-110
-162
-158
-125
-86
-53
-21
-18
-44
-101
-150
-154
-139
-89
-41
-15
-21
-57
-92
-104
-79
-48
-63
-101
-131
-141
-130
-95
-47
-18
-8
-13
-34
-60
-61
-12
60
100
83
57
56
57
61
86
132
162
184
201
210
215
207
202
197
217
240
214
154
75
29
26
16
-12
-42
-66
-99
-153
-192
-181
-130
-108
-123
-158
-210
-245
-267
-241
-182
-156
-180
-272
-343
-350
-314
-239
-157
-104
-102
-116
-123
-93
-21
56
114
112
70
-2
-71
-77
-21
85
178
218
196
151
126
135
195
273
351
423
482
516
477
402
359
389
431
405
335
234
131
60
77
154
197
176
89
-11
-90
-136
-135
-86
-31
-30
-93
-178
-277
-370
-417
-400
-346
-312
-321
-353
-380
-384
-359
-320
-272
-236
-204
-173
-165
-169
-165
-146
-124
-132
-156
-197
-255
-279
-258
-219
-186
-192
-216
-227
-194
-103
10
116
194
264
302
302
288
306
384
446
467
466
436
367
303
290
355
426
439
411
360
332
312
293
294
314
307
236
152
73
2
-59
-99
-117
-160
-203
-227
-234
-218
-180
-107
-75
-109
-171
-183
-159
-141
-116
-101
-81
-115
-219
-329
-379
-363
-327
-279
-261
-285
-333
-364
-333
-273
-195
-119
-71
-37
-19
10
37
52
83
145
210
226
216
200
215
242
238
231
232
214
176
155
163
173
179
176
158
122
68
5
-46
-48
-27
-15
-36
-69
-97
-117
-135
-131
-94
-80
-107
-161
-203
-211
-176
-118
-68
-47
-67
-110
-171
-219
-219
-185
-142
-133
-181
-236
-255
-237
-206
-173
-143
-134
-156
-191
-193
-164
-108
-41
35
100
112
104
103
127
183
244
288
315
339
335
335
337
348
376
381
355
300
258
236
230
211
184
159
113
67
33
38
65
79
83
62
-10
-88
-117
-92
-34
8
-6
-67
-153
-249
-320
-353
-349
-327
-305
-302
-336
-399
-423
-387
-316
-254
-229
-213
-196
-191
-176
-126
-61
-7
6
-23
-46
-49
-37
-5
45
100
119
93
62
85
159
251
339
368
360
319
306
340
393
435
424
392
329
294
287
275
258
238
248
258
246
211
184
170
163
167
159
159
139
88
23
-55
-106
-135
-139
-141
-171
-231
-293
-334
-343
-315
-303
-315
-354
-389
-402
-400
-376
-353
-320
-308
-323
-367
-399
-345
-248
-181
-161
-156
-151
-162
-169
-124
-42
26
57
40
9
7
41
99
147
186
204
183
182
217
267
312
363
406
414
389
343
310
298
308
325
311
271
206
138
93
60
48
59
87
89
45
-27
-90
-129
-142
-122
-85
-49
-56
-105
-164
-202
-232
-270
-294
-309
-309
-289
-250
-201
-170
-175
-204
-220
-217
-182
-150
-113
-63
-35
-30
-44
-57
-55
-10
29
50
34
17
24
52
117
166
212
238
255
276
302
330
328
329
349
367
370
356
343
337
318
275
225
170
119
81
52
36
11
-20
-52
-92
-119
-131
-134
-136
-145
-173
-207
-226
-237
-239
-228
-221
-206
-209
-230
-243
-244
-234
-241
-252
-256
-246
-243
-230
-187
-148
-132
-141
-138
-110
-88
-61
-24
28
85
100
90
78
87
114
150
201
241
261
262
268
325
392
450
486
475
435
393
373
379
397
410
394
335
258
174
109
89
69
42
5
-55
-108
-162
-198
-195
-179
-168
-189
-214
-237
-279
-311
-322
-321
-304
-299
-318
-359
-400
-412
-411
-410
-410
-430
-458
-470
-456
-377
-274
-198
-155
-135
-116
-112
-117
-70
37
148
213
232
233
230
241
275
341
403
418
381
329
285
278
316
373
423
438
413
345
280
263
279
311
322
298
255
183
127
103
111
125
85
-3
-113
-186
-209
-212
-181
-159
-179
-212
-276
-341
-373
-366
-324
-306
-317
-362
-430
-457
-429
-361
-296
-285
-317
-367
-409
-436
-419
-354
-287
-235
-224
-234
-234
-202
-101
28
132
186
183
164
170
210
295
392
448
444
386
333
306
308
338
385
414
399
358
306
276
263
263
264
243
187
93
18
-21
-21
-13
-36
-71
-132
-202
-273
-322
-316
-295
-280
-282
-305
-356
-402
-397
-361
-315
-294
-322
-356
-365
-363
-319
-249
-191
-161
-155
-165
-176
-177
-135
-63
6
60
54
57
81
133
210
298
369
387
389
375
387
430
505
579
623
637
624
599
566
527
527
538
525
487
431
391
359
340
349
356
319
246
153
64
6
-44
-71
-84
-121
-185
-260
-320
-343
-364
-386
-402
-414
-434
-457
-476
-453
-403
-377
-391
-429
-444
-441
-411
-376
-344
-309
-286
-280
-255
-220
-176
-98
-30
12
35
51
93
157
232
316
386
421
428
434
462
496
543
580
613
613
585
571
552
538
519
513
505
461
386
303
235
200
171
125
79
14
-41
-86
-130
-180
-221
-255
-287
-311
-341
-385
-433
-472
-500
-502
-501
-523
-544
-543
-541
-531
-517
-512
-499
-458
-392
-326
-303
-295
-293
-289
-264
-231
-194
-142
-95
-76
-62
-41
1
53
114
176
196
205
229
261
315
375
414
464
481
453
396
334
325
319
316
309
291
256
212
162
124
111
89
58
18
-43
-89
-105
-109
-109
-145
-214
-277
-314
-348
-359
-354
-347
-350
-373
-402
-415
-410
-387
-336
-298
-294
-305
-332
-326
-293
-240
-187
-140
-115
-133
-157
-148
-81
-2
61
95
96
88
75
94
162
238
309
378
392
357
316
299
345
416
487
504
464
401
336
298
311
326
334
337
281
198
122
83
107
153
169
133
52
-54
-130
-167
-157
-127
-119
-137
-183
-237
-272
-276
-257
-219
-213
-252
-307
-354
-361
-331
-267
-186
-143
-161
-214
-257
-264
-238
-186
-113
-61
-62
-82
-98
-77
-26
50
110
109
75
32
10
58
158
251
321
331
286
226
187
195
247
282
296
267
201
138
96
91
117
145
134
95
20
-76
-127
-114
-74
-56
-78
-128
-183
-248
-294
-283
-245
-213
-215
-260
-316
-350
-340
-293
-231
-183
-171
-176
-182
-196
-199
-174
-124
-72
-55
-68
-81
-97
-83
-50
7
51
74
92
98
107
131
176
236
255
239
203
181
196
234
277
306
309
292
272
239
230
252
291
317
317
284
231
177
129
112
94
67
28
-9
-49
-102
-135
-147
-126
-120
-156
-201
-240
-256
-239
-220
-207
-228
-266
-300
-341
-363
-357
-307
-253
-226
-227
-241
-270
-281
-257
-213
-170
-130
-100
-101
-95
-82
-62
-33
1
15
10
7
0
27
71
116
162
169
163
168
177
205
242
272
295
292
269
252
256
250
253
266
262
242
204
180
169
139
119
122
102
74
38
17
-1
-19
-26
-31
-45
-69
-105
-134
-128
-133
-133
-106
-86
-77
-93
-116
-123
-103
-62
-25
4
18
18
15
2
-13
-18
-4
25
47
46
27
21
40
44
58
75
85
99
107
116
116
128
147
167
168
151
140
135
130
132
130
139
163
164
151
123
97
88
102
107
98
91
80
51
6
-22
-50
-54
-47
-47
-52
-57
-59
-69
-91
-119
-129
-130
-117
-97
-72
-69
-94
-109
-115
-103
-79
-68
-59
-62
-79
-90
-92
-74
-40
-24
-32
-67
-95
-91
-67
-39
1
24
19
10
4
-6
-10
10
48
76
68
61
73
78
77
93
107
97
90
90
105
124
120
120
123
107
60
29
31
38
35
26
14
13
-6
-39
-60
-68
-68
-65
-59
-57
-74
-110
-120
-97
-84
-90
-86
-85
-114
-133
-135
-123
-116
-122
-124
-128
-145
-164
-153
-121
-92
-91
-87
-85
-114
-130
-99
-53
-23
-2
17
11
-13
-25
-15
18
42
61
61
52
48
50
81
111
118
116
102
86
76
70
80
95
96
94
72
34
16
21
23
22
21
0
-33
-66
-88
-79
-40
-12
-24
-57
-88
-103
-103
-91
-76
-71
-81
-101
-129
-163
-183
-155
-110
-90
-105
-137
-163
-179
-161
-113
-63
-35
-33
-37
-57
-85
-90
-48
-1
12
0
-13
-16
-26
-28
-12
7
16
24
22
6
-7
-1
32
68
93
95
93
88
82
82
87
95
99
96
74
43
12
-4
-4
4
-4
-18
-22
-32
-41
-54
-62
-53
-42
-44
-56
-68
-73
-67
-52
-36
-41
-56
-54
-40
-34
-28
-17
-14
-25
-35
-33
-28
-13
3
25
37
31
21
10
9
14
31
50
55
48
30
16
14
22
45
71
76
74
72
65
60
66
86
107
117
119
105
87
78
75
82
83
80
64
39
26
16
12
19
28
22
6
-9
-13
-13
-8
8
21
29
23
24
30
35
33
31
39
43
27
10
8
5
8
24
44
40
21
10
8
17
31
49
61
65
51
32
25
32
51
73
95
91
66
41
34
43
58
77
89
88
68
47
39
51
71
89
89
66
31
5
9
32
44
51
60
46
15
-15
-21
-14
4
32
44
29
-4
-26
-23
-9
4
19
29
18
-10
-40
-44
-35
-15
6
14
-5
-29
-31
-11
7
19
31
34
23
2
-5
7
32
55
62
54
29
1
-5
16
38
43
37
27
8
-12
-5
21
50
61
56
42
22
10
20
44
63
65
50
30
2
-25
-25
1
24
22
4
-24
-49
-61
-50
-30
-14
-12
-23
-44
-69
-78
-65
-40
-17
-15
-35
-58
-74
-72
-50
-22
-4
-3
-15
-43
-63
-62
-42
-15
4
4
-16
-42
-55
-47
-30
-16
-10
-15
-31
-47
-53
-39
-11
6
9
4
-9
-17
-11
8
26
27
18
6
-7
-19
-21
-7
16
26
16
-4
-25
-37
-31
-8
11
8
-2
-12
-18
-19
-15
-1
16
21
8
-13
-29
-41
-39
-20
-5
-9
-29
-46
-52
-54
-51
-45
-35
-33
-41
-56
-68
-72
-60
-40
-26
-27
-42
-57
-60
-58
-58
-53
-48
-45
-50
-59
-60
-54
-45
-31
-19
-15
-19
-24
-20
-15
-8
0
9
14
10
2
5
13
21
28
31
31
23
18
16
18
22
28
37
39
33
25
22
25
25
21
23
25
18
8
1
3
6
14
23
20
9
2
1
-4
-12
-19
-14
-6
-8
-20
-30
-32
-22
0
14
5
-16
-28
-20
-12
-11
-10
-1
6
6
-6
-16
-14
2
25
42
40
23
11
17
35
52
63
68
71
66
55
54
58
69
83
94
86
61
38
38
54
72
81
79
74
59
48
48
57
68
74
71
56
36
15
11
23
42
48
37
13
-12
-27
-27
-11
5
6
-10
-29
-47
-57
-49
-29
-8
-5
-15
-32
-48
-58
-50
-24
-1
6
-12
-31
-40
-31
-13
13
32
32
16
-5
-18
-16
0
25
44
43
22
2
3
18
39
60
70
60
32
9
2
16
39
61
69
53
24
3
3
18
32
41
37
18
-8
-31
-35
-20
5
24
21
-5
-38
-53
-45
-24
-7
-6
-20
-40
-59
-64
-55
-37
-15
-4
-16
-49
-80
-85
-62
-32
-18
-25
-44
-65
-75
-64
-41
-17
-2
-3
-18
-43
-61
-55
-24
11
23
15
-7
-25
-31
-17
10
32
35
24
5
-11
-14
2
34
57
57
38
16
3
4
23
50
67
59
32
5
-10
-6
17
44
54
41
16
-3
-13
-6
10
30
37
20
-12
-38
-41
-27
-4
15
14
-9
-39
-54
-46
-29
-10
0
-4
-24
-51
-65
-57
-33
-8
3
-7
-33
-61
-67
-53
-27
-5
3
-5
-25
-42
-42
-21
11
34
37
18
-5
-21
-19
6
38
54
48
31
9
-6
-2
21
52
66
54
29
6
-3
6
28
49
53
39
16
-4
-13
-3
22
44
45
24
-7
-27
-30
-12
13
28
23
0
-24
-37
-36
-21
1
13
4
-22
-48
-55
-42
-19
5
14
5
-20
-40
-44
-29
-7
13
19
6
-19
-36
-30
-5
24
42
42
27
6
-5
0
21
44
57
53
33
11
2
14
40
59
63
49
30
12
7
16
36
55
59
49
26
5
-2
13
36
48
43
19
-6
-19
-18
-6
11
21
16
-3
-24
-37
-35
-19
-1
8
-5
-30
-50
-52
-40
-20
-4
1
-13
-34
-49
-49
-39
-17
4
7
-7
-27
-35
-28
-11
10
25
24
8
-11
-20
-13
7
30
45
44
28
10
3
14
34
53
57
48
30
11
8
17
34
48
52
38
14
-9
-10
2
18
27
25
12
-13
-34
-38
-25
-8
0
-5
-23
-44
-59
-58
-44
-28
-18
-23
-39
-56
-68
-65
-47
-27
-20
-27
-43
-57
-62
-51
-29
-7
-2
-7
-16
-25
-29
-19
5
28
33
21
4
-2
2
16
39
57
58
46
33
24
24
34
51
63
60
43
25
12
16
29
43
48
37
18
-2
-8
-6
2
12
12
1
-22
-42
-49
-44
-32
-22
-17
-30
-49
-63
-65
-53
-40
-33
-32
-39
-53
-65
-65
-53
-33
-19
-18
-28
-39
-43
-32
-14
2
11
13
8
2
1
10
26
42
51
51
43
34
28
37
53
66
66
61
51
43
40
40
46
52
49
39
26
16
14
18
23
25
17
5
-8
-19
-23
-21
-19
-20
-25
-35
-43
-50
-54
-53
-47
-45
-48
-54
-56
-58
-56
-55
-51
-48
-46
-43
-40
-36
-31
-23
-14
-6
1
4
8
12
16
21
29
37
43
50
57
61
60
60
63
73
80
82
82
77
72
67
69
70
71
68
63
55
44
36
32
36
39
39
31
16
0
-13
-18
-17
-14
-17
-27
-43
-59
-72
-74
-65
-58
-56
-62
-74
-85
-89
-85
-72
-60
-57
-64
-73
-78
-77
-66
-49
-33
-25
-25
-32
-36
-30
-13
11
30
35
30
23
20
27
43
62
77
75
61
47
41
46
62
81
94
91
74
55
47
55
71
84
84
71
46
20
9
16
30
39
35
12
-20
-44
-48
-34
-17
-7
-16
-38
-64
-79
-77
-63
-49
-45
-59
-86
-114
-130
-116
-89
-65
-58
-68
-83
-92
-86
-64
-34
-10
-4
-11
-29
-38
-33
-11
17
35
37
27
14
12
26
52
76
87
86
73
61
55
63
81
101
107
96
72
51
42
45
57
68
68
55
32
11
2
9
19
25
18
-2
-28
-50
-59
-55
-41
-35
-41
-58
-80
-96
-99
-87
-69
-61
-66
-83
-98
-104
-93
-72
-49
-37
-41
-53
-68
-70
-59
-34
-13
-6
-10
-19
-26
-17
0
22
41
45
37
23
18
28
48
69
78
78
62
46
42
50
66
79
79
70
53
38
35
46
61
70
65
45
24
7
4
9
17
20
8
-14
-40
-51
-46
-33
-23
-25
-35
-53
-67
-71
-63
-49
-39
-41
-52
-64
-68
-65
-54
-41
-33
-33
-45
-53
-52
-41
-23
-9
-1
-1
-7
-11
-8
5
21
34
38
35
32
30
37
49
63
72
70
62
50
46
48
60
70
75
74
68
55
49
51
60
66
62
51
36
23
15
19
28
32
25
9
-8
-19
-22
-20
-15
-15
-20
-33
-45
-52
-48
-38
-31
-30
-39
-49
-59
-64
-59
-48
-36
-33
-32
-38
-39
-36
-27
-16
-7
-5
-11
-16
-18
-12
-1
9
17
18
14
9
9
15
26
38
42
40
37
37
41
46
58
66
67
64
56
50
48
50
52
53
52
44
35
27
27
31
31
28
20
11
3
-4
-6
-4
-1
-5
-13
-22
-27
-31
-32
-35
-38
-40
-45
-49
-57
-58
-58
-56
-56
-56
-56
-56
-58
-60
-60
-56
-52
-50
-46
-38
-30
-22
-17
-12
-7
-5
-2
4
9
13
15
16
18
23
30
35
39
42
42
41
43
48
56
61
62
59
58
57
57
59
61
61
58
47
33
25
21
25
24
19
9
-7
-24
-32
-33
-30
-27
-31
-42
-54
-65
-68
-62
-50
-41
-43
-52
-62
-67
-64
-53
-40
-36
-38
-48
-61
-66
-58
-40
-24
-17
-21
-32
-39
-38
-25
-6
12
19
14
5
2
11
29
49
63
61
49
30
21
26
41
56
60
50
35
18
13
20
35
46
46
31
11
-3
-7
2
14
20
15
-3
-23
-36
-38
-31
-21
-17
-27
-44
-65
-76
-75
-59
-43
-37
-44
-57
-69
-72
-61
-44
-28
-21
-25
-36
-43
-36
-20
-2
11
15
10
1
-4
4
20
39
52
52
43
31
27
33
43
58
66
64
52
40
35
38
47
56
59
51
38
27
23
29
34
40
37
22
6
-4
-9
-6
-1
3
-4
-21
-36
-45
-45
-41
-35
-36
-43
-54
-65
-69
-68
-58
-49
-46
-48
-50
-52
-50
-40
-24
-12
-10
-11
-12
-9
-2
10
23
30
32
31
29
31
42
53
63
65
63
61
60
59
66
74
78
76
71
68
66
66
65
64
61
52
43
33
25
21
17
13
8
-1
-12
-20
-25
-27
-26
-28
-35
-42
-48
-52
-52
-54
-54
-51
-53
-55
-55
-53
-48
-44
-43
-43
-45
-46
-45
-41
-36
-32
-29
-27
-25
-23
-19
-7
4
14
20
22
24
28
37
46
56
61
61
60
60
59
62
66
67
66
57
50
44
39
40
37
33
25
16
8
2
2
4
3
-2
-10
-16
-19
-24
-23
-24
-29
-38
-47
-53
-56
-54
-51
-49
-56
-62
-67
-68
-65
-57
-51
-48
-48
-48
-44
-37
-27
-15
-7
-6
-6
-2
2
9
18
25
28
24
22
21
27
35
44
45
41
37
32
32
39
49
59
62
59
56
52
54
61
67
68
63
52
42
37
33
30
26
17
3
-11
-23
-28
-30
-30
-30
-35
-46
-54
-61
-61
-54
-49
-49
-51
-54
-59
-61
-56
-49
-43
-43
-48
-52
-54
-52
-46
-40
-37
-36
-38
-40
-35
-25
-16
-3
7
13
12
12
15
23
33
44
51
51
43
37
35
39
43
46
43
32
19
12
7
11
18
21
20
15
6
1
4
10
20
22
17
6
-5
-11
-11
-5
0
0
-7
-19
-29
-35
-33
-25
-20
-21
-29
-40
-49
-46
-36
-22
-13
-15
-23
-31
-33
-25
-7
8
17
18
9
2
2
11
23
34
38
33
23
14
16
27
41
51
48
36
22
17
22
33
46
51
46
33
21
19
25
36
47
47
37
20
9
8
15
26
30
26
12
-5
-14
-15
-6
3
9
4
-6
-17
-20
-17
-5
7
11
7
-2
-13
-16
-11
1
11
12
3
-9
-19
-21
-13
2
9
10
3
-8
-15
-10
2
16
24
22
15
7
3
9
20
28
32
25
13
2
-2
2
13
19
18
11
-1
-12
-14
-7
1
8
6
-5
-18
-24
-23
-11
-1
4
2
-9
-21
-29
-24
-14
-3
1
-6
-19
-31
-33
-26
-14
-5
-3
-8
-17
-25
-24
-16
-3
5
7
2
-5
-10
-6
5
17
25
25
15
3
-2
1
10
19
22
15
4
-7
-11
-5
2
10
12
3
-10
-19
-19
-9
2
10
9
2
-8
-13
-13
-8
0
1
-5
-17
-28
-33
-29
-19
-11
-9
-12
-19
-25
-26
-21
-12
-3
2
0
-9
-14
-15
-6
2
9
10
7
3
-1
-2
1
7
10
9
5
-2
-6
-4
3
9
11
9
2
-4
-6
-4
1
7
10
4
-5
-15
-18
-15
-9
-4
-4
-8
-15
-21
-22
-18
-13
-10
-8
-14
-23
-28
-27
-23
-18
-13
-13
-19
-21
-23
-22
-15
-9
-7
-8
-13
-17
-21
-16
-9
-2
1
2
-1
-5
-6
-2
4
8
8
9
6
5
5
7
12
16
17
12
7
5
6
10
12
13
12
