2
3
2
2
2
2
4
4
3
3
3
0
2
0
-1
-3
-3
-5
-7
-8
-7
-8
-9
-8
-9
-9
-9
-9
-10
-11
-10
-9
-8
-7
-6
-6
-4
-3
-3
-2
-1
-1
-1
-4
-4
-3
-2
-1
-2
-1
0
0
-1
0
0
2
1
-1
-2
-2
-4
-3
-3
-1
-1
-2
-3
-4
-3
-3
-1
-3
-2
-4
-3
-3
-3
-3
-1
2
3
4
6
7
8
7
7
8
8
7
8
9
10
10
9
9
10
10
9
9
10
8
6
6
5
4
4
2
2
1
2
2
1
0
0
0
2
1
2
3
3
2
2
3
6
7
5
6
7
7
7
6
6
5
6
5
3
4
4
3
4
4
3
3
3
1
-1
-1
0
-1
-3
-3
-3
-3
-1
0
0
3
2
2
2
3
2
3
1
1
1
0
0
0
2
1
2
2
2
2
2
2
2
2
1
1
1
1
1
1
0
0
-2
-2
-3
-4
-4
-4
-5
-6
-5
-6
-5
-5
-4
-4
-3
-3
-2
-1
0
1
2
3
3
4
4
4
4
5
4
4
4
4
4
4
3
1
0
-1
-3
-2
-3
-3
-3
-6
-6
-7
-8
-10
-10
-11
-10
-9
-9
-9
-9
-8
-7
-6
-4
-3
-2
-2
-1
1
1
1
1
1
2
2
3
4
6
5
5
3
2
2
3
3
2
3
4
3
3
2
3
2
2
2
1
3
3
3
2
3
3
5
7
6
6
6
6
7
7
6
5
4
3
1
1
1
1
1
0
0
-1
1
-1
-1
-2
-3
-1
-1
-1
-2
-3
-2
0
1
1
1
0
-1
-2
-3
-4
-5
-4
-4
-3
-4
-4
-5
-4
-4
-4
-5
-6
-8
-7
-7
-6
-8
-7
-5
-5
-6
-6
-4
-3
0
0
1
2
3
2
1
0
0
1
1
1
1
0
1
0
-1
-1
0
-1
-3
-4
-2
-1
1
-1
1
2
2
2
3
3
1
1
1
1
2
0
2
5
6
7
7
9
10
11
9
10
7
7
8
9
7
6
6
5
6
5
3
3
2
1
2
3
2
2
4
5
7
8
11
14
15
16
16
15
16
16
15
13
12
10
7
6
5
2
1
0
-3
-4
-6
-8
-8
-7
-7
-8
-7
-6
-6
-6
-2
1
3
4
5
5
7
6
5
6
5
3
0
-3
-6
-8
-8
-9
-10
-10
-11
-12
-15
-16
-17
-18
-18
-18
-17
-15
-14
-13
-12
-10
-8
-9
-7
-4
-2
0
3
6
9
14
16
20
21
23
22
21
19
15
10
7
3
-3
-8
-13
-20
-25
-31
-34
-36
-38
-38
-40
-37
-35
-32
-28
-24
-19
-14
-10
-5
-1
5
10
14
17
19
20
21
22
22
22
21
21
21
19
18
17
16
13
10
7
2
-2
-3
-7
-11
-13
-18
-19
-21
-21
-23
-24
-23
-23
-21
-19
-16
-12
-7
-3
2
8
16
22
26
31
36
38
39
40
39
35
33
28
23
19
14
9
5
0
-4
-8
-13
-16
-18
-20
-20
-21
-22
-21
-20
-18
-17
-15
-13
-12
-10
-8
-6
-7
-4
-4
-1
1
4
8
11
15
19
22
25
26
27
28
28
26
24
21
15
8
2
-3
-8
-14
-20
-26
-31
-34
-38
-38
-39
-41
-40
-37
-34
-32
-27
-23
-18
-15
-9
-7
-3
0
4
7
7
9
10
11
12
12
12
12
11
12
13
12
11
10
8
7
4
4
2
-2
-9
-14
-17
-22
-25
-27
-30
-31
-31
-32
-32
-28
-26
-22
-17
-11
-5
3
8
13
19
22
27
29
32
34
32
30
27
23
20
14
8
3
-2
-6
-10
-13
-15
-17
-21
-20
-21
-20
-20
-18
-17
-14
-13
-13
-13
-12
-9
-7
-6
-2
0
2
2
4
7
10
13
16
19
19
21
19
20
19
18
14
11
8
1
-4
-10
-15
-19
-24
-31
-37
-42
-43
-43
-43
-40
-37
-31
-27
-21
-17
-9
-2
4
9
12
14
17
18
18
17
16
14
12
8
4
-1
-6
-8
-11
-13
-14
-17
-18
-18
-20
-21
-20
-20
-18
-20
-22
-23
-24
-27
-29
-29
-29
-28
-23
-20
-16
-11
-5
0
6
9
12
17
21
29
30
32
33
35
34
32
28
24
20
15
8
1
-5
-9
-13
-18
-22
-23
-24
-23
-20
-19
-17
-15
-13
-9
-7
-4
1
6
10
13
16
19
23
27
29
32
35
38
40
41
41
42
44
46
45
42
39
36
34
29
25
20
15
11
6
0
-5
-6
-8
-12
-15
-16
-12
-10
-7
-6
-2
3
10
16
19
22
27
34
39
42
43
43
42
45
46
43
40
42
43
43
37
34
32
32
31
29
24
19
16
15
9
4
-1
-6
-9
-14
-16
-19
-18
-16
-14
-14
-12
-9
-4
2
8
15
21
28
34
38
41
46
50
53
53
50
47
44
40
36
28
20
16
13
9
4
0
-2
-5
-8
-10
-12
-14
-15
-15
-14
-15
-16
-16
-14
-15
-15
-15
-14
-13
-11
-12
-12
-9
-5
-2
3
7
12
17
21
23
24
24
25
26
25
18
13
8
4
-2
-9
-17
-24
-30
-36
-40
-45
-48
-46
-45
-44
-40
-40
-36
-32
-25
-20
-17
-12
-8
-6
-4
-1
1
2
3
3
3
2
1
1
0
0
0
0
-1
-1
-3
-7
-8
-8
-12
-15
-20
-27
-29
-34
-37
-42
-47
-51
-52
-54
-54
-53
-50
-46
-41
-36
-31
-25
-18
-12
-6
-1
3
6
10
11
9
7
4
3
1
-3
-9
-11
-13
-15
-18
-22
-26
-27
-27
-26
-27
-26
-25
-24
-26
-28
-28
-28
-26
-25
-27
-28
-26
-24
-25
-25
-23
-21
-15
-10
-9
-7
-2
6
12
15
17
18
20
20
18
16
11
8
3
-2
-9
-15
-19
-24
-27
-30
-32
-30
-29
-26
-23
-19
-14
-8
-1
3
7
13
18
22
21
21
22
23
25
23
20
19
17
18
17
15
12
12
12
12
11
10
11
13
11
9
6
4
3
-3
-6
-10
-12
-14
-16
-17
-17
-15
-12
-10
-7
-3
2
8
12
16
22
28
31
35
37
39
39
38
36
34
30
25
21
16
11
6
3
-1
-4
-7
-8
-11
-11
-10
-9
-9
-7
-7
-5
-3
-1
1
2
2
3
5
6
8
11
16
19
23
27
30
33
37
41
43
44
44
41
40
35
29
23
17
12
7
-3
-8
-14
-18
-19
-23
-26
-26
-24
-21
-18
-15
-9
-2
4
11
14
18
23
26
28
28
28
29
29
29
26
23
21
18
17
16
15
14
14
13
12
7
4
2
-1
-2
-6
-9
-14
-18
-20
-24
-25
-25
-25
-24
-26
-26
-22
-18
-13
-7
0
6
13
19
24
28
30
32
32
33
29
27
23
18
14
10
4
0
-5
-8
-12
-14
-15
-17
-19
-19
-21
-21
-20
-19
-19
-19
-18
-18
-17
-14
-13
-10
-8
-6
-3
-1
0
2
4
7
9
10
9
10
12
12
11
10
9
6
4
-2
-6
-11
-16
-19
-25
-29
-32
-36
-35
-33
-33
-31
-27
-24
-20
-20
-16
-12
-7
-3
0
2
5
6
7
10
11
11
12
13
12
10
8
5
5
3
4
4
4
3
3
2
-1
-3
-4
-4
-6
-8
-11
-13
-15
-17
-19
-21
-19
-17
-14
-9
-3
2
6
10
16
20
24
27
28
30
31
30
28
26
23
19
13
8
3
-1
-4
-7
-11
-16
-19
-19
-21
-18
-15
-12
-9
-6
-2
1
1
0
3
4
4
5
4
2
3
6
6
5
8
14
19
22
24
27
26
26
27
26
22
14
13
9
3
-2
-5
-11
-12
-16
-22
-28
-38
-38
-39
-41
-47
-50
-53
-48
-41
-39
-38
-41
-35
-21
-13
-17
-18
-21
-22
-18
-20
-19
-23
-23
-21
-23
-28
-32
-27
-23
-23
-25
-25
-28
-22
-11
-14
-17
-34
-38
-33
-33
-30
-36
-38
-32
-21
-19
-16
-16
-13
-6
-9
-17
-18
-8
14
21
16
16
18
32
44
51
60
64
80
86
84
71
65
67
63
52
35
37
50
65
69
56
36
23
26
37
51
46
34
32
42
66
77
77
65
69
77
88
81
66
49
55
56
36
17
1
13
7
20
23
25
32
37
47
32
15
13
27
3
-17
-17
-4
16
3
-10
-20
-14
3
36
32
25
47
72
90
68
57
82
106
106
91
80
80
103
114
104
88
83
92
100
81
62
62
70
76
53
20
8
25
45
56
48
37
19
23
155
268
265
130
27
135
332
425
307
165
124
300
490
463
300
144
232
383
374
213
109
142
185
109
-88
-158
-152
-125
-214
-431
-535
-522
-465
-558
-772
-941
-905
-850
-915
-1053
-1198
-1177
-1128
-1113
-1144
-1188
-1195
-1156
-1146
-1134
-1029
-934
-843
-830
-793
-652
-506
-374
-266
-189
-147
-66
81
264
341
344
425
522
630
722
830
899
911
967
1114
1186
1104
1088
1184
1303
1261
1131
1102
1106
1091
1045
990
896
828
786
741
626
470
439
411
301
139
64
42
-6
-81
-153
-192
-277
-344
-353
-344
-348
-387
-431
-421
-349
-254
-206
-277
-288
-160
-15
58
17
16
151
343
443
446
386
421
603
700
663
567
602
736
777
663
572
578
592
572
438
323
207
119
85
-35
-189
-337
-462
-555
-661
-804
-907
-1014
-1136
-1134
-1113
-1112
-1164
-1245
-1253
-1200
-1167
-1155
-1131
-1148
-1046
-924
-826
-745
-704
-557
-415
-291
-195
-61
93
264
410
511
605
682
854
920
954
1022
1156
1229
1167
1125
1100
1165
1149
1094
963
788
728
755
740
502
323
311
359
268
70
-26
-54
-25
-84
-178
-343
-440
-395
-373
-438
-631
-652
-595
-570
-599
-603
-589
-575
-565
-486
-336
-367
-394
-434
-300
-64
80
102
38
67
284
584
610
460
364
493
800
859
722
623
719
916
977
812
653
678
790
864
699
529
516
581
580
388
186
110
84
-12
-178
-415
-521
-519
-603
-766
-989
-1054
-1065
-1116
-1228
-1330
-1325
-1302
-1291
-1352
-1359
-1357
-1317
-1258
-1295
-1295
-1255
-1174
-1144
-1213
-1292
-1293
-1201
-1202
-1105
-616
-13
-101
-1031
-1465
-489
786
656
-446
-878
-182
807
1264
1142
382
-170
698
2065
1890
411
294
2062
3032
1804
606
1097
1970
1997
1727
1583
1083
724
1230
1658
779
-158
366
935
73
-1042
-789
-201
-692
-1299
-1163
-1189
-1792
-1872
-1374
-1511
-2146
-1951
-1336
-1685
-2312
-1831
-993
-1140
-1676
-1290
-839
-862
-739
116
714
121
-43
379
1005
1488
1903
1879
1308
1183
2170
3309
2702
1679
1566
2268
2881
2618
2075
1704
1923
2338
2345
1370
667
1106
1648
1426
302
-189
87
343
178
-322
-785
-953
-778
-861
-1156
-1580
-1501
-1287
-1589
-1909
-2043
-1810
-1746
-1807
-1850
-1763
-1702
-1693
-1610
-1623
-1402
-1185
-997
-1210
-1487
-1286
-836
-605
-903
-1259
-1348
-1059
-794
-853
-1042
-531
449
487
-748
-1845
-766
1202
1393
-91
-1075
-381
1094
1942
1759
823
-63
818
2615
2625
881
385
2305
3707
2413
744
1227
2497
2685
2262
2047
1754
1257
1461
1947
1391
524
862
1366
488
-764
-686
189
-166
-1057
-1057
-921
-1442
-1777
-1355
-1191
-1626
-1674
-1154
-1344
-1994
-1579
-604
-471
-920
-782
-262
-167
12
777
1188
842
913
1486
1684
1442
1723
2430
2311
1794
1954
2395
2346
2223
2294
2195
1698
1437
1681
1488
979
838
762
277
-219
-313
-308
-729
-1260
-1378
-1551
-1852
-1934
-2022
-2274
-2515
-2477
-2433
-2701
-2883
-2620
-2427
-2457
-2478
-2446
-2282
-2109
-1926
-1926
-1965
-1899
-1659
-1563
-1651
-1457
-1237
-1217
-1225
-1235
-1329
-1556
-1423
-1349
-756
477
1180
153
-1996
-1923
813
2618
1063
-854
-794
856
2443
2763
2159
589
268
2532
3976
2282
311
1664
4254
4208
1861
1184
2090
2534
2722
2618
1955
864
727
1323
1004
-98
65
644
-398
-1676
-1876
-1211
-1295
-2100
-2030
-1909
-2463
-2790
-2700
-2636
-2331
-1839
-1510
-1923
-2588
-1717
-491
-173
-307
-445
-225
242
886
1681
2136
1930
1977
2222
2402
2768
2947
2961
2777
2770
3010
3014
2671
2517
2495
2411
2223
1724
1345
1192
1223
1252
705
16
-265
-330
-338
-472
-883
-1289
-1568
-1630
-1485
-1667
-1889
-1865
-1869
-1926
-2026
-2096
-1976
-1851
-1933
-1949
-2079
-2289
-2365
-2126
-1786
-1823
-2113
-2399
-2306
-2147
-2045
-1953
-1891
-2159
-2278
-2277
-2444
-3044
-2558
-400
1169
295
-2489
-3204
-681
2087
2125
368
-1152
-343
2129
3675
3534
1716
968
2617
4064
3546
2182
2272
3870
4699
3532
2403
2082
2200
2576
2555
2304
1677
768
148
-104
-259
109
176
-791
-1890
-2601
-2199
-1758
-2224
-2614
-2641
-2477
-2454
-2882
-3059
-2389
-1475
-873
-1116
-1895
-1670
-599
595
1099
778
582
928
1650
2326
2721
2777
2929
2909
2625
2576
2797
3260
3290
2849
2426
2383
2432
2405
2169
1831
1627
1350
1113
752
435
410
413
224
-249
-672
-714
-407
-269
-503
-983
-1210
-893
-681
-679
-1017
-1201
-1109
-1120
-1263
-1393
-1572
-1644
-1422
-1442
-1308
-1661
-2240
-2244
-2089
-1795
-1739
-2287
-3010
-2998
-2883
-2219
-2215
-3386
-4170
-4611
-2530
889
1753
-1127
-4296
-3616
977
3692
1508
-1307
-2322
1079
5868
6415
2961
-921
179
5193
7225
4284
1588
1441
4000
6263
5161
2974
962
1307
3157
3017
1598
929
316
-502
-925
-952
-184
-1015
-2633
-3033
-3155
-2551
-2391
-3406
-4188
-3758
-2541
-1783
-2859
-3871
-2712
-1174
81
5
-827
-677
363
1536
1800
1075
830
1970
2829
3195
2928
2284
2413
2640
2921
2742
1958
1583
1793
1789
1660
1198
432
244
10
3
-32
-626
-812
-926
-1100
-1105
-1195
-1310
-1147
-1073
-922
-781
-1017
-874
-662
-428
-113
-93
-303
-384
-334
-77
74
-347
-667
-752
-730
-737
-1042
-1505
-1851
-2026
-2045
-2173
-2588
-2805
-2946
-2981
-3121
-3624
-3982
-4626
-4810
-5350
-3948
183
2930
575
-5063
-6155
-619
4896
3876
328
-1624
-116
3776
6362
6411
2799
301
2866
6182
5366
2837
2850
4654
5143
3411
2986
3053
2032
1642
1979
2372
1864
463
-1185
-2117
-2033
-325
311
-2067
-4110
-4548
-3305
-2493
-3062
-3446
-3279
-2962
-2639
-2729
-2976
-1896
-595
83
46
-483
-28
672
1272
1814
1880
1527
1535
2059
2731
3319
2773
2074
1666
1669
2208
2219
1958
1819
1569
1013
698
444
675
823
467
260
-245
-339
-33
16
-59
-288
-444
-219
12
51
271
188
204
315
273
543
677
693
557
186
-125
-200
-318
-332
-487
-1014
-1492
-1820
-1738
-1883
-2624
-3424
-3642
-3330
-3126
-3483
-4328
-4863
-5035
-4959
-5028
-6301
-4339
856
3748
384
-6404
-6676
427
5700
4254
747
-1609
267
4470
7351
7277
2218
-255
3136
6399
5530
3068
2591
4076
4476
3555
3797
2525
652
615
1600
2814
2230
62
-1970
-2834
-1861
423
109
-2455
-3795
-4011
-2725
-2216
-2538
-2604
-2747
-2151
-987
-1013
-1523
-882
8
1199
1732
1646
1476
841
1294
2606
3016
2142
1335
1556
2749
3340
2459
1212
281
883
1951
1768
673
-192
-56
481
432
-323
-753
-1051
-730
-390
-607
-648
-686
-649
-552
-378
-116
51
-110
196
777
815
595
290
526
971
1039
828
381
-62
-356
-379
-405
-616
-1107
-1972
-2586
-2680
-2468
-2453
-3116
-4075
-4723
-4622
-4430
-4277
-4810
-5223
-5265
-5552
-6269
-7551
-3951
2649
5027
-600
-8256
-7000
1560
6698
4381
603
-1787
123
4289
7375
7212
1632
-597
2648
5532
4455
2517
2231
2885
2681
2484
3892
2222
-599
-1178
478
2906
2776
105
-2897
-3633
-1515
1717
1041
-2208
-3681
-3434
-1509
-1034
-1531
-1790
-1743
-1034
-287
-476
-568
390
761
1389
1470
1516
1686
1075
1201
1533
1564
1487
1752
1722
1936
1759
966
611
157
687
1292
921
220
-140
-77
365
512
-61
-241
-355
56
344
9
85
276
451
629
765
848
966
815
1064
1384
1209
1232
1161
1239
1184
811
596
593
365
-66
-530
-809
-809
-1407
-2172
-2584
-2257
-2055
-2487
-3379
-3951
-4033
-4095
-3759
-4055
-4523
-4759
-4866
-4624
-5425
-6013
-2012
3599
4148
-1593
-7511
-4931
3044
6157
3974
506
-1288
939
4410
6884
6089
1199
-314
2727
4654
4006
2586
2174
2875
2396
2500
3496
1835
-154
-169
1243
2987
2400
-286
-2166
-2486
-512
1700
386
-2024
-3025
-2700
-1316
-1080
-1507
-1367
-1459
-1079
-353
-608
-436
271
790
1391
1116
893
1050
1045
1330
1530
1164
845
1191
1854
2472
1704
352
-329
-127
1074
1692
999
-181
-686
-108
947
963
182
-300
-409
192
493
235
194
230
360
624
663
809
1032
856
924
1012
1034
1399
1648
1671
1280
681
636
1091
1106
593
-209
-614
-661
-1101
-1422
-1602
-1778
-1876
-2258
-2552
-3234
-4138
-3893
-3150
-2973
-3402
-4309
-4509
-4506
-5166
-5900
-2976
2445
4987
342
-7155
-6792
234
5785
4442
818
-1461
-1044
1770
5461
6917
2356
-1442
67
3592
4049
2177
1697
2076
1801
1627
3025
2289
-288
-1414
-4
2408
2464
629
-1998
-3253
-1942
908
1496
-986
-3041
-3375
-2122
-1518
-1365
-1163
-1322
-1377
-1100
-795
-834
-378
85
890
1464
1381
1071
83
-26
776
1821
1784
1044
508
854
1609
1331
484
-281
0
620
907
384
-236
-190
-33
407
325
133
-47
-139
-151
-134
136
529
654
287
145
216
618
719
393
341
418
925
1294
1087
597
255
303
757
818
340
-273
-848
-1067
-1327
-1443
-1396
-1440
-1934
-2468
-2854
-3263
-3317
-3539
-2928
-2846
-3712
-4311
-4568
-4658
-5039
-5794
-2760
3188
4282
-976
-7560
-6700
1301
6001
3835
574
-1845
-1104
2424
5631
6920
2803
-1317
731
3783
3871
2712
2092
2662
2623
1854
3090
2589
-251
-968
326
2413
2978
629
-2009
-3060
-2195
819
1512
-1103
-2913
-3417
-2555
-1572
-1752
-1330
-1010
-1389
-1212
-1287
-1421
-222
564
854
1065
760
985
590
295
992
1582
1359
1374
1481
1689
1833
998
568
264
494
1491
1496
302
-538
-373
557
1435
894
430
-37
-281
474
807
778
685
450
372
616
743
1164
1079
583
848
1024
1379
1520
1259
1033
826
884
1362
1377
662
-68
-785
-804
-778
-921
-1062
-1371
-1630
-2025
-2511
-3113
-3351
-3299
-2676
-2985
-3902
-4427
-4482
-3990
-4370
-5059
-5273
-2006
2534
3604
-1456
-7225
-5220
1380
5702
3924
808
-1168
-1021
2146
6519
7657
2592
-1039
969
4775
4781
2832
2742
3258
3018
2672
3585
2567
101
-428
1539
3621
2931
515
-2194
-2929
-1301
1349
1623
-979
-2853
-3211
-2339
-1816
-1231
-567
-606
-1058
-1414
-1318
-1285
-354
505
1020
1125
797
661
35
-28
693
1747
1874
1433
1122
1063
1148
642
548
773
942
653
-64
-434
-176
248
369
360
69
-41
-253
-577
-462
-108
629
978
426
-249
-214
454
996
807
390
508
774
1078
967
647
658
839
1192
1274
936
306
-384
-956
-928
-444
-113
-647
-1714
-2421
-2334
-2276
-2604
-3159
-3288
-3221
-3628
-4072
-4517
-4438
-4406
-4889
-5608
-6118
-4948
-811
2480
605
-4826
-7293
-2868
3259
4492
1722
-1038
-2187
-191
4080
6993
5382
612
-445
2628
4133
3210
3047
3799
3576
2126
1983
2920
1569
-198
629
2466
2855
1077
-1342
-2625
-2423
-475
1588
405
-2648
-3984
-3245
-1910
-1480
-1421
-1086
-1386
-1945
-1896
-1672
-1297
-427
235
487
284
24
172
130
319
916
1251
1232
1597
1925
1782
835
124
925
1844
1817
967
317
232
494
335
255
664
717
564
-320
-910
-299
610
992
573
93
285
766
372
69
572
1474
2134
1399
428
351
1025
2033
2548
2060
1158
558
296
696
1033
1110
730
-245
-955
-987
-862
-1267
-1896
-2290
-2279
-2459
-2925
-3545
-3902
-3890
-3754
-4057
-4644
-5484
-5680
-5883
-3814
947
3141
-520
-6619
-6327
396
5542
3789
496
-755
-639
1723
5322
7874
5234
349
148
3331
4756
4307
4620
4286
2933
1238
2355
3801
2316
907
1258
2127
1710
47
-1654
-1822
-887
515
633
-1701
-3037
-2761
-2416
-2283
-2008
-1145
-1083
-2126
-2980
-2530
-2139
-1099
135
421
129
-412
-381
-102
276
1083
2145
2213
2048
2188
1787
1362
1427
2433
3225
2714
1722
1450
1293
939
1160
1425
1701
1063
35
-338
-146
266
432
338
276
361
-157
-675
-646
-95
662
901
770
443
-110
-27
1061
2178
2257
1146
-3
195
1088
1681
1440
482
-145
-279
-330
-455
-673
-1223
-1808
-2599
-2919
-2364
-2302
-2862
-4003
-4496
-4215
-4031
-4474
-5141
-5560
-6103
-5337
-2108
1455
1087
-3504
-6317
-3322
1814
3659
2109
333
-650
-362
2585
6741
7055
2582
-808
1133
4564
5057
4000
3686
3295
2162
1893
3015
3131
1628
744
1207
1434
843
-356
-1687
-2357
-1525
6
-323
-2483
-4049
-4039
-3606
-3067
-2314
-1979
-2944
-4274
-4452
-3601
-2454
-1206
-515
-820
-1418
-1307
-586
163
960
1926
2241
1984
1831
2087
2249
2251
2880
3704
3769
2635
1609
1354
1845
2374
2085
1224
377
90
192
81
-187
-65
-57
-536
-1043
-1277
-866
-382
-199
-284
-536
-586
-244
315
648
802
681
719
903
1005
1085
1067
1028
877
556
337
218
-177
-636
-928
-1116
-1391
-2211
-2755
-2679
-2472
-2508
-3132
-4012
-4406
-4615
-4549
-4682
-5083
-5547
-5725
-2865
868
1549
-2953
-6891
-4095
1986
4589
2009
191
-445
-67
2153
6369
8347
3920
-490
661
4897
5835
5038
5170
4887
2848
1377
3426
4826
3555
1815
1863
2040
972
-188
-933
-702
-433
14
-1200
-3464
-4127
-3385
-3102
-3685
-3420
-3095
-3825
-5176
-4921
-3387
-2930
-2455
-1987
-1759
-1831
-1190
-44
427
239
743
2160
2324
2569
3062
3388
3082
2930
4116
4818
4045
2634
2763
3137
2953
2390
1894
1793
1270
765
596
726
400
-134
-770
-950
-417
-207
-269
-627
-810
-804
-509
76
650
570
-178
-264
519
1500
1626
1008
519
599
916
1149
971
363
-97
-490
-529
-565
-921
-1595
-2335
-2603
-2115
-1818
-2514
-3413
-4205
-3862
-3961
-4308
-4852
-4870
-5244
-5565
-2614
585
932
-4079
-7124
-3172
2524
3580
278
-905
-1029
-206
2031
6669
7810
2069
-1857
820
6222
6587
5126
4898
4731
2264
1333
4779
6735
4812
1603
1372
2147
1683
823
540
791
-103
-752
-2068
-2838
-2684
-2523
-3235
-4366
-4013
-3639
-4117
-5308
-4754
-3554
-3573
-3616
-3251
-2013
-1520
-1346
-1158
-926
-506
591
1896
2166
2374
2381
2596
2710
3349
4483
4639
3469
2441
2775
3133
3225
2825
2370
1872
1131
1015
1340
1237
415
-364
-725
-448
-185
-321
-732
-1303
-1428
-1135
-708
-542
-706
-1149
-1300
-871
-126
264
-167
-775
-826
-350
0
-29
-461
-787
-808
-743
-611
-959
-1528
-1916
-2150
-1932
-1443
-1295
-2195
-3600
-4054
-3303
-2519
-2966
-3537
-4214
-4777
-5077
-3832
-594
989
-891
-4742
-5445
-2124
1380
1984
589
-182
-966
-736
1415
4723
5035
1893
462
2580
4816
4012
3538
4727
5215
3363
2608
4611
5562
3781
1700
2186
3138
2649
1514
817
487
-177
-455
-913
-1534
-2320
-2675
-3067
-3604
-3680
-3865
-4173
-4500
-4019
-3506
-3765
-3891
-3157
-2127
-2114
-2458
-2161
-1023
87
730
1003
947
1123
1627
2657
3525
3849
3448
2711
2783
3630
4435
3985
3013
2785
3236
3517
3322
3213
3017
2338
1438
1340
1990
2327
1932
1068
404
17
63
457
734
387
-594
-1262
-1120
-392
29
-318
-976
-1408
-1572
-1552
-1235
-691
-567
-1229
-1869
-1733
-1402
-1509
-1995
-1797
-1142
-1266
-1892
-2331
-1988
-1679
-2054
-2532
-2318
-1942
-1989
-2672
-3066
-2780
-2293
-2508
-2258
-827
194
-557
-2780
-2826
-264
1514
969
-220
-332
-215
150
1945
4653
4162
744
-610
1578
4254
4321
4124
4473
3435
1116
1418
4496
5898
3795
1360
1692
2529
1995
1346
1710
1849
453
-1075
-1388
-738
-786
-1654
-2640
-2880
-2462
-2525
-3118
-3690
-3542
-3323
-3335
-3100
-2516
-2380
-2941
-2940
-2066
-1174
-1074
-905
-307
-91
-16
484
1693
2215
1716
1376
1936
2703
3072
3507
3907
3991
3552
3352
3811
4346
4442
4105
3557
3197
3365
3701
3663
2954
1971
1531
1534
1692
1587
955
99
-509
-743
-814
-892
-1087
-1410
-2128
-2774
-2620
-2014
-1823
-2387
-3086
-3342
-3245
-3164
-2807
-2246
-2209
-2808
-3565
-3507
-2680
-2153
-2099
-2266
-2377
-2417
-2377
-2153
-1754
-1622
-1817
-1901
-1652
-1478
-1536
-2216
-1834
22
1263
219
-2592
-3089
-729
1283
830
-79
-211
-676
-1227
-2
3070
3377
382
-1165
725
2707
2286
2104
3362
3485
1124
646
2908
4298
2730
1152
2021
2771
1710
819
1623
1928
676
-495
-8
779
-154
-1663
-2329
-1875
-1404
-1605
-2092
-2646
-3246
-3835
-3611
-2557
-1644
-2273
-3705
-4021
-2995
-1864
-1737
-1632
-1127
-1041
-1527
-1476
-119
1351
1714
1119
890
1324
2234
3390
4063
3870
3178
3188
4158
5034
4944
4464
4195
4162
4063
3899
3890
3850
3318
2477
1800
1566
1637
1389
657
-151
-602
-780
-897
-1134
-1411
-1901
-2717
-3229
-3008
-2397
-2343
-3017
-3837
-4039
-3589
-3001
-2707
-2937
-3340
-3408
-3049
-2481
-1979
-1686
-1531
-1512
-1402
-1140
-732
-481
-243
-5
-94
-293
-355
-16
287
-8
-434
-728
-201
889
1550
596
-1494
-2092
-392
1603
1516
225
-598
-760
-314
1211
3221
2962
550
-664
877
2671
2773
2681
3177
2549
687
911
3313
4342
2281
505
1418
2631
1875
909
1441
1706
579
-562
-11
748
-122
-1455
-1660
-1239
-1523
-2198
-2209
-1809
-2261
-3231
-3263
-2400
-1918
-2451
-2872
-2366
-1873
-2047
-2168
-1428
-451
-311
-482
-21
944
1354
1265
1673
2571
3114
3123
3336
3743
3902
3628
3827
4598
4917
4376
3632
3582
3877
3934
3633
3293
2733
1984
1599
1826
1987
1250
-8
-926
-1117
-1116
-1225
-1348
-1731
-2494
-3366
-3633
-3222
-2668
-2731
-3338
-4023
-4273
-3838
-3081
-2459
-2339
-2808
-3460
-3447
-2493
-1242
-945
-1585
-2139
-1889
-1161
-574
-302
-310
-555
-918
-707
-143
259
123
-262
-495
-516
-599
-510
-575
-447
390
1023
700
-977
-1806
-687
933
1346
743
191
-415
-592
312
2280
2614
548
-945
-240
1336
1628
1639
2038
1699
-146
-584
1487
3215
2259
84
-220
687
843
595
1048
1129
-113
-1424
-1012
393
285
-1020
-1802
-1603
-1473
-1714
-1563
-1297
-1830
-2863
-2776
-1465
-601
-1323
-2332
-2157
-1130
-408
-281
-138
86
-89
-256
359
1510
2207
1881
1357
1602
2403
2969
3137
2967
2794
2788
3105
3588
3775
3387
2866
2621
2460
2523
2689
2680
1973
728
80
493
996
722
-158
-1113
-1619
-1638
-1204
-854
-1245
-2222
-2870
-2769
-2445
-2187
-2232
-2477
-2835
-3061
-2866
-2438
-2304
-2403
-2376
-2241
-1992
-1910
-1828
-1636
-1436
-1268
-1108
-897
-679
-599
-662
-494
-171
25
91
76
247
299
283
297
512
611
501
157
-185
-451
-712
152
1190
1270
-348
-1886
-1240
405
932
181
-252
-617
-992
-984
631
2106
790
-1308
-1375
362
1020
541
692
1554
765
-585
367
2286
2344
385
-16
1719
2514
1213
437
1300
1781
1030
485
1442
1937
746
-558
-155
986
1039
230
-148
-113
-586
-1097
-529
801
1039
-63
-1036
-723
173
612
755
779
527
-36
202
1338
2179
1725
857
871
1549
1943
1941
2155
2266
1831
1402
1718
2424
2539
2026
1659
1630
1648
1545
1421
1343
1180
940
568
109
-165
-21
116
-310
-1004
-1275
-1076
-1054
-1362
-1520
-1338
-1441
-1964
-2271
-1945
-1540
-1767
-2120
-1958
-1614
-1713
-2105
-2062
-1584
-1328
-1378
-1275
-950
-847
-970
-777
-183
86
-193
-459
-251
132
217
78
96
189
57
-130
-162
-84
-340
-840
-1080
-967
-937
-1285
-1704
-1378
-652
-567
-1506
-2521
-2307
-1304
-621
-780
-1267
-1814
-2108
-1556
-70
1061
307
-1251
-1659
-669
439
1106
1678
1707
570
-465
519
2507
3117
1923
971
1274
1664
1551
1817
2523
2341
1184
525
1275
2070
1569
425
-33
286
539
418
182
-160
-770
-1185
-859
-184
-110
-842
-1470
-1363
-897
-580
-458
-382
-571
-891
-727
61
745
653
244
285
823
1158
1228
1429
1665
1572
1411
1659
2173
2251
1813
1550
1640
1761
1619
1416
1221
915
542
446
581
450
-90
-683
-840
-767
-753
-902
-1158
-1418
-1661
-1664
-1517
-1438
-1611
-1791
-1770
-1618
-1488
-1373
-1252
-1357
-1502
-1414
-1040
-754
-621
-554
-520
-624
-660
-347
64
196
-41
-213
-259
-226
-203
-129
-40
-207
-520
-746
-759
-807
-896
-955
-979
-1103
-1465
-1629
-1443
-995
-695
-738
-1139
-1629
-1776
-1348
-576
-250
-528
-1031
-1159
-677
123
598
308
-379
-587
62
918
1399
1484
1374
1123
953
1347
2048
2462
2203
1766
1626
1740
1832
1948
2011
1721
1214
834
893
983
731
295
-14
-146
-151
-85
-190
-544
-1017
-1083
-693
-317
-358
-650
-842
-877
-697
-367
72
167
-127
-334
47
800
1177
1026
746
809
1099
1474
1901
2183
2007
1627
1586
2011
2418
2357
1961
1562
1316
1344
1615
1730
1386
741
350
409
513
406
118
-160
-391
-546
-646
-666
-748
-971
-1118
-1155
-1109
-1188
-1367
-1523
-1589
-1534
-1429
-1328
-1446
-1659
-1678
-1431
-1239
-1333
-1327
-1099
-948
-1055
-1014
-606
-260
-364
-596
-491
-245
-139
-196
-194
-163
-283
-362
-312
-314
-571
-885
-908
-608
-582
-1102
-1724
-1752
-1066
-374
-243
-757
-1382
-1732
-1424
-571
238
271
-517
-1114
-801
278
972
832
300
14
156
475
906
1276
1296
896
726
1053
1425
1372
1056
996
1104
1129
1150
1260
1145
759
462
623
923
803
339
-77
-220
-250
-227
-150
-147
-497
-1016
-1198
-820
-294
-204
-505
-837
-846
-582
-236
34
116
27
31
317
640
757
750
831
1034
1272
1479
1700
1741
1531
1400
1605
2048
2232
1917
1429
1184
1279
1448
1487
1346
1022
611
291
190
253
219
-29
-352
-652
-808
-904
-983
-1050
-1166
-1336
-1478
-1512
-1498
-1540
-1656
-1589
-1393
-1293
-1389
-1489
-1402
-1240
-1182
-1120
-880
-665
-670
-871
-862
-636
-416
-305
-322
-415
-574
-606
-460
-205
-120
-249
-441
-557
-498
-324
-188
-173
-331
-556
-702
-680
-507
-231
-24
-50
-311
-602
-718
-658
-443
-137
30
-165
-488
-491
-81
330
326
131
90
139
224
461
802
980
800
662
921
1197
1158
1045
1169
1317
1199
974
993
1051
847
655
788
1020
839
280
-49
31
186
123
17
-25
-197
-541
-703
-511
-288
-308
-488
-508
-446
-462
-449
-243
-8
24
-69
-5
248
430
498
637
782
891
989
1134
1290
1320
1311
1394
1577
1661
1604
1480
1374
1357
1428
1518
1508
1327
1048
849
728
645
578
528
363
12
-331
-447
-356
-395
-618
-926
-1126
-1288
-1366
-1381
-1478
-1689
-1865
-1755
-1586
-1586
-1790
-1866
-1764
-1582
-1413
-1224
-1053
-1104
-1168
-1006
-587
-215
-121
-266
-316
-86
196
317
242
216
330
392
311
169
90
52
-21
-163
-292
-407
-533
-476
-254
-130
-319
-724
-982
-907
-722
-594
-559
-642
-806
-872
-611
-202
-96
-328
-426
-239
22
172
315
562
686
691
806
1115
1355
1364
1295
1371
1578
1717
1759
1618
1423
1398
1528
1639
1486
1139
827
713
696
672
557
247
-167
-549
-657
-534
-398
-502
-840
-1171
-1231
-1063
-890
-785
-807
-891
-915
-703
-330
-72
-25
-10
156
365
610
885
1108
1136
1042
1135
1437
1652
1534
1337
1280
1395
1480
1474
1416
1190
812
492
408
418
292
33
-173
-327
-587
-811
-870
-891
-1026
-1273
-1369
-1321
-1353
-1479
-1472
-1354
-1314
-1382
-1376
-1228
-1041
-976
-1006
-1058
-976
-715
-484
-407
-460
-487
-443
-264
-18
133
152
30
-79
-91
8
140
193
107
-83
-213
-286
-317
-343
-400
-554
-889
-1161
-1158
-1001
-958
-974
-992
-1109
-1324
-1467
-1326
-1079
-914
-874
-832
-728
-567
-350
-98
139
269
428
592
768
1001
1209
1338
1369
1412
1568
1727
1707
1667
1711
1754
1666
1482
1400
1386
1257
1046
927
925
893
725
515
369
260
99
-92
-218
-295
-410
-531
-612
-661
-731
-778
-727
-705
-790
-914
-910
-801
-671
-501
-280
-123
-194
-270
-118
203
374
420
573
804
887
804
826
982
1150
1139
1071
1084
1161
1203
1107
994
925
923
900
862
825
722
532
268
161
235
297
86
-301
-515
-486
-351
-348
-539
-789
-914
-860
-658
-508
-544
-693
-860
-894
-749
-502
-345
-397
-542
-585
-449
-231
-124
-180
-300
-369
-326
-212
-162
-215
-311
-366
-393
-347
-257
-260
-383
-529
-517
-372
-234
-215
-238
-264
-284
-303
-284
-216
-207
-233
-255
-193
-82
-67
-104
-139
-140
-184
-262
-251
-217
-174
-177
-187
-135
-76
-73
-73
-13
86
132
109
119
210
322
367
379
402
392
361
320
347
383
379
311
197
99
31
44
55
4
-96
-129
-127
-172
-276
-339
-292
-209
-177
-209
-224
-149
-35
58
144
230
272
251
284
400
531
615
691
810
914
905
851
869
932
1013
1085
1129
1034
874
773
827
913
890
774
580
407
295
362
448
393
237
86
6
-71
-90
-69
-104
-228
-385
-458
-462
-474
-513
-531
-564
-596
-672
-738
-720
-648
-605
-626
-648
-602
-552
-550
-532
-471
-367
-336
-347
-312
-233
-145
-107
-101
-110
-71
-15
-8
-47
-77
-36
31
71
44
-32
-78
-103
-101
-107
-114
-94
-114
-205
-282
-259
-181
-153
-214
-283
-304
-279
-274
-283
-303
-332
-385
-461
-506
-531
-593
-716
-834
-884
-915
-1045
-1209
-1244
-1177
-1156
-1241
-1359
-1348
-1244
-1140
-1073
-1074
-1050
-990
-888
-710
-545
-423
-333
-253
-165
-26
174
371
444
424
467
651
870
968
930
924
999
1072
1128
1181
1256
1272
1184
1144
1247
1348
1358
1300
1240
1246
1249
1228
1218
1194
1161
1063
955
936
958
932
786
653
569
523
440
289
180
130
66
-38
-111
-184
-261
-286
-300
-288
-283
-306
-319
-352
-317
-191
-100
-141
-197
-147
-28
54
69
73
50
40
97
178
224
198
164
248
384
436
446
472
514
539
567
673
783
816
745
687
732
843
880
807
692
597
569
570
519
413
311
206
96
-48
-143
-177
-255
-440
-682
-794
-846
-935
-1036
-1175
-1282
-1348
-1402
-1468
-1583
-1648
-1609
-1521
-1516
-1589
-1624
-1574
-1456
-1350
-1261
-1187
-1161
-1168
-1135
-956
-704
-585
-629
-708
-636
-470
-380
-317
-259
-207
-214
-191
-118
-53
-37
-34
57
135
158
197
273
357
401
421
452
513
585
651
710
741
781
802
830
866
918
971
961
920
896
935
941
878
818
778
798
818
740
624
547
495
429
373
368
353
269
139
81
91
63
-2
-70
-138
-206
-211
-145
-107
-110
-138
-158
-143
-72
49
171
185
147
198
324
459
546
632
691
717
716
758
875
946
945
914
900
911
887
836
816
809
743
587
454
370
300
160
-17
-135
-195
-254
-344
-458
-633
-798
-879
-853
-793
-856
-1040
-1196
-1228
-1169
-1125
-1106
-1131
-1181
-1239
-1271
-1208
-1089
-1003
-1041
-1137
-1180
-1127
-1054
-1028
-1026
-990
-958
-969
-998
-1001
-935
-868
-861
-883
-856
-805
-800
-807
-755
-687
-664
-675
-654
-611
-627
-624
-532
-403
-352
-359
-345
-297
-168
-46
33
59
60
136
273
413
499
521
508
537
626
725
771
731
704
750
828
900
936
918
817
718
746
888
932
780
583
516
617
726
734
655
541
443
414
483
597
626
535
418
383
430
556
677
728
705
647
674
757
856
898
902
907
908
908
906
947
1008
1016
939
872
881
933
910
792
703
693
710
642
563
532
511
434
327
288
276
211
112
70
32
-39
-143
-193
-177
-175
-202
-258
-330
-421
-436
-368
-334
-413
-520
-541
-509
-510
-499
-472
-499
-596
-656
-629
-593
-596
-616
-620
-622
-626
-617
-550
-491
-449
-440
-493
-567
-597
-516
-389
-328
-382
-494
-576
-572
-513
-453
-431
-476
-579
-638
-596
-511
-458
-469
-503
-545
-571
-554
-474
-389
-383
-453
-504
-462
-401
-361
-358
-340
-325
-358
-412
-400
-292
-188
-155
-168
-150
-98
-36
-17
63
176
224
223
237
355
486
544
542
596
666
702
706
681
681
727
752
747
743
735
737
712
697
715
710
661
613
605
601
545
456
446
496
517
466
357
280
254
259
256
244
234
210
144
72
71
77
43
3
10
23
-13
-74
-113
-113
-116
-160
-175
-147
-108
-107
-150
-184
-144
-88
-77
-88
-110
-107
-101
-108
-106
-121
-180
-231
-235
-218
-209
-244
-301
-375
-445
-451
-385
-340
-372
-440
-477
-451
-421
-416
-417
-439
-448
-441
-447
-470
-502
-518
-525
-551
-581
-583
-611
-699
-768
-772
-709
-669
-726
-797
-837
-793
-694
-603
-556
-601
-693
-691
-544
-380
-331
-376
-395
-337
-254
-182
-110
-72
-71
-46
32
130
213
256
275
291
341
410
464
499
529
546
551
610
703
751
739
720
723
708
711
746
759
717
627
586
603
614
581
540
480
371
261
226
284
327
264
129
27
14
51
105
124
67
-31
-113
-131
-107
-78
-85
-112
-150
-179
-172
-143
-129
-133
-119
-90
-31
16
80
148
200
260
318
385
481
579
650
680
685
701
768
838
863
827
788
795
785
739
662
602
541
457
387
346
302
203
68
-37
-69
-84
-156
-223
-234
-269
-343
-396
-396
-389
-426
-497
-527
-535
-571
-598
-586
-581
-644
-709
-728
-701
-680
-670
-664
-661
-662
-673
-641
-579
-510
-461
-421
-377
-340
-324
-312
-273
-187
-74
-1
2
-25
-50
1
118
199
226
229
246
271
321
406
505
544
535
552
620
676
700
721
751
761
740
712
683
639
609
589
553
509
428
317
221
191
165
87
-23
-128
-211
-319
-416
-453
-433
-442
-520
-575
-576
-545
-530
-551
-569
-551
-537
-530
-499
-442
-396
-377
-384
-356
-268
-201
-165
-130
-65
14
91
175
264
351
410
468
535
615
647
688
765
833
849
805
787
804
825
790
724
663
605
521
432
382
368
328
215
86
10
-18
-66
-141
-224
-309
-401
-481
-534
-614
-710
-783
-813
-824
-858
-927
-1014
-1045
-1014
-974
-976
-1009
-1043
-1071
-1094
-1093
-1052
-1004
-999
-990
-924
-842
-799
-771
-707
-580
-467
-438
-396
-310
-223
-197
-177
-100
6
102
139
170
201
208
232
323
434
456
395
375
446
535
583
571
562
565
581
612
633
612
545
458
401
391
393
379
298
187
83
33
32
12
-31
-98
-166
-228
-275
-304
-332
-362
-429
-500
-529
-518
-518
-535
-538
-535
-540
-554
-553
-534
-507
-478
-446
-413
-384
-351
-306
-232
-148
-79
-3
81
152
213
257
328
461
584
671
724
779
843
907
988
1066
1118
1112
1101
1108
1138
1123
1092
1060
1000
957
908
869
807
718
602
488
403
310
221
155
77
-14
-112
-209
-296
-352
-385
-423
-483
-553
-645
-746
-811
-834
-810
-812
-855
-889
-892
-888
-884
-855
-807
-731
-670
-651
-621
-546
-441
-332
-250
-173
-92
-29
20
82
176
233
236
230
270
344
412
446
452
480
538
601
644
677
684
674
647
663
695
672
625
610
616
599
578
572
573
520
428
388
397
378
330
295
263
194
100
54
80
71
-1
-88
-141
-153
-151
-150
-150
-185
-267
-341
-360
-346
-361
-412
-437
-416
-395
-398
-417
-410
-388
-371
-356
-328
-273
-218
-172
-122
-32
52
91
122
181
262
312
314
342
420
473
485
507
569
601
576
547
567
593
588
562
523
496
473
436
394
355
333
310
266
179
92
24
-7
-13
-37
-111
-236
-345
-407
-427
-468
-527
-586
-616
-642
-685
-725
-736
-723
-727
-743
-753
-763
-778
-785
-749
-693
-672
-679
-664
-611
-531
-479
-461
-446
-444
-442
-395
-302
-219
-215
-235
-189
-112
-20
43
68
60
75
142
226
276
273
276
294
332
374
401
389
342
272
243
279
308
300
233
163
127
114
111
82
16
-48
-85
-97
-114
-166
-212
-244
-257
-252
-220
-190
-209
-257
-291
-277
-239
-218
-217
-265
-314
-334
-321
-275
-242
-239
-246
-238
-187
-133
-95
-65
-56
-34
1
65
98
76
74
115
177
217
238
251
262
254
247
270
316
334
316
302
302
336
348
349
346
351
357
348
360
373
370
347
323
302
287
273
279
266
213
158
122
91
34
-40
-94
-113
-125
-140
-175
-204
-229
-262
-311
-345
-340
-332
-343
-382
-396
-382
-358
-309
-257
-218
-197
-186
-164
-134
-108
-91
-69
-25
45
95
109
128
170
229
274
294
300
321
342
370
421
466
469
447
418
429
443
440
446
455
450
408
376
359
360
356
315
275
255
238
213
187
172
184
183
158
122
107
110
121
108
80
75
112
147
144
128
109
90
71
64
78
66
20
-38
-80
-83
-64
-72
-106
-112
-86
-56
-67
-96
-105
-74
-57
-45
-34
-28
-11
-6
6
59
138
189
194
174
171
191
223
253
260
231
195
177
185
218
231
213
194
182
183
201
208
200
184
159
145
116
66
17
-16
-34
-65
-108
-152
-195
-231
-268
-302
-332
-366
-412
-449
-483
-515
-520
-523
-548
-581
-599
-610
-610
-595
-577
-566
-555
-550
-546
-550
-549
-529
-496
-477
-462
-422
-385
-352
-350
-366
-341
-275
-235
-222
-200
-150
-87
-57
-29
25
78
91
98
145
220
239
212
208
243
258
232
216
210
177
135
123
125
100
62
21
3
-7
-20
-39
-75
-110
-124
-130
-160
-205
-259
-296
-327
-345
-376
-424
-463
-487
-474
-444
-428
-426
-436
-451
-439
-413
-407
-395
-358
-321
-297
-262
-223
-193
-169
-133
-81
-49
-30
14
71
118
166
212
247
266
283
296
295
295
309
333
327
313
318
342
347
312
301
328
360
367
357
344
318
292
267
261
251
227
183
137
110
99
84
62
24
-19
-53
-83
-104
-115
-107
-130
-168
-199
-214
-217
-217
-216
-221
-235
-256
-260
-253
-242
-230
-232
-241
-231
-212
-191
-168
-133
-100
-75
-28
35
84
125
167
194
242
314
368
372
352
376
439
509
547
564
563
543
518
511
534
555
546
511
481
466
433
380
328
287
255
190
105
44
26
11
-32
-88
-113
-110
-120
-133
-144
-160
-188
-226
-256
-259
-233
-214
-229
-262
-281
-279
-261
-225
-200
-182
-151
-111
-66
-27
-5
7
46
96
129
136
131
133
144
174
201
233
267
272
255
234
238
253
254
245
231
211
208
210
210
205
211
226
223
207
184
168
150
152
161
143
91
39
24
33
43
22
-16
-42
-53
-49
-42
-51
-91
-136
-180
-236
-272
-291
-316
-354
-380
-377
-371
-375
-390
-407
-418
-403
-362
-323
-286
-271
-260
-261
-277
-258
-207
-148
-103
-89
-89
-75
-38
19
73
98
105
118
147
195
233
254
251
209
176
184
197
189
148
89
59
59
71
46
-6
-41
-57
-67
-73
-80
-84
-79
-74
-76
-93
-114
-121
-91
-51
-24
-18
-30
-39
-41
-10
27
45
27
-6
-42
-65
-70
-66
-74
-105
-130
-137
-132
-132
-144
-165
-169
-166
-174
-210
-239
-234
-222
-220
-208
-200
-200
-202
-199
-176
-162
-158
-150
-142
-133
-124
-112
-80
-44
-29
-22
-17
-1
22
46
80
124
149
142
125
119
120
110
110
113
117
113
108
88
45
-4
-35
-23
-3
-8
-33
-38
-41
-52
-61
-48
-16
16
33
46
50
52
54
58
80
114
131
123
109
107
107
118
142
153
137
109
95
106
134
150
143
123
117
128
138
127
99
67
29
-1
-6
-3
-18
-41
-64
-94
-123
-135
-130
-139
-157
-157
-142
-130
-139
-152
-154
-154
-138
-96
-45
-12
-2
9
31
49
65
87
108
114
94
86
88
83
79
64
49
58
68
58
42
37
53
61
59
53
37
11
-18
-27
-26
-34
-51
-57
-54
-69
-103
-135
-157
-148
-129
-131
-132
-118
-98
-71
-30
10
36
52
66
114
170
199
205
181
151
139
152
162
129
70
45
47
36
1
-39
-56
-70
-86
-79
-52
-30
-26
-16
0
14
18
21
30
41
34
29
37
41
43
33
34
42
45
45
69
97
119
119
120
110
101
103
108
119
124
123
120
120
87
52
42
47
37
6
-29
-49
-48
-64
-88
-107
-124
-138
-150
-131
-96
-71
-62
-54
-36
-8
21
36
45
50
56
71
110
136
134
102
56
33
25
37
58
59
32
-15
-65
-80
-71
-66
-78
-106
-137
-161
-156
-134
-125
-157
-200
-225
-225
-231
-254
-281
-308
-330
-333
-313
-296
-310
-349
-364
-324
-256
-191
-165
-152
-138
-120
-82
-41
11
34
48
75
105
130
148
164
181
181
168
176
211
250
275
281
288
283
265
261
284
303
295
273
260
266
276
272
258
246
245
242
237
227
197
162
135
127
118
88
59
43
47
52
39
13
-8
-20
-23
-30
-35
-46
-61
-70
-87
-99
-113
-131
-157
-169
-156
-145
-147
-154
-154
-146
-136
-125
-103
-78
-43
-21
-7
6
12
36
83
139
177
193
207
227
248
263
274
286
292
288
280
262
238
204
179
170
157
123
82
45
15
-2
-20
-45
-93
-145
-181
-195
-215
-254
-300
-332
-345
-364
-392
-427
-458
-475
-463
-441
-426
-427
-442
-453
-448
-433
-410
-377
-343
-320
-311
-303
-284
-257
-232
-209
-192
-186
-176
-155
-113
-64
-31
-24
-37
-43
-21
19
72
125
167
193
203
223
252
283
322
361
396
417
425
431
422
405
386
367
372
381
381
359
316
273
233
207
203
202
187
160
143
139
129
106
62
18
-19
-52
-57
-60
-82
-114
-136
-151
-166
-186
-201
-202
-187
-181
-169
-153
-141
-115
-77
-26
20
40
62
90
132
180
212
247
265
266
259
262
290
293
272
251
253
261
243
221
220
216
207
196
197
216
209
203
187
162
126
91
73
51
33
-5
-35
-71
-117
-154
-191
-222
-236
-259
-275
-286
-313
-326
-324
-312
-312
-314
-324
-330
-334
-322
-308
-309
-309
-328
-332
-325
-304
-282
-288
-316
-347
-367
-360
-322
-288
-238
-188
-179
-177
-171
-134
-102
-82
-47
-19
8
19
24
45
71
87
85
74
67
53
54
81
102
111
114
145
159
172
192
194
214
227
217
204
194
183
166
155
152
144
110
59
19
-6
-19
-16
-17
-20
-29
-54
-78
-106
-105
-96
-76
-68
-54
-17
8
13
-1
-15
-18
3
21
38
58
54
35
57
77
71
44
23
31
48
92
131
134
132
124
115
128
152
167
183
169
122
94
80
58
36
29
28
7
-29
-45
-32
-2
-4
-16
-43
-59
-55
-62
-43
-40
-50
-68
-59
-58
-69
-73
-75
-95
-98
-91
-99
-112
-126
-119
-124
-127
-119
-99
-63
-24
-27
-55
-89
-95
-60
-38
-36
-17
4
7
-7
-36
-46
-53
-92
-104
-96
-89
-88
-88
-99
-143
-158
-153
-116
-92
-69
-79
-114
-118
-133
-126
-115
-104
-81
-49
-57
-103
-125
-125
-119
-116
-125
-130
-137
-130
-126
-121
-90
-70
-63
-64
-47
-42
-29
1
35
40
25
38
39
48
42
44
11
-18
-27
-53
-61
-69
-64
-45
-34
-32
-11
10
16
51
95
161
175
154
164
177
195
201
205
215
231
225
214
187
185
192
195
222
243
251
246
258
256
232
216
228
225
202
191
201
212
229
221
228
220
232
239
284
278
287
219
275
323
662
1282
790
497
719
1347
1343
557
672
735
893
1400
2189
1841
534
-74
-322
281
397
-19
221
421
-6
-819
-944
-1520
-2039
-1990
-1841
-1390
-1292
-1311
-1832
-2479
-2517
-2545
-2589
-2454
-2003
-1454
-1232
-863
-846
-1219
-1424
-1579
-940
-85
446
1011
1258
1401
1085
888
866
1043
1365
1715
2355
2351
2125
1825
1385
1141
831
853
874
810
602
350
254
-130
-588
-1043
-1250
-1373
-1488
-1273
-1165
-1299
-1401
-1446
-1398
-1441
-1468
-1294
-1078
-811
-505
-243
-98
-98
-115
76
343
586
835
888
830
867
923
959
914
804
763
830
757
676
621
439
220
97
114
59
-43
-164
-305
-377
-362
-243
-255
-232
-210
-161
-32
9
21
29
233
450
641
834
840
762
696
725
747
758
804
789
769
729
627
434
194
44
-34
-12
6
-58
-191
-390
-567
-655
-688
-696
-686
-598
-460
-369
-349
-368
-425
-445
-316
-154
32
186
243
233
238
263
349
417
398
383
397
396
343
283
197
99
26
22
10
-102
-247
-350
-406
-393
-394
-446
-528
-577
-551
-484
-412
-445
-493
-421
-307
-162
-76
-68
-110
-88
25
72
104
121
137
121
147
152
60
-35
-148
-220
-287
-310
-319
-412
-500
-597
-723
-812
-810
-791
-787
-692
-627
-618
-596
-574
-547
-474
-340
-211
-96
19
87
131
185
289
374
412
419
447
512
525
532
551
528
479
405
368
363
322
307
339
355
267
145
98
104
121
125
132
169
221
242
235
272
334
388
423
421
430
458
513
565
578
558
512
470
404
330
273
245
236
178
109
34
-58
-142
-217
-267
-282
-270
-291
-321
-325
-371
-388
-374
-356
-331
-289
-216
-170
-103
-68
-72
-65
-6
92
152
191
234
241
220
215
231
235
221
188
137
110
87
66
58
43
-12
-75
-106
-151
-149
-79
-13
25
27
16
-5
2
51
79
80
105
155
199
218
185
159
129
87
93
146
192
147
57
-12
-63
-118
-143
-150
-170
-194
-238
-261
-279
-301
-325
-292
-233
-200
-163
-146
-123
-101
-83
-55
-17
51
141
189
199
218
248
222
175
156
160
184
217
249
240
202
132
55
27
30
42
33
29
41
-1
-62
-125
-189
-210
-168
-123
-113
-75
-42
-65
-112
-144
-148
-144
-108
-28
35
34
-12
-78
-161
-194
-167
-112
-31
19
22
47
70
44
4
1
11
39
111
167
167
142
137
125
130
167
178
198
236
275
289
291
267
222
230
224
209
190
177
189
152
99
66
57
58
22
-33
-102
-168
-205
-220
-222
-222
-240
-296
-350
-387
-403
-390
-378
-352
-305
-310
-358
-396
-404
-423
-452
-455
-420
-363
-316
-282
-265
-283
-318
-332
-282
-200
-159
-118
-110
-124
-159
-169
-143
-125
-79
-47
-2
44
71
64
18
-20
-49
-33
20
70
96
69
28
-29
-68
-50
-25
9
32
71
80
57
35
-31
-74
-73
-70
-42
32
93
95
38
-10
-41
-34
21
96
177
205
211
161
115
99
124
181
217
244
240
248
236
224
201
145
123
127
154
157
115
54
-5
-47
-91
-117
-144
-152
-160
-181
-194
-222
-255
-309
-346
-333
-288
-253
-259
-280
-287
-291
-279
-228
-195
-194
-181
-131
-78
-60
-46
-43
-26
6
41
84
109
144
167
191
225
249
266
262
266
288
316
336
350
338
314
323
317
302
283
279
274
257
261
262
268
242
210
166
143
137
110
101
91
72
38
20
4
-52
-113
-123
-110
-96
-82
-82
-116
-148
-174
-205
-224
-239
-238
-228
-201
-173
-172
-212
-272
-291
-278
-250
-181
-139
-147
-173
-195
-201
-216
-217
-169
-106
-57
-9
18
6
11
14
10
47
76
121
167
193
180
136
106
82
96
115
135
153
115
70
35
14
12
34
29
-2
14
30
21
24
2
-34
-41
-22
10
46
57
33
10
1
3
10
5
25
50
63
53
49
68
71
51
26
18
23
21
20
11
-10
-38
-55
-54
-55
-58
-59
-57
-62
-68
-62
-39
-17
-8
-4
12
47
72
104
139
155
170
169
163
169
184
174
174
198
194
182
168
153
137
110
97
85
68
45
37
36
19
-4
-37
-80
-120
-133
-127
-116
-121
-144
-157
-179
-200
-198
-160
-132
-126
-132
-143
-131
-109
-94
-91
-83
-65
-55
-44
-39
-23
-12
-14
-14
-8
5
14
24
18
17
14
21
39
48
53
56
57
55
51
58
59
78
94
94
98
112
130
154
174
170
146
144
151
152
142
125
120
108
81
46
24
17
-9
-52
-86
-107
-128
-136
-138
-155
-167
-164
-170
-186
-197
-194
-191
-174
-156
-143
-135
-151
-170
-176
-166
-168
-170
-154
-133
-104
-92
-87
-91
-101
-93
-61
-6
24
38
40
34
29
21
32
56
78
85
79
83
76
74
80
88
115
126
137
151
156
162
159
161
179
203
205
205
208
186
159
154
158
151
135
120
116
111
98
72
43
11
-19
-22
-17
-19
-23
-28
-39
-48
-54
-65
-69
-69
-60
-49
-44
-37
-28
-8
-7
-21
-30
-41
-33
-9
3
-16
-44
-57
-68
-65
-50
-43
-57
-89
-84
-62
-53
-56
-65
-78
-90
-70
-50
-58
-75
-98
-98
-76
-58
-61
-70
-78
-83
-77
-80
-100
-108
-99
-75
-42
-33
-53
-62
-45
-18
-9
-12
-26
-42
-54
-51
-36
-31
-32
-40
-34
-22
-8
1
-5
5
22
46
77
95
110
125
141
136
129
135
146
167
181
181
152
115
94
90
106
113
117
110
88
68
50
34
19
11
6
-2
6
15
2
-27
-45
-57
-70
-61
-29
-10
-16
-18
-23
-35
-43
-42
-39
-38
-42
-38
-22
-7
-18
-43
-63
-65
-54
-46
-45
-51
-62
-82
-107
-132
-148
-155
-155
-130
-108
-106
-112
-125
-138
-138
-119
-94
-66
-35
-5
25
60
71
63
66
85
127
181
212
194
159
140
129
118
108
114
124
127
114
80
44
0
-28
-30
-24
-4
-1
-11
-29
-43
-64
-97
-107
-103
-76
-43
-13
2
-20
-47
-64
-40
-6
25
65
95
126
134
123
101
83
96
123
165
198
206
181
127
78
42
34
40
49
53
33
-1
-47
-87
-113
-131
-129
-112
-90
-81
-101
-134
-162
-163
-152
-130
-85
-50
-29
-28
-38
-46
-53
-46
-28
14
47
57
60
46
23
5
15
45
72
91
93
92
84
64
42
30
47
64
71
70
56
29
-11
-43
-64
-65
-58
-58
-69
-89
-110
-131
-147
-159
-163
-151
-135
-124
-123
-131
-137
-130
-113
-94
-75
-54
-28
-7
0
-9
-8
10
31
62
94
122
136
128
114
111
132
153
162
163
164
170
158
144
131
117
112
107
117
114
93
56
20
2
-17
-19
-16
-18
-18
-25
-36
-59
-77
-93
-103
-95
-71
-51
-55
-66
-78
-86
-90
-99
-99
-95
-94
-92
-102
-118
-137
-151
-148
-140
-121
-108
-113
-115
-113
-105
-100
-87
-62
-40
-18
5
31
49
57
68
87
121
151
178
201
221
237
243
248
247
255
266
269
273
265
242
207
179
161
141
123
100
74
43
5
-26
-55
-84
-105
-117
-118
-121
-125
-141
-157
-164
-154
-131
-115
-100
-89
-88
-86
-81
-71
-63
-54
-43
-35
-27
-37
-55
-68
-79
-86
-90
-88
-88
-94
-100
-110
-111
-105
-102
-96
-79
-49
-30
-20
-14
-10
3
27
59
87
112
124
131
138
140
139
142
158
180
200
211
205
189
167
149
138
140
145
139
124
106
87
65
41
19
6
5
6
1
-15
-35
-61
-79
-84
-78
-67
-63
-62
-60
-60
-65
-81
-87
-77
-59
-38
-22
-16
-23
-36
-46
-45
-36
-35
-33
-25
-19
-23
-36
-49
-64
-71
-64
-51
-35
-32
-40
-56
-65
-67
-71
-65
-55
-39
-26
-19
-23
-38
-49
-50
-40
-24
-10
-3
-2
-6
-18
-33
-43
-46
-38
-34
-31
-36
-48
-55
-71
-78
-77
-66
-50
-43
-34
-32
-29
-23
-16
2
23
45
61
78
93
98
97
91
89
91
98
105
100
89
60
37
23
9
-8
-23
-23
-26
-27
-41
-57
-63
-64
-51
-34
-17
-11
-14
-10
-2
11
23
32
44
56
66
62
50
33
22
27
36
42
34
19
5
-8
-16
-25
-31
-40
-43
-35
-32
-38
-57
-77
-83
-80
-69
-64
-62
-69
-75
-76
-84
-88
-85
-72
-55
-43
-39
-47
-54
-58
-56
-44
-30
-14
-9
-4
-4
-7
-11
-17
-7
5
18
28
32
33
24
19
21
25
37
51
70
79
77
66
59
66
74
84
90
98
100
91
81
65
49
40
38
46
49
44
29
15
3
-8
-15
-19
-20
-17
-11
-12
-24
-37
-50
-52
-39
-26
-18
-19
-21
-21
-13
-5
-1
7
20
38
54
60
58
52
49
49
55
59
57
47
38
33
19
-2
-23
-40
-50
-58
-64
-75
-87
-98
-104
-99
-90
-83
-76
-60
-39
-21
-5
12
30
50
70
92
109
121
125
131
139
141
140
134
128
118
105
90
74
60
48
35
18
-2
-22
-41
-54
-68
-80
-85
-93
-100
-108
-112
-112
-116
-111
-101
-85
-73
-63
-51
-36
-21
-12
1
14
31
49
64
76
78
74
74
75
77
71
64
59
51
40
23
6
-11
-23
-27
-25
-26
-36
-49
-61
-67
-70
-69
-64
-57
-49
-40
-34
-33
-38
-38
-31
-18
-6
2
5
7
10
8
6
3
-2
-1
5
12
10
1
-12
-28
-36
-40
-37
-34
-39
-42
-48
-53
-61
-68
-65
-55
-42
-28
-17
-11
-11
-8
-1
12
27
42
57
70
80
81
80
77
72
71
74
80
78
69
54
37
21
8
0
-5
-9
-12
-18
-24
-37
-52
-59
-58
-49
-35
-21
-12
-11
-13
-14
-9
-3
8
22
38
49
51
50
42
35
34
38
45
49
47
39
30
18
4
-6
-12
-15
-17
-18
-22
-31
-45
-57
-63
-64
-60
-52
-45
-40
-38
-39
-38
-36
-30
-20
-5
12
21
27
28
27
23
25
32
38
41
41
38
34
25
16
10
9
9
12
16
17
12
2
-4
-5
-6
-1
2
5
5
3
1
-4
-12
-19
-22
-19
-17
-19
-24
-31
-38
-45
-51
-55
-56
-58
-55
-52
-52
-56
-62
-67
-67
-63
-57
-51
-50
-50
-47
-45
-44
-43
-42
-36
-24
-15
-7
-4
-1
2
7
13
19
23
27
35
44
49
51
52
52
51
54
58
63
65
66
68
68
67
64
64
66
70
74
77
80
81
82
83
86
89
94
99
103
106
107
108
106
103
97
94
91
85
82
75
65
51
35
20
6
-7
-20
-33
-46
-59
-74
-90
-108
-122
-131
-138
-140
-139
-138
-138
-138
-133
-129
-121
-111
-99
-84
-67
-54
-42
-32
-22
-9
3
17
28
39
48
54
60
61
61
59
60
63
64
61
57
50
42
35
32
29
26
26
26
27
24
20
14
9
8
12
15
19
17
13
5
-2
-6
-13
-17
-22
-25
-32
-41
-51
-63
-73
-81
-88
-92
-98
-102
-105
-109
-112
-115
-115
-114
-112
-107
-99
-92
-86
-80
-74
-67
-57
-47
-35
-26
-16
-8
-1
7
16
24
32
42
53
59
64
69
74
76
80
85
88
89
89
90
90
90
90
89
86
85
81
75
69
61
54
46
39
33
26
19
10
3
-4
-10
-13
-16
-20
-24
-27
-32
-36
-40
-43
-44
-43
-43
-43
-43
-45
-47
-46
-45
-42
-41
-37
-34
-29
-27
-24
-22
-22
-19
-13
-6
2
8
12
14
18
21
25
29
36
42
45
49
52
51
50
48
48
49
49
49
49
47
45
42
37
33
31
29
29
29
27
25
20
16
16
15
14
13
12
11
9
6
1
-5
-14
-19
-21
-26
-34
-41
-50
-57
-64
-71
-78
-85
-90
-94
-98
-101
-103
-103
-102
-98
-94
-88
-83
-75
-64
-56
-49
-38
-29
-21
-10
-1
8
17
24
32
38
41
43
45
47
50
51
53
54
52
51
49
48
46
45
44
44
44
43
40
38
37
36
35
34
36
38
39
40
36
33
31
31
31
31
30
29
27
23
17
11
7
3
2
1
-3
-9
-15
-22
-30
-33
-36
-39
-40
-42
-44
-48
-54
-57
-61
-63
-59
-55
-50
-48
-45
-43
-38
-34
-26
-17
-8
3
13
22
29
34
37
42
49
55
62
68
69
69
68
64
60
58
59
58
54
52
45
36
28
21
17
13
12
10
6
4
-1
-6
-9
-14
-15
-14
-12
-11
-13
-14
-19
-23
-26
-29
-29
-32
-32
-34
-36
-41
-48
-53
-56
-57
-56
-54
-51
-50
-48
-47
-45
-42
-38
-31
-25
-17
-13
-7
-3
0
5
10
15
21
27
33
35
36
35
35
33
33
32
31
31
29
26
22
17
13
10
8
6
4
2
-1
-3
-7
-10
-13
-13
-13
-13
-15
-16
-20
-22
-23
-25
-25
-25
-22
-23
-22
-22
-23
-25
-24
-23
-21
-17
-14
-11
-8
-6
-5
-6
-5
-3
0
0
2
4
6
6
8
8
10
12
15
20
23
25
27
29
29
31
32
35
38
39
39
37
34
30
27
25
23
18
14
10
5
-2
-12
-18
-23
-27
-30
-32
-35
-39
-42
-45
-48
-49
-47
-44
-40
-36
-32
-29
-27
-25
-21
-16
-12
-6
-1
3
7
9
11
13
15
16
17
17
16
15
13
9
6
2
1
-1
-1
-2
-2
-5
-4
-7
-9
-8
-7
-5
-2
1
2
2
2
3
4
8
11
12
15
15
13
9
5
-1
-1
-2
-4
-5
-10
-14
-20
-23
-24
-26
-25
-24
-23
-23
-21
-23
-22
-20
-16
-11
-6
-3
-1
3
4
7
10
12
17
23
26
29
30
30
29
31
31
33
34
36
36
34
31
27
23
21
18
16
15
13
11
9
5
1
-1
-2
0
1
1
1
0
-2
-2
-2
-1
2
6
7
7
4
2
0
-1
-2
-2
-1
-1
1
-3
-4
-9
-13
-15
-15
-13
-11
-11
-10
-9
-8
-6
-4
-1
3
9
14
17
20
21
22
23
26
29
33
36
38
36
35
32
29
26
24
23
20
16
12
9
5
2
-2
-3
-3
-3
-3
-5
-8
-10
-13
-16
-16
-16
-12
-11
-9
-9
-12
-13
-14
-14
-12
-10
-9
-8
-8
-10
-12
-14
-15
-14
-13
-12
-13
-14
-16
-16
-18
-21
-21
-20
-16
-13
-11
-9
-7
-5
-3
-2
2
4
7
10
11
12
12
12
14
16
18
17
19
18
18
14
9
6
3
1
0
-1
-3
-7
-10
-14
-17
-19
-20
-22
-21
-21
-22
-23
-25
-25
-24
-21
-18
-15
-13
-10
-10
-9
-10
-9
-8
-6
-5
-4
-5
-7
-9
-10
-14
-17
-19
-19
-19
-20
-23
-27
-29
-30
-30
-29
-27
-22
-19
-17
-15
-12
-10
-4
2
7
13
18
22
27
30
33
36
39
42
42
42
43
41
36
31
26
23
18
13
9
3
-2
-8
-15
-21
-26
-29
-29
-30
-27
-26
-27
-25
-24
-22
-19
-15
-10
-4
1
5
9
10
13
15
19
23
28
29
28
25
21
17
13
11
8
6
2
-3
-8
-13
