33
62
73
107
73
49
16
4
35
24
24
-23
-56
-67
-67
-35
-45
-57
-96
-121
-117
-112
-99
-125
-150
-185
-201
-195
-189
-184
-209
-220
-235
-222
-201
-194
-183
-201
-199
-203
-188
-168
-173
-170
-187
-183
-178
-169
-158
-172
-170
-178
-168
-153
-145
-137
-145
-146
-148
-142
-135
-135
-142
-151
-148
-145
-132
-123
-122
-121
-125
-109
-95
-71
-48
-39
-18
-13
9
32
59
89
101
133
159
191
222
240
258
255
265
276
294
318
323
332
331
333
337
338
347
341
329
316
307
305
291
277
250
224
202
188
186
176
164
142
124
109
93
88
81
77
63
51
47
38
32
10
-11
-33
-52
-60
-67
-69
-87
-107
-123
-133
-142
-156
-164
-179
-196
-215
-231
-244
-266
-283
-308
-326
-339
-341
-334
-335
-339
-349
-349
-345
-347
-348
-350
-352
-356
-354
-351
-348
-349
-343
-329
-318
-300
-279
-252
-237
-242
-235
-233
-227
-244
-270
-282
-306
-313
-328
-330
-325
-326
-285
-234
-153
-70
17
125
213
308
393
474
534
558
591
622
660
688
707
731
737
747
775
831
880
897
901
916
936
942
929
891
844
778
714
668
624
578
507
439
376
330
313
297
272
222
174
152
131
101
49
-11
-71
-129
-156
-162
-163
-180
-214
-229
-224
-209
-195
-191
-193
-202
-207
-200
-189
-180
-192
-217
-233
-230
-201
-174
-172
-190
-213
-220
-233
-256
-287
-326
-363
-404
-438
-462
-479
-497
-526
-550
-558
-536
-504
-486
-486
-495
-495
-496
-506
-531
-559
-587
-608
-619
-630
-643
-665
-683
-701
-709
-705
-707
-721
-760
-794
-821
-848
-880
-915
-930
-940
-920
-847
-728
-598
-490
-370
-214
-32
151
319
459
557
631
708
782
816
818
809
801
788
791
862
957
1014
1025
1054
1145
1234
1289
1309
1306
1272
1205
1157
1113
1041
928
805
719
642
598
593
595
568
507
487
493
489
453
397
332
223
103
8
-69
-179
-314
-417
-467
-493
-517
-515
-496
-481
-473
-450
-411
-373
-342
-316
-297
-283
-265
-230
-202
-182
-171
-146
-100
-72
-42
-11
17
51
67
79
89
97
108
110
126
134
145
162
168
181
183
190
195
189
183
150
103
57
10
-63
-143
-211
-262
-299
-343
-384
-421
-470
-523
-569
-606
-641
-682
-717
-746
-790
-841
-885
-906
-930
-971
-1002
-1028
-1038
-1033
-1013
-981
-962
-945
-946
-938
-904
-893
-880
-875
-896
-929
-968
-991
-999
-1009
-1016
-1009
-957
-824
-668
-520
-383
-207
14
213
401
561
668
756
830
883
910
924
946
962
988
1029
1090
1206
1316
1380
1407
1455
1556
1624
1650
1655
1653
1667
1645
1587
1509
1422
1328
1224
1145
1083
1059
1044
1029
1013
978
961
941
896
824
733
635
537
420
299
177
62
-53
-154
-213
-265
-270
-270
-274
-277
-261
-185
-108
-51
-19
-13
-18
-25
-24
-36
-49
-61
-85
-91
-93
-99
-94
-92
-117
-159
-204
-230
-272
-336
-391
-451
-520
-596
-650
-684
-708
-718
-724
-690
-638
-619
-617
-635
-655
-676
-713
-736
-761
-759
-733
-734
-748
-759
-757
-762
-769
-773
-783
-769
-747
-740
-761
-798
-818
-822
-816
-824
-869
-887
-869
-850
-864
-894
-895
-907
-937
-981
-942
-809
-679
-581
-500
-316
-37
220
438
585
701
818
925
985
945
866
837
828
807
784
833
957
1068
1117
1124
1199
1348
1462
1494
1505
1560
1628
1628
1567
1483
1378
1256
1110
948
795
699
675
679
654
617
632
676
672
617
544
484
420
330
238
135
44
-67
-221
-371
-472
-502
-540
-589
-607
-592
-529
-458
-418
-389
-352
-297
-262
-256
-292
-325
-344
-374
-402
-420
-423
-437
-425
-411
-398
-351
-293
-253
-242
-228
-191
-161
-149
-141
-127
-82
-57
-42
-14
-8
-22
-79
-116
-141
-185
-238
-302
-365
-440
-495
-525
-561
-617
-666
-713
-745
-770
-821
-847
-874
-903
-940
-990
-1038
-1079
-1122
-1160
-1199
-1214
-1196
-1174
-1171
-1204
-1228
-1266
-1309
-1390
-1458
-1436
-1387
-1300
-1200
-1072
-857
-563
-264
-2
193
348
521
668
717
690
637
614
617
583
536
566
678
779
859
909
1035
1231
1393
1515
1615
1741
1890
1967
1950
1887
1811
1774
1706
1574
1444
1359
1322
1265
1194
1137
1163
1220
1237
1209
1153
1110
1041
955
839
706
587
482
390
290
238
250
245
248
267
300
398
477
515
558
588
603
617
608
579
557
517
460
412
359
308
260
208
187
169
156
135
86
52
59
71
65
17
-51
-91
-124
-153
-181
-199
-236
-289
-346
-409
-490
-606
-723
-800
-882
-957
-1017
-1099
-1171
-1250
-1312
-1361
-1390
-1428
-1473
-1509
-1565
-1614
-1669
-1741
-1796
-1852
-1921
-1971
-2034
-2082
-2115
-2138
-2120
-2087
-2061
-2016
-1935
-1812
-1637
-1485
-1335
-1106
-814
-510
-189
59
252
453
644
805
878
881
871
893
899
879
904
995
1121
1240
1323
1439
1550
1640
1719
1748
1786
1876
1969
2004
1983
1893
1798
1695
1549
1382
1256
1168
1095
1042
975
942
944
949
932
895
851
799
690
548
391
236
74
-102
-266
-406
-494
-566
-601
-577
-504
-416
-336
-276
-243
-218
-192
-169
-176
-184
-158
-128
-120
-130
-130
-131
-138
-164
-185
-180
-187
-174
-131
-117
-111
-102
-93
-77
-80
-89
-60
-36
-8
17
25
42
51
76
61
-6
-86
-193
-319
-432
-547
-649
-758
-839
-875
-917
-963
-993
-1005
-989
-972
-999
-1040
-1093
-1158
-1200
-1260
-1352
-1437
-1513
-1607
-1714
-1763
-1745
-1671
-1544
-1431
-1276
-1043
-762
-392
-49
186
395
586
763
909
963
975
944
901
843
754
745
815
904
970
1064
1244
1411
1541
1603
1616
1625
1633
1644
1620
1551
1469
1387
1273
1118
956
818
737
671
593
537
522
571
641
635
604
565
478
386
274
128
-15
-183
-363
-511
-622
-687
-717
-723
-732
-710
-635
-552
-444
-335
-258
-175
-97
-55
-58
-77
-116
-163
-191
-244
-284
-324
-384
-416
-429
-410
-392
-363
-331
-304
-248
-203
-182
-183
-169
-138
-114
-92
-76
-63
-87
-138
-199
-245
-286
-365
-458
-569
-665
-736
-794
-861
-943
-1011
-1055
-1093
-1150
-1203
-1264
-1320
-1383
-1444
-1512
-1605
-1678
-1755
-1843
-1955
-2095
-2193
-2200
-2129
-1994
-1855
-1702
-1471
-1169
-814
-472
-182
78
360
633
838
953
958
993
1009
999
986
986
1033
1094
1183
1272
1456
1689
1893
2056
2135
2174
2167
2091
1976
1805
1609
1429
1257
1085
918
793
677
577
513
470
475
509
515
515
504
451
348
198
49
-106
-263
-412
-539
-629
-708
-737
-758
-770
-727
-670
-570
-438
-293
-146
-9
162
315
430
526
617
694
730
753
786
800
803
798
794
788
757
722
673
614
567
542
526
501
492
493
517
538
533
523
514
463
376
267
147
6
-198
-420
-661
-876
-1078
-1285
-1460
-1616
-1721
-1796
-1853
-1908
-1960
-1998
-2048
-2097
-2118
-2153
-2217
-2294
-2403
-2518
-2635
-2732
-2770
-2725
-2590
-2390
-2147
-1833
-1431
-963
-482
-38
363
763
1199
1597
1897
2077
2197
2285
2346
2352
2367
2426
2494
2578
2622
2711
2863
3030
3170
3239
3292
3351
3354
3237
2984
2691
2396
2069
1705
1333
1021
777
554
347
169
59
16
-35
-68
-89
-121
-176
-302
-494
-704
-914
-1119
-1358
-1629
-1821
-1938
-2016
-2066
-2049
-1930
-1759
-1576
-1392
-1202
-996
-776
-583
-438
-325
-221
-143
-110
-95
-94
-96
-102
-145
-159
-160
-113
-3
66
116
173
247
301
308
312
332
363
373
382
432
478
498
473
402
352
307
198
56
-121
-306
-503
-715
-932
-1192
-1418
-1585
-1716
-1859
-1986
-2074
-2150
-2228
-2331
-2404
-2505
-2649
-2833
-2984
-3034
-2985
-2836
-2709
-2564
-2310
-1901
-1377
-907
-553
-170
351
961
1506
1847
2087
2333
2553
2690
2726
2759
2854
3005
3132
3206
3338
3531
3735
3829
3831
3893
3995
4011
3844
3542
3221
2939
2567
2064
1516
1044
688
347
32
-231
-336
-362
-414
-444
-491
-483
-511
-654
-840
-1063
-1270
-1450
-1683
-1988
-2226
-2363
-2426
-2476
-2557
-2519
-2347
-2112
-1873
-1641
-1362
-981
-604
-360
-166
10
132
176
161
135
143
128
24
-126
-271
-346
-382
-491
-573
-569
-474
-301
-204
-176
-146
-67
-18
-37
-89
-132
-117
-80
-5
35
18
5
-158
-456
-662
-812
-956
-1142
-1325
-1471
-1584
-1753
-2003
-2306
-2597
-2765
-2891
-3037
-3233
-3422
-3542
-3534
-3355
-3095
-2842
-2572
-2231
-1684
-1038
-486
-54
311
765
1347
1871
2269
2548
2764
3061
3295
3407
3481
3603
3811
3989
4123
4246
4484
4804
4941
4933
4962
5056
5108
4864
4411
4032
3693
3287
2721
2077
1576
1165
751
340
-7
-187
-218
-207
-240
-217
-177
-171
-210
-349
-499
-629
-834
-1132
-1462
-1749
-1889
-2015
-2183
-2281
-2254
-2066
-1785
-1520
-1264
-905
-525
-212
41
197
337
429
389
279
157
18
-169
-380
-596
-780
-953
-1157
-1381
-1570
-1660
-1643
-1550
-1449
-1339
-1189
-1033
-901
-834
-795
-719
-644
-520
-427
-395
-345
-331
-430
-533
-689
-831
-883
-1069
-1273
-1469
-1668
-1876
-2119
-2463
-2719
-3069
-3516
-3808
-3809
-3391
-3041
-2762
-2567
-1992
-1021
-218
334
640
1016
1850
2641
2960
3112
3131
3492
3906
3887
3856
3950
4137
4337
4375
4329
4557
4970
5129
5108
5022
5139
5493
5348
4680
4124
3771
3565
3164
2292
1652
1422
1144
830
438
160
200
193
64
52
118
247
353
172
-1
-3
-43
-192
-524
-880
-982
-892
-923
-1008
-1020
-839
-471
-268
-197
13
251
398
438
300
265
301
148
-99
-400
-634
-799
-1053
-1455
-1840
-2159
-2459
-2723
-3089
-3449
-3598
-3704
-3830
-3914
-3931
-3723
-3430
-3269
-3150
-2955
-2662
-2342
-2221
-2195
-2065
-1914
-1893
-1982
-2100
-2168
-2216
-2429
-2828
-3227
-3594
-3847
-4228
-4770
-5268
-5625
-5186
-4525
-4118
-3832
-3654
-2604
-1078
-267
263
577
1057
2335
3019
3160
3333
3138
3398
3629
3307
3168
3197
3282
3432
3352
3089
3575
4307
4256
3975
3695
3916
4566
4118
3002
2600
2319
2093
1536
353
44
150
-158
-337
-569
-434
258
550
697
1043
1413
1993
2369
2283
2090
2143
2363
2290
1899
1364
1247
1476
1220
889
731
821
1130
997
799
917
1047
1052
849
619
664
650
388
30
-380
-613
-713
-957
-1399
-1881
-2250
-2409
-2543
-2933
-3294
-3390
-3324
-3315
-3491
-3537
-3204
-2864
-2772
-2740
-2560
-2209
-2024
-2250
-2512
-2611
-2662
-2856
-3341
-3797
-4078
-4243
-4567
-5023
-5471
-5795
-6065
-6467
-7058
-6799
-5586
-4677
-3895
-3806
-2842
-297
1491
2390
2768
2996
4676
6199
6027
5906
5365
5229
5732
4989
4003
3647
3426
3398
3073
1953
1912
2913
2789
1978
1139
1062
2183
2080
318
-389
-326
-197
-294
-1538
-1938
-1078
-799
-600
-347
-19
1270
2339
2806
3355
3820
4642
5418
5412
4871
4614
4929
4876
4124
3112
2581
2818
2458
1433
885
753
812
435
-332
-491
-379
-559
-899
-1213
-1146
-751
-423
-332
-295
-70
446
1037
1201
1049
1077
1408
1547
1234
730
514
628
272
-414
-881
-1034
-1133
-1740
-2585
-3046
-3323
-3781
-4568
-5558
-6184
-6451
-6868
-7435
-8172
-8677
-8721
-8841
-9320
-9863
-10068
-10020
-8502
-6698
-5441
-3886
-3006
-710
2881
4674
5690
6323
6407
8372
9148
7911
7424
5689
4534
4243
2274
692
-70
-1334
-1838
-2551
-3983
-3383
-2377
-3012
-3672
-3954
-3018
-1073
-1282
-2696
-1957
-649
323
972
608
1824
3989
4651
5548
6649
7545
9165
9656
9423
9457
9027
8853
8016
5997
3987
2646
1879
265
-1975
-3532
-4019
-3864
-4728
-5543
-5110
-4363
-3642
-3463
-3036
-1574
-342
478
1430
2327
3683
4974
5739
6430
6773
7101
7575
7443
6586
5675
4880
4046
2683
702
-803
-1680
-2758
-4302
-5657
-6375
-6595
-6906
-7630
-7880
-7624
-7315
-6846
-6562
-6155
-5184
-4410
-3823
-3359
-3001
-2317
-1892
-2125
-2710
-3139
-3494
-2147
-306
365
992
784
2394
5749
6575
5847
4694
3336
4442
4049
1160
-700
-3499
-5158
-5609
-7674
-8837
-8606
-8580
-7562
-6870
-6594
-3702
-607
220
442
982
3263
6215
5946
4042
4234
5179
5706
5533
4416
4857
5866
5413
5253
5074
4660
4834
3935
2214
495
-901
-1260
-2314
-4542
-6453
-6286
-4495
-4022
-4336
-3633
-1337
1608
2716
3344
5269
6985
7841
7731
7339
7548
7303
6357
5310
4229
3379
2980
2545
1343
-82
-851
-1048
-1524
-3062
-4443
-4350
-3894
-4163
-4644
-4254
-2678
-1227
-717
-63
1334
2744
3494
3497
3221
3132
2911
2146
865
-626
-1897
-2831
-4232
-6268
-7914
-8807
-9450
-10511
-11997
-12442
-12704
-12129
-8978
-5861
-2722
-887
423
5547
10502
11993
12255
10781
11004
12699
10076
7329
4424
112
-1515
-3840
-7359
-8744
-10232
-10815
-10145
-11977
-11778
-8174
-6255
-6186
-6991
-5767
-876
1971
756
977
4002
7328
9096
9197
10538
13285
13986
12955
12076
10891
9562
7407
4026
221
-3406
-5428
-6699
-9035
-11727
-12511
-9952
-6915
-6262
-5181
-1894
2389
5364
5723
6973
9419
10063
9218
8325
8064
7902
6627
5055
4379
3796
3033
2487
1804
398
-809
-1378
-1985
-3024
-4624
-4979
-3800
-3468
-3766
-3237
-1585
534
1199
1087
2084
3139
3494
3153
2313
2012
1548
410
-637
-1958
-3099
-4016
-5669
-7323
-8786
-9909
-10127
-11135
-12408
-13097
-11803
-6497
-1578
1291
3247
5701
11595
17042
17114
14878
11958
10028
9810
5590
97
-4435
-9212
-11203
-12891
-15462
-15007
-13235
-11551
-9552
-9216
-6205
-360
2370
1850
558
2168
6496
7559
5012
4198
6303
8374
8078
7082
8106
9370
8061
5018
2390
542
-1285
-4292
-7771
-10935
-12946
-11865
-10034
-9333
-7687
-3989
1972
7308
8974
11290
15421
17517
16331
12487
10043
9716
6648
1142
-2804
-4603
-5177
-6214
-7359
-6895
-5300
-3607
-2101
-648
265
1428
3014
3289
2734
2692
3417
4535
3907
2031
2042
3017
2904
1469
-284
-428
112
-624
-1709
-2260
-2553
-3037
-4228
-5626
-6714
-7650
-8683
-9996
-11486
-12402
-11955
-10946
-10466
-10238
-9352
-3069
5684
10677
13170
13811
17636
23408
22336
16395
9864
3015
167
-4016
-11169
-15058
-19016
-20410
-18434
-18081
-15574
-9978
-5816
-1933
-386
275
5661
9240
7194
3453
1495
4173
6157
2885
657
2739
5407
5444
3163
3184
4833
3365
-585
-4493
-6404
-7068
-8666
-9849
-10006
-9834
-6683
-2022
2358
6483
9047
13190
17148
17057
15770
14727
12488
8534
2244
-1802
-2397
-4759
-7786
-8987
-7518
-4798
-3547
-2261
1237
4511
6017
7029
8445
10194
10284
9057
8244
7441
6015
4412
2897
1157
-1030
-2622
-2904
-3067
-3510
-3402
-1886
-205
333
851
1793
1948
2
-3005
-5217
-6660
-8719
-11268
-12544
-12157
-11356
-10741
-8939
-6708
-4861
-3233
2943
12226
17156
17377
15602
17162
20712
17756
8471
309
-6028
-8044
-9856
-14317
-15449
-15674
-14710
-11201
-9097
-6363
-495
2753
3957
3106
1779
5654
7788
3815
-923
-2017
1425
3159
-589
-2217
759
2537
-110
-4168
-3961
-2019
-4003
-8445
-10699
-9472
-7510
-7086
-5910
-2842
-109
2961
6112
8459
10254
10571
10460
9543
5883
2802
2686
1747
-1341
-5208
-6353
-3892
-3490
-5343
-5232
-3017
-1303
-1582
-1425
2289
5773
5834
5629
7267
9921
10315
8451
7327
6232
3928
1387
-509
-1442
-2771
-4036
-3034
-1188
205
1374
2372
3219
2536
855
-121
-1655
-4702
-8404
-10514
-10426
-10622
-11135
-10613
-8787
-7262
-6961
-6408
-4836
-4155
-1589
5907
12752
15913
14750
14193
17961
19518
12690
2985
-4710
-8470
-8190
-11096
-13651
-13293
-12106
-8500
-4508
-2459
1944
6891
7795
7041
4166
3898
6594
4415
-1914
-5611
-4285
-1381
-2529
-6027
-4402
-530
-914
-4616
-5659
-2865
-1778
-4885
-7866
-6476
-3157
-1760
-1297
1366
4504
6259
6785
7105
7930
6975
4352
1503
-1718
-4805
-6113
-6330
-7342
-8785
-8486
-5245
-1987
-1300
-867
1750
4462
4592
3329
4151
7243
8210
6267
5517
7123
7799
5409
2423
1808
1676
-416
-2842
-3335
-1820
-261
495
1873
3718
4629
4609
3724
2291
358
-2025
-4150
-6170
-8356
-9492
-8947
-7932
-7511
-7056
-5650
-3917
-4103
-5815
-7195
-7226
-6519
-2949
5865
13861
17511
17949
18983
22389
22527
13624
2179
-6820
-12197
-12835
-14683
-16479
-14947
-12013
-7534
-1961
1677
6500
11154
10590
7747
4727
3472
4249
1459
-4173
-5563
-2797
-546
-768
-1595
804
2958
-542
-5492
-6223
-4398
-5021
-8309
-9755
-6604
-2069
168
2095
5993
8863
8795
6843
4919
3953
1360
-3111
-7137
-9795
-10389
-8837
-6785
-5331
-3839
-1593
1438
3574
3826
3915
4799
4985
3633
2611
4103
6908
7134
4843
3713
4358
3456
-46
-3287
-3580
-2542
-2795
-2352
664
5128
8302
9070
9094
9039
7092
3229
-940
-4710
-7516
-9630
-10637
-9949
-8977
-7483
-4998
-3007
-1845
-1800
-2352
-3033
-4941
-8101
-10362
-11457
-11084
-9119
-1434
11748
21251
24606
24643
25072
25811
19619
4907
-7590
-16236
-20036
-19858
-19438
-15468
-8616
-3486
1262
6101
9170
12830
12220
7358
2870
2
-519
369
-544
-1046
2041
5497
6817
5975
4891
4236
806
-6458
-11444
-11278
-9155
-7944
-6610
-2897
2576
6971
8845
10573
11864
9814
4999
-508
-4673
-6606
-8079
-9218
-8868
-7673
-4697
-349
2639
3707
3047
1682
-144
-2879
-4773
-3922
-2003
-843
-75
2272
6927
11019
11679
8907
5146
2002
-677
-3055
-3422
-2489
-1040
1369
4948
9069
11858
11660
8956
5377
1053
-2809
-5959
-8162
-9051
-8962
-7560
-4958
-2709
-1349
-774
-1056
-1892
-3171
-4875
-6097
-6859
-7631
-7764
-7931
-8297
-7228
-3959
3531
14760
21592
22531
20824
17503
14749
8020
-4828
-14698
-20962
-22720
-17919
-13445
-7662
-868
1523
4037
5799
4937
6513
5084
1384
-302
-2218
140
4770
6218
7692
8119
7459
6758
2343
-1806
-4168
-8320
-12064
-14341
-12894
-6340
-593
3396
6584
7734
8944
9001
7060
5286
1987
-2391
-5567
-7591
-6582
-3268
-1333
-566
-681
-688
719
515
-1467
-3386
-5158
-5893
-5569
-3692
847
5485
8240
9618
9382
8821
7938
5414
1278
-3815
-6969
-6448
-3755
-382
2693
5106
7194
7531
6381
4989
2996
467
-2650
-5068
-5165
-3977
-2790
-1709
-1156
-717
-992
-1867
-2346
-2546
-3022
-3489
-3447
-3092
-2500
-2546
-2667
-3354
-5029
-7875
-9977
-9631
-5692
3061
11759
16534
17241
15382
13082
10139
2686
-6027
-12828
-16824
-14524
-9903
-5536
-1064
1394
2888
4499
3277
2946
3947
2895
1148
-955
-405
4190
6913
6402
5725
5070
4266
637
-4180
-5886
-6591
-8471
-10165
-8858
-3081
3003
5982
7462
7966
7476
6017
3437
1442
-337
-2886
-4811
-5498
-4605
-1888
845
1937
1323
-209
-759
-856
-2131
-3724
-4439
-4016
-3035
-1583
1596
5888
8452
8672
7564
6179
5506
4286
1906
-455
-1917
-1539
342
2141
3392
3894
3282
2128
488
-925
-1596
-2079
-2753
-3271
-2748
-1125
583
1249
905
276
-703
-2053
-2981
-3132
-3163
-3182
-3404
-3548
-3463
-3952
-4892
-5603
-7059
-9137
-10791
-10452
-6506
2372
12451
18688
20570
17961
14194
10455
3763
-5035
-11944
-17207
-15780
-9745
-4634
617
3501
4212
4735
2103
-786
174
75
-573
-902
-197
4849
9165
9356
8875
7426
4618
96
-5650
-7837
-7170
-7290
-7107
-5029
288
6660
9903
10448
9039
5206
1154
-2522
-5330
-6311
-6858
-6473
-4687
-2248
1361
5514
7054
5546
2461
-96
-1304
-3199
-5154
-5039
-3286
-1368
538
3435
7404
9521
8442
6095
3536
2054
1727
1232
1017
1144
1790
3577
4865
4466
3164
1024
-1486
-3562
-4543
-3529
-1714
-273
938
2208
3814
4360
3286
1496
-511
-2634
-4537
-5451
-4766
-3715
-3229
-2444
-1821
-2020
-3307
-5555
-7268
-8854
-11265
-12579
-11620
-8210
-400
10701
19651
24046
21917
16051
11505
5679
-2891
-10050
-15746
-16336
-10282
-4488
1232
4832
4393
4051
1825
-2618
-3401
-2158
-746
700
797
4055
9847
11852
10144
6678
2800
-1076
-6056
-9037
-7355
-4129
-1731
759
5058
10935
13936
12473
8453
2513
-3476
-7862
-10352
-10094
-8257
-5681
-1694
2250
5344
8328
9254
7020
2815
-1141
-2466
-2429
-2577
-1546
1231
4273
6075
6758
7365
6779
3784
-261
-3505
-4289
-2903
-1068
1383
3755
5472
7116
7238
5377
2241
-1698
-4972
-6476
-6504
-4877
-2584
-631
941
1942
2142
1249
-652
-3279
-5603
-7045
-7705
-7366
-6487
-5935
-5433
-5245
-5778
-6908
-8679
-10808
-12077
-12705
-13033
-12721
-12339
-10886
-6975
625
10518
17916
19341
15285
9418
4369
-1322
-8913
-15948
-20528
-19497
-13315
-6093
61
3089
3321
2463
-268
-3822
-4627
-3740
-2970
-2934
-2770
331
4373
4831
2320
-576
-3089
-4956
-6565
-6386
-3419
-199
1958
4355
7223
9198
8306
4347
-742
-6207
-10700
-12593
-11651
-8982
-5941
-2437
1811
5162
6486
6393
4954
2373
-843
-3227
-3407
-2251
-1159
-12
1657
2969
3155
1863
-209
-2403
-4368
-4724
-3512
-972
2195
5617
8998
10901
10809
9476
6942
3004
-1357
-4922
-5604
-4443
-2817
-1096
345
1732
2660
2961
2452
1196
-778
-2356
-3058
-3015
-2620
-2369
-2106
-2050
-2355
-3024
-3705
-4293
-5242
-6194
-6385
-5617
-4567
-4189
-4495
-4275
-3068
-615
6157
14544
19285
18528
12134
5952
2015
-4263
-11263
-15542
-17801
-13810
-6936
-59
6442
7598
5706
3617
245
-2791
-3293
-2787
-557
1074
2212
5048
7442
7293
5090
2376
181
-1394
-2570
-2068
-377
1464
3165
4845
6180
5337
2371
-162
-2510
-5461
-7063
-6171
-2313
1745
3914
6384
8514
8338
5971
2638
-243
-2994
-5734
-6190
-4313
-2175
-426
1405
3901
4950
3504
1688
726
498
554
1910
5057
8173
9844
10302
10106
8810
5781
1788
-2147
-5447
-7132
-6423
-3349
265
2835
4196
4409
4390
4204
2835
608
-1783
-3482
-3966
-3661
-2716
-1568
-872
-1010
-1678
-2424
-2894
-3536
-4228
-4819
-4742
-3880
-2895
-2156
-2604
-3356
-5789
-7539
-7753
-3671
5833
13494
15841
12249
6085
1913
-1210
-7521
-11593
-15337
-15914
-9749
-2593
5072
7500
5174
2578
-566
-5368
-7673
-7066
-3974
-681
1136
4839
8621
10342
9215
7064
4648
975
-3784
-6328
-5575
-3650
-2374
-1282
853
2366
1748
23
-461
-1450
-2819
-2718
-669
3076
5505
6838
7697
6149
2608
-745
-3600
-6164
-8451
-8999
-6392
-3325
-807
1991
5287
7583
6978
5276
4528
4596
4680
5273
6987
8431
8239
6670
4520
1830
-1457
-4224
-5971
-7129
-6568
-3439
1580
6317
8555
9158
8490
6189
3573
957
-1305
-2866
-3952
-4048
-2895
-1134
644
1454
1065
185
-1022
-2000
-2619
-2918
-2719
-2121
-1152
-118
-603
-2364
-4625
-6699
-8789
-10249
-9933
-6130
3627
13027
18185
16295
10036
5065
338
-5847
-11098
-14759
-15720
-10619
-4036
4040
7116
5264
2473
-2522
-7471
-10415
-9119
-4011
1106
4786
10101
13803
14845
12153
7383
3337
-2356
-9004
-12844
-12173
-8105
-3980
-1248
1924
3584
3088
1470
290
-932
-3274
-3904
-1139
3240
5994
7103
7541
6063
1360
-4415
-8345
-10777
-12176
-11495
-7600
-2197
2096
5571
9394
12176
11707
8907
6286
5035
3943
2684
2548
2427
900
-1471
-3402
-4107
-4639
-5273
-4826
-3663
-1581
1878
6157
9919
10983
9733
7228
3912
1056
-988
-2436
-3233
-3570
-3175
-1907
-223
1294
1671
834
-525
-1941
-3233
-3776
-2916
-1199
12
663
1190
1144
-34
-2523
-5281
-7774
-9871
-11310
-11744
-10737
-5950
4002
13736
18757
16096
9832
4299
-1771
-7857
-12958
-15608
-14311
-9543
-3063
3978
5444
4173
1481
-3091
-6660
-9436
-7220
-228
5708
9849
12968
13003
11126
5745
116
-3067
-7225
-11060
-12061
-9247
-3023
2288
5184
6935
5578
2736
314
-838
-1123
-2006
-1492
1840
5350
6257
4977
2152
-1820
-6550
-10062
-10257
-8327
-5838
-1586
4555
10097
12983
12972
11756
9219
4412
-235
-2812
-3987
-4556
-4539
-2858
-365
604
635
435
-400
-1464
-2228
-1174
876
2967
5616
7939
8710
7226
4414
1630
-893
-2939
-3642
-3529
-3003
-2353
-1628
-776
-558
-680
-884
-1046
-741
-325
427
1886
3613
5242
5272
3478
763
-2372
-5424
-7687
-8891
-8998
-9056
-9414
-9367
-8406
-6419
-2425
4289
10275
13055
10236
5577
1596
-1824
-5901
-9715
-10668
-8137
-2216
4433
9652
8189
3585
-2582
-7599
-10450
-12428
-10250
-4639
1284
6920
12267
14761
14055
8487
2427
-1625
-5188
-8253
-9268
-7126
-2487
1681
4217
6024
5254
2447
-1111
-2853
-3247
-3913
-3726
-1200
2897
5646
6755
6805
5538
2505
-737
-1880
-1859
-2532
-2593
-592
2021
2956
2336
1965
1629
-221
-2251
-2331
-1060
-188
245
1969
4415
5669
5438
4499
3069
780
-1286
-1466
-550
100
355
1072
2215
2161
845
-787
-1849
-1895
-1253
-379
534
1337
2137
2848
3253
3381
3048
2474
2111
2458
2779
2619
1670
-311
-2655
-4727
-5392
-4763
-3766
-2686
-1815
-1899
-3375
-5713
-7611
-9118
-10530
-10826
-9154
-3966
3175
9307
11900
10246
6136
1511
-2771
-6470
-8416
-8642
-5919
-900
4885
6667
3823
-642
-5260
-8264
-10440
-9597
-5169
40
4118
7841
10773
11835
9744
5420
1470
-1774
-4152
-5065
-4011
-1370
1510
3082
3354
2152
-21
-2451
-3974
-3489
-1866
121
2704
5920
8603
9490
8086
4965
824
-3296
-5527
-5402
-4473
-3298
-1629
598
2193
2175
1413
811
350
-547
-1042
-376
889
2027
2618
2985
3166
2609
1395
-454
-2549
-3765
-3696
-2905
-2043
-1027
421
2033
2847
3001
2834
2020
1236
950
1186
1483
1368
1673
2388
2954
3486
3628
2969
1405
27
-183
148
447
830
1198
1222
754
28
-881
-2446
-4074
-4981
-5057
-4595
-3793
-2879
-2410
-2541
-3050
-4129
-6018
-7821
-7960
-6228
-4724
-3971
-3379
-2661
-1926
-1325
-777
-715
-2179
-4248
-4111
-1664
212
521
553
669
1265
1580
2222
2612
1351
-491
-1062
-346
338
935
1747
2588
3284
4346
5795
6481
5472
4074
3044
2203
1492
1533
2117
2052
1538
1223
894
-143
-1259
-1323
-225
692
1242
1902
2388
2492
2880
3484
3206
1763
45
-681
-812
-968
-1102
-1224
-1743
-2453
-2596
-2248
-2100
-2288
-2104
-1305
-33
1439
2747
3619
3724
3343
2615
1403
116
-624
-683
-371
457
1563
2417
2975
3451
4143
4198
3556
3217
3226
3000
2624
2455
2388
1818
1053
799
502
-356
-1625
-2644
-3161
-3058
-2000
-531
-234
-1005
-1766
-2275
-2757
-3546
-4115
-4865
-6231
-7118
-7081
-6727
-6635
-6027
-4667
-4535
-6216
-7987
-8215
-6801
-5007
-3262
-1518
-815
-593
792
2299
1718
-459
-2856
-3917
-3400
-1495
2220
5280
6326
6194
6471
6656
5476
3468
1810
654
-72
198
1506
2794
3547
4455
5173
4762
2894
1019
51
62
867
1886
2691
3256
4012
5117
5659
4910
3195
1083
-728
-1628
-1430
-1158
-1482
-2178
-2536
-2510
-2781
-3194
-3395
-3315
-2721
-1241
927
2925
3907
4090
3895
3207
1935
581
-570
-1332
-1511
-1240
-680
-184
326
1134
1850
2228
2399
2465
2664
3125
3975
4641
4394
3520
2652
1895
796
-522
-1610
-2650
-3298
-2696
-1052
462
1314
2085
2829
2958
2086
947
-252
-2079
-3891
-4738
-4824
-5114
-5557
-5560
-5199
-5192
-5537
-5940
-6490
-6988
-6256
-4179
-3004
-3583
-4602
-4761
-3853
-2856
-2226
-1845
-2584
-3682
-2931
-93
1873
1705
730
-133
-248
-248
602
1918
2331
2349
3062
4419
4894
4327
3947
3668
3101
2604
2652
2773
2226
2001
2646
3292
2835
2106
2189
2602
2785
2642
2112
1226
353
437
1342
1484
712
-172
-361
-25
415
697
479
-138
-590
-302
386
878
994
842
519
153
-157
-523
-1328
-2256
-2593
-2321
-1671
-976
15
1289
2487
3529
4002
3835
3112
2304
1847
1500
1170
966
836
676
860
1319
1590
1132
629
835
1038
1041
974
1083
1075
779
666
469
-536
-1842
-2538
-2524
-2387
-2402
-2113
-1781
-1896
-2040
-1903
-2101
-2935
-3908
-4422
-4789
-5224
-5253
-5004
-5053
-5205
-4559
-3538
-3894
-5703
-7527
-8140
-7416
-6040
-4352
-2716
-1739
-991
930
3313
3739
2284
534
-492
-508
-219
694
1621
1504
1167
1835
3022
3012
2083
1544
1591
1660
1821
2593
3172
2974
2675
2760
2674
1744
986
1136
1428
1620
2086
3022
3907
4289
4597
4631
3519
1506
-71
-345
14
327
349
-37
-650
-1312
-1422
-1149
-1325
-1879
-1963
-939
826
2461
3648
4119
3751
2906
1975
1280
527
-476
-1235
-1571
-1482
-1200
-749
51
822
1229
1238
1362
1745
2139
2355
2464
2607
2393
1864
1665
1900
1750
942
137
-334
-970
-1820
-2354
-2553
-2529
-2043
-762
874
1782
1965
1988
1550
495
-757
-1893
-3060
-4364
-5138
-5193
-5337
-5974
-6546
-6686
-6821
-6895
-6546
-5673
-4161
-2459
-1380
-1303
-2290
-3290
-3484
-3315
-3294
-3619
-4118
-4117
-2594
-131
1030
383
-783
-1261
-537
560
1851
2757
2761
2719
3383
4275
4167
3176
2269
1594
1136
1250
1989
2490
2327
2582
3494
4101
3618
3014
3217
3438
3257
2946
2588
2112
1579
1818
2684
2629
1532
482
482
1102
1472
1695
1716
1455
1205
1387
1874
1659
356
-1011
-1461
-1167
-826
-597
-381
-317
-377
-394
-187
-139
-489
-578
-40
935
1767
2334
2804
3131
2926
2019
866
-386
-1539
-2193
-2164
-1756
-1599
-1718
-1360
-360
603
1152
1532
1832
1615
991
776
878
420
-566
-1378
-1818
-2330
-2758
-2568
-2266
-2557
-3091
-3050
-2762
-2950
-3252
-3209
-3054
-3392
-3895
-3749
-3543
-3959
-4645
-5100
-5322
-5576
-5164
-3944
-3267
-3666
-4437
-4344
-3320
-2418
-1584
-801
-769
-912
183
2346
3246
2243
974
635
929
1072
1750
2579
2438
1984
2588
3964
4254
3406
2964
3039
2793
2276
2434
2894
2816
2985
3903
4776
4607
4118
4432
4845
4526
3703
3055
2609
1998
1821
2181
2092
1274
636
1151
2028
2181
1730
1217
848
438
418
1048
1382
888
263
305
651
459
64
-35
-70
-472
-992
-1168
-1302
-1667
-1692
-1032
-329
-224
-401
-184
296
411
105
-98
-176
-439
-543
-235
50
-261
-906
-1166
-1002
-1066
-1381
-1138
-593
-341
-388
-247
-68
-472
-967
-913
-571
-725
-1146
-989
-547
-589
-1090
-1425
-1701
-2385
-3008
-3108
-3126
-3617
-4253
-4327
-4122
-4197
-4369
-4376
-4414
-4816
-5072
-4317
-2645
-1460
-1432
-1920
-2318
-2291
-1881
-1170
-518
-729
-1449
-1154
569
1662
1253
708
636
991
1127
1870
3171
3447
3144
3719
5138
5405
4279
3649
3750
3416
2379
1914
2147
1727
1307
1885
2876
2900
2298
2903
4242
4839
4648
4363
4155
3333
2357
2261
2169
1212
-33
-130
754
1104
784
437
296
-170
-862
-894
-571
-689
-924
-538
326
549
129
-48
-113
-551
-1401
-1931
-2067
-2330
-2289
-1419
-254
216
12
-44
60
-198
-965
-1696
-1983
-2113
-1931
-1299
-490
-16
-119
-259
-255
-417
-853
-1273
-1065
-600
-375
-94
298
454
91
-413
-624
-887
-1517
-1854
-1488
-1038
-1007
-1039
-725
-526
-877
-1310
-1438
-1640
-2123
-2445
-2222
-2021
-2321
-2851
-3463
-4247
-5145
-5740
-5655
-4661
-3298
-2307
-1855
-1854
-1757
-1106
-220
403
249
-638
-1001
106
1936
2449
1919
1326
977
892
788
1438
1915
1670
1658
2703
4197
4652
4648
5036
5142
4669
4115
4147
4056
3267
2993
3364
3378
2579
2191
2993
3734
3670
3388
3405
3395
2940
2783
2995
2456
1133
131
288
705
516
58
-318
-653
-1091
-1029
-376
-142
-595
-952
-557
-17
-248
-770
-1128
-1639
-2531
-3336
-3345
-3001
-2866
-2584
-2021
-1617
-1796
-2140
-1952
-1598
-1563
-1717
-1741
-1539
-1407
-1248
-937
-897
-1262
-1590
-1459
-1035
-827
-704
-249
507
913
892
1026
1279
1457
1470
1549
1553
1034
455
366
542
291
-561
-1184
-1346
-1404
-1323
-1011
-727
-933
-1266
-1173
-989
-1263
-1956
-2506
-2920
-3590
-4260
-4629
-4699
-4679
-4478
-3444
-1944
-1257
-1577
-2131
-2187
-1783
-1299
-608
231
608
791
1991
4033
4610
3448
2210
1750
1745
1331
1731
2748
3031
2949
3730
5285
5531
4528
4215
4533
4152
3023
2673
3100
2942
2702
3201
3832
3251
2254
2613
3427
3177
2147
1657
1836
1631
1413
1831
1833
752
-597
-756
-230
-556
-1356
-1738
-1687
-2011
-2539
-2345
-2118
-2584
-3162
-2960
-2183
-2180
-2637
-2457
-2081
-2216
-2853
-3083
-2930
-3193
-3399
-2986
-2375
-2329
-2555
-1982
-928
-497
-786
-1164
-1346
-1606
-1702
-1113
-458
-433
-642
-284
567
1247
1511
1540
1565
1455
1495
1951
2211
1968
1531
1223
1204
1037
787
640
760
1087
1022
641
287
56
-337
-904
-1246
-1432
-1765
-1930
-1519
-889
-892
-1347
-1531
-1494
-1705
-2089
-2215
-2234
-2411
-2448
-2062
-1745
-1832
-1913
-1645
-1363
-1328
-1335
-1077
-647
-147
372
676
722
658
907
1506
1997
2149
2169
2338
2703
3109
3411
3415
3158
2819
2634
2803
2972
2940
2818
2722
2750
2777
2719
2538
2283
1985
1714
1499
1273
1102
1003
880
636
249
-109
-300
-258
-97
-128
-396
-881
-1363
-1539
-1445
-1281
-1298
-1517
-1681
-1691
-1583
-1537
-1799
-2289
-2936
-3422
-3612
-3583
-3295
-2936
-2495
-1997
-1528
-1119
-865
-769
-829
-1004
-1239
-1490
-1530
-1258
-749
-189
237
632
1013
1366
1656
1821
1838
1622
1365
1272
1390
1533
1525
1461
1427
1334
1111
851
700
604
505
492
565
680
765
916
1142
1216
987
633
279
-131
-577
-961
-1206
-1284
-1197
-882
-353
95
376
517
597
576
497
521
640
727
689
722
833
951
974
856
686
445
242
238
338
519
679
805
965
1060
1127
1189
1155
873
437
49
-209
-457
-736
-974
-1144
-1244
-1275
-1234
-1170
-1120
-1047
-811
-453
-123
118
243
292
274
177
63
-58
-243
-495
-763
-1003
-1266
-1530
-1703
-1702
-1559
-1427
-1251
-969
-638
-326
-116
-120
-395
-816
-1090
-1168
-1172
-1069
-851
-511
-159
154
422
519
360
42
-249
-429
-484
-429
-196
182
541
794
896
782
542
219
-193
-516
-619
-466
-105
360
859
1211
1305
1188
885
459
-80
-584
-867
-856
-599
-214
185
462
623
673
678
612
408
123
-161
-317
-276
-62
273
610
802
808
702
564
381
198
129
182
257
380
652
1023
1355
1566
1703
1705
1560
1395
1291
1212
975
632
429
511
778
1045
1214
1276
1255
1211
1197
1136
959
790
735
791
914
882
748
546
272
4
-259
-401
-476
-491
-464
-458
-474
-677
-980
-1263
-1574
-1810
-2018
-2119
-2097
-2042
-1958
-1932
-2029
-2267
-2516
-2669
-2768
-2854
-2909
-2930
-2904
-2796
-2574
-2373
-2325
-2425
-2558
-2548
-2392
-2061
-1618
-1205
-778
-365
-3
282
417
393
230
15
-57
113
348
525
672
873
1057
1157
1284
1419
1516
1576
1672
1848
1984
2040
2022
1890
1602
1232
967
833
851
990
1180
1373
1496
1612
1684
1589
1333
1002
629
363
263
305
375
371
384
418
400
287
103
-45
-172
-270
-215
-26
231
441
578
677
695
651
573
511
471
426
386
345
247
148
85
33
-31
-79
0
192
432
664
781
823
794
734
731
727
676
545
397
282
167
36
-75
-129
-177
-223
-221
-166
-48
96
144
51
-150
-391
-591
-756
-918
-1089
-1299
-1530
-1714
-1839
-1874
-1880
-1909
-1891
-1783
-1553
-1318
-1171
-1084
-1044
-1052
-1141
-1310
-1498
-1650
-1731
-1674
-1483
-1222
-948
-695
-383
-19
239
291
175
22
-94
-179
-169
-82
0
41
38
24
35
19
15
149
343
532
671
772
902
1020
1094
1083
933
710
529
486
565
598
545
433
347
340
397
523
622
704
836
1031
1243
1336
1293
1206
1120
1067
1075
1147
1168
985
661
354
160
60
99
210
274
309
420
710
901
837
697
523
345
142
43
31
-50
-105
-135
-141
-262
-412
-378
-264
-93
114
350
489
494
547
562
429
183
-31
-148
-306
-468
-540
-550
-562
-624
-708
-869
-1069
-1172
-1151
-1027
-903
-849
-840
-838
-787
-734
-742
-841
-983
-1079
-1017
-783
-588
-546
-570
-595
-597
-595
-592
-653
-825
-998
-1056
-953
-802
-607
-351
-224
-195
-191
-165
-154
-224
-304
-355
-389
-401
-320
-101
128
221
217
201
231
313
445
605
757
909
994
1011
989
941
949
991
1021
1053
1114
1176
1189
1165
1193
1253
1231
1156
1157
1264
1350
1333
1222
1082
905
655
410
216
28
-148
-258
-303
-326
-388
-473
-524
-548
-577
-584
-580
-596
-668
-771
-834
-891
-961
-1035
-1072
-1075
-1072
-995
-865
-711
-539
-395
-250
-143
-58
107
342
584
733
792
819
820
788
765
723
622
491
400
425
523
623
686
699
698
720
759
760
660
466
262
78
-114
-308
-479
-632
-763
-842
-848
-783
-735
-689
-607
-490
-378
-336
-392
-545
-762
-1017
-1230
-1382
-1484
-1472
-1388
-1258
-1092
-961
-871
-793
-718
-640
-542
-450
-318
-143
34
180
236
175
22
-165
-267
-267
-236
-190
-127
30
274
542
803
1001
1133
1209
1278
1349
1368
1356
1349
1367
1355
1245
1056
865
720
643
626
687
809
954
1116
1286
1434
1483
1433
1270
1032
798
561
305
0
-268
-414
-443
-453
-485
-499
-514
-516
-484
-398
-322
-315
-319
-280
-221
-249
-356
-485
-625
-792
-940
-1042
-1126
-1178
-1148
-975
-691
-421
-238
-87
7
22
-41
-198
-370
-490
-529
-529
-530
-547
-530
-451
-296
-51
87
33
-103
-224
-182
1
213
324
242
140
181
358
341
57
-124
-147
-69
68
299
532
508
513
647
686
473
191
222
233
110
95
178
190
36
57
143
-25
-270
-336
-178
-96
-73
66
121
108
148
278
366
244
115
27
-66
-154
-266
-306
-353
-390
-389
-390
-292
-137
22
143
177
166
125
163
280
316
182
-67
-228
-253
-249
-271
-339
-408
-484
-486
-312
-132
-67
-71
-21
97
156
179
210
198
123
54
30
-27
-116
-130
-42
50
91
178
339
520
666
717
674
547
426
409
445
427
287
102
-46
-142
-198
-248
-300
-357
-416
-434
-409
-422
-500
-534
-512
-495
-516
-564
-580
-582
-631
-717
-790
-868
-957
-1000
-961
-889
-857
-869
-848
-777
-680
-559
-422
-324
-226
-98
20
130
198
254
301
300
285
320
399
500
615
729
823
886
938
984
1032
1073
1072
1058
1058
1082
1099
1076
1035
997
977
968
962
947
927
874
783
722
679
631
577
505
409
298
214
163
117
56
10
7
46
96
147
191
183
108
-13
-130
-219
-270
-294
-313
-367
-455
-513
-516
-526
-602
-695
-742
-775
-798
-782
-721
-662
-665
-689
-725
-784
-850
-866
-837
-785
-746
-733
-727
-741
-742
-773
-849
-934
-1020
-1049
-974
-806
-597
-410
-286
-216
-186
-182
-183
-205
-241
-256
-231
-162
-69
18
81
131
130
102
109
135
185
274
410
574
709
820
891
902
841
719
599
513
482
503
563
609
662
723
760
786
785
778
776
768
777
819
856
901
908
828
707
566
450
343
222
112
32
22
61
104
149
167
126
41
-8
14
69
108
106
88
51
-3
-57
-85
-104
-133
-161
-162
-153
-98
-5
66
98
82
51
37
36
14
-35
-76
-131
-177
-188
-197
-205
-228
-237
-195
-151
-121
-101
-95
-116
-170
-220
-242
-265
-294
-290
-282
-292
-312
-311
-273
-248
-226
-223
-237
-243
-244
-243
-264
-313
-351
-364
-371
-403
-457
-513
-549
-593
-647
-704
-765
-806
-840
-849
-833
-828
-829
-821
-796
-770
-763
-739
-699
-676
-676
-673
-635
-579
-520
-438
-327
-210
-100
1
99
227
354
481
605
702
795
872
939
976
967
924
854
812
826
892
995
1107
1201
1294
1401
1483
1486
1423
1330
1244
1171
1141
1137
1101
1042
975
889
781
659
541
443
378
359
382
438
476
486
477
418
303
146
-25
-168
-252
-291
-312
-331
-342
-343
-361
-402
-474
-580
-675
-708
-686
-629
-594
-579
-582
-596
-587
-585
-593
-604
-620
-614
-582
-548
-510
-486
-502
-545
-587
-596
-557
-506
-447
-397
-365
-326
-291
-257
-233
-237
-243
-257
-278
-300
-348
-398
-445
-476
-481
-484
-479
-481
-495
-537
-580
-604
-624
-628
-618
-592
-586
-587
-561
-518
-475
-469
-485
-481
-453
-407
-368
-335
-335
-349
-319
-279
-232
-174
-97
-4
80
178
289
388
461
514
574
630
674
692
709
753
791
823
846
867
868
858
887
924
960
996
1030
1105
1187
1262
1323
1343
1330
1292
1235
1157
1049
913
787
713
673
645
622
592
536
458
384
296
188
88
12
-33
-67
-113
-160
-230
-335
-444
-546
-626
-707
-778
-833
-874
-907
-941
-949
-918
-863
-818
-779
-734
-691
-654
-606
-557
-538
-561
-583
-569
-516
-443
-379
-314
-276
-238
-183
-144
-150
-178
-166
-126
-79
-44
-25
-14
-17
-20
-32
-46
-70
-103
-142
-187
-236
-289
-349
-411
-467
-516
-554
-580
-574
-548
-526
-518
-518
-535
-557
-549
-525
-483
-466
-473
-465
-443
-409
-363
-335
-313
-274
-213
-124
-19
90
176
249
345
466
576
645
701
752
812
874
931
989
1019
1033
1068
1114
1133
1116
1090
1075
1083
1121
1162
1192
1185
1170
1167
1140
1076
972
876
798
713
628
544
458
384
318
248
193
148
98
49
3
-45
-102
-182
-259
-318
-367
-408
-447
-480
-515
-579
-653
-689
-710
-736
-767
-802
-842
-865
-828
-762
-703
-675
-683
-688
-689
-699
-703
-704
-705
-689
-652
-600
-548
-506
-493
-503
-511
-503
-475
-418
-356
-320
-311
-297
-269
-243
-209
-170
-121
-76
-56
-27
3
24
6
-19
-23
-34
-29
-20
-22
-34
-41
-22
3
30
46
49
71
107
131
146
175
203
211
212
196
163
131
81
16
-47
-99
-118
-94
-49
8
64
113
176
243
302
352
375
359
310
273
270
291
317
323
321
321
325
362
412
445
459
457
465
515
583
647
702
736
741
743
746
743
723
671
619
578
535
515
514
507
491
455
428
420
414
402
374
322
239
161
86
26
-20
-75
-151
-253
-342
-421
-498
-568
-620
-662
-707
-729
-745
-755
-762
-791
-809
-834
-857
-890
-917
-929
-948
-963
-952
-910
-864
-826
-791
-762
-731
-685
-638
-592
-561
-512
-445
-382
-321
-262
-192
-117
-50
8
69
128
168
198
235
288
337
349
350
360
357
343
328
304
295
306
315
341
379
415
440
441
411
364
318
278
241
203
188
195
209
217
219
213
212
223
235
247
246
232
229
234
231
225
211
184
159
144
140
164
188
192
196
199
194
196
214
241
265
273
268
268
253
217
167
103
27
-30
-58
-54
-48
-46
-40
-60
-100
-151
-192
-233
-263
-279
-269
-240
-225
-206
-185
-184
-218
-264
-312
-350
-393
-438
-481
-500
-518
-521
-492
-466
-437
-402
-362
-333
-303
-277
-273
-268
-251
-209
-166
-126
-80
-16
63
143
203
230
254
276
276
265
244
224
220
224
243
288
346
400
446
468
480
491
481
449
432
418
395
378
357
363
385
393
379
339
298
259
246
233
224
209
203
210
210
220
227
200
144
91
44
9
-18
-42
-64
-66
-51
-13
38
73
106
132
156
177
196
205
184
158
138
133
143
172
195
206
207
205
221
229
218
208
214
213
209
226
256
282
279
257
208
176
180
177
168
148
115
63
0
-60
-128
-206
-287
-348
-385
-388
-353
-341
-348
-367
-389
-436
-486
-526
-562
-572
-593
-612
-606
-588
-567
-550
-548
-562
-568
-548
-529
-503
-474
-439
-392
-349
-310
-270
-233
-196
-129
-38
47
140
259
362
438
485
517
544
556
577
625
659
673
672
668
672
674
666
666
676
688
692
686
668
648
621
581
529
473
415
378
352
328
316
284
253
243
243
245
217
174
121
94
61
11
-38
-84
-123
-173
-204
-237
-269
-289
-299
-304
-316
-319
-345
-367
-376
-388
-396
-393
-381
-377
-370
-353
-334
-311
-302
-301
-304
-312
-307
-286
-280
-283
-291
-308
-312
-331
-363
-381
-387
-390
-375
-358
-345
-331
-319
-304
-294
-302
-317
-318
-309
-309
-316
-342
-392
-442
-482
-508
-534
-556
-569
-563
-522
-467
-412
-357
-320
-311
-303
-289
-273
-275
-277
-279
-272
-251
-249
-228
-222
-232
-239
-239
-217
-166
-113
-66
-27
-4
29
45
44
27
10
-9
-28
-18
-6
10
41
75
106
140
192
254
305
332
347
359
379
389
388
380
369
356
340
334
323
297
284
273
270
277
290
307
316
326
321
319
316
301
268
231
185
118
59
7
-29
-73
-108
-127
-135
-131
-134
-146
-153
-156
-163
-163
-158
-149
-153
-151
-147
-143
-147
-151
-151
-147
-142
-154
-177
-195
-203
-213
-211
-207
-213
-228
-264
-306
-343
-374
-396
-412
-421
-412
-396
-389
-404
-419
-430
-446
-451
-448
-454
-459
-455
-462
-464
-463
-457
-450
-437
-421
-397
-371
-349
-307
-254
-198
-133
-70
-7
49
93
118
128
139
151
166
196
230
271
319
367
426
484
544
597
630
639
640
656
687
732
771
794
821
846
864
874
864
831
794
763
756
759
764
768
754
745
731
718
698
657
609
552
490
428
365
307
248
176
112
64
19
-23
-64
-88
-101
-117
-145
-175
-205
-244
-275
-307
-346
-374
-393
-412
-439
-464
-479
-492
-511
-522
-524
-516
-500
-488
-470
-451
-430
-398
-373
-360
-357
-359
-365
-375
-386
-401
-403
-410
-421
-431
-443
-441
-436
-421
-395
-371
-363
-363
-355
-352
-362
-356
-329
-288
-243
-208
-177
-150
-132
-126
-122
-120
-112
-99
-85
-72
-62
-47
-37
-28
-10
3
-4
-32
-46
-33
-5
16
31
56
85
106
112
125
126
124
109
106
108
111
111
98
90
81
83
96
114
133
155
179
202
229
248
268
286
306
303
287
280
286
303
311
319
314
303
294
293
298
293
295
313
352
380
411
435
456
466
461
442
406
382
354
317
274
247
233
216
183
155
129
99
76
55
50
58
72
60
46
10
-34
-64
-97
-135
-171
-196
-214
-222
-225
-225
-239
-269
-298
-324
-343
-355
-377
-397
-408
-407
-391
-377
-370
-376
-389
-403
-421
-443
-450
-441
-418
-393
-360
-314
-259
-212
-168
-127
-103
-96
-83
-58
-27
12
45
77
111
145
173
199
210
214
225
256
297
320
335
356
363
355
350
345
332
309
295
300
310
321
329
334
322
311
302
279
247
221
192
159
139
114
89
63
33
7
-10
-21
-31
-37
-38
-43
-46
-46
-46
-36
-32
-34
-36
-48
-69
-86
-101
-121
-137
-153
-162
-164
-158
-145
-129
-116
-100
-82
-64
-38
-14
3
22
42
50
46
46
54
51
37
26
39
56
64
67
70
63
60
66
71
79
74
62
55
48
35
17
-10
-38
-63
-73
-78
-95
-121
-145
-155
-168
-174
-187
-214
-236
-266
-284
-303
-327
-350
-369
-382
-388
-379
-369
-354
-333
-321
-302
-265
-235
-217
-203
-194
-185
-171
-159
-160
-148
-125
-119
-124
-124
-110
-73
-27
8
33
50
65
85
108
134
162
191
207
226
258
283
295
291
284
288
291
292
283
262
249
237
224
206
196
195
180
165
158
146
132
118
102
92
86
68
44
20
-3
-23
-40
-65
-101
-128
-146
-146
-141
-138
-123
-117
-112
-115
-115
-115
-124
-132
-140
-129
-111
-91
-70
-53
-33
-27
-32
-35
-31
-37
-45
-48
-50
-24
1
27
57
69
86
95
99
93
85
86
91
105
121
133
146
149
139
128
115
97
91
89
98
106
102
102
107
105
101
94
82
66
50
29
3
-12
-14
-17
-24
-24
-16
-14
-24
-29
-40
-46
-55
-76
-91
-100
-96
-96
-94
-98
-107
-107
-108
-106
-108
-107
-107
-100
-97
-94
-81
-70
-57
-54
-47
-35
-36
-37
-29
-23
-24
-31
-44
-58
-61
-57
-59
-62
-69
-76
-79
-87
-105
-114
-126
-135
-136
-131
-126
-130
-130
-121
-112
-108
-104
-104
-101
-91
-83
-76
-65
-58
-58
-57
-51
-42
-38
-28
-19
-6
3
17
29
42
64
86
113
135
152
167
184
196
212
226
242
255
260
262
267
275
280
289
295
303
314
320
326
331
332
327
319
312
294
276
261
244
225
215
205
189
172
158
148
140
123
108
95
78
62
47
33
23
15
6
-3
-18
-31
-44
-56
-65
-75
-86
-92
-96
-99
-93
-94
-107
-121
-127
-133
-144
-158
-173
-177
-178
-176
-165
-155
-158
-170
-181
-178
-179
-184
-182
-172
-168
-169
-173
-178
-179
-188
-199
-204
-206
-218
-228
-232
-236
-241
-245
-248
-252
-263
-270
-276
-289
-302
-303
-296
-289
-281
-274
-257
-247
-243
-237
-226
-214
-204
-194
-185
-170
-156
-145
-136
-125
-114
-102
-87
-64
-39
-8
32
63
91
118
151
167
176
196
217
237
248
257
267
279
291
303
320
334
351
359
364
374
386
395
403
411
414
412
406
399
390
376
359
339
319
307
295
286
275
260
248
240
222
204
193
183
169
149
137
113
88
65
40
23
10
-4
-17
-27
-39
-51
-56
-60
-67
-73
-77
-83
-96
-102
-109
-116
-123
-136
-146
-151
-152
-153
-155
-157
-153
-146
-139
-133
-128
-122
-128
-137
-137
-145
-166
-189
-205
-223
-239
-251
-257
-257
-266
-267
-269
-282
-298
-308
-309
-314
-307
-289
-277
-281
-288
-288
-283
-285
-286
-281
-271
-254
-235
-221
-207
-181
-157
-144
-141
-151
-147
-130
-107
-88
-70
-39
-5
20
30
41
62
84
103
111
129
150
170
195
220
240
264
286
301
313
318
329
329
316
308
302
288
276
275
269
259
255
250
240
245
242
235
232
231
226
211
201
190
172
143
118
121
123
116
106
100
100
105
114
112
115
114
114
109
94
82
71
65
65
66
71
82
87
95
97
119
162
181
192
195
191
179
159
146
129
104
84
76
70
62
79
103
109
109
101
83
65
47
29
9
0
5
2
-13
-34
-50
-59
-63
-73
-91
-107
-110
-88
-66
-57
-50
-39
-26
-11
-4
4
6
15
42
64
87
105
118
120
114
113
105
97
89
90
100
116
142
159
164
170
176
179
184
180
172
170
178
182
171
161
161
156
142
130
122
146
173
186
191
188
175
155
130
97
67
41
19
-4
-25
-24
-6
4
5
4
-2
-5
-15
-23
-34
-49
-65
-82
-94
-113
-130
-149
-170
-180
-184
-188
-186
-175
-156
-147
-144
-145
-151
-152
-146
-141
-134
-136
-136
-136
-136
-135
-129
-119
-99
-70
-47
-31
-34
-49
-61
-70
-81
-96
-119
-135
-148
-154
-158
-171
-189
-209
-218
-214
-210
-208
-206
-209
-219
-227
-237
-251
-261
-270
-273
-272
-269
-270
-274
-272
-263
-253
-244
-240
-236
-231
-217
-196
-182
-171
-161
-143
-123
-114
-111
-114
-114
-105
-101
-94
-92
-88
-75
-51
-32
-17
-5
8
16
19
28
37
39
39
37
38
45
49
59
73
84
94
114
135
149
155
157
160
155
141
120
99
76
52
27
5
-8
-15
-25
-32
-34
-31
-24
-20
-9
2
11
35
57
65
76
81
83
71
59
55
53
51
52
52
50
55
58
63
69
79
93
105
115
123
129
127
122
115
116
118
111
105
96
88
77
64
46
29
19
9
5
1
-7
-20
-37
-46
-56
-73
-86
-98
-103
-107
-111
-120
-133
-147
-153
-160
-172
-178
-179
-180
-180
-183
-188
-192
-201
-202
-204
-203
-195
-190
-184
-170
-156
-140
-124
-108
-93
-82
-74
-64
-52
-38
-23
-12
-5
4
14
30
46
57
71
88
105
117
122
125
126
126
119
107
92
77
59
43
32
22
14
4
-7
-12
-12
-14
-14
-18
-28
-42
-56
-70
-86
-97
-108
-117
-125
