34
32
29
28
28
21
22
16
9
11
4
-1
-1
-6
-13
-10
-13
-18
-15
-17
-20
-23
-24
-30
-29
-25
-31
-27
-27
-28
-25
-24
-23
-20
-17
-18
-10
-5
-7
0
1
6
9
13
13
18
21
16
22
24
27
26
29
32
31
35
31
31
33
31
29
33
29
21
30
24
23
20
13
14
6
2
-2
-3
-9
-11
-12
-17
-18
-22
-25
-27
-29
-29
-30
-34
-35
-30
-37
-33
-27
-32
-28
-27
-24
-23
-20
-22
-19
-11
-17
-11
-1
0
-5
4
8
9
18
11
22
26
18
28
34
27
24
38
37
36
37
34
40
37
31
34
46
28
26
35
26
25
19
23
19
11
7
15
18
-8
-5
9
-4
-11
-3
-6
-12
-11
-15
-9
-14
-26
-14
-16
-16
-17
-10
-7
-14
-12
-9
1
-9
-9
-4
-7
-2
0
-4
-4
7
-7
1
10
-1
8
3
1
10
11
-2
12
18
-10
7
19
1
0
7
-2
9
7
-11
10
-1
-15
6
-1
-13
-9
-7
-16
-11
-14
-18
-9
-24
-21
-9
-17
-25
-15
-18
-29
-13
-16
-19
-22
-18
-10
-21
-17
-12
-6
-21
-14
3
-12
-20
-11
-1
-12
-14
-2
11
-6
-22
11
10
-6
-9
8
16
-6
-4
16
17
-12
-4
18
10
-5
-3
18
4
-11
6
15
4
-6
-5
-4
13
-11
-27
10
-5
-19
1
2
-3
-4
-28
-9
21
-30
-20
21
-2
-31
-9
20
-9
-17
-24
11
28
-29
-7
41
-1
-34
30
34
-10
-7
16
26
11
-3
18
39
-5
-13
47
21
-14
6
23
16
0
22
23
13
-14
6
42
3
-4
27
31
-12
10
18
-14
5
-4
0
0
-3
-2
2
-21
-22
17
-22
-18
16
14
-14
-23
18
-14
-32
-31
11
10
-40
-4
25
5
-42
9
8
0
-19
-17
21
-23
-4
-10
28
-25
-5
49
-36
-19
-6
-13
-27
-14
13
-11
-7
-17
-22
-12
-23
-46
-26
19
-52
3
40
-75
-19
29
-100
-28
89
-80
-41
92
-91
3
61
-96
28
85
-55
13
116
-92
3
77
-62
-19
79
-49
17
92
-94
32
56
-59
18
134
-54
-7
138
-51
13
119
-48
-5
107
-48
17
108
-123
54
106
-109
111
80
-125
76
70
-164
50
84
-151
50
92
-100
21
57
-105
11
98
-63
-74
85
9
-57
-20
-32
20
-72
-49
56
3
-90
23
47
-47
57
1
-59
65
21
-70
27
71
-147
59
72
-125
36
24
-26
3
82
-30
-39
32
-24
-27
31
-100
-55
149
-118
-84
144
-48
-157
86
55
-142
83
-67
-38
75
-78
-10
1
3
-46
-37
-12
17
-146
12
74
-70
-71
56
-34
-151
4
-16
-120
-84
68
-48
18
13
-164
49
81
-162
0
180
-151
-128
210
-49
-176
59
-4
-100
74
-26
-80
102
-38
-203
125
61
-200
81
77
-131
-27
72
-172
96
62
-214
116
121
-218
23
199
-267
-11
175
-81
-14
93
-89
17
17
-107
126
126
-107
70
240
-110
-42
203
-5
-105
218
171
-40
126
114
14
118
91
-54
284
66
-97
387
31
-202
375
67
-163
273
209
-161
237
153
-79
340
-49
-72
441
-52
-149
436
61
-195
343
137
-118
352
-4
83
334
-105
72
369
-56
-26
304
2
-30
227
81
29
111
13
223
94
-4
84
244
-89
61
261
25
65
-28
212
165
-164
160
248
-136
58
271
-1
68
83
53
175
-146
12
177
-223
51
191
-53
2
46
51
2
-48
-42
-12
35
93
-101
-63
175
-77
-203
89
-2
-221
14
36
-192
28
-69
-151
32
-105
-44
-8
-141
-26
-37
-137
-113
-39
-173
-13
-65
-75
-28
-111
-88
-148
-164
-86
-189
-175
-192
123
-263
-192
-143
-78
-172
-343
12
-135
-156
-249
27
-215
-168
-54
-247
-161
-66
-179
-243
-87
-17
-244
-146
84
-241
-78
12
-151
-170
-13
-130
-89
-46
-195
68
-63
-106
-40
49
-124
-202
15
83
-187
-191
124
6
-153
-186
66
-24
-170
-63
5
-79
2
-147
-114
258
-144
-188
176
15
-245
195
-27
-235
212
32
-343
147
195
-274
-60
154
-16
-151
166
-202
30
256
-333
-72
367
-53
-400
197
84
-172
-54
81
27
2
-58
-76
201
-171
18
-191
111
11
-361
217
18
-208
-127
220
-237
-127
142
-139
27
-196
44
57
-202
79
60
45
-72
158
67
-68
-25
93
100
-117
-10
218
-20
-142
172
6
-92
-11
49
184
-95
-87
211
83
-73
34
144
-11
8
-31
91
183
-152
157
174
-58
118
-16
17
56
39
36
68
32
184
-44
22
251
-125
150
26
232
23
-5
326
64
75
86
193
133
138
13
329
102
-91
450
31
-20
537
-52
-69
625
-265
38
475
-135
98
352
-54
12
581
-410
72
661
-478
84
359
1
64
28
230
78
57
-101
411
180
-443
449
247
-240
-136
698
-168
-181
540
-33
72
-20
158
173
18
-536
691
151
-756
508
417
-317
-31
251
60
19
-153
-52
394
-250
-344
563
-101
-293
58
272
-270
-320
435
-120
-306
19
235
-141
-511
488
-165
-165
-123
155
311
-496
-193
601
-40
-928
645
36
-416
47
61
5
82
-593
584
-25
-603
368
41
-225
-173
297
-406
151
-173
7
16
-222
57
198
-424
78
250
-197
-235
222
387
-718
488
-9
-38
-137
206
-75
-139
79
-188
299
-272
-73
122
189
-489
74
518
-665
-18
452
-404
-20
-137
113
158
-580
438
-62
-150
83
-156
373
-437
257
-231
369
-437
-42
322
-545
381
-336
92
106
-162
6
75
23
-110
2
166
12
-289
337
80
-571
492
-89
-290
269
-152
33
-8
-123
-3
143
-393
-44
330
-474
-23
87
-402
126
-308
-176
-114
11
-416
-54
108
-387
-89
-142
57
-262
-376
252
-213
-505
75
-162
-63
-176
-71
-18
-11
-202
-187
245
-588
1
158
-486
90
-352
270
-426
25
-23
-430
269
-407
24
-25
-100
-169
-35
259
-690
471
-9
-455
294
-84
-64
-341
499
-322
-286
363
-522
179
-193
-203
307
-405
27
-4
-72
-213
190
17
-484
559
-109
-252
342
57
-216
159
13
57
61
133
-52
63
277
-268
36
587
-386
76
565
-397
107
528
-469
74
402
-374
200
121
-116
305
-113
-24
225
89
-273
295
-54
182
-13
-215
919
-614
157
376
20
-260
262
205
-337
372
-177
481
-398
175
406
-502
406
55
-239
174
235
-357
353
225
-371
501
-235
242
-314
230
185
-364
31
507
-444
-186
622
-436
241
-28
-29
225
-70
-32
552
-243
-123
791
-566
457
140
15
156
201
169
-89
490
-142
434
-17
198
211
145
194
-48
452
-25
149
80
428
82
-104
513
16
-57
65
530
-333
-62
812
-375
68
618
-375
270
385
-444
379
557
-628
189
724
-468
-150
677
-205
-321
314
202
-373
93
642
-434
71
294
-92
0
202
128
-325
398
105
-401
234
441
-615
-102
650
-641
-193
608
-506
-265
689
-767
43
192
-95
-514
543
-40
-716
558
-345
-145
-187
426
-565
194
105
-399
19
284
-288
-406
617
-551
-49
223
-264
5
7
-150
-107
43
-313
202
-330
-118
214
-139
-116
0
-117
-176
147
-356
-12
367
-510
-11
256
-159
-282
95
262
-768
310
41
-404
237
49
-493
314
311
-876
538
272
-950
262
488
-777
277
135
-487
393
-99
-212
85
282
-498
228
181
-227
-40
355
-262
-240
644
-742
88
375
-520
154
200
-332
133
281
-655
464
116
-883
567
-4
-716
446
-84
-575
539
-168
-270
149
113
-356
-75
630
-809
374
113
-405
71
52
6
-849
1265
-1184
18
723
-1169
348
41
-263
-427
883
-1112
259
461
-975
522
27
-602
276
-79
-260
275
-466
289
-160
-23
-77
93
-17
-430
317
-142
-89
63
85
-306
100
306
-529
486
57
-71
241
-149
557
-160
-12
272
242
-292
256
525
-502
606
-109
-19
583
-206
-79
639
-60
-520
1068
-381
-52
628
-102
227
292
37
216
350
237
-67
536
57
65
339
137
313
-294
902
-363
-42
923
-565
414
218
168
-7
434
-122
78
580
-434
248
494
-308
83
247
-143
300
302
-115
-81
593
-155
-192
240
555
-752
304
635
-746
569
-257
-99
138
116
-386
294
440
-942
733
358
-668
-118
895
-727
-509
1398
-1335
383
493
-661
505
-111
-152
-91
363
-613
241
271
-677
369
141
-457
-13
102
-269
-233
175
169
-617
457
-216
-45
240
-227
171
160
-255
-207
689
-577
-121
790
-690
-63
915
-826
26
498
-501
-236
422
-560
-36
377
-799
419
98
-592
164
287
-487
-68
396
-344
-135
16
-229
182
-687
323
-51
-107
-272
-231
536
-847
-102
388
-367
-315
-82
304
-760
447
-499
-250
407
-970
516
-436
-55
-436
534
-869
-217
672
-1160
237
-324
269
-667
-309
276
-619
-62
-244
-141
-329
-44
-381
-492
785
-894
-411
995
-992
-313
586
-867
-160
537
-707
-367
976
-1151
108
831
-1292
298
454
-1106
190
714
-1554
461
697
-1275
425
107
-534
-18
81
-227
-81
174
-446
154
398
-1080
459
403
-1121
375
307
-271
-431
804
-401
-332
710
-897
449
-91
-292
-87
476
-626
-8
522
-836
721
-554
188
-40
-453
580
-541
307
-370
559
-542
377
-309
-43
698
-1307
1241
-485
-186
412
38
-58
109
153
-766
1285
-1084
255
513
-511
395
-106
311
-266
537
-590
307
559
-681
178
488
-69
-500
865
-151
-74
307
-182
151
295
-232
8
732
-548
544
-7
168
187
42
299
344
92
-191
935
-797
692
181
-320
463
160
-136
203
747
-897
1216
-476
65
512
-87
108
-21
748
-951
1058
-238
-169
718
-156
40
73
380
-477
595
-314
-26
366
-23
102
-245
813
-247
-102
654
-144
62
333
-139
120
543
-821
1030
171
-800
692
-5
-114
-153
501
-157
-68
383
53
-72
309
225
-384
813
-567
210
618
-534
310
423
-147
-34
919
-531
190
459
-157
224
364
-229
545
267
-473
818
-124
-101
146
278
-365
880
-496
303
494
-831
860
-687
399
-161
43
-235
464
-180
-415
828
-1353
803
-408
-104
-135
-174
-199
-174
112
-854
939
-985
-11
-179
403
-644
-243
415
-558
457
-1092
779
-394
-584
184
-531
171
-658
-143
-134
168
-925
578
-84
-853
519
-698
345
-325
-108
-330
672
-885
-203
513
-535
-102
-363
379
-684
527
-1018
785
-243
-863
564
-389
286
-983
681
-450
174
-232
-326
290
-279
-35
-344
654
-620
-155
168
247
-465
-32
506
-927
486
-587
59
62
-527
10
566
-232
-693
1122
-592
-277
380
-140
44
-135
-65
146
438
-678
-125
1124
-1265
-196
808
-468
-308
391
-191
211
-137
-150
170
19
-224
-203
236
-70
-213
-173
764
-681
163
307
-854
860
-470
-853
1099
137
-1553
1274
631
-1686
1117
147
-580
656
-556
25
1005
-1097
-70
1495
-1266
-208
792
-61
-956
995
-253
-232
964
-1065
1009
70
-455
225
538
-632
392
345
-297
712
-917
1023
-152
-476
537
231
-662
329
772
-1243
1637
-980
151
1076
-959
304
808
-353
-327
1305
-741
519
280
-375
585
-224
343
-168
365
-108
172
174
-227
597
-863
1002
-554
63
614
-474
571
-155
294
-159
622
-861
1125
-257
-555
1233
-823
9
458
-104
-578
1175
-818
204
587
-760
477
-62
162
-218
720
-298
-247
962
-649
253
-233
194
140
-450
1119
-952
908
-280
-244
387
-184
-84
-689
1527
-1364
590
138
-158
136
-332
641
-525
592
-760
360
732
-960
-145
1517
-1388
31
899
-827
34
636
-625
144
964
-1647
1064
85
-979
779
415
-1528
1183
108
-1148
830
-151
-97
-249
331
-373
733
-965
110
911
-1253
617
-71
230
-453
46
-47
509
-737
54
771
-1000
1085
-790
484
164
-511
112
246
-218
-232
587
-367
309
-350
656
-727
470
-560
84
503
-1025
602
181
-646
-206
748
-777
-31
-11
-144
-58
-84
-405
154
324
-865
634
-444
70
-163
-126
317
-292
20
-52
393
-396
-194
347
183
-867
623
-145
-50
-617
670
-78
-738
791
-470
355
-546
235
-398
340
-636
35
781
-1177
801
-22
-635
323
625
-1692
1479
48
-1133
1220
-830
-3
274
-330
-369
913
-825
243
420
-710
277
-36
0
-635
887
-256
-604
990
-281
-688
633
241
-905
850
-288
-111
407
-320
-232
446
-527
-135
947
-1065
365
314
-552
519
-1006
704
102
-698
756
-241
172
-382
380
-460
390
-226
-713
1573
-1236
35
509
-240
37
-514
739
-296
-248
-23
81
-78
-366
656
-2
-362
51
159
-150
-238
238
-199
159
132
-690
963
-575
-450
513
104
-442
-469
1176
-1039
354
149
-23
285
-402
267
404
-7
-544
1123
-349
-937
1170
-497
49
516
-705
956
-270
-761
865
37
-665
428
410
0
-502
61
269
81
-422
521
359
-690
806
-387
402
-381
-83
428
-507
256
-180
880
-922
355
305
-173
-308
-524
1833
-1494
-131
1245
-543
87
-273
562
115
-103
-266
24
1129
-902
-543
2003
-856
-403
854
206
-252
-197
580
-152
553
-507
561
550
-492
625
-366
534
-80
-517
750
51
-64
-291
689
-153
-222
450
-194
62
-244
161
-108
444
-607
143
689
-1089
943
-244
-360
427
4
9
361
-38
-496
917
-729
96
172
-39
-153
-146
857
-648
720
-255
-638
757
-199
-761
311
523
-760
452
64
-53
291
-1304
630
245
-963
344
50
8
-109
-40
173
-60
-644
160
315
1
-6
514
-558
-6
689
-993
367
-35
-231
287
83
-25
-37
-274
-137
251
-110
-15
-72
127
-34
8
-224
110
-484
197
235
-219
377
-93
202
-228
17
-204
546
-189
-433
982
-389
273
-196
144
62
-369
439
248
-182
-44
332
-481
366
-421
167
611
-296
-4
632
-585
-445
307
-655
470
-290
-245
745
-282
-510
254
226
-802
-98
227
-117
-71
-485
220
132
-653
-96
17
-411
8
-418
251
-29
-548
150
156
-228
-348
358
-481
205
67
-723
679
-83
-566
42
313
-153
-38
193
-141
148
-230
6
424
-158
-156
305
458
-424
80
217
-302
109
-96
204
-310
-135
-28
-132
102
-470
289
38
-353
99
136
86
-333
280
145
-190
-8
210
-78
-115
114
-135
514
50
80
613
-90
-16
323
86
291
549
290
214
396
114
253
-158
23
516
15
128
299
196
-40
-319
202
55
-764
-68
-288
-311
-137
-720
-446
-311
-584
-1083
-349
-757
-1066
-856
-1097
-990
-1432
-1314
-1500
-1243
-1259
-1374
-702
-1101
-889
-923
-693
-540
-463
-221
-242
302
460
764
896
1131
1179
1397
1805
1829
2085
2289
2326
2224
2301
2471
2588
2243
2423
2664
2230
1890
1845
1642
1051
1037
821
632
526
70
4
-230
-587
-892
-978
-959
-1252
-939
-984
-1242
-1123
-1061
-892
-1202
-649
-156
-605
-211
151
27
-385
-545
-114
52
-277
-47
147
-571
-913
-875
-1217
-1476
-1928
-1905
-2208
-3107
-3538
-3734
-3387
-3517
-2245
-945
-1188
-1388
-2418
-2475
-2368
-2333
-858
101
577
1570
2351
2546
2321
2021
2109
2514
3054
4224
5125
4757
4596
4096
3619
3548
3151
3365
3067
2678
2503
2027
1082
34
-956
-1732
-1915
-2012
-1798
-1866
-2647
-3534
-4063
-4282
-4236
-3687
-3273
-3194
-2767
-2154
-1844
-1536
-895
-719
137
1632
2775
3912
4145
3466
2853
2543
2778
3404
3745
4108
4099
3646
3209
2497
1742
781
898
1051
1230
1185
47
-798
-1939
-3147
-3341
-3161
-3380
-3304
-3308
-3448
-3999
-4754
-5544
-5676
-5981
-5725
-4967
-5560
-4992
-4851
-3482
-612
-205
376
-641
-2170
-1054
-516
354
1682
1667
2440
2962
3260
3661
3218
2062
1974
2502
3012
4239
3993
3725
2920
2196
2939
3397
3427
3566
2949
2269
2177
1762
1387
495
-518
-721
-1008
-673
-502
-1310
-2398
-3659
-4022
-3299
-2243
-1934
-2357
-2659
-2985
-2824
-1925
-968
-462
-157
309
1257
2401
3181
3048
2335
2254
2662
3566
4343
4299
3668
2783
2120
2201
2630
2188
1754
1665
1260
1148
702
-182
-886
-1741
-2037
-1744
-2020
-2424
-3202
-3804
-4085
-4224
-4174
-4312
-4547
-5109
-5283
-5840
-6528
-6779
-6425
-6075
-5075
-1539
506
500
-549
-3540
-3599
-2404
-1019
1994
2889
2946
3224
2899
3010
3537
2860
3181
4233
5075
6821
6949
5812
4946
3722
4150
5623
6677
7287
6056
4037
2725
1866
1358
1151
437
-99
-695
-1632
-1844
-2693
-4434
-5657
-6124
-5289
-3376
-2476
-2699
-3925
-5372
-5221
-4083
-1929
104
930
813
526
781
1974
3240
3260
3393
4230
4663
5335
5570
4565
3348
1979
2243
3702
4054
3410
2239
881
140
131
264
478
-303
-1375
-1586
-1917
-2137
-2660
-3399
-3747
-3629
-3271
-3198
-3702
-4504
-5132
-5547
-5960
-6098
-6256
-6279
-6126
-5958
-2536
-174
-550
-1048
-4612
-5151
-3613
-2244
880
1917
1183
1078
983
1416
3012
2964
3058
4223
4302
5584
6419
5182
5270
4491
4976
7192
8189
8092
6312
3867
3028
3018
3331
3924
2758
1332
-73
-1705
-1799
-1967
-3224
-4143
-4854
-4437
-3063
-2793
-3633
-5233
-6198
-5724
-3988
-1556
166
102
-1174
-1965
-1485
637
2714
3423
3680
3193
2922
3190
3576
4007
2930
1826
2192
3225
3480
2325
972
-436
-851
-462
271
774
-719
-2433
-3196
-3203
-2786
-2772
-3187
-3755
-4224
-4298
-4271
-4358
-4571
-4890
-4894
-5229
-5243
-5556
-6215
-6947
-6425
-5846
-3140
1060
1217
550
-3198
-5448
-3440
-1204
2334
4602
3401
1639
1209
1447
3468
5028
4903
5936
5442
5659
6681
5748
5815
5411
5611
7562
8639
8599
6881
3750
2435
3173
4007
4676
3633
1439
-406
-2934
-3111
-2046
-2490
-3293
-4842
-5650
-4822
-4621
-5071
-5943
-6945
-6556
-5288
-3715
-2131
-1991
-3256
-3939
-3269
-724
1596
2331
1903
1068
1062
1713
3833
5332
4252
2424
2023
3147
3942
3458
2440
1487
936
1700
2740
2800
1290
-952
-1726
-992
-60
11
-1022
-2550
-3606
-3584
-3346
-3094
-3096
-3486
-3979
-4395
-4455
-4393
-5125
-6076
-6584
-6692
-5881
-5194
-1472
1193
386
-1430
-4948
-4370
-1919
616
3003
2882
1526
775
1266
2631
5294
5490
5028
5238
4920
6260
6506
5837
5737
5354
6539
8286
8723
7715
5398
3323
3549
4412
5281
5220
3008
646
-1326
-2029
-798
-572
-1543
-3584
-5480
-5429
-4760
-4323
-4857
-6307
-7705
-7785
-6602
-4618
-3305
-4043
-5188
-5466
-4324
-2145
-893
-358
-681
-897
265
1973
4426
4550
2495
1622
2198
3930
4725
4692
4361
3513
3086
3566
4072
3856
2777
1763
1837
2133
2292
1409
-352
-1608
-2237
-1817
-1083
-1396
-2176
-3294
-4368
-4428
-4061
-4075
-4694
-5396
-5795
-5744
-6079
-6224
-5682
-5183
-2125
248
275
-564
-3746
-3860
-2177
397
3568
3945
2295
784
989
1990
4569
5785
6072
5345
3778
3844
4069
4822
5666
5938
6225
6386
6240
5419
4110
2847
3175
3636
4053
3878
2608
897
-1273
-2064
-896
-323
-910
-2224
-4242
-5402
-5575
-5411
-4799
-4947
-5707
-6610
-7002
-6187
-5373
-5097
-5532
-5447
-4390
-2858
-1466
-684
-741
-1581
-1568
641
3955
5352
4382
2818
1961
2606
4033
5577
6318
5644
4472
3992
4100
4406
4044
3037
2372
2342
2662
2073
539
-949
-1607
-1747
-1731
-1789
-2050
-2882
-3934
-4416
-4332
-4179
-4162
-4180
-4084
-4034
-3700
-4143
-4493
-4820
-4242
-3342
-1392
1102
1292
354
-2067
-2905
-1649
575
2799
3427
2190
384
8
957
2653
3771
3764
3173
1869
1858
2556
3424
3641
3480
3343
3766
4145
4107
3428
2157
1906
2328
3190
3354
2892
1648
-30
-961
-748
122
-58
-1333
-3148
-4211
-3918
-3294
-3035
-3923
-5276
-6296
-6569
-5594
-4075
-3327
-3617
-4439
-4527
-3639
-2390
-1460
-1119
-1307
-1403
-389
1196
2798
3079
2359
2010
2230
3074
3930
4420
3856
2941
2976
3489
4295
4282
3107
1773
1048
1263
2134
2620
2072
987
-315
-642
-91
183
-118
-1086
-1577
-1398
-1008
-750
-735
-1074
-1552
-1739
-1444
-1104
-1239
-1574
-2057
-1930
-1344
-964
-1036
-1595
-1598
-1010
-478
-261
-414
-826
-1427
-1445
-846
-525
-659
-881
-853
-582
-376
-240
-225
-599
-944
-975
-539
354
935
1298
1266
1022
936
829
905
1042
1718
2360
2479
2233
1789
1244
931
945
1268
1853
1883
1401
396
-547
-739
-369
-55
-73
-504
-1348
-2000
-2011
-1320
-826
-869
-1493
-1948
-1832
-1154
-233
238
12
-562
-851
-377
680
1270
1121
575
-98
-171
460
1238
1482
1182
502
99
359
1011
1706
1799
1495
1001
753
1045
1452
1686
1598
1402
1390
1309
1199
1273
1395
1567
1613
1309
1270
1030
570
262
72
249
307
103
-322
-1025
-1466
-1926
-2069
-1883
-1637
-1626
-1981
-2300
-2645
-2810
-3110
-3151
-3033
-3003
-2962
-2842
-2977
-3073
-3056
-2966
-2571
-2226
-1914
-1917
-1912
-1619
-1100
-374
379
827
936
842
958
1547
2237
2800
3174
3308
3106
2989
3093
3281
3604
3419
3104
2870
2771
2529
2275
1970
1761
1675
1311
1115
911
564
124
-509
-769
-517
-423
-593
-944
-1282
-1423
-1522
-1553
-1520
-1588
-1725
-1853
-1851
-1637
-1417
-1343
-1218
-979
-737
-559
-455
-479
-477
-278
-39
252
526
692
742
832
891
830
896
1107
1380
1627
1598
1396
1257
1078
1190
1412
1578
1534
967
250
-207
-294
-186
-140
-378
-725
-1261
-1831
-2173
-2184
-2067
-2142
-2422
-2763
-2925
-2992
-2940
-2847
-2578
-2313
-2227
-2103
-1777
-1498
-1287
-1235
-1062
-571
-124
333
521
502
564
701
1025
1327
1501
1653
1766
1801
1996
2165
2051
1953
1996
2135
2283
2265
2165
1912
1657
1563
1587
1521
1282
924
643
491
301
146
-143
-410
-761
-1002
-1143
-1269
-1117
-1047
-1133
-1244
-1249
-1207
-1040
-976
-1042
-1131
-1225
-862
-417
-186
-132
-291
-304
-150
-31
168
253
308
324
233
471
706
771
809
693
673
871
1023
1023
970
887
868
719
427
316
238
290
476
405
165
-267
-687
-964
-1067
-918
-802
-767
-997
-1192
-1229
-964
-694
-714
-547
-615
-344
-7
174
376
287
193
225
260
530
817
672
482
350
389
632
863
850
514
80
-191
11
391
596
469
137
71
123
277
409
304
129
-85
-164
160
457
576
247
-266
-471
-371
-69
195
272
118
-215
-590
-715
-649
-572
-695
-849
-866
-794
-796
-871
-910
-827
-826
-898
-898
-876
-764
-621
-509
-397
-347
-366
-416
-254
1
245
406
523
725
903
1037
1025
1002
999
1036
1201
1314
1371
1137
784
556
612
840
1026
972
613
208
-194
-241
29
352
504
382
187
314
454
657
944
886
872
761
793
1138
1340
1339
1041
670
673
881
1161
1245
1029
638
328
265
350
538
438
253
218
362
573
508
144
-241
-397
-241
189
332
224
-213
-696
-771
-610
-325
-298
-524
-845
-1034
-1126
-1150
-1265
-1414
-1632
-1836
-1849
-1809
-1780
-2011
-2332
-2629
-2720
-2558
-2334
-2288
-2439
-2685
-2856
-2747
-2501
-2159
-1978
-1942
-1831
-1646
-1340
-1071
-1011
-913
-703
-316
240
645
879
821
776
886
1179
1600
1832
1755
1563
1529
1650
1763
1753
1709
1672
1616
1639
1662
1601
1510
1533
1696
1913
2039
1883
1561
1319
1333
1574
1802
1815
1652
1321
1007
877
922
1021
945
746
483
234
81
-93
-188
-226
-294
-342
-407
-550
-696
-760
-805
-721
-606
-635
-636
-654
-606
-471
-345
-217
-102
-145
-151
-72
-37
84
45
-146
-268
-309
-321
-261
-343
-588
-757
-943
-1029
-1114
-1287
-1389
-1551
-1694
-1674
-1561
-1467
-1489
-1668
-1777
-1737
-1607
-1445
-1386
-1284
-1196
-1093
-895
-738
-629
-477
-339
-139
220
447
559
479
421
518
664
852
1008
1046
946
867
762
934
1099
1032
932
863
1001
1145
1246
1247
1125
955
794
739
852
1086
1180
1126
943
799
854
917
935
927
837
840
804
622
553
521
522
586
557
529
527
408
226
-8
-108
-113
-34
-52
-80
-62
-151
-183
-179
-130
-154
-211
-328
-389
-443
-589
-749
-953
-1121
-1207
-1234
-1296
-1432
-1659
-1963
-2035
-1998
-1933
-1986
-2162
-2208
-2143
-1978
-1764
-1693
-1708
-1714
-1626
-1357
-971
-664
-574
-558
-490
-237
134
458
658
828
907
1119
1399
1564
1642
1631
1639
1778
1961
2077
2156
2065
1802
1574
1516
1689
1824
1802
1664
1506
1374
1265
1183
1072
950
752
614
547
594
585
408
185
-6
-75
-82
-93
-143
-216
-357
-428
-315
-111
-13
-134
-350
-360
-230
-4
193
225
104
-98
-147
-15
275
427
350
156
54
140
373
564
550
395
138
-54
-86
-16
-4
-228
-618
-877
-1022
-1077
-1151
-1342
-1595
-1833
-1889
-1922
-1966
-2172
-2505
-2743
-2719
-2376
-2028
-1752
-1790
-1980
-2046
-1976
-1605
-1193
-870
-671
-650
-644
-498
-264
60
402
584
709
765
777
866
946
1054
1131
1218
1313
1298
1228
1205
1221
1328
1449
1513
1522
1508
1407
1241
1193
1183
1227
1194
1086
969
829
766
675
574
506
400
355
267
209
178
134
195
275
314
251
67
-145
-259
-236
-54
202
273
98
-181
-391
-456
-394
-241
-74
26
65
-20
-85
-86
-90
-9
104
186
246
159
-102
-327
-481
-469
-383
-314
-278
-432
-676
-919
-1045
-1023
-951
-930
-980
-1102
-1256
-1323
-1283
-1138
-1032
-941
-841
-772
-752
-740
-649
-489
-243
-8
158
279
343
465
608
803
1033
1107
1139
1187
1295
1428
1494
1507
1455
1398
1415
1450
1510
1490
1381
1197
990
858
761
659
536
398
303
223
114
-41
-228
-365
-460
-470
-508
-541
-578
-591
-584
-616
-674
-726
-758
-831
-737
-603
-496
-541
-701
-736
-694
-557
-451
-345
-320
-347
-307
-235
-104
-5
4
20
80
189
368
473
501
434
358
362
368
419
376
237
154
166
226
200
55
-169
-363
-482
-400
-228
-187
-314
-625
-882
-899
-743
-486
-305
-351
-590
-849
-862
-594
-244
25
115
36
25
50
156
356
528
684
788
902
999
948
758
688
795
1050
1332
1378
1262
1059
838
726
724
764
851
831
726
632
462
376
278
214
270
278
251
124
-69
-167
-217
-232
-197
-213
-260
-380
-573
-729
-850
-848
-849
-901
-993
-1104
-1241
-1300
-1257
-1139
-996
-978
-975
-1000
-984
-907
-788
-620
-474
-407
-384
-306
-212
-93
-57
-84
-27
69
187
269
299
304
266
222
291
408
545
624
593
524
424
348
340
341
351
350
265
154
21
-106
-166
-197
-225
-225
-284
-300
-317
-380
-472
-547
-472
-387
-313
-321
-380
-456
-527
-521
-347
-163
-156
-280
-464
-482
-367
-205
-55
0
-53
-179
-260
-175
71
274
350
325
307
319
357
453
598
708
684
660
676
757
849
848
795
647
505
408
357
330
221
13
-210
-362
-423
-426
-491
-546
-625
-724
-772
-789
-753
-751
-817
-842
-761
-648
-525
-469
-465
-530
-614
-598
-461
-247
-137
-179
-302
-376
-337
-130
167
413
500
403
320
329
459
615
675
739
790
816
831
815
785
762
712
721
815
859
825
675
541
521
569
642
682
660
593
480
336
280
266
290
282
207
142
68
11
-12
-31
-56
-123
-211
-284
-275
-245
-179
-141
-174
-183
-188
-143
-119
-65
-19
-4
-33
-66
-79
-59
15
57
122
98
-12
-143
-289
-357
-357
-325
-278
-292
-392
-548
-705
-704
-590
-448
-411
-493
-577
-647
-615
-494
-343
-286
-301
-339
-317
-226
-148
-145
-230
-335
-365
-287
-163
-47
-30
-97
-209
-241
-178
-66
4
54
67
34
59
112
214
267
256
227
189
246
278
301
275
206
209
243
281
302
303
264
227
213
264
293
247
128
11
-44
19
103
129
134
140
106
-14
-63
-25
70
133
123
114
74
5
-17
57
212
330
309
224
209
252
308
361
393
415
390
341
339
352
311
234
177
203
300
282
145
19
-74
-97
-62
61
108
-26
-242
-396
-329
-147
-43
-41
-139
-267
-348
-362
-290
-228
-237
-300
-352
-353
-335
-367
-440
-472
-480
-385
-256
-147
-170
-319
-454
-455
-365
-267
-167
-135
-140
-194
-289
-288
-218
-130
-75
-92
-116
-214
-356
-457
-465
-390
-311
-329
-356
-350
-385
-400
-420
-383
-377
-413
-419
-368
-250
-161
-133
-160
-153
-108
-7
95
202
202
143
139
208
341
442
484
460
465
527
627
736
725
657
597
590
649
717
755
723
679
636
635
634
590
514
472
434
410
368
304
284
269
257
246
257
222
140
-11
-92
-75
15
100
72
-27
-126
-177
-139
-31
53
44
-39
-168
-149
-60
118
187
130
139
7
57
-58
-45
-180
-284
-422
-439
-371
-295
-187
-205
-188
-266
-399
-555
-745
-1026
-1037
-1177
-958
-882
-689
-740
-738
-923
-925
-946
-1023
-829
-840
-558
-486
-123
2
145
66
-128
-282
-335
-187
22
263
533
835
1064
1184
1155
1016
759
612
535
727
861
1047
1045
1031
950
837
748
586
456
331
341
353
470
498
550
455
456
305
204
192
188
281
228
265
107
11
177
312
676
810
944
735
471
19
-380
-802
-1138
-1150
-1085
-764
-398
-35
194
267
76
-118
-640
-798
-1299
-1266
-1359
-1047
-710
-329
188
274
425
29
-44
-522
-649
-858
-917
-750
-521
-118
198
450
413
446
177
284
61
256
-5
70
-10
-39
254
-48
228
-169
42
-320
-119
-31
-223
33
-295
176
-3
228
117
-73
-230
-531
-426
-449
-239
-131
229
192
515
545
566
380
360
48
21
121
107
475
421
566
520
688
423
662
345
336
-5
-189
-94
-16
162
177
440
151
358
80
238
178
-21
45
-217
-107
-120
-21
144
67
158
-63
-95
-378
-534
-573
-798
-618
-830
-564
-486
-539
-342
-361
-424
-302
-267
-347
-398
-435
-328
-287
-231
-243
-277
-413
-614
-433
-470
-407
-331
-127
-249
-488
-41
-901
-314
-654
-745
-462
-573
-352
-715
97
-485
-152
-306
-352
-190
-490
-171
-491
61
-168
-89
459
-179
-87
446
-23
280
549
72
371
552
271
691
801
278
879
728
583
1077
793
743
635
228
429
462
249
341
410
57
270
47
168
105
-304
-196
-254
-207
-113
8
-178
-15
-118
-257
-36
-318
-438
-323
-237
-846
-100
-82
-731
-64
-596
-343
-156
-308
-205
-58
-330
-622
91
-494
-174
62
-143
238
88
44
52
165
291
-98
375
351
63
574
310
387
489
158
408
334
-115
270
77
-153
451
115
48
415
-41
-67
394
-225
149
269
-116
721
256
333
478
-49
429
631
230
636
698
287
668
576
766
481
668
345
780
396
218
555
263
363
638
656
492
553
38
963
187
381
444
-123
342
313
140
210
453
-95
275
99
-475
-225
-322
-396
-432
324
-848
-231
-425
-513
-359
-1130
-140
-933
-597
-1025
-237
-601
-480
-398
-501
395
-1194
106
289
-692
-11
96
41
19
118
291
776
-465
368
934
-86
726
838
379
592
539
-32
767
182
-98
982
733
-297
828
628
-1047
663
160
-534
311
6
-562
728
-305
-74
250
-56
-640
307
181
-813
470
-274
-241
59
334
-29
-174
-5
-48
-125
-176
268
-238
-285
93
-394
-43
-196
-825
649
-1279
43
230
-1283
684
-778
37
-711
-649
-60
-726
-117
-230
4
-1399
711
-1039
-412
272
-1653
298
-548
-1121
241
-584
-1190
278
-1076
-582
-315
-518
-583
-246
-319
-574
-222
-434
181
-480
-209
-352
-324
77
-297
-382
268
-8
-375
652
-447
300
206
-625
988
71
-526
574
485
-284
732
621
-331
1006
314
142
438
314
178
-13
789
-377
805
334
53
901
562
341
-205
1210
-745
930
527
-669
1917
-424
744
969
-256
360
-316
639
-179
408
-584
670
-390
-428
661
-933
828
-1166
80
329
-1023
-290
-217
-630
-761
196
-1400
-38
35
-1858
244
-694
-1574
-23
-346
-1160
-398
-283
-978
-765
-122
-916
-638
48
-956
556
-10
-1112
263
318
-1458
737
62
-374
1047
-17
458
883
576
-975
1677
311
-979
2172
-315
995
752
911
845
586
514
-56
2074
-970
1217
1471
-1339
1083
593
-234
-5
1318
-406
3
810
-1321
603
109
-998
839
315
-143
111
1315
-919
496
806
-1590
1543
29
-720
1684
-220
-36
1243
35
301
947
271
70
997
-103
607
722
-140
1492
-494
1199
-290
374
384
-255
847
-1289
523
-903
-65
-1130
-490
476
-1772
-115
13
-1681
-448
-994
-1349
-749
-517
-1405
-513
-1002
-1299
-350
-1033
-511
-923
-629
-1172
-599
-467
-1009
-567
171
-500
-467
622
-883
0
-103
-397
515
-534
1383
-478
1112
540
120
1059
9
944
94
1071
306
765
593
685
862
11
1372
66
320
789
-519
1352
19
103
758
-83
63
43
79
-375
251
-450
89
-6
-86
592
-886
867
126
-1049
1093
17
-1178
711
566
-484
411
658
-387
425
-308
506
-73
-13
54
-135
1014
-1207
1459
-106
20
683
-879
446
-462
866
-1508
1111
-46
-1161
1376
-32
-916
159
63
-1881
790
-422
-1492
672
-1124
-694
455
-690
-1513
271
-592
-2008
1325
-693
-1592
1052
-723
-965
653
118
-1530
598
1085
-1469
1219
197
-615
300
708
266
203
1469
-433
1283
981
-544
1568
711
-660
1265
924
-277
952
720
-376
1311
-598
647
947
-1256
1072
-169
-312
388
-635
491
-82
-395
43
762
-1551
-160
76
-731
-601
-236
470
-1211
-268
-278
241
-922
-249
173
-720
-483
-411
192
-541
330
-874
1510
-383
-854
1600
-1480
325
653
-1153
924
555
-655
273
936
-895
514
281
-327
284
-205
27
880
-739
433
1098
-1554
1065
42
-1245
1539
-946
-417
1343
-736
-132
784
-1143
574
-516
-901
1114
-1082
-696
900
-612
-493
202
-914
460
668
-1801
1675
-57
-1293
1920
-110
-511
397
896
-1536
1728
350
-1652
2145
211
-894
1135
1302
-1351
236
1488
-1700
424
574
-1012
980
-900
513
111
-415
-71
-36
-84
-2355
2335
-2516
-306
772
-1267
597
-1284
1551
-1662
409
-764
19
356
-1820
1571
-549
585
-902
1487
97
-1519
1909
-790
-628
1466
-391
-1185
2645
-874
-497
2305
-746
-856
1113
-488
199
1354
-1030
764
1169
-1447
1139
536
-1135
573
-946
124
139
-308
6
738
-46
-1103
1310
-931
-649
129
-34
-332
-467
686
-1157
292
-13
-1107
1045
-679
-543
-352
148
-219
-1074
1113
-1055
-352
1571
-1529
1090
269
-619
454
-3
336
-742
1666
-1595
1535
595
-1757
1749
-126
-874
480
747
-1231
1243
-403
3
402
112
-950
1132
89
-1886
1500
-1325
505
-447
1133
-481
-707
1454
-2098
1501
-1066
-338
-79
952
-1299
1134
689
-1427
1378
-598
671
-610
696
-716
1481
-1024
644
1127
-1554
1393
-55
273
-426
1027
-771
1038
-225
-192
1181
-795
251
-56
334
-235
-488
122
842
-1245
456
336
-330
-619
143
-473
-816
132
-1392
849
-934
-668
863
-554
-651
1001
-1356
474
-108
-817
834
-755
577
-244
651
-52
362
-132
714
262
-875
2271
-976
59
1198
-884
916
172
66
908
-97
169
573
-13
-100
-97
777
-539
441
-479
316
9
-605
589
-734
635
-1238
966
-136
-383
392
-137
213
-963
365
343
-939
292
510
-673
737
-324
-516
886
-786
-555
776
96
-1026
1060
429
-1386
2547
-1505
527
951
-1115
768
59
-15
136
42
-278
1114
-779
564
424
-118
-109
-346
968
-1120
197
214
33
-238
-74
-62
-882
273
-1787
1507
-1065
-1165
1152
-1207
-354
-901
871
-2237
119
326
-1214
-63
-503
418
-540
646
-760
292
-418
-820
395
28
154
-326
1565
-255
346
605
-583
1194
-134
-611
1584
1199
-2477
2675
627
-1822
2036
-118
-174
102
679
-534
522
613
-1012
1158
436
-760
490
-103
-278
-557
496
655
-1253
2046
-1396
363
818
-2136
842
-86
96
-1236
1802
-215
-1879
1847
-381
-738
165
1098
-1369
35
1312
-1761
1596
-175
-408
1301
-1007
-1
157
264
-1632
1010
240
-2011
2710
-2091
821
280
-1625
1799
-1973
828
-359
-757
1096
-1681
1122
-404
-955
214
185
-1585
386
1193
-2791
1812
-195
-1982
1917
-931
-1187
1348
-770
-848
675
13
-1691
2050
-827
-282
1748
-1662
517
-357
398
-593
432
577
76
149
-37
1277
-1837
1469
213
-830
1670
-423
-187
972
205
-437
1556
-443
126
494
-554
496
385
-704
679
1263
-1429
1534
653
-1223
629
486
-611
454
463
-515
833
221
-93
910
-489
-73
600
-403
608
72
121
-33
474
-282
-15
53
-543
88
-701
-239
28
-595
-346
757
-1631
532
-314
-1205
430
-1678
456
-636
-1042
937
-834
-1172
984
-815
-1511
1937
-2012
-305
844
-1277
352
159
-405
173
808
-1358
787
538
-744
115
627
398
-541
935
352
-77
708
-73
315
913
-621
930
373
81
652
-276
1591
-784
779
507
-615
1065
-598
586
885
-1009
1004
298
-677
226
529
-639
-466
693
-954
824
-430
-598
1273
-1606
488
-18
-1199
126
-231
-432
-496
584
-824
-562
781
-733
-981
1014
-1274
293
-3
-289
76
148
309
-806
1360
-1239
-666
1671
-1634
-130
1447
-378
-809
1465
-969
-184
355
-1320
769
-625
260
-85
-585
1300
-1478
381
-544
-55
-145
-1558
1629
-1289
-694
1291
-738
-404
879
-504
-465
279
-575
390
-321
-260
1403
-726
190
1056
-583
806
-477
783
-153
-108
951
-765
1547
-10
-247
1519
-357
-804
2181
-1181
-75
2169
-1958
1430
597
-667
447
71
-7
-1014
1081
-240
-622
967
91
-293
-119
245
-643
377
-683
-84
1137
-1842
1295
-221
-968
1040
-702
44
-126
-4
51
-394
50
-601
688
-1046
38
438
-1298
575
-847
341
-864
863
-481
-608
1476
-2125
1006
-436
-294
-67
-223
1111
-863
435
215
-78
-752
-192
733
-876
-366
987
-392
-71
162
527
35
-1128
1218
-705
-270
940
-561
376
198
219
-201
463
347
-383
506
-176
360
298
-296
500
-167
11
224
323
-421
679
-302
-221
672
-126
104
-118
526
8
-912
1121
-612
-357
33
696
-508
-183
963
-1345
999
-1023
917
-1343
253
962
-2041
1687
-516
-166
-251
985
-694
-361
30
-151
211
-1087
1390
-1034
274
-16
64
-160
-586
710
-911
-564
1037
-300
-1167
1373
-324
-508
-101
277
-702
-217
382
82
-231
-59
878
-1041
44
548
52
-1018
671
1580
-1772
669
1468
-608
-272
1535
-969
1132
-24
-141
1548
-1128
1210
228
330
-237
1219
-23
-574
1633
-1668
1492
-192
-103
533
543
-300
-143
876
-651
433
-846
1694
-1165
73
955
-887
384
-54
257
-699
812
-556
577
-573
-218
1131
-1725
524
726
-1558
852
503
-1871
1529
-845
-718
326
-466
61
-373
7
-327
275
-914
-459
651
-1304
112
146
-726
310
-545
-59
47
-710
-91
237
-586
140
126
-548
590
-577
-232
492
-235
-1094
1141
-639
-762
811
-835
555
-763
974
-390
22
722
-980
389
432
114
-577
1696
-1060
1033
747
-1377
2435
-1234
168
1307
-122
-520
1125
567
-1253
2139
-637
-134
1563
-1073
505
802
-614
581
184
-499
1073
-368
61
846
-760
-217
1082
-746
-377
823
-845
705
-617
473
382
-1512
942
604
-1751
678
1129
-1983
532
353
-239
-537
-65
136
-371
-232
-464
1161
-1331
-75
1258
-1772
548
514
-1345
-132
818
-1070
-224
1037
-1190
757
-451
-486
994
-1620
561
163
-751
137
673
-800
-195
809
-870
-131
702
-552
240
19
-586
1062
-694
-360
1215
-16
-1377
1551
399
-810
630
458
113
-1006
946
-141
-124
212
-188
713
-293
-86
268
353
-1001
870
-145
-534
963
-818
199
-124
132
-47
-147
291
341
-641
-364
1395
-1487
-492
1614
-602
-822
1296
-52
-1199
1411
-1051
159
448
-1342
1325
-300
-664
657
-309
-467
372
-174
-771
438
98
-1108
626
-139
-175
-376
370
-249
-572
416
-394
-361
333
-301
34
95
-580
825
-843
-92
292
-542
-12
30
49
-46
-68
-172
205
-194
626
-518
115
790
-1175
359
591
-362
296
549
100
461
-254
80
650
-673
351
409
429
-507
1202
-349
162
1314
-1606
1115
83
-297
71
848
55
-515
887
-709
970
-869
146
824
-1266
1020
-397
-289
651
-1058
827
165
-1184
1101
34
-1485
1299
-50
-1236
1178
279
-938
965
-293
-312
615
-686
791
-350
-187
604
252
-662
329
228
-1066
399
-17
-298
-247
518
-38
-677
568
-336
-146
-169
-500
715
-868
214
78
-159
-63
-693
789
-671
-420
427
-659
312
-436
-486
395
8
-1230
1242
-207
-1183
594
-316
-145
-470
306
-184
-341
360
-420
287
-242
-198
35
209
43
-548
1191
-403
56
255
555
-519
-78
939
-154
164
558
369
-290
362
333
-281
207
304
-25
336
372
-197
295
649
-747
464
815
-1347
1100
370
-579
940
-216
-218
421
551
-959
799
545
-937
665
-402
688
-504
-633
1100
-201
-879
293
822
-1806
533
399
-532
45
-556
791
-747
-910
1128
-201
-1281
994
190
-1098
769
-321
268
-301
-281
535
-71
-733
386
1084
-1981
923
789
-1466
315
723
-441
-439
410
-139
-63
-716
620
-394
-252
114
-49
423
-1055
604
-212
-521
-122
315
-162
-1013
1080
-239
-898
878
155
-993
305
-17
-252
110
-463
625
-318
-293
407
-259
-463
66
217
35
-392
235
309
-635
493
-367
3
229
7
-211
493
-42
-705
1147
-688
454
435
-919
1183
-55
-707
458
917
-1213
296
624
141
-479
365
930
-711
-34
496
334
-1047
1121
-492
957
-288
-356
1442
-453
-567
461
1030
-1183
415
372
605
-681
-164
1000
23
-709
-194
1546
-1064
-246
109
1064
-1054
-737
1605
-816
-652
35
499
-551
-377
-581
938
-376
-1872
2033
-739
-1155
739
-372
-38
-744
-239
846
-652
-895
668
107
-1191
347
235
-229
-637
481
-249
-228
-168
15
723
-1062
630
36
-216
360
-471
386
597
-1071
793
752
-1147
576
778
-820
483
355
-90
179
-50
217
107
-13
-105
516
-464
369
117
-403
594
-625
134
287
-130
-157
192
-5
21
178
-619
492
-12
-601
3
1009
-972
-114
1167
-896
515
-13
101
467
-490
-165
1423
-878
-431
1660
-919
-201
1003
-603
143
421
-498
434
-219
-43
53
-87
152
-377
407
-536
74
64
-452
-186
134
-249
-9
12
-848
1183
-1208
-573
800
-495
-647
197
391
-543
376
-647
585
-26
-978
435
646
-857
277
880
-726
583
-479
466
104
-273
298
241
650
-682
1001
6
-502
253
590
-498
271
631
-788
926
-665
229
93
133
-263
339
99
-430
556
-917
862
-873
338
755
-1051
390
286
-219
-826
887
-404
-310
198
156
-22
-100
255
-330
440
-515
-415
776
-432
-539
843
-215
-363
443
-61
-214
-24
-18
-33
-20
71
-343
749
-378
-276
610
-449
-279
469
-303
-585
1021
-882
-412
1014
-794
115
362
-735
499
-159
-989
490
131
-961
311
376
-511
-230
402
-386
-329
621
-278
47
53
82
321
-169
-197
725
-39
-1015
1117
-192
-349
428
303
386
-657
764
-130
305
-333
41
593
-402
224
-121
593
-737
192
357
-316
62
65
-272
358
190
-604
544
221
-636
228
269
-527
538
-236
-488
1005
-158
-777
873
289
-600
466
390
-534
317
174
-361
491
-163
-272
519
-141
-170
608
-341
-235
569
-302
-80
208
247
-395
255
-25
-462
501
-364
-139
290
150
-352
300
-95
-412
214
-246
-203
95
-44
-38
-36
-148
309
-171
-175
269
89
-51
-293
165
441
-544
13
787
-397
-17
103
63
103
-211
-143
106
178
50
-91
122
371
-325
-54
331
-73
-349
561
-383
190
606
-786
436
220
-229
-237
219
-78
-267
338
-204
-141
254
-149
-438
465
30
-530
377
-52
-215
305
-268
-559
620
-357
-587
599
-477
-558
389
-190
-918
944
-570
-528
516
-289
-228
-549
394
-673
-37
-79
-293
238
-248
-47
-175
162
-622
194
-194
-387
455
-582
37
134
-183
-233
-5
162
-576
255
283
-501
126
135
131
-78
64
331
105
-87
191
552
-99
260
236
375
180
-7
576
88
159
354
152
239
599
155
-10
472
276
-319
258
259
-209
103
374
327
-472
430
-49
-296
431
-633
72
223
-369
-37
379
-600
-85
472
-696
156
-102
-300
-74
-22
-96
-180
13
-320
71
-281
-265
115
-415
-178
-32
-241
-68
-155
-85
-86
-269
18
-210
-209
-57
-78
37
-249
-71
-1
-319
-103
-33
-393
70
77
-349
114
222
-465
4
95
-272
-128
-90
80
80
-109
155
420
-239
101
83
74
212
80
535
143
25
532
381
104
389
718
406
694
742
635
604
354
320
462
273
350
524
149
475
584
360
235
271
-215
331
261
-178
282
-5
-211
-213
79
-514
-165
85
-382
-121
-234
-142
-180
-201
-190
-266
-30
151
-209
-31
-265
-404
-307
-543
-387
-416
-191
-290
-118
-180
-321
-187
-366
-223
-229
-335
198
99
35
165
-106
179
177
291
283
70
161
386
165
-69
556
95
40
537
231
613
346
268
250
141
103
-225
91
-108
-265
-320
-216
-181
-820
-389
-306
-646
-510
-484
-213
-499
-448
-346
-221
-457
-565
461
-370
-490
423
-285
-29
206
-43
86
500
50
264
1080
199
205
927
401
126
402
435
372
447
488
497
646
152
237
458
106
-197
238
343
-200
114
110
-28
77
-56
35
92
-117
-361
114
-227
-591
-179
-280
-558
-361
-434
-533
-467
-743
-446
-543
-811
-631
-434
-416
-779
-480
-526
-770
-519
-386
-504
-438
-329
-326
-315
-241
-248
-93
-182
-210
73
90
70
293
340
251
454
189
257
343
454
257
221
443
276
340
262
210
179
89
118
43
309
-80
-304
262
-144
-15
96
-335
102
-8
-232
-81
-8
-269
-323
-86
-292
-306
-242
-193
-159
-77
-241
-22
25
-94
116
-67
-242
-183
235
-245
-160
249
-231
-111
149
252
115
91
250
189
292
400
343
241
225
271
407
519
519
316
194
197
-23
116
197
29
-133
-171
3
33
-81
-35
-296
-639
-388
-251
-113
-142
-427
-411
-359
-428
-149
-115
-374
-415
-356
-136
-168
-255
-218
-171
-64
189
291
282
186
243
308
360
242
253
484
375
552
504
211
289
435
237
566
596
271
252
399
592
400
445
440
341
257
412
373
239
273
306
429
281
163
238
163
75
-18
-219
-345
-199
-219
-144
5
-404
-396
-406
-483
-407
-557
-520
-644
-696
-467
-462
-390
-346
-548
-262
-210
-288
-80
-307
-167
-139
-50
31
3
200
72
165
157
-35
76
-46
-8
155
-3
193
156
4
161
127
133
190
324
200
191
186
127
203
9
121
348
-8
113
396
-46
-1
-12
-56
22
22
82
107
26
-33
106
32
-2
56
46
110
86
-156
22
24
-12
-2
20
130
-142
139
236
58
49
269
97
114
263
223
285
149
215
205
131
15
27
6
-37
-33
-49
-48
-57
-153
-136
-80
-58
-69
-81
-62
-165
-102
-132
-203
-132
-102
-92
-74
-134
-229
-240
-303
-211
-148
-91
-20
-48
-53
-34
-49
-42
-39
50
101
53
131
35
10
69
-28
21
167
52
73
159
119
163
68
186
223
167
207
286
118
169
158
-51
-62
73
48
-75
18
10
-127
-227
-103
-250
-260
-123
-157
-184
-158
-129
-120
-84
-116
-162
-105
-33
-65
-132
-99
-30
-114
-6
-15
62
5
-23
58
-21
11
-8
-22
-51
-59
-70
-36
-117
-196
-100
-143
-210
-238
-126
-285
-203
-81
-258
-136
-195
-123
-195
-300
-119
-277
-299
-140
-210
-214
-151
-143
-201
-245
-121
-175
-176
-184
-219
-150
-271
-107
-127
-188
-76
-36
-22
-30
-42
76
26
-24
126
119
66
232
204
155
252
217
237
252
267
311
226
207
329
219
204
200
146
141
199
179
138
159
154
69
43
42
59
83
77
102
73
-24
-12
-7
-22
-85
25
47
-88
16
-77
-92
-90
-74
52
-42
21
42
-63
40
-12
42
79
37
190
84
115
160
38
66
169
157
79
144
209
157
182
227
139
88
128
124
123
55
136
36
45
69
-24
-6
-34
-66
-105
-73
-105
-142
-193
-133
-245
-211
-72
-193
-200
-149
-159
-226
-169
-119
-150
-207
-82
-94
-172
-85
-54
-147
-79
0
-11
38
19
103
16
21
131
59
100
200
238
98
198
187
106
257
215
147
226
226
195
202
210
237
126
189
180
142
94
127
52
-21
-4
-49
-28
-142
-77
-188
-193
-229
-288
-282
-365
-290
-309
-299
-324
-356
-339
-336
-306
-295
-316
-292
-237
-259
-173
-181
-216
-117
-125
-87
-76
-21
-51
-20
17
21
60
-3
97
150
100
137
162
169
136
179
241
185
175
225
254
202
159
232
187
133
240
198
154
142
150
73
75
72
21
50
28
-65
-76
-28
-167
-132
-60
-218
-152
-123
-220
-167
-242
-202
-123
-129
-131
-110
-117
-173
-29
-144
-86
-35
-90
-42
50
-27
1
111
37
135
76
103
110
158
116
159
184
98
150
185
186
156
179
70
208
71
94
167
35
90
51
141
34
93
5
-26
34
-12
-14
-14
-35
-112
-40
-116
-138
-195
-131
-175
-237
-160
-193
-222
-239
-192
-204
-203
-149
-178
-175
-155
-162
-116
-172
-113
-35
-64
-20
-19
-25
17
6
70
86
66
102
99
111
80
119
131
96
185
129
163
162
121
169
88
138
160
68
123
131
106
105
114
120
86
59
88
112
46
91
69
5
14
36
-27
68
0
-11
64
-2
-1
41
4
-24
65
30
60
31
51
78
79
84
112
138
100
175
167
145
106
167
130
110
168
135
112
139
155
102
141
138
90
136
121
113
120
80
116
83
30
108
59
-3
47
39
-57
-18
-20
-76
-60
-57
-75
-89
-129
-84
-100
-166
-123
-127
-154
-146
-150
-158
-121
-191
-193
-176
-188
-172
-133
-135
-132
-167
-106
-97
-138
-80
-44
-83
-58
1
-46
-23
-26
-8
11
-6
80
14
-13
70
15
6
61
29
50
104
55
43
62
71
47
98
79
85
57
97
110
57
67
85
73
44
94
100
64
66
85
59
66
82
47
37
58
26
12
43
29
-2
-3
1
28
-48
21
20
-70
-5
-6
-53
-49
-2
-56
-33
-8
-56
-36
-70
-71
-60
-70
-80
-69
-96
-66
-94
-95
-87
-118
-71
-95
-86
-111
-148
-102
-117
-116
-96
-88
-151
-115
-92
-163
-97
-123
-153
-105
-132
-153
-124
-154
-173
-141
-148
-138
-137
-159
-129
-127
-133
-124
-136
-144
-135
-94
-104
-105
-78
-101
-59
-51
-34
-47
-45
-24
-17
25
-22
13
50
-4
74
75
35
104
92
69
130
105
88
158
124
122
155
117
119
139
153
124
121
129
129
119
111
107
88
70
97
99
69
68
51
52
25
15
24
4
-2
13
-43
-34
-47
-57
-52
-76
-73
-92
-72
-76
-81
-113
-95
-89
-115
-59
-82
-104
-76
-65
-75
-59
-46
-52
-45
-23
-8
-32
-7
-10
25
13
16
46
10
59
67
59
51
78
43
69
110
58
57
98
65
31
98
49
40
64
59
58
44
46
27
33
32
31
33
18
10
0
12
13
-16
5
20
3
11
16
14
-28
13
43
-20
47
49
17
30
51
47
30
60
69
41
60
65
58
54
44
75
44
50
52
50
56
27
56
20
6
38
0
4
18
-33
-2
-25
-60
-24
-67
-51
-67
-64
-67
-64
-82
-81
-61
-81
-63
-40
-60
-65
-32
-68
-34
-43
-47
1
-9
-10
25
56
21
54
81
70
89
109
129
104
117
135
158
141
155
167
176
170
160
172
166
156
163
174
152
158
131
141
136
96
122
106
79
80
88
62
30
36
11
-4
18
-15
-24
-28
-51
-15
-72
-58
-53
-87
-67
-87
-76
-90
-101
-96
-88
-95
-103
-75
-69
-123
-86
-62
-122
-89
-80
-102
-81
-76
-87
-88
-86
-84
-77
-86
-89
-87
-79
-89
-91
-91
-93
-98
-111
-91
-107
-103
-106
-112
-112
-116
-101
-111
-112
-122
-85
-93
-105
-94
-83
-63
-86
-62
-40
-79
-46
-16
-25
-26
-13
15
16
20
61
50
69
70
89
118
87
130
141
127
160
162
167
156
169
190
157
193
162
160
192
155
164
151
147
144
128
130
97
84
95
78
41
29
48
-1
-38
9
-38
-83
-55
-66
-102
-113
-103
-131
-153
-140
-140
-179
-175
-168
-186
-176
-173
-185
-192
-158
-175
-177
-148
-163
-174
-127
-117
-133
-117
-104
-67
-106
-57
-35
-84
-40
-11
-16
-26
2
20
-8
13
51
29
23
50
55
67
60
72
52
74
75
53
81
70
39
78
81
62
58
70
68
42
67
66
60
41
65
85
57
75
79
75
82
81
102
96
83
104
116
109
113
118
129
104
129
139
120
117
119
145
108
107
137
98
80
104
90
61
55
60
26
21
29
-10
-23
-35
-46
-66
-77
-87
-120
-117
-133
-146
-163
-170
-173
-208
-192
-194
-222
-212
-212
-217
-212
-210
-200
-212
-192
-177
-187
-148
-156
-132
-118
-105
-78
-74
-42
-39
-20
18
17
38
74
85
90
117
146
138
150
173
170
188
190
207
207
203
212
217
217
197
192
198
186
163
173
161
135
128
137
109
92
80
69
58
31
41
17
-15
-2
-7
-34
-40
-36
-67
-69
-53
-78
-80
-74
-88
-80
-78
-80
-85
-85
-65
-78
-67
-49
-61
-60
-40
-29
-52
-39
-14
-34
-27
-2
-3
-9
-4
14
-2
-6
15
-10
-7
7
-11
-12
-15
-10
-32
-30
-19
-47
-48
-44
-52
-64
-68
-51
-73
-85
-63
-89
-86
-82
-86
-91
-91
-74
-79
-84
-74
-66
-65
-65
-39
-39
-48
-23
-2
-3
-1
27
35
30
55
66
70
73
84
104
102
113
112
120
123
124
134
125
132
140
127
143
133
112
119
107
94
83
80
69
53
54
38
17
8
-3
-27
-48
-39
-67
-87
-83
-94
-105
-117
-110
-118
-139
-134
-141
-145
-147
-152
-143
-142
-135
-136
-126
-110
-128
-111
-85
-94
-81
-75
-48
-43
-46
-12
-7
-9
20
32
31
44
62
61
70
87
80
84
95
95
97
97
97
98
91
90
88
79
69
64
59
55
43
33
33
27
11
10
3
-6
-16
-21
-15
-36
-41
-37
-41
-38
-50
-41
-32
-41
-42
-28
-26
-40
-22
-6
-9
0
14
17
18
32
41
38
49
60
63
67
79
83
73
87
92
77
78
84
78
78
66
64
60
53
42
29
35
15
6
4
-5
-17
-30
-26
-38
-56
-64
-62
-69
-91
-88
-89
-99
-95
-94
-102
-94
-95
-100
-90
-79
-90
-84
-57
-61
-55
-40
-33
-35
-23
-1
1
10
27
32
42
58
60
57
74
87
75
79
90
81
84
90
91
79
84
81
75
76
66
56
56
55
40
38
35
30
15
12
12
-7
-13
-11
-15
-27
-32
-29
-41
-36
-33
-47
-43
-36
-42
-37
-31
-30
-35
-22
-13
-19
-17
-6
2
-2
6
15
12
19
29
26
29
35
37
34
34
40
29
30
34
34
32
24
26
18
11
11
7
-2
-11
-9
-16
-28
-35
-38
-44
-47
-54
-63
-67
-73
-78
-79
-83
-84
-90
-88
-80
-92
-91
-80
-83
-85
-74
-65
-67
-62
-45
-48
-40
-29
-22
-10
-5
7
13
15
32
33
40
45
54
61
62
69
70
75
80
83
85
84
79
82
86
80
71
77
77
60
61
56
46
40
35
37
19
10
7
2
-4
-7
-11
-18
-21
-27
-36
-41
-43
-49
-43
-42
-49
-50
-49
-50
-48
-45
-45
-44
-40
-36
-36
-31
-32
-23
-17
-13
-9
-11
-4
1
3
7
7
14
18
19
20
23
26
22
21
29
22
17
25
25
17
13
16
10
5
10
7
-3
0
